no_training:1500	no_test:2493file identifier	 training data
1566	-380.438011
1742	-288.583008
3696	-308.474441
2125	-310.908354
3573	-325.730390
2564	-325.789398
125	-228.992613
1856	-321.958301
1549	-340.689515
3037	-288.567911
1861	-235.696852
1741	-345.629842
1314	-324.460304
984	-248.443503
1518	-309.683200
550	-319.568017
1542	-370.291993
668	-267.103350
3179	-270.408713
924	-324.528533
3004	-288.652346
1444	-304.691748
537	-361.731930
2697	-360.495788
2403	-326.955365
3421	-324.571081
2311	-193.034988
1837	-381.574917
2516	-309.661518
2437	-356.692640
2494	-274.984732
2469	-270.392444
104	-360.574432
1751	-339.469166
1796	-307.536544
3322	-272.536448
3133	-356.679691
1426	-381.607770
1406	-375.394844
3886	-270.388222
1240	-310.907666
3986	-355.516778
2898	-310.940190
3513	-340.637067
2604	-304.743934
304	-322.464725
3531	-344.458268
1716	-325.784331
3667	-249.293044
2407	-377.829134
783	-273.806375
3138	-345.651520
3557	-344.382663
2727	-271.330291
3803	-287.351460
248	-339.489875
1981	-306.313924
3144	-308.472241
2187	-310.904927
464	-324.485629
2004	-346.839235
1951	-317.408548
2912	-346.883119
995	-360.542928
678	-308.506580
2612	-345.627545
3633	-380.412093
273	-323.312375
3315	-269.176979
2121	-324.619773
920	-281.489179
824	-310.952875
3260	-345.595084
3564	-303.533472
347	-309.687405
1732	-269.170665
563	-345.644179
614	-383.982605
2365	-345.689766
3304	-346.843297
1641	-340.647224
2091	-346.904050
168	-325.810050
2174	-324.606491
116	-346.831175
615	-345.676743
3717	-275.014300
1991	-285.282532
2931	-361.729140
1361	-346.840635
2483	-322.158791
2659	-324.461004
2823	-309.730966
1354	-382.790027
2749	-340.645995
2745	-322.118085
1483	-309.723988
1752	-296.265627
925	-307.567279
16	-273.806874
3837	-343.468335
3834	-324.589539
388	-340.594424
3261	-232.025930
3538	-271.350701
3524	-308.455477
682	-302.303791
1020	-303.566436
3512	-340.641866
2376	-346.840597
3254	-287.469473
3223	-341.794931
2811	-326.944158
2828	-232.030352
2253	-325.818163
3554	-309.689751
2631	-380.316551
1171	-325.721867
3069	-346.878430
2432	-274.987245
352	-288.557016
2072	-344.431636
2927	-324.500425
1874	-416.367317
1117	-345.566120
370	-356.698196
2687	-377.816463
3849	-360.531172
2087	-286.484121
3829	-323.654114
1302	-339.445855
2956	-360.528914
3984	-344.418857
1965	-288.555445
3641	-360.485033
2625	-291.021574
825	-340.536374
2355	-336.816043
973	-325.790444
1551	-324.575851
3964	-336.853985
714	-356.669324
181	-412.528245
3861	-234.486176
2892	-325.728271
115	-356.682218
1962	-382.756724
1324	-270.399280
3316	-264.261826
307	-302.239101
1896	-326.971392
3814	-361.745554
3618	-309.731536
1777	-265.408147
2281	-345.643890
3466	-325.794624
1381	-303.795699
1178	-382.751729
3571	-309.676719
3074	-272.553250
793	-326.950540
256	-308.741915
2878	-285.336744
1985	-339.481708
3987	-324.506120
1700	-320.782427
3934	-381.630276
1687	-344.407598
846	-270.434394
3489	-308.508824
3488	-340.672417
2577	-381.600777
2139	-381.581478
882	-169.557758
3902	-382.757521
2710	-361.773017
2023	-317.402836
3387	-309.727603
1061	-343.531666
1348	-309.683859
1149	-325.796862
584	-309.681686
2945	-307.281910
432	-344.390227
6	-345.687671
1340	-271.616723
1599	-304.689816
2933	-360.538112
165	-327.013034
1433	-325.729800
941	-340.652570
3699	-355.497878
2496	-326.954795
2007	-308.499105
1431	-344.392695
1293	-271.369084
492	-305.904760
974	-303.468081
1404	-346.883049
1074	-304.697680
3586	-287.506415
1902	-324.615795
2582	-320.773768
1327	-320.768458
2315	-273.793520
3944	-381.563295
2457	-382.757134
3536	-352.836930
2038	-348.056093
3774	-305.130184
2265	-360.469291
1304	-356.679729
1947	-303.533559
992	-377.811306
2262	-325.780603
191	-307.610450
3310	-309.721850
2656	-376.622509
2506	-307.526911
2020	-272.514099
561	-264.226909
1099	-231.975652
901	-270.446915
3135	-272.569212
2915	-344.371144
3173	-325.791830
1038	-267.106213
1129	-340.618148
3344	-325.748658
1718	-356.706262
2514	-354.197108
1853	-359.314227
515	-287.727890
1256	-312.119596
2780	-272.545389
1932	-310.911279
3693	-273.779498
2112	-304.729640
1643	-310.910140
2037	-345.620113
1735	-320.791360
1908	-286.508233
2295	-305.898313
2917	-267.068488
2603	-341.863083
1205	-304.682331
3548	-79.764152
2633	-324.627681
1617	-355.508183
2764	-195.179738
364	-117.824798
1512	-346.839595
2489	-250.583259
3482	-281.480993
3611	-324.577560
3309	-274.989422
596	-325.754527
1222	-325.805865
17	-345.612580
3240	-338.234966
1953	-308.457242
383	-361.702346
164	-340.675814
569	-376.620836
2129	-356.722498
1674	-360.499243
1221	-344.436348
1980	-345.680616
2905	-307.206439
3193	-320.725883
1445	-396.491525
293	-377.807580
3423	-308.555641
1425	-288.648476
477	-265.399968
3776	-320.773105
393	-323.334482
2742	-348.048844
3452	-361.758902
2613	-338.214346
3634	-340.646592
999	-308.512721
3349	-207.916786
3465	-324.548021
3688	-322.476720
1224	-308.420805
3047	-285.293918
877	-359.317823
1101	-307.244627
3001	-270.386138
3425	-324.547564
832	-308.470270
3955	-323.391458
965	-323.329385
1290	-345.660459
2476	-346.865438
2983	-346.833689
315	-302.472397
1766	-270.387395
770	-381.612946
1077	-326.938562
380	-307.581989
2879	-265.401151
1717	-345.603646
392	-345.637570
1305	-319.621560
2662	-345.635068
1594	-323.433551
3841	-371.541704
3303	-272.589883
771	-346.903261
1749	-302.579654
2083	-322.434119
205	-269.465281
2254	-359.388326
2142	-324.624987
1266	-324.582035
3044	-363.519194
185	-361.726913
1390	-340.660793
1547	-335.613384
1374	-322.175807
438	-381.565482
2417	-336.838171
1590	-344.415609
2900	-272.554670
2135	-346.861074
3980	-372.708066
3404	-309.733988
108	-345.614707
3041	-345.692143
1858	-343.238086
1779	-288.583563
1582	-361.735290
2761	-309.696507
1472	-306.080007
2641	-270.394309
2903	-308.505951
3292	-326.937372
2713	-310.904631
3052	-291.017787
3434	-360.560766
623	-265.457424
3013	-346.883127
1477	-303.462312
3390	-309.736085
1824	-336.855265
1868	-326.949224
760	-324.605411
1556	-340.659506
3087	-392.563319
528	-288.538806
3855	-304.746925
1884	-307.577822
3813	-340.620847
1223	-324.586663
1527	-271.621836
1916	-360.557411
84	-345.610574
869	-327.026488
362	-289.871990
556	-272.600604
986	-347.459586
3072	-340.671263
2861	-288.654312
3192	-313.554802
2290	-343.224836
1671	-309.708282
2788	-345.596027
1186	-359.296697
1914	-288.576123
3009	-307.265383
2796	-345.678871
3456	-276.206318
822	-336.845442
3153	-340.622406
3384	-357.949026
1368	-288.584029
47	-247.225618
1870	-309.686187
3605	-372.755216
156	-288.654408
2755	-381.595252
1230	-323.396217
2806	-234.476081
531	-226.107205
2812	-381.619786
2012	-382.788561
3865	-362.899954
2326	-320.768781
1684	-320.783029
2367	-361.723620
1904	-304.752598
240	-286.517094
3724	-324.573480
1581	-345.660520
3628	-272.509064
1890	-371.608385
3251	-306.056425
1355	-361.727678
827	-303.556664
2528	-308.467760
2248	-377.773452
2893	-274.985796
3874	-323.344889
2240	-381.627040
954	-324.612244
2230	-262.056533
3305	-310.955141
3922	-270.394284
1794	-325.712420
3205	-341.842686
119	-327.012568
3923	-309.737951
349	-309.687623
460	-360.488733
2575	-308.759090
3687	-325.793945
1878	-346.819711
2512	-346.823548
3448	-324.634377
1561	-325.749687
122	-339.419649
1410	-273.759553
1622	-346.869712
3864	-288.639421
3624	-324.614194
2952	-308.511290
3565	-286.474509
1484	-273.817328
1922	-248.132701
1522	-324.485746
946	-324.577279
2277	-383.973315
1546	-318.321510
218	-285.311823
1187	-264.235803
1855	-360.497728
1682	-269.215705
2882	-322.444150
2730	-286.492223
724	-320.775720
3852	-361.710525
3888	-323.359825
2198	-382.804255
1353	-359.297643
306	-307.335530
3523	-325.728070
1531	-345.640098
3204	-306.313706
1051	-346.860404
3210	-336.808333
2725	-269.218553
3680	-305.904722
3470	-416.814878
3608	-372.729173
616	-345.676243
951	-307.548619
2136	-263.278851
3167	-309.688639
3098	-345.658421
2589	-361.718361
2283	-231.111403
751	-361.724921
1589	-324.608694
2212	-346.837271
3660	-288.651313
2824	-304.720708
4	-270.439280
1607	-303.462115
691	-361.734668
2346	-310.909551
186	-340.606711
568	-303.458583
2737	-322.442708
187	-341.842120
1447	-469.758395
1216	-308.465534
2924	-348.045292
340	-273.789697
829	-310.909285
976	-382.776658
3617	-345.608658
1112	-287.644079
3643	-309.660190
3973	-356.659922
2660	-307.582044
2485	-392.676111
2692	-356.663387
2869	-306.113519
1068	-308.470010
2408	-356.708234
849	-360.532987
1966	-302.558699
3759	-270.393902
3644	-345.587398
3146	-289.872162
1321	-234.472577
2519	-323.585680
442	-356.712228
3235	-339.416290
2696	-353.269456
777	-307.544712
2069	-346.855971
1057	-391.518453
2911	-289.871661
3088	-308.459859
1744	-288.535621
3351	-285.306999
2507	-291.014750
465	-266.553159
2467	-325.805017
2936	-324.504178
3635	-308.475489
3024	-251.729571
2150	-324.570860
1177	-325.808092
1109	-333.411326
2771	-310.910278
1841	-325.788368
586	-376.582598
2310	-338.194242
2095	-348.034975
2782	-340.664407
1175	-361.742598
2045	-324.495988
2065	-340.537496
681	-312.126544
1085	-231.092208
1938	-341.826148
1901	-362.946498
2062	-303.437471
76	-325.685245
43	-319.572842
645	-308.540795
3152	-335.591582
1094	-304.696023
3949	-359.301320
523	-345.565792
908	-310.911406
581	-287.683128
213	-249.281074
121	-361.711483
254	-285.284456
1003	-308.516378
1803	-270.394458
3363	-345.658313
660	-271.630416
2809	-344.506029
512	-346.861026
2229	-319.560814
2015	-308.518276
2989	-287.317913
3685	-381.602419
54	-195.186228
3767	-324.568597
2728	-304.742823
2554	-345.649886
2991	-272.841336
2866	-344.431605
1555	-324.529724
2415	-340.676441
1934	-341.769746
1269	-307.563525
1413	-247.214861
2392	-272.551442
1583	-345.655509
3675	-360.534222
1403	-308.462299
507	-309.697879
1096	-309.689595
2972	-320.764992
1467	-345.613895
2622	-346.829131
3429	-274.987297
3836	-346.833711
3125	-308.510840
310	-308.480308
488	-346.861837
602	-275.010289
61	-308.462933
3035	-344.404557
763	-308.429953
3787	-381.580675
701	-265.396194
2490	-343.078368
2269	-308.452310
733	-345.660927
1090	-272.500426
2598	-308.508949
3619	-325.779372
3234	-287.349937
3391	-306.403144
113	-360.478880
2412	-310.904086
3563	-227.798785
3614	-288.627505
2031	-269.170061
1931	-310.900102
1710	-361.726166
3107	-281.504745
1367	-325.812267
1378	-346.867789
3585	-308.497008
1288	-324.635136
555	-361.677945
2681	-308.466840
55	-335.683118
3332	-376.610619
993	-317.364547
2658	-308.461040
2767	-340.635968
161	-285.276468
671	-310.897268
2899	-310.930659
3574	-398.876124
1533	-309.671865
1219	-306.334850
2459	-273.761223
3645	-304.681903
1399	-341.826906
656	-376.605347
3684	-362.958208
588	-309.684571
1646	-340.684749
980	-356.743821
1373	-324.557383
2657	-308.451299
1753	-375.351387
680	-325.806369
3701	-248.211932
1191	-360.510716
474	-281.476832
372	-337.283890
1585	-360.545832
2140	-325.715372
880	-345.648463
3757	-281.482952
2891	-308.511094
2578	-324.576080
2353	-281.504579
643	-345.663386
3106	-273.735646
2732	-324.579850
241	-309.718177
717	-380.401348
2427	-339.474134
2144	-324.574829
902	-310.940195
1203	-261.802956
1580	-271.339821
3383	-360.602876
1795	-356.736238
1928	-326.927990
1662	-377.834156
3389	-309.689740
3714	-265.398572
525	-273.812813
67	-172.006141
560	-344.385047
63	-287.377993
1339	-285.316421
3478	-343.296547
3963	-271.323381
2969	-286.484904
2259	-361.734611
2555	-287.427764
1499	-320.779994
2316	-306.361448
3228	-381.648857
3255	-345.578846
2016	-308.569875
546	-306.365166
3742	-271.272557
2703	-309.722894
2320	-362.876210
1859	-324.577613
412	-372.768039
1042	-305.904676
73	-233.293627
1666	-289.872246
2029	-380.417684
3436	-361.762744
502	-306.349558
2981	-327.026688
2509	-344.380267
1303	-345.676156
3323	-232.335768
3016	-309.730329
2434	-377.845502
2934	-324.462733
2251	-430.448052
3494	-324.573795
49	-396.507540
1843	-362.899677
1539	-382.755486
1563	-376.575382
1118	-306.032266
1234	-325.796704
1772	-361.717972
1497	-251.731545
1986	-344.459234
1196	-346.840727
3376	-273.775510
3947	-382.782251
2073	-345.600119
949	-344.463502
778	-324.573162
3811	-274.982348
230	-271.617434
2286	-309.728265
644	-376.595314
3358	-326.934987
2261	-233.260156
1602	-318.339586
2441	-310.909223
451	-362.932378
428	-324.570042
2906	-340.657508
1683	-346.829154
2186	-320.782523
1114	-302.353948
2498	-288.539500
3743	-325.726182
1541	-310.912991
110	-346.869123
1047	-346.836177
2721	-271.401725
2449	-341.841190
767	-346.861463
2080	-325.793131
1587	-322.133444
722	-310.935212
757	-345.678211
1605	-345.703157
3613	-308.483617
3702	-362.951503
3978	-282.861121
2549	-375.410333
1217	-325.773675
226	-360.556344
769	-271.361537
1326	-266.616319
3579	-356.677429
286	-324.563745
485	-250.585183
2786	-327.009009
2404	-323.340989
2619	-326.939536
1076	-361.656187
2329	-324.557240
1715	-286.486570
377	-360.527122
231	-346.860243
3313	-360.526364
3741	-169.860788
3422	-340.663929
2581	-234.469389
3959	-305.831035
1491	-344.421383
1846	-344.370966
3374	-324.551244
1119	-304.733360
923	-322.135797
2448	-346.833271
1453	-309.720334
249	-306.347185
1532	-309.731599
2910	-307.536915
879	-303.556846
1489	-266.777425
2001	-346.833365
3267	-320.776472
592	-307.614861
2411	-193.075202
957	-360.490486
1652	-301.316399
3247	-360.531175
1668	-344.433140
1342	-361.712098
781	-362.918463
697	-340.621200
2460	-345.631797
3118	-236.917873
2474	-357.944802
942	-325.715957
1569	-234.503085
3227	-348.043668
3469	-356.686540
950	-324.580266
2962	-309.686114
1006	-336.843788
3866	-341.882531
740	-344.452972
3807	-361.706503
2686	-340.697732
3067	-271.304881
1394	-396.500849
2344	-305.915175
1634	-324.563073
1637	-343.503600
765	-317.447668
3920	-319.574905
70	-346.874234
1004	-355.416555
2049	-344.463291
1142	-309.702591
1033	-339.482903
198	-303.934323
2635	-323.324700
3165	-356.724041
284	-360.500454
68	-286.519735
2271	-310.916474
3486	-437.484875
359	-346.832402
1787	-325.795649
3151	-362.873906
2484	-344.359905
635	-324.578381
1521	-323.665247
780	-308.769557
3789	-273.762938
3916	-273.810780
1950	-232.331230
3910	-309.703111
1713	-323.381747
2647	-262.017735
3297	-360.526636
2378	-339.490841
510	-234.491176
2978	-340.669862
3036	-310.907823
1969	-360.529678
29	-344.425700
3320	-310.952127
2447	-323.330261
3111	-318.340705
3966	-376.570141
1181	-323.657279
675	-346.827397
2925	-301.394865
2517	-308.462063
1559	-380.372123
3783	-310.912792
1670	-269.230258
3612	-309.738513
2003	-324.579943
2398	-319.533364
548	-233.555951
3268	-324.562156
1791	-272.554824
3174	-272.844804
2190	-324.574822
833	-325.761605
123	-269.263476
2569	-281.476967
3029	-285.281493
1832	-309.737802
3288	-348.045786
1685	-338.273553
3892	-271.608843
1306	-288.682324
3319	-376.604793
3780	-323.320574
3461	-320.776316
2382	-380.343633
541	-325.714161
1418	-325.725274
1089	-344.451793
3682	-291.017820
3655	-287.379629
2766	-285.279992
283	-355.460155
2066	-432.401755
282	-325.714378
2533	-265.438520
2693	-340.638326
2886	-324.530742
3273	-288.589678
57	-345.635513
3140	-284.987905
3006	-308.470648
2525	-324.569051
3962	-341.865856
1736	-273.764207
2779	-381.606362
866	-340.620625
3442	-381.635659
133	-271.642927
2145	-346.844016
1069	-375.370023
2753	-310.904304
3594	-272.544482
2488	-363.508158
3853	-271.336383
1649	-346.868661
3306	-361.650084
693	-234.520624
2916	-340.655601
2740	-360.536920
3075	-324.616343
685	-320.029854
384	-343.291812
2435	-229.013797
3595	-345.600227
1636	-233.551389
1294	-345.612830
3439	-301.389192
3650	-382.756764
850	-271.623957
1575	-334.447259
3119	-301.090914
2110	-341.867094
622	-341.886905
2454	-288.578155
3084	-325.781161
3532	-344.464356
1814	-360.537947
2154	-360.512793
3972	-359.339915
1194	-381.612648
1105	-302.306944
3625	-326.948771
445	-319.610687
996	-307.544316
1955	-339.498757
3880	-357.942023
579	-281.480583
1287	-355.515622
3552	-325.793166
1731	-381.565314
3535	-323.235679
1402	-286.203815
1126	-270.392715
3271	-454.878708
3443	-346.866543
1825	-271.656372
1296	-345.612257
459	-348.056615
896	-323.312767
3433	-308.465425
1979	-308.462923
252	-305.913756
3830	-346.817778
2372	-322.217569
1419	-344.350927
2108	-267.944278
1998	-324.536830
2781	-288.581699
2067	-280.248350
2226	-276.206257
3515	-346.852204
247	-304.688358
429	-288.570364
862	-361.764434
3318	-308.513124
854	-383.971058
931	-361.763293
1725	-360.495137
2042	-232.364952
3420	-306.358581
1054	-323.427722
2051	-325.790442
3021	-360.495540
1786	-325.785038
1612	-310.902795
2244	-414.351653
467	-273.793804
2178	-339.455981
216	-307.283509
2574	-273.812881
297	-325.833945
627	-359.304956
1957	-206.721858
14	-302.238859
224	-324.628594
3352	-272.834623
728	-309.678404
3809	-310.902628
3850	-308.528193
1496	-268.248371
1174	-345.614442
800	-324.611571
3616	-225.221461
3474	-309.730988
278	-397.667072
280	-271.324234
884	-276.202586
590	-346.857871
2068	-308.471269
3447	-270.389803
223	-339.501781
1508	-308.462196
948	-336.827390
139	-338.257996
3405	-269.206920
1568	-324.555249
3002	-269.479234
363	-320.778723
37	-381.587333
56	-345.599154
1092	-360.552974
1027	-360.529992
922	-272.844560
3043	-196.405320
3502	-376.564063
263	-341.853650
2571	-309.686348
839	-302.254301
1768	-289.789940
250	-360.538828
650	-193.034094
2964	-362.945907
2204	-310.904876
3209	-346.834502
135	-301.341304
3956	-345.698757
1495	-286.516879
140	-309.676929
2461	-269.170508
3970	-305.897998
1282	-346.860539
3985	-324.548763
3636	-324.624318
0	-351.615495
1080	-288.570006
1258	-344.472090
1131	-324.580815
3909	-310.945132
1443	-346.867442
95	-351.666551
2377	-236.916033
1804	-324.542706
2594	-335.586914
2202	-324.602888
1724	-381.594558
2397	-308.772292
3241	-319.515995
1809	-324.559733
707	-381.585428
3694	-338.246643
365	-361.740208
23	-304.679494
503	-355.514134
2241	-346.857051
1193	-324.550139
961	-326.950279
3727	-285.317454
1009	-266.763445
893	-232.317400
1769	-324.569009
3975	-309.693760
2953	-348.047609
3059	-363.508158
2951	-308.569129
830	-320.767103
1750	-287.645651
1893	-344.385273
1729	-361.740062
1632	-340.673967
446	-305.831164
1250	-309.686189
2195	-289.873479
2335	-346.825562
1150	-308.551121
868	-312.124574
2470	-309.688189
217	-271.648392
484	-351.639205
1826	-285.242094
2521	-361.728609
664	-335.632054
2543	-376.588479
2907	-344.466563
514	-309.685045
1910	-326.978724
811	-304.567859
1903	-309.678054
3736	-355.517745
3537	-346.860694
1610	-196.406419
2209	-382.781841
864	-323.337623
2546	-248.018573
3716	-361.720799
1888	-276.201993
2300	-453.655583
746	-273.802095
3856	-306.313590
3578	-286.432515
398	-345.636145
3104	-310.941183
2234	-272.580839
2736	-310.922181
3927	-323.326298
841	-361.736259
3258	-324.473847
2383	-324.593866
2762	-306.370119
3162	-324.546164
3897	-324.519277
493	-336.819674
1759	-305.906809
2052	-325.809179
2074	-285.300440
578	-382.825717
2921	-310.904813
3040	-360.506446
91	-275.011437
2548	-340.654465
2285	-340.578657
3802	-356.724118
2888	-361.704536
3873	-348.051405
3453	-321.254976
3393	-359.297522
2850	-288.580309
66	-337.302324
190	-354.290746
3793	-381.580932
1536	-324.492974
3705	-345.665479
571	-339.423497
334	-245.983375
1944	-325.796840
3096	-338.175960
265	-236.916125
1036	-340.609236
3603	-326.952955
1597	-336.805704
3893	-341.097446
166	-325.729970
3890	-341.849730
211	-357.939331
553	-271.666055
3027	-336.811099
2079	-363.517297
2006	-339.486095
1095	-324.603415
300	-324.602433
2523	-344.512144
626	-288.653249
26	-301.359287
1726	-381.506605
2946	-345.649552
151	-270.397623
39	-340.687222
221	-310.917273
3991	-372.765028
1308	-341.814212
2538	-344.417597
1513	-306.368494
463	-309.715058
3812	-271.623066
2723	-324.554067
1169	-346.819305
2874	-309.725707
1007	-235.694216
1262	-356.712023
1659	-487.002792
1593	-335.598739
2867	-361.734339
762	-346.863396
1631	-345.642285
2238	-281.495234
1746	-396.470299
894	-338.247875
258	-371.546126
1838	-356.685238
2215	-289.795079
2111	-348.048744
180	-360.505528
2508	-324.574476
1377	-325.768959
206	-309.688611
3646	-305.130313
3671	-326.941692
2583	-346.859078
1227	-322.155306
2348	-285.253877
1351	-309.733696
2233	-319.556235
2876	-360.574465
163	-319.624414
2608	-306.369631
332	-304.692914
2854	-325.810616
399	-304.735224
3324	-345.641848
3262	-235.693825
2343	-325.781464
2164	-304.744503
1620	-270.431243
1021	-232.328175
3775	-324.576188
3797	-376.587519
1455	-381.570969
3860	-308.505267
1802	-361.715983
712	-294.081616
3224	-286.504546
1919	-407.364323
2193	-383.976576
1411	-327.023352
3651	-303.463214
3154	-309.714008
3263	-285.326726
401	-325.712603
1031	-304.643927
2645	-362.923114
3026	-250.478855
3175	-309.649998
621	-310.899323
3176	-432.852890
3903	-340.636306
2669	-309.763785
1876	-251.732828
595	-340.652012
887	-361.720206
723	-361.717032
2640	-398.880824
544	-340.643340
2744	-288.573110
1338	-320.793141
1871	-306.406578
1906	-324.613156
1707	-288.590006
129	-308.512092
979	-309.713440
2596	-339.467484
1341	-301.373831
34	-306.355655
118	-352.905052
235	-270.375081
587	-307.283919
74	-310.918822
3725	-309.710255
881	-234.470813
448	-346.831139
117	-211.295163
2707	-310.915408
3371	-286.517424
1690	-339.426816
3392	-361.774979
1147	-304.755780
3132	-309.670613
1422	-361.728608
2465	-339.464024
2995	-381.584942
3197	-309.714859
3230	-344.454591
2748	-321.271406
2562	-375.357530
79	-324.605178
2895	-273.764673
797	-278.075775
1476	-308.455419
826	-248.137789
305	-346.859213
1215	-335.566430
2292	-343.246371
3884	-323.333263
1273	-355.513035
1665	-336.802871
2881	-345.594203
2807	-269.176124
1629	-272.526778
3187	-272.591906
1320	-340.656628
3575	-309.736328
2840	-284.048718
1881	-361.772040
695	-345.700085
1524	-272.550818
1387	-361.698635
580	-360.537290
603	-346.867624
2680	-340.664901
1638	-344.481904
2858	-346.862070
661	-335.635079
3728	-234.474951
3086	-360.507527
427	-382.798099
2847	-307.566260
1350	-343.076530
2705	-270.384180
667	-360.533083
1457	-288.573089
1937	-287.438379
3631	-303.560350
225	-346.842403
874	-271.611192
709	-286.134079
2255	-360.513163
2138	-340.684371
2677	-309.684577
2426	-340.650391
1493	-335.643923
1278	-362.942040
3446	-306.044918
3031	-270.411205
107	-307.580090
3229	-271.614305
1952	-344.408452
3602	-361.683811
3457	-324.559213
2492	-396.477101
3748	-376.556657
3501	-318.409788
713	-308.484017
1417	-381.586740
1241	-345.608395
2579	-273.765811
433	-396.498209
3946	-286.438084
1274	-309.686648
2503	-345.653983
1653	-157.116735
1039	-360.575277
3665	-323.329494
2304	-286.431160
1280	-356.683566
816	-356.748545
2102	-361.723581
2040	-317.409527
2712	-274.985024
1708	-324.502429
453	-375.430225
1633	-247.201165
345	-309.704732
3733	-309.678068
637	-360.557419
1270	-307.571937
3562	-360.524672
200	-345.625804
2839	-362.930315
2358	-322.169697
705	-362.953848
3238	-340.667053
3246	-340.652252
1001	-304.724431
71	-346.864282
441	-380.414967
1333	-270.359564
1018	-354.272548
3842	-376.587741
1030	-309.683546
409	-306.383308
852	-361.731511
1723	-307.290176
1154	-310.937644
2257	-307.238509
3365	-396.458774
3202	-310.908741
3180	-323.669200
3253	-281.476938
1463	-362.938449
1452	-308.467331
2092	-288.572051
3593	-304.614300
1572	-322.170570
871	-309.680919
1515	-360.502298
618	-308.467888
3298	-345.599182
1730	-345.663299
861	-360.488871
932	-361.764881
3312	-323.647099
2889	-341.871347
53	-285.330157
1182	-304.738393
3215	-320.793270
3550	-341.825957
2863	-287.423372
32	-287.509315
92	-301.343578
1879	-288.594527
1285	-346.860450
2694	-317.396153
178	-188.042067
2360	-340.636727
836	-324.606601
3952	-269.175627
153	-347.466594
404	-324.595399
1372	-381.574124
3010	-361.720579
3719	-320.742924
1056	-271.618179
819	-276.204532
3388	-271.606364
2258	-303.453218
3876	-304.574737
338	-272.544500
264	-339.450073
81	-318.390876
3491	-361.750275
3889	-360.533387
3093	-334.424572
373	-379.522177
3877	-340.623773
3907	-291.017966
1778	-305.036659
69	-265.441614
2739	-362.946034
244	-346.835129
1474	-340.654517
3370	-396.486664
3284	-343.290242
988	-341.827199
676	-272.584377
1616	-272.539058
2929	-345.638912
491	-287.737498
1719	-232.050342
182	-324.474954
3081	-302.557878
2436	-308.473229
2868	-270.407057
2393	-324.608961
1229	-288.582662
3516	-324.634527
3826	-372.742383
1255	-381.635881
768	-193.039603
2841	-360.524422
1550	-301.345683
3584	-281.484877
1437	-376.547304
1331	-310.941319
617	-376.521083
540	-346.830523
597	-309.683901
690	-375.420808
434	-338.195462
1627	-301.363590
574	-271.665153
497	-287.470402
2359	-360.468392
2717	-309.726244
2024	-306.349032
805	-309.658574
1954	-226.144377
298	-377.795528
38	-309.736982
558	-344.464151
58	-304.683044
2294	-341.831947
1760	-326.940002
834	-346.828689
481	-307.573371
3751	-339.491316
386	-325.776001
3435	-361.728293
3256	-153.459846
1055	-345.681183
994	-323.428670
3003	-325.798735
3600	-325.781571
2005	-305.155985
199	-309.673895
907	-381.607752
1189	-287.322957
1318	-310.897519
2059	-345.674176
1935	-361.677841
1782	-308.555419
3185	-348.053386
2784	-273.803873
1835	-376.631067
856	-324.568212
1436	-375.359407
3879	-339.483894
188	-339.406341
3653	-309.763576
2765	-381.546975
2443	-288.547509
766	-312.133805
975	-357.171724
508	-325.801512
318	-310.954514
2219	-265.437885
382	-344.494711
3763	-344.416821
2446	-361.740252
3657	-312.124380
1202	-361.725394
1325	-356.758284
1312	-381.612501
149	-380.415966
2173	-304.678340
2832	-250.585843
1276	-340.667317
2651	-273.744309
1819	-249.292101
3115	-340.620294
202	-226.160842

file identifier 	 test data 	 predicted
3928	-377.799358	-403.084454
683	-348.060054	-350.749832
2133	-323.338627	-350.346922
1705	-286.218259	-345.827213
2475	-381.524347	-372.203532
2763	-272.548325	-312.744079
236	-325.758113	-360.190747
3816	-272.830720	-294.091955
174	-229.928448	-258.208767
2820	-308.557865	-332.149991
1088	-291.017433	-348.787223
1836	-268.273739	-283.040581
3121	-344.419977	-350.814705
98	-303.553222	-387.109802
913	-352.855499	-407.057315
1657	-338.273162	-388.039271
2384	-281.469893	-362.768632
2675	-303.787203	-344.271047
3905	-395.515911	-402.892464
2471	-288.628801	-345.643187
3875	-309.655400	-332.781154
576	-345.655968	-348.007322
3225	-362.875945	-380.036902
1071	-360.495618	-378.660864
1423	-344.413850	-348.872159
2630	-282.871678	-321.122217
1834	-381.615289	-371.016106
807	-340.681309	-387.039248
1226	-195.226072	-244.097565
2966	-308.428791	-331.320791
1578	-233.217482	-277.289825
730	-336.821088	-407.024264
1983	-320.792773	-413.156230
3189	-324.510378	-355.590521
3366	-323.268818	-351.297250
476	-397.686127	-397.969066
1528	-360.446475	-378.095363
3274	-196.407957	-242.183013
3766	-344.436564	-351.679135
2776	-313.573888	-364.283457
3395	-248.436061	-279.661436
1144	-264.255612	-351.140991
327	-324.607903	-359.237110
982	-307.235414	-331.648510
355	-273.761263	-312.653774
3137	-272.533448	-308.036413
3598	-340.671493	-388.582238
3520	-325.752207	-359.803474
3729	-376.562796	-400.467931
3739	-324.566515	-360.048052
1994	-383.983835	-371.639990
126	-274.991042	-313.435764
914	-361.707841	-377.350952
337	-312.123120	-338.132212
3136	-340.660061	-385.765985
1434	-344.482088	-349.310263
1926	-273.773955	-315.740641
2944	-309.687280	-331.179933
2400	-345.592410	-347.797689
308	-303.428586	-381.243452
1220	-325.800532	-359.730900
3054	-269.129580	-297.249708
1207	-324.584396	-353.913115
1103	-273.764642	-312.794535
3342	-153.787612	-181.521129
96	-375.359188	-400.508235
3014	-269.263802	-294.956454
2704	-320.786981	-411.267642
1948	-195.158734	-243.544828
3950	-270.439135	-295.484907
270	-372.752005	-412.067885
472	-273.761356	-312.723001
3432	-297.523580	-359.362416
3143	-286.432042	-326.932962
2979	-320.767064	-411.723563
652	-345.620593	-351.626684
900	-288.561991	-342.194604
748	-324.572987	-357.661837
1248	-304.732336	-383.038484
929	-272.832690	-296.106830
1148	-284.062954	-322.320355
1393	-271.647465	-297.841626
2008	-336.802659	-405.398480
1465	-382.796989	-370.670997
3417	-354.292460	-401.893392
1279	-377.837977	-400.781151
2816	-310.905786	-331.189141
3216	-344.380260	-349.827268
424	-309.717380	-332.693501
700	-310.938181	-334.781766
529	-309.725786	-329.461845
752	-324.557693	-360.524703
731	-355.501990	-402.106976
3345	-312.120708	-338.195052
2862	-309.693471	-332.822603
2621	-305.145002	-310.969872
2663	-361.722327	-378.759203
3508	-309.675176	-331.500980
2938	-346.875201	-352.644545
3362	-345.632413	-351.087955
2690	-231.093096	-263.536967
2056	-325.729141	-356.206843
1656	-323.352987	-355.064534
3621	-346.815715	-354.128553
3623	-341.892484	-388.328905
2691	-308.505543	-335.033584
969	-325.797425	-361.089362
3222	-344.494043	-348.931400
972	-341.869909	-388.914133
3493	-232.333258	-262.034141
3103	-340.631134	-390.636132
2520	-307.284294	-329.757304
670	-324.618078	-357.531163
2228	-308.518356	-334.574168
294	-308.506421	-329.846041
1416	-308.514570	-329.657482
2678	-285.255563	-325.711246
3055	-285.313284	-326.230757
3968	-287.425634	-341.434400
795	-246.023231	-279.145502
3805	-309.680682	-330.695421
3568	-308.468418	-327.258849
3649	-343.292778	-348.510843
145	-310.929561	-332.217886
3337	-286.438448	-325.715320
2522	-307.545457	-314.717015
1053	-340.610046	-387.603857
2942	-325.778444	-360.102563
2949	-346.838702	-351.895279
3974	-323.433262	-355.210718
3080	-344.436248	-349.998762
1012	-266.609146	-347.876404
436	-360.521191	-373.643728
99	-336.813559	-408.051188
3683	-308.510782	-332.724162
640	-345.616264	-348.564396
19	-309.720734	-327.311476
3243	-377.816466	-401.509007
706	-303.481839	-386.792461
3632	-340.612805	-385.683706
3901	-346.822424	-354.083796
1869	-269.207716	-297.944039
648	-287.422111	-342.616807
1035	-284.385189	-300.588244
2818	-335.618370	-409.185335
2986	-340.629609	-386.353497
1415	-338.156727	-380.530310
835	-320.740782	-415.441653
552	-340.639366	-388.424851
2192	-307.232824	-327.245122
3161	-309.678595	-331.018628
3213	-339.438949	-387.722870
1728	-362.942862	-376.420326
134	-308.516376	-331.829744
2719	-286.477365	-326.847844
2573	-307.303421	-328.530045
3549	-323.437779	-355.601648
1204	-361.704371	-379.254181
500	-308.452306	-333.110458
608	-309.688960	-331.914798
2279	-309.711101	-332.228221
3049	-324.610004	-357.402508
3989	-272.542369	-305.481874
239	-270.446608	-296.450986
3415	-308.495275	-331.415971
1335	-283.156647	-298.858468
2698	-344.434438	-347.854317
711	-341.849127	-390.553265
3149	-372.694726	-405.751585
3620	-359.351415	-374.080263
3810	-372.726782	-406.824296
2802	-325.804486	-359.419599
2799	-340.702898	-386.359616
1064	-276.202311	-316.851264
2463	-288.576502	-342.344878
2364	-360.507160	-377.263018
1091	-309.678344	-334.216148
2932	-285.320198	-323.915891
2676	-325.784384	-357.787257
3053	-490.831786	-347.741500
3177	-287.662612	-325.055413
3540	-321.236907	-335.727584
1486	-380.373644	-371.084119
594	-325.809558	-361.168794
411	-397.680771	-399.148841
2803	-327.013853	-360.402753
1927	-361.739999	-380.592621
3232	-345.686487	-349.632534
1343	-310.895432	-331.982901
3704	-348.035847	-356.999413
593	-303.525517	-387.203597
1588	-323.678800	-337.504452
817	-345.619715	-346.936643
3692	-281.505078	-363.906279
3932	-360.472117	-373.780674
2256	-303.503801	-384.588596
1163	-397.709232	-399.152774
289	-321.949791	-414.573028
274	-272.539126	-313.662298
2848	-339.419688	-388.940575
1647	-343.242553	-348.677359
3191	-284.360325	-303.240833
1122	-345.601318	-347.891583
1370	-242.180146	-314.152998
1573	-233.255259	-280.028784
1358	-340.682075	-388.478950
2302	-492.008892	-333.327357
320	-232.333410	-265.172556
1363	-355.525451	-403.750955
2141	-307.287454	-330.188369
1391	-323.317575	-354.646883
3519	-376.604739	-401.017429
3454	-376.600944	-400.943793
2455	-344.431301	-351.097978
2837	-325.730097	-356.049993
322	-346.832352	-350.333350
2984	-362.935648	-379.831918
2422	-325.718957	-358.677686
1145	-312.129019	-339.707301
1844	-325.808754	-361.165127
1265	-227.324775	-302.493360
1993	-339.504090	-389.283895
940	-325.787515	-358.120670
3522	-309.691414	-329.627742
3848	-324.564634	-358.307005
842	-360.514766	-376.432319
415	-309.692626	-333.980578
2151	-289.802108	-346.702373
3760	-280.314080	-360.215830
2060	-362.945811	-380.430000
2452	-344.424745	-351.650004
720	-381.594735	-370.558219
2996	-324.566568	-355.824042
1017	-308.419735	-331.524643
620	-346.820834	-354.368288
396	-372.782655	-411.298349
3399	-307.229313	-333.564820
1188	-306.054267	-328.321168
2357	-325.754267	-357.007957
672	-345.661057	-349.878795
1739	-303.454720	-382.560418
3895	-325.808333	-361.279661
2184	-360.501473	-375.645754
2153	-309.673226	-331.658444
2558	-472.145935	-495.658390
3712	-300.148891	-340.510662
1883	-346.839066	-351.903499
2418	-304.734646	-383.346039
2362	-305.134491	-312.603840
888	-323.328290	-354.105232
831	-346.867207	-350.201257
194	-308.496245	-333.565667
1514	-320.781098	-415.080502
1727	-324.606977	-355.397931
803	-325.789564	-361.667284
1740	-376.599676	-400.865729
1134	-343.068226	-392.713339
2770	-288.588657	-345.134689
3911	-345.639354	-352.055769
2961	-348.061993	-351.227870
703	-340.656580	-386.663700
3092	-340.610697	-387.042871
573	-286.504534	-327.995654
150	-309.732713	-332.520400
2321	-381.536295	-372.638548
3590	-340.660106	-389.189332
2147	-382.781806	-371.374387
3711	-303.469034	-380.520844
2287	-310.905485	-334.737957
1663	-232.351764	-266.098233
1523	-340.646229	-387.912162
422	-288.692943	-345.242468
3715	-381.567301	-371.876367
935	-269.154939	-295.604706
5	-351.628383	-408.565393
2487	-361.694757	-378.918713
1120	-353.283458	-383.696445
3198	-288.680991	-346.210245
1677	-344.412416	-350.488738
3961	-308.561152	-333.247006
2590	-340.650928	-389.745137
470	-303.460335	-382.822204
1107	-267.060326	-277.649333
2390	-270.097243	-313.910484
1553	-323.448965	-357.063727
147	-345.615452	-346.087480
3798	-310.941861	-333.237818
2272	-324.528642	-354.165137
120	-323.345161	-352.994464
1313	-324.502042	-353.256157
3691	-352.852117	-409.239754
990	-309.684377	-327.200165
2835	-362.925466	-378.481147
403	-272.843742	-296.961135
3838	-271.318933	-314.774554
2987	-271.618137	-295.457616
2288	-345.612787	-347.239747
1667	-323.323781	-352.830544
987	-273.765811	-312.334953
3120	-309.689111	-330.003872
837	-360.512026	-374.268610
3938	-345.645388	-349.183206
2909	-361.687451	-378.296173
77	-348.062001	-351.442539
3929	-321.233569	-338.124592
3289	-270.437636	-298.164878
2043	-344.484341	-350.337139
2342	-309.680487	-330.173123
1681	-310.908780	-333.131812
3758	-272.557350	-310.935787
585	-229.918003	-258.762524
3203	-308.459279	-330.755452
2702	-309.685148	-332.345805
1929	-324.551800	-356.477108
1079	-287.347000	-342.706635
1672	-336.831068	-412.647471
2191	-359.317050	-374.095263
524	-308.507004	-329.618793
3148	-324.567513	-355.223297
3828	-288.650589	-341.181659
1043	-324.605875	-358.679847
2778	-325.711441	-357.681023
647	-338.268974	-387.636670
3414	-285.313674	-325.023357
2124	-345.600825	-352.812437
1565	-325.735821	-354.868192
2699	-346.864540	-352.216914
1208	-345.608535	-347.681690
173	-396.486463	-398.258049
1604	-347.456674	-419.065632
2048	-235.699029	-282.734332
3468	-345.710017	-347.209237
48	-304.689512	-383.219809
3022	-234.455424	-275.678517
2122	-348.040439	-350.533551
1817	-339.459612	-384.879446
625	-308.514390	-330.089374
708	-306.313133	-315.660283
628	-325.726991	-356.600702
633	-325.759393	-359.537075
1799	-346.861635	-351.060784
2877	-324.556404	-355.698689
738	-324.592221	-355.632687
3378	-325.831718	-361.787506
1576	-247.184334	-276.522734
3250	-360.517106	-370.102844
2093	-324.473588	-355.779818
3908	-272.847530	-298.815403
1697	-345.613396	-349.328380
2930	-310.906738	-330.574656
1675	-271.277972	-304.729964
2985	-304.745635	-383.869538
2163	-324.503356	-355.384795
3629	-359.312853	-376.430961
715	-285.275928	-328.149919
2330	-287.681216	-327.111302
1019	-327.016183	-360.608354
917	-323.320690	-355.317562
3373	-271.613890	-292.551884
3872	-340.691219	-386.591475
1554	-320.728167	-414.445892
2086	-308.486338	-329.504869
2324	-346.831385	-350.496362
1755	-304.686811	-383.549279
443	-325.754109	-360.716599
3114	-309.692389	-331.374141
3765	-453.654335	-477.219378
3108	-361.653332	-378.901937
2501	-232.377706	-264.062683
2473	-324.497671	-354.651046
3350	-339.431591	-388.869255
1347	-359.361259	-372.913812
3753	-271.652242	-294.898499
1040	-268.307873	-277.855333
109	-158.340943	-213.204888
1828	-284.993731	-344.205993
3455	-270.401061	-294.757817
2541	-341.834413	-386.849807
501	-345.630685	-351.762945
619	-325.787161	-357.103942
3740	-356.684693	-402.342705
927	-340.676668	-388.224870
1545	-308.468255	-334.931064
1344	-341.767606	-386.090084
1398	-234.469383	-276.027491
2935	-297.516418	-360.298142
1540	-285.217962	-318.799364
753	-361.710299	-378.699488
2722	-344.423318	-350.054343
963	-345.645239	-349.291493
2937	-324.573883	-355.593501
1961	-197.629416	-246.786556
41	-345.649146	-351.188676
1115	-325.773014	-358.979011
11	-356.688211	-402.753029
750	-344.384630	-350.165092
2628	-359.341296	-372.235019
1111	-335.656557	-406.646368
3730	-291.017996	-350.363685
414	-192.762455	-248.323626
2701	-326.942959	-358.493009
210	-362.938898	-380.293677
2113	-344.391557	-350.012789
457	-380.372151	-371.480679
1365	-361.755045	-378.716766
2090	-308.473428	-332.584433
2616	-272.542567	-306.906762
3367	-269.216969	-297.115963
3361	-324.558989	-353.878216
2729	-323.315925	-355.836583
1783	-320.761312	-412.205448
1359	-229.927277	-259.372238
309	-309.718312	-327.236025
947	-322.454079	-338.345442
2988	-310.923406	-336.586635
1984	-287.441165	-343.765164
1153	-325.764669	-358.231378
3155	-376.605641	-399.501511
1852	-309.685790	-330.222525
2565	-345.591597	-348.238614
2666	-303.423742	-380.497427
759	-398.888473	-398.800733
3139	-344.437158	-349.943306
639	-270.405973	-293.916982
2553	-302.545562	-342.257160
2642	-324.578146	-357.162852
1292	-323.652284	-339.562027
2769	-376.563238	-403.813577
686	-391.370332	-422.445709
2260	-271.351786	-315.697785
1298	-308.505512	-329.358065
1788	-345.646841	-348.718820
2557	-273.774103	-315.572395
2334	-472.135006	-497.390685
3398	-304.686259	-384.184015
367	-360.491873	-375.787619
394	-344.385642	-348.854793
3340	-229.879598	-259.296088
2943	-340.654874	-387.674033
2385	-310.911571	-334.498012
3381	-309.731402	-330.700236
1679	-288.576381	-348.074487
3064	-326.983087	-361.587488
2968	-310.909942	-335.658898
1504	-360.489720	-375.692077
2805	-272.587161	-311.639188
2491	-381.634033	-371.548203
1842	-362.894239	-379.165749
3794	-317.361117	-361.646870
1862	-319.615129	-408.642972
3091	-341.869641	-389.514289
3960	-336.825944	-412.565547
2772	-343.232602	-348.999085
130	-274.988525	-313.734570
2792	-362.944759	-380.776291
1130	-346.826923	-350.912267
895	-356.728690	-404.791978
462	-234.474088	-278.442353
2793	-306.384286	-314.490942
1930	-341.835805	-390.384843
46	-372.766726	-408.845607
662	-341.843824	-388.312801
3695	-309.651827	-334.010901
2556	-321.958604	-413.760032
845	-40.478930	-108.094190
1168	-308.454820	-335.027367
1315	-288.533780	-346.769000
1912	-310.915653	-332.014906
3561	-343.190300	-346.649819
1840	-360.536972	-378.616343
416	-271.318448	-309.676721
1490	-309.691591	-329.925861
1249	-272.543724	-313.982640
2918	-271.326117	-314.898224
2674	-342.352279	-338.555334
3735	-360.522940	-378.027759
138	-362.875317	-380.197802
2213	-287.433999	-344.406791
855	-271.614051	-292.754026
50	-357.934562	-404.509169
2804	-344.433943	-347.767665
956	-230.183076	-242.585987
2157	-309.686797	-329.374542
2205	-318.391203	-415.444027
3942	-287.507193	-348.338481
853	-76.404702	-139.707649
1072	-272.554773	-314.470531
2618	-361.768020	-378.442547
911	-356.711832	-406.137258
3570	-272.514475	-306.732794
192	-310.897684	-333.715618
1199	-377.813742	-401.936983
2453	-268.273240	-278.788770
330	-286.408473	-327.644206
2904	-302.545112	-344.177353
1882	-273.764420	-312.817659
3771	-309.655144	-328.295771
2322	-355.508682	-401.734477
2649	-381.581036	-371.118833
1384	-361.755719	-380.480663
3637	-309.764115	-328.575049
2653	-361.749428	-379.826992
219	-307.221351	-333.258302
3280	-344.483775	-348.267176
2711	-322.460671	-336.934945
636	-382.818623	-373.663735
2670	-326.934805	-358.913439
1748	-288.688929	-347.317067
1309	-287.723848	-327.887544
2593	-321.252793	-337.356122
3982	-324.592116	-355.838034
2652	-317.377404	-362.886851
997	-361.688335	-378.751370
1661	-322.148261	-358.488510
3507	-376.594067	-399.650831
3458	-345.693035	-349.525450
2587	-376.609234	-397.915424
2592	-308.486071	-333.988801
1798	-312.126342	-328.956298
606	-343.235457	-348.199779
3307	-318.647923	-365.236374
1907	-346.819476	-354.489566
960	-310.940611	-332.927242
175	-361.754326	-381.518237
2332	-342.335241	-337.709580
577	-343.087962	-390.349581
3406	-286.459793	-326.161405
1992	-325.723538	-357.233544
3066	-345.688382	-349.707623
2797	-345.646914	-347.120927
2270	-355.497046	-402.935580
2128	-308.504896	-329.462919
3658	-309.682445	-332.002683
3382	-341.145624	-337.069687
749	-249.280474	-310.999841
3145	-324.570872	-356.496121
1889	-361.731388	-379.453130
2993	-346.825502	-350.252867
549	-372.785072	-411.087139
915	-304.734226	-386.437125
3276	-344.508729	-350.625078
1246	-318.406529	-413.443952
642	-234.476516	-277.615534
779	-356.732185	-403.851514
1918	-319.573117	-414.706040
971	-324.624537	-359.768550
3591	-273.762889	-316.462858
1010	-340.666160	-383.952544
3042	-269.468415	-281.900915
1776	-325.785476	-358.313411
458	-340.699868	-387.979092
1420	-286.516174	-329.405673
702	-379.000257	-400.830122
1745	-264.171923	-349.181643
3484	-341.890999	-388.837086
2070	-114.483613	-151.122558
3020	-287.430903	-340.809316
3451	-319.606765	-413.429211
3101	-360.503577	-373.404547
1081	-310.912796	-334.676793
1606	-308.462382	-329.354975
2021	-346.818246	-351.121682
3992	-319.576017	-414.357184
3630	-287.660591	-326.061916
2	-324.551643	-355.897948
2196	-338.559964	-365.445451
1773	-304.696646	-384.272883
3317	-269.177232	-294.057236
3346	-318.327053	-408.811114
2371	-307.253245	-327.963059
1435	-193.963318	-246.360820
2123	-327.010026	-361.828870
3862	-271.646263	-297.579679
2101	-361.717364	-381.438465
1212	-304.733723	-383.451108
1494	-345.654016	-350.568255
2156	-346.827596	-350.930194
1233	-265.440660	-348.102855
3498	-381.585231	-371.079849
2643	-372.711859	-406.964115
162	-232.324966	-262.733258
2053	-320.769272	-413.782708
2338	-268.888303	-315.940004
3788	-361.725962	-379.839395
3924	-270.393737	-294.343672
3749	-249.363949	-308.837947
2859	-362.909074	-376.953885
2274	-308.463553	-331.401028
719	-309.693538	-333.930052
3639	-345.680996	-349.361899
2998	-246.027383	-278.020091
1959	-324.603913	-359.830082
2046	-286.493052	-327.412178
3772	-356.752251	-404.892527
1999	-233.547877	-266.694231
910	-270.384937	-294.475731
2672	-355.556836	-400.179274
2472	-209.159302	-241.395718
2207	-301.330754	-340.706229
847	-324.608363	-353.093947
2774	-310.910631	-336.879227
3030	-324.500475	-353.542174
2638	-309.688194	-332.183208
2206	-312.126404	-333.141648
391	-345.584667	-348.447610
1737	-323.398064	-354.700709
3008	-323.359336	-355.474264
3912	-308.435951	-331.723770
1022	-310.902683	-336.679074
1323	-289.811983	-344.766362
3000	-309.688191	-330.716224
2902	-271.653205	-297.174038
3761	-352.866322	-406.779804
2530	-345.673444	-348.022388
368	-345.595021	-349.946823
3870	-345.605387	-350.790547
3791	-360.491959	-377.875644
3919	-304.721921	-386.374184
2421	-249.395323	-312.935364
341	-273.735711	-311.191471
1526	-269.267574	-297.709184
2958	-324.580268	-356.120871
2246	-287.318502	-342.100280
2175	-324.545475	-355.242895
1595	-309.686571	-335.218700
3706	-345.687338	-349.847805
2545	-324.614082	-357.300898
2602	-345.645491	-348.807926
3899	-337.265273	-361.584246
1860	-308.507458	-330.638820
2439	-324.485913	-354.733258
1156	-154.972731	-183.425223
1839	-355.496901	-402.377274
2401	-263.280728	-306.075492
1709	-326.941251	-356.685418
3058	-247.214450	-280.467767
3122	-232.329070	-263.871470
1530	-272.549380	-310.683057
905	-360.513668	-374.252273
1823	-340.656176	-387.065563
2211	-340.648620	-389.745607
78	-270.472470	-294.944668
2327	-381.624797	-371.902168
3824	-302.288055	-383.426355
124	-271.621961	-295.875815
688	-324.491475	-357.787864
1015	-344.454928	-350.400779
566	-303.472917	-384.446698
3410	-271.316922	-309.866776
3778	-309.700675	-328.608490
589	-340.604189	-384.587152
1286	-310.906869	-337.234454
3095	-339.431197	-389.547315
2524	-392.642251	-420.727842
1774	-324.585556	-358.421834
1155	-272.838189	-295.734127
2872	-288.581144	-350.021002
3073	-309.734862	-330.184887
3190	-232.325947	-263.290393
789	-324.581906	-355.080390
167	-310.912077	-338.780571
3900	-308.465445	-332.179210
1692	-362.862736	-382.298560
2203	-310.911529	-337.158425
2183	-339.459869	-388.313330
2158	-340.663379	-384.478100
1762	-361.755551	-379.196481
1669	-287.426878	-340.505155
2500	-286.498235	-328.600712
131	-345.603479	-351.880004
2632	-306.344083	-315.381492
1084	-309.711894	-333.484511
534	-324.575799	-355.939944
3722	-308.759135	-316.669740
2194	-273.757530	-312.335426
3338	-308.466631	-332.430318
1062	-324.496997	-354.566342
3441	-372.686714	-408.471458
928	-345.665412	-349.396888
3755	-341.874216	-390.733048
3504	-308.561061	-332.773471
2855	-268.917900	-315.414743
2973	-324.604156	-353.614111
2034	-345.586124	-352.263705
220	-276.205821	-317.240918
2563	-247.215049	-281.028454
2131	-320.777849	-414.462157
3413	-308.440890	-332.072799
3539	-324.625415	-359.440187
1812	-307.275809	-333.089473
505	-338.531538	-362.969748
3941	-231.108368	-259.788683
1167	-309.729139	-329.811711
1501	-288.653529	-341.724501
716	-325.758431	-353.932737
522	-309.680641	-332.169211
2249	-392.653825	-420.390110
1396	-346.886411	-347.191685
3708	-270.397474	-295.068880
945	-264.243028	-351.416980
2352	-288.589622	-345.179655
3290	-341.859618	-389.634913
2181	-340.656656	-386.738331
3514	-340.654233	-383.775292
2381	-346.856604	-349.731696
2171	-359.346839	-373.640040
2462	-325.752244	-360.716086
967	-372.742461	-411.846350
2980	-274.983908	-314.276547
3509	-288.685117	-345.858927
704	-235.696677	-282.991408
875	-376.554863	-400.871096
613	-309.689486	-334.184863
2827	-345.615042	-346.873102
22	-324.575190	-352.661189
3863	-346.804974	-352.229377
2223	-288.657055	-342.536688
1915	-361.705669	-378.855639
3723	-345.597175	-350.299330
2586	-191.810916	-217.132056
1865	-345.609914	-347.538769
1738	-273.759338	-312.820353
1184	-286.506282	-329.188270
3954	-271.611366	-297.216218
1336	-334.362330	-401.893857
3078	-383.966179	-374.899520
2747	-301.332569	-342.415470
2161	-361.735863	-374.675156
1102	-116.609549	-171.224824
3369	-158.342346	-213.513141
3237	-303.553222	-387.109800
1651	-273.809498	-312.896998
609	-377.817369	-403.307117
357	-307.245430	-328.976056
1480	-324.584824	-356.350347
3799	-291.018995	-350.350143
630	-273.762561	-312.575146
1579	-288.589020	-343.143718
1975	-341.829025	-388.493805
823	-361.732840	-375.510212
390	-306.070291	-329.545928
2078	-324.575989	-356.453127
2336	-344.433499	-350.703795
7	-309.722879	-332.215633
321	-324.604397	-354.277627
3460	-288.678290	-343.129452
3129	-361.692023	-377.448058
3847	-356.693135	-402.649623
1166	-324.576650	-355.427084
3845	-344.454717	-348.733927
2096	-345.661705	-347.898994
3394	-376.613178	-400.536874
1780	-345.606551	-352.572189
2478	-339.450173	-387.876820
744	-249.332005	-310.554258
1379	-325.731549	-355.363962
1244	-345.616998	-348.493429
3200	-265.433051	-352.513932
3019	-301.357437	-340.617092
1209	-392.612820	-418.545198
3018	-345.638117	-347.552919
160	-309.685140	-330.449526
3732	-320.774305	-410.736421
2948	-382.790431	-371.402071
3343	-320.735225	-413.907411
2605	-346.869041	-352.393248
1635	-360.520081	-377.537669
2323	-310.954565	-339.407417
2356	-323.346816	-350.695703
3596	-285.328258	-328.052570
1703	-286.154755	-346.450535
1284	-320.761539	-414.249431
3517	-396.475511	-398.263975
3083	-381.591448	-371.427488
2268	-302.558547	-343.309750
1239	-356.710448	-401.645100
774	-395.551843	-406.298225
2716	-303.464433	-380.747063
3359	-325.733758	-354.857118
3530	-309.739069	-335.028035
2363	-324.610150	-354.262983
3541	-379.527167	-457.122742
1619	-340.600021	-386.312022
2849	-355.442748	-404.491953
83	-344.434906	-346.883562
1037	-306.397746	-312.256011
2000	-309.736479	-331.807598
361	-376.622353	-399.228399
2319	-271.316064	-313.650947
402	-312.124533	-339.101927
2347	-308.476587	-337.631385
1139	-270.382725	-297.449808
2345	-342.329232	-337.135200
2395	-297.523583	-364.876655
3220	-273.806349	-312.836279
3506	-320.804155	-413.700224
28	-324.630221	-359.246171
2833	-248.375248	-279.646122
303	-375.328197	-400.886733
2386	-352.829520	-388.431826
3868	-360.526225	-376.497103
2875	-344.475122	-350.105226
1383	-344.398797	-349.339176
238	-233.253760	-279.682481
3301	-371.491061	-409.857060
1176	-288.584832	-339.281411
2752	-381.632242	-370.978523
3965	-273.764529	-312.279296
1973	-340.637231	-386.722862
3943	-376.602183	-400.452586
1689	-336.823026	-409.114849
1699	-272.541597	-312.738845
313	-361.721849	-378.534482
2999	-307.237456	-332.612414
2276	-309.679242	-327.261056
3412	-335.628480	-409.173322
3869	-324.525580	-355.157552
2865	-342.307696	-336.791731
3354	-360.529236	-377.553253
3844	-308.450468	-331.101527
1630	-323.431776	-358.191150
1478	-309.691634	-328.883790
885	-324.623780	-359.349127
2700	-304.687547	-383.914987
2002	-286.504040	-326.851297
2442	-345.636611	-349.576983
906	-383.969892	-374.946277
3654	-307.541973	-315.866551
3967	-273.758273	-314.258179
1161	-308.513516	-335.172357
495	-342.297848	-336.328441
3408	-287.661454	-326.779383
317	-325.797397	-360.780235
3239	-361.708121	-380.481630
2033	-310.919833	-337.880918
449	-325.753993	-360.568107
2798	-307.259167	-327.600440
3820	-340.655117	-386.747498
726	-346.870614	-350.706334
227	-377.805829	-400.761291
3159	-324.612512	-358.190597
2611	-346.824672	-354.071535
2795	-379.572458	-450.384833
828	-361.684892	-380.185330
10	-344.512001	-347.991400
796	-344.453746	-347.301180
562	-456.105229	-476.035963
886	-304.728323	-383.477502
631	-371.449232	-408.230367
358	-272.544323	-311.134733
44	-309.735489	-332.397554
1831	-323.386306	-355.523150
1002	-287.689262	-331.476361
583	-285.016369	-343.933458
3686	-344.462681	-348.867899
2022	-344.425164	-349.952288
400	-376.570473	-402.498724
1283	-345.605635	-348.751902
2580	-309.722373	-331.799815
2107	-325.766177	-354.315818
2349	-301.357553	-342.580879
545	-356.698773	-407.123998
3068	-306.015194	-328.888869
2532	-301.405558	-341.371456
1621	-346.884834	-347.075826
944	-320.766684	-412.533635
2486	-307.239887	-331.216296
2200	-344.426799	-350.928000
1376	-348.053064	-351.148345
3082	-272.586248	-311.323908
2296	-309.691365	-334.806348
721	-185.648533	-262.054048
2684	-310.940657	-334.749372
329	-380.402442	-370.620738
2570	-324.626187	-355.671674
3300	-344.499155	-349.930913
3375	-324.594534	-356.466407
3269	-381.624381	-370.427803
2076	-274.982287	-316.384870
1693	-234.474613	-276.900924
3790	-286.502445	-326.817308
3663	-344.446747	-347.214593
2511	-250.500016	-315.832240
1696	-320.785074	-413.563746
2539	-321.276274	-336.470559
891	-325.767721	-359.972263
2623	-235.700285	-282.240850
1311	-288.545722	-341.858272
3543	-287.318584	-342.153814
1614	-325.736331	-356.163599
1388	-250.583643	-312.833563
985	-320.770329	-414.126461
3282	-362.972786	-373.262306
496	-377.794221	-400.681309
339	-356.705991	-402.973109
1754	-269.221561	-297.365099
2860	-345.600676	-352.827754
106	-362.952198	-378.482172
1673	-309.733829	-330.354323
3100	-361.716824	-376.288113
295	-320.770299	-415.777422
2232	-56.525887	-142.430420
3661	-287.358011	-344.425674
9	-344.468531	-351.214722
820	-326.934229	-358.764825
1591	-249.397368	-316.221165
1600	-249.301818	-315.900237
2055	-304.724717	-388.435999
1775	-306.353871	-312.491044
2821	-308.511516	-331.334069
1157	-309.691584	-327.631462
114	-361.772743	-378.613655
3825	-93.411888	-158.604339
287	-307.560718	-317.898283
2627	-235.695309	-282.027557
3607	-325.801523	-358.791325
2118	-324.560961	-356.750632
2683	-309.686061	-329.821472
2599	-355.457663	-400.927986
426	-362.933001	-378.092832
3109	-324.582824	-358.280428
2075	-345.606444	-346.814310
1763	-325.799404	-359.231768
3744	-339.414779	-385.938892
1488	-320.766344	-412.307719
2130	-271.612772	-296.648746
1747	-360.559076	-374.871747
3385	-324.583090	-355.880651
1995	-362.946041	-379.071593
1807	-344.469516	-346.799684
2971	-312.131841	-333.558357
840	-289.871520	-342.661614
665	-288.571762	-343.089504
2534	-362.960595	-376.802663
1172	-357.927353	-404.419302
1140	-304.683966	-384.778609
2423	-338.238743	-385.697181
3128	-341.867138	-391.936886
170	-340.667287	-387.361956
2208	-286.486509	-325.969547
1764	-304.725676	-382.826905
3832	-346.836423	-351.539957
3233	-304.691526	-384.997562
955	-345.632414	-352.093203
64	-362.945802	-378.711959
2165	-319.567241	-416.570361
3329	-310.909123	-334.027394
3444	-289.794376	-345.990798
1197	-308.462932	-331.153837
3931	-288.683173	-345.967203
2504	-325.805550	-360.519892
2041	-346.821470	-354.398334
1008	-248.448467	-279.585800
1623	-229.615446	-278.086200
3479	-265.289023	-348.847070
2531	-157.115484	-213.937915
2477	-360.539944	-373.620581
3833	-324.559324	-358.723910
1060	-345.713205	-350.125182
3221	-308.477915	-331.961578
15	-288.542593	-340.630968
3130	-270.427802	-293.477019
1830	-345.641862	-351.428649
2210	-325.710772	-356.041417
2610	-309.711468	-328.924910
3939	-317.386479	-363.135286
1618	-345.629039	-348.927698
3206	-346.853173	-349.311047
2482	-268.321270	-279.116310
2940	-339.418028	-388.473657
2814	-325.804528	-356.401756
3505	-274.983383	-316.112499
2061	-345.638357	-348.775094
2266	-289.766576	-346.029146
3272	-173.147782	-239.487746
3248	-322.477268	-339.748977
423	-304.694187	-379.457153
3969	-324.609784	-353.797159
1970	-362.897428	-379.736762
1498	-340.654582	-388.477313
3105	-346.821661	-349.236667
3328	-324.549529	-353.642161
848	-309.744522	-330.339545
2629	-356.679047	-403.640445
1520	-309.728493	-332.283394
1066	-375.344926	-397.515449
2222	-340.678668	-386.640671
2115	-266.626759	-348.196838
2146	-310.932540	-333.182146
89	-249.259410	-311.385165
3368	-308.496367	-329.380511
1800	-212.439286	-285.033156
3124	-308.562031	-333.843896
3745	-310.912788	-336.303956
2537	-317.434422	-363.299709
85	-272.550580	-314.416366
3547	-324.582904	-357.379464
1721	-339.479764	-389.871906
3746	-309.736797	-331.660522
1711	-345.611239	-352.130246
267	-345.641113	-350.145527
155	-324.571682	-356.761994
694	-344.360007	-347.516439
1940	-334.429558	-410.695880
172	-282.667163	-367.896959
1395	-375.348487	-397.215965
1758	-271.616401	-292.127629
2836	-345.652670	-348.189437
3497	-392.627857	-420.748302
2380	-327.025010	-359.129394
3677	-307.571921	-314.917596
2019	-340.659620	-387.944224
3846	-318.393987	-414.965159
3459	-346.831382	-350.973495
1179	-343.195060	-348.608773
3734	-326.940196	-357.566109
242	-340.623533	-388.888471
154	-324.538764	-356.897259
3462	-272.538255	-308.105526
1900	-309.689410	-326.972231
87	-490.834069	-336.610795
657	-270.392759	-293.897066
222	-412.548009	-422.498926
1243	-323.582949	-339.963556
1049	-323.336196	-351.172065
1260	-270.417842	-295.037407
2289	-325.766945	-361.201656
251	-265.386781	-350.607209
2648	-325.728744	-355.429371
1281	-308.457113	-330.571089
397	-288.630839	-344.210489
3480	-286.460642	-330.276542
1492	-310.927319	-335.126411
2559	-319.571638	-414.321493
1608	-361.758032	-378.107568
516	-312.134532	-338.966909
3533	-232.036378	-280.423308
3113	-324.531139	-355.849301
909	-325.789320	-360.773554
1875	-242.186010	-314.706707
461	-273.773506	-316.447560
2216	-308.505718	-333.698338
1125	-285.292217	-322.013165
59	-248.430371	-281.680718
2339	-326.954728	-359.066873
245	-340.656722	-384.603285
158	-308.540079	-333.465856
2815	-324.570906	-356.764036
2624	-309.699280	-335.346095
2853	-325.794835	-359.616516
3034	-360.418556	-378.249207
3551	-345.646761	-348.652101
2350	-341.853951	-391.091610
772	-381.599310	-371.143779
3827	-270.435807	-297.100939
279	-306.012858	-330.234337
1078	-309.738888	-331.003432
1067	-273.762417	-316.173514
1263	-345.642008	-347.700295
3495	-288.563768	-342.680603
1645	-324.477059	-355.712530
1332	-209.144909	-241.888529
3283	-287.404397	-340.339762
808	-320.774349	-414.554444
2646	-325.800095	-359.545723
2480	-344.385369	-351.093040
437	-309.705971	-327.512326
3275	-308.757315	-316.333882
466	-382.782183	-374.633672
2636	-306.112153	-330.073363
3400	-289.799552	-348.190864
2088	-362.871515	-380.733839
2306	-287.354343	-344.929185
276	-380.379743	-371.007717
3402	-234.522504	-279.939679
1328	-376.531779	-398.236290
2176	-345.608670	-348.167421
2451	-359.328735	-376.682036
1291	-285.276634	-319.454893
1289	-344.439723	-348.173469
3321	-251.726162	-316.861363
312	-234.485640	-277.753694
814	-308.509272	-331.202324
2801	-310.932716	-332.420785
1261	-268.282665	-280.268961
554	-340.688787	-388.771622
3689	-308.467642	-333.379288
1886	-302.286171	-383.477432
203	-340.663148	-386.777567
311	-287.724713	-326.013600
1694	-273.743311	-311.764394
389	-271.336957	-306.521977
342	-323.351196	-354.122474
1609	-210.001565	-281.701937
3592	-323.367866	-352.963464
2502	-309.685960	-330.002040
3858	-308.459001	-328.315387
2977	-310.909944	-334.287529
755	-324.568345	-355.847735
745	-344.464270	-348.163431
2103	-346.834331	-350.447341
3112	-327.021680	-361.568252
1967	-288.573475	-343.914487
3065	-344.486202	-348.379765
3077	-336.822591	-412.789254
314	-233.255379	-280.057996
1827	-343.492484	-336.837684
1382	-360.492675	-378.514598
1990	-281.482892	-361.872642
2297	-322.412936	-340.123640
1642	-344.345376	-348.356315
3380	-345.606939	-348.497508
788	-324.467888	-353.850377
3099	-324.530718	-357.390300
3293	-360.535142	-377.944646
3958	-291.015785	-351.062352
2615	-360.501085	-379.122389
45	-266.615452	-350.524961
12	-377.816587	-398.396391
1000	-339.452428	-390.066430
3033	-325.785262	-355.518580
1330	-324.575010	-359.621671
3214	-344.426062	-350.508180
1369	-392.662003	-420.869134
325	-345.637577	-348.876872
2309	-272.583285	-311.841483
1470	-272.542270	-312.868125
302	-340.632285	-385.277378
3226	-339.491316	-389.659475
3823	-303.527274	-386.288597
1639	-345.640072	-348.655152
677	-324.594116	-356.483099
1847	-325.753767	-359.645064
2458	-361.683558	-378.940154
3416	-320.770681	-409.623174
1660	-274.985107	-313.877401
890	-344.458979	-349.087760
1615	-287.344000	-341.590040
3796	-341.875439	-389.696664
3437	-288.585212	-349.175370
1023	-309.663477	-330.779794
3971	-360.530885	-377.801996
2714	-398.878264	-399.496972
366	-324.576206	-357.944953
710	-340.625597	-387.121065
1571	-470.915515	-496.807158
27	-324.573866	-356.746066
801	-273.763117	-313.148636
2967	-305.841708	-382.819556
3286	-361.731914	-373.163204
2757	-346.855643	-349.945797
237	-268.287661	-280.218530
3426	-307.387663	-326.965880
1277	-309.706892	-330.398178
1137	-271.622539	-294.793603
2155	-343.243883	-349.169700
1356	-271.372094	-311.603696
3678	-285.255880	-324.188519
1920	-361.714679	-376.348936
804	-248.395289	-285.681576
542	-382.793238	-370.943334
3219	-339.428557	-387.093229
2162	-340.613712	-386.591413
1371	-288.596392	-346.222141
2626	-305.900638	-384.657737
3164	-344.379764	-347.685389
3483	-308.500974	-330.046870
3681	-310.914919	-337.032330
1851	-361.717868	-375.082955
2280	-359.345792	-375.310213
1259	-288.590804	-344.079450
3464	-234.470922	-276.688444
234	-308.467880	-337.294859
3169	-310.902849	-335.160747
60	-382.768883	-372.042572
1424	-212.438188	-284.785298
486	-288.678720	-345.534533
1136	-271.296056	-308.173150
152	-306.286325	-313.524354
271	-361.759779	-379.650949
3781	-274.984614	-314.685655
605	-456.103432	-478.045454
918	-310.917344	-334.793349
228	-346.859384	-351.668741
2170	-274.987123	-312.685872
2856	-376.586976	-401.086830
2682	-324.528297	-358.285800
2773	-325.684055	-358.639526
1654	-360.518768	-376.456925
692	-362.917261	-377.745719
2901	-318.323005	-408.781358
2620	-324.587670	-357.447669
2965	-344.689237	-339.110871
3622	-304.726439	-386.489322
1584	-251.727102	-315.247475
543	-310.937295	-333.853566
1946	-346.841836	-350.023734
792	-310.898648	-333.951045
1128	-361.695007	-378.613482
2831	-356.723059	-403.895325
3476	-304.737418	-383.893015
3051	-192.736096	-247.931894
1857	-307.540766	-315.824170
3553	-346.830674	-350.291042
487	-307.223588	-334.480291
2416	-344.406447	-349.774147
1158	-268.251114	-279.853977
75	-381.566310	-371.935635
3331	-233.545899	-266.136168
2224	-307.568767	-317.649058
127	-322.216227	-354.607331
2159	-324.581067	-352.468116
669	-377.780670	-402.537872
3737	-361.714817	-379.170184
3560	-286.463470	-327.139026
3481	-357.941534	-405.668555
1013	-271.300649	-308.876681
1942	-382.751274	-372.723573
3142	-376.617653	-401.509173
2785	-310.915445	-339.257267
1242	-308.508254	-334.592819
2505	-344.440744	-349.570878
2982	-325.722723	-356.948185
3327	-348.059242	-351.176308
1146	-339.465889	-387.708011
3386	-309.684862	-331.263091
1535	-324.463541	-354.545946
3840	-309.681264	-336.640489
2885	-309.686862	-331.645704
3472	-340.657197	-387.349815
3615	-210.071468	-281.602857
232	-490.793044	-334.507166
1448	-372.747155	-409.626222
1848	-273.769835	-312.641286
3396	-273.815873	-312.722458
3492	-345.645245	-348.203063
2026	-272.837907	-294.690226
2409	-324.595526	-355.837867
2913	-361.630982	-378.706496
1972	-233.542445	-263.609277
97	-286.495035	-330.900343
1511	-271.315027	-314.992075
475	-304.691568	-383.707341
2607	-275.007113	-313.681666
3025	-324.573338	-358.681279
1097	-325.784473	-358.730904
1734	-359.354596	-372.878307
2834	-325.699665	-358.145912
2941	-340.635024	-387.866460
735	-309.716570	-331.298503
3544	-312.133269	-334.019031
981	-303.499320	-384.650362
1164	-340.611734	-386.072282
559	-362.935404	-376.489807
1123	-375.393636	-397.717834
371	-380.374978	-370.529676
3463	-304.735360	-382.921120
2438	-392.565188	-422.464747
3773	-345.602641	-348.861794
1268	-344.411146	-348.649106
132	-308.469258	-333.988970
3510	-340.674744	-388.437555
1720	-309.692095	-332.156874
912	-323.344400	-355.478920
809	-361.738091	-376.247134
3567	-309.693494	-327.201204
2149	-341.878745	-391.301696
3126	-360.523204	-378.105974
1211	-286.498633	-326.045722
328	-310.911163	-335.237530
1098	-356.649302	-402.561561
2609	-322.351046	-341.736440
1316	-361.652250	-378.088782
2547	-323.328581	-352.969638
253	-305.838224	-381.412337
2394	-355.446449	-403.688603
1529	-354.275774	-403.601731
275	-344.442225	-349.420720
3397	-356.702115	-406.406358
3948	-340.614465	-387.133830
2685	-344.426408	-347.392482
565	-356.730212	-406.074163
3188	-325.807242	-355.891076
3285	-247.192524	-276.048891
2974	-396.486691	-396.750757
3854	-346.867382	-351.534481
101	-324.507184	-354.725228
872	-309.711438	-329.192654
649	-340.685408	-385.560445
1854	-382.743932	-373.992310
3601	-308.749822	-317.085890
2143	-288.628466	-345.506476
2920	-326.952797	-360.662895
2391	-310.927566	-331.664888
2743	-234.516409	-279.617767
1570	-325.783642	-358.205044
1034	-356.732791	-404.789853
281	-322.479769	-337.472519
183	-362.962787	-376.966528
1974	-345.655745	-349.138100
968	-308.470667	-333.321579
1680	-377.842223	-401.345266
2424	-273.764093	-315.163865
1485	-309.731369	-331.223635
2808	-340.646073	-383.495260
3572	-322.172641	-351.963013
2399	-308.430606	-332.847855
1982	-345.609374	-347.616945
2318	-348.039301	-349.744753
3676	-346.840522	-351.032060
799	-310.910909	-335.506137
2089	-308.469081	-331.012848
557	-312.122696	-335.613208
2639	-302.580808	-344.138645
1442	-308.465594	-331.803286
1849	-324.547957	-357.877161
3089	-327.025329	-358.789776
374	-372.796889	-410.900963
926	-345.680086	-349.276765
100	-361.702143	-377.876933
3930	-338.542975	-365.502022
526	-344.430692	-348.138771
197	-233.549368	-260.926275
376	-309.732528	-335.054966
2718	-382.782995	-374.396090
1971	-362.906662	-377.785156
1460	-309.684108	-331.899326
212	-324.605613	-353.370752
3526	-249.285024	-316.221022
536	-323.348544	-353.448283
3589	-324.543443	-353.109323
3915	-309.687698	-332.545523
3182	-287.440436	-343.822087
2851	-356.699504	-402.108433
184	-322.436757	-339.863157
1845	-302.309526	-384.598451
916	-345.608831	-350.834550
246	-313.537245	-347.232182
567	-339.489014	-389.732743
1428	-265.391486	-350.665142
2720	-231.102112	-264.248865
3666	-309.735874	-334.999648
3079	-270.401391	-294.116893
551	-382.817123	-374.082475
3609	-269.176442	-295.240580
1143	-367.635675	-314.030737
3674	-309.731169	-333.118556
3147	-338.530072	-365.929984
2231	-346.825174	-351.321451
572	-356.752533	-404.860592
1628	-345.637174	-347.947497
718	-392.601894	-420.974789
3157	-335.619981	-409.673400
1765	-285.335887	-323.404399
1964	-309.726463	-333.833451
1441	-303.469082	-383.480526
440	-307.226474	-326.141158
3242	-397.707881	-398.981695
2225	-324.612179	-358.801651
2741	-297.520999	-365.021131
1917	-325.790782	-360.498414
3196	-297.530335	-365.113266
3648	-324.631468	-356.674936
729	-343.084333	-389.220189
316	-341.858490	-387.786472
1275	-310.936083	-337.000894
3859	-308.499978	-331.230145
3195	-274.982322	-315.920215
2097	-345.639692	-352.712417
3028	-346.861640	-351.032557
1500	-345.609230	-353.122133
1267	-341.841438	-387.967008
1432	-324.522792	-360.017681
35	-343.197784	-347.761945
369	-361.733362	-379.245069
3287	-271.458576	-311.235305
1987	-325.775071	-359.745502
2864	-340.658990	-387.398311
2410	-361.673369	-380.335187
2160	-345.674929	-348.333938
1714	-132.718150	-188.456806
350	-320.793580	-411.346649
3819	-397.692021	-398.241030
3302	-324.577047	-356.004965
290	-348.056024	-351.399527
1557	-322.456250	-340.200171
3583	-325.721011	-357.738855
456	-336.811524	-404.096840
1093	-325.718074	-359.165714
3334	-325.800680	-358.233591
2826	-308.764658	-317.343802
521	-262.065493	-306.050942
1695	-344.411060	-348.991644
3333	-361.709769	-379.728391
483	-309.705795	-333.244560
2180	-340.665904	-390.896220
3721	-284.372483	-302.680393
407	-287.508781	-345.967796
582	-325.833302	-358.774749
3528	-233.262752	-282.189156
1790	-345.664882	-349.669888
2177	-346.868453	-351.246949
268	-362.957295	-377.222061
2939	-352.864008	-410.367145
2081	-273.775864	-315.508509
2337	-324.588418	-356.348107
3199	-273.811544	-312.629620
3821	-308.427345	-330.730772
1506	-339.437849	-387.186675
30	-325.717105	-358.341044
1073	-233.249538	-280.783841
2388	-309.695742	-330.781876
1310	-307.529289	-315.516526
3085	-322.130736	-354.187258
1046	-271.618580	-294.389372
2148	-309.718089	-327.744446
2406	-306.386594	-313.498778
324	-307.534482	-316.160645
2414	-382.803358	-373.027546
3277	-354.254979	-400.101613
3555	-360.547370	-374.852508
1897	-197.629387	-245.810800
3988	-309.707600	-329.580891
2137	-324.588239	-356.108162
938	-331.411639	-349.512561
1548	-306.308471	-313.584882
2813	-232.063900	-280.086846
1059	-303.436180	-380.321921
2293	-269.216495	-295.612947
142	-307.594137	-315.413662
2790	-287.732329	-328.777253
3976	-273.765901	-313.290384
2760	-155.908941	-213.659359
782	-361.678341	-374.801722
94	-362.955075	-378.284172
679	-340.668108	-390.861851
1108	-341.839596	-386.638111
2282	-375.368783	-400.766591
1257	-346.855622	-350.120053
3311	-344.433172	-351.910717
3168	-323.614890	-339.989031
1329	-309.710338	-329.234735
2495	-307.596472	-313.286299
2817	-340.641240	-389.396521
3299	-325.725069	-357.869127
843	-308.437835	-331.854430
2600	-307.237880	-329.161531
1458	-288.648179	-342.934857
3134	-271.319942	-315.307771
3364	-305.057353	-314.293813
193	-307.285557	-337.357146
2419	-287.353473	-344.411410
983	-341.851447	-388.508852
1082	-310.901659	-334.639299
1397	-271.624640	-292.413539
1475	-362.957353	-377.597673
3110	-236.917458	-281.716394
897	-345.659998	-348.712563
1537	-309.692993	-330.836713
1160	-286.467220	-328.170569
3756	-326.943546	-359.545115
3642	-324.565306	-360.317345
2116	-340.646768	-386.381223
3424	-348.051118	-351.205565
171	-361.745138	-377.093653
506	-234.516241	-279.623983
3353	-324.514429	-357.509677
2709	-345.632155	-352.171000
3264	-307.260972	-329.036635
3871	-346.859809	-350.527781
674	-346.879260	-352.566503
1658	-287.337578	-341.775338
939	-344.481802	-350.866741
776	-325.781815	-356.434491
1159	-325.779568	-358.555759
3038	-288.542113	-341.243304
2644	-320.786990	-409.790555
2499	-376.539208	-398.896136
2997	-380.371074	-371.196931
2413	-345.604177	-348.208719
539	-341.886521	-389.080818
1502	-340.679724	-387.292486
651	-232.334436	-265.499230
24	-345.608180	-347.791025
2873	-307.545713	-315.188035
3194	-301.367422	-341.159574
3713	-325.748400	-359.880888
3186	-346.829695	-350.513619
3777	-339.431092	-388.970057
435	-306.309029	-313.481838
1976	-346.831692	-350.845052
2428	-309.682996	-326.567966
1784	-324.497693	-353.768963
3045	-310.906568	-331.817536
3806	-309.676410	-332.211945
1151	-392.620909	-417.746111
2028	-346.821466	-353.676917
3475	-321.247305	-337.272921
3656	-310.918831	-336.478714
2245	-308.434866	-329.032708
1195	-285.287913	-321.377729
3936	-326.951067	-356.535280
2584	-360.567154	-371.994136
3097	-309.716094	-328.126203
3015	-359.362011	-376.224501
1232	-336.811744	-408.508835
3710	-308.565933	-335.738283
1977	-312.131398	-338.274987
272	-322.161948	-355.066093
3231	-380.446861	-371.853252
3951	-326.977685	-359.161821
2726	-324.475651	-357.384857
2063	-344.402806	-348.601199
3379	-273.761967	-314.711378
1334	-273.765782	-312.749233
3606	-310.906553	-336.153698
3057	-301.381127	-340.776245
2152	-308.540101	-333.197769
3419	-335.590859	-412.557115
3669	-285.267165	-324.714749
1899	-308.478846	-331.985012
1141	-115.679136	-150.609116
176	-308.554162	-335.581300
292	-308.517192	-333.235431
1686	-288.648208	-342.063681
1603	-232.363630	-260.956433
1063	-265.440996	-347.993039
1451	-348.052763	-350.837395
930	-346.898838	-350.110414
2650	-361.727711	-378.945507
3882	-194.261089	-220.687491
243	-323.389193	-356.228818
3977	-288.552886	-344.631807
1459	-306.320451	-313.497106
1924	-340.591587	-386.478008
3726	-382.754967	-374.552011
455	-340.664551	-385.613121
1939	-242.205627	-317.415211
2552	-340.624424	-387.051289
1676	-296.285473	-362.635067
498	-273.791878	-311.902028
3659	-340.683837	-388.104034
3887	-242.196351	-317.326120
1462	-312.136049	-338.359025
899	-321.230055	-338.147769
3278	-298.952950	-343.287330
3597	-360.539435	-377.814916
2197	-309.684327	-328.350287
2305	-376.633716	-401.293788
326	-236.917664	-281.958360
865	-304.728720	-383.448552
2375	-360.564233	-373.011671
2466	-325.785959	-360.396227
3697	-312.119261	-334.451383
1380	-288.625728	-343.918288
296	-345.688916	-348.942744
598	-193.088340	-218.798939
742	-272.588370	-311.121085
3769	-304.586424	-380.690259
3011	-310.902708	-335.670030
473	-346.828378	-351.497093
1574	-245.997884	-274.427476
3418	-308.467120	-331.399921
612	-397.697891	-399.889081
684	-361.753989	-378.781620
775	-344.469204	-349.363140
2396	-307.546144	-316.706069
599	-343.312201	-348.442797
2431	-309.684774	-328.476582
471	-324.532283	-357.035419
3372	-309.705858	-329.464555
1543	-323.360471	-354.942956
867	-283.179781	-301.914867
2263	-274.983122	-316.050437
2014	-371.537915	-409.272624
469	-325.775843	-357.967605
1516	-249.358446	-311.181274
611	-248.364357	-279.492293
2374	-285.279236	-324.035299
3867	-356.726146	-403.071920
2947	-355.510313	-404.499415
1392	-353.321142	-378.916461
1525	-345.608193	-347.112495
535	-248.416462	-280.728392
1996	-356.687774	-402.730845
1337	-286.498779	-325.929628
207	-285.281032	-328.283437
687	-346.841762	-349.841344
654	-309.727166	-330.299675
2576	-306.418503	-311.839417
1936	-360.564423	-374.485260
209	-308.493663	-329.175500
3172	-274.982310	-314.979732
1360	-362.941781	-374.807509
1941	-286.206129	-341.970524
2518	-360.566272	-376.487757
2201	-452.728039	-324.077778
725	-325.725266	-356.827920
3839	-231.155780	-261.598467
2810	-273.763107	-315.450096
2278	-345.650717	-349.372981
3762	-351.646368	-408.073436
215	-356.645883	-399.992796
2890	-309.738198	-330.603164
610	-324.629068	-354.290366
527	-324.629301	-361.461527
1761	-376.622507	-400.579129
2373	-302.564379	-343.252039
1295	-346.829652	-350.458788
3212	-360.575745	-377.531687
1024	-302.535621	-343.237556
2887	-345.641890	-347.557709
958	-302.599262	-341.454187
3627	-323.347112	-353.072080
2235	-318.409670	-412.762748
3090	-287.362939	-343.886245
787	-360.525379	-372.823934
3703	-287.697316	-331.835611
2370	-360.496984	-377.811526
2671	-344.377098	-352.345477
689	-341.818686	-390.127580
3184	-308.439671	-329.098517
2954	-305.915530	-383.216781
1626	-345.619567	-348.500735
2654	-304.679740	-385.167603
201	-308.561649	-335.582004
1624	-340.670034	-386.394523
1162	-309.684472	-330.936913
532	-344.369744	-350.302476
754	-361.718210	-378.893515
1192	-326.947461	-359.884180
3156	-362.941094	-382.895226
2665	-348.031230	-354.057526
989	-272.839582	-297.686872
3325	-341.836362	-390.401559
863	-285.288405	-322.285525
1793	-325.725688	-356.696509
2035	-249.294409	-315.166683
1127	-345.659797	-351.422828
2182	-340.610000	-386.255886
1505	-308.487195	-331.221158
1345	-376.540686	-401.330903
3178	-345.605421	-347.486389
13	-360.526646	-376.555619
2970	-339.501361	-388.710286
991	-345.602096	-348.155207
2239	-346.823312	-351.148769
1386	-362.967171	-372.626673
2735	-309.690179	-330.749615
214	-348.052027	-350.258089
2667	-308.455402	-334.779553
1864	-312.133063	-332.950011
1648	-345.660642	-346.835162
2738	-324.555069	-352.079229
2227	-356.712771	-404.205689
2561	-325.778234	-360.186789
1482	-312.132386	-336.537796
1213	-324.530103	-357.728607
3672	-309.689612	-333.403378
624	-312.119017	-332.937905
564	-272.569586	-311.001770
1252	-301.395982	-342.793736
634	-154.960361	-184.597061
3326	-381.616196	-370.675154
1767	-285.277900	-326.885087
3347	-286.510514	-331.824944
3818	-308.470796	-329.360224
3782	-262.035127	-302.784374
2071	-246.029150	-277.168486
1245	-310.907810	-335.728759
1439	-340.590431	-386.277643
2960	-271.360631	-311.055990
2842	-308.450204	-330.337132
741	-344.434318	-348.517858
1183	-325.750970	-360.074170
3652	-361.720088	-378.138935
977	-285.160699	-327.694039
2706	-345.667357	-346.827543
810	-269.144656	-296.640015
2963	-287.651399	-327.137718
2010	-323.385837	-355.860079
410	-325.835955	-363.780751
1446	-319.575102	-413.901516
1813	-307.550360	-315.678099
2527	-297.554699	-363.945472
1364	-267.963366	-292.865910
2750	-268.301176	-279.017009
1357	-375.307060	-398.259981
3750	-346.838572	-351.470593
3160	-362.937857	-380.370666
3294	-340.693392	-388.233548
3926	-325.748612	-356.778862
904	-345.608456	-350.149528
2464	-297.555801	-363.886854
189	-322.167165	-356.208437
806	-308.768073	-316.289113
1567	-356.714706	-402.001755
2094	-325.812885	-361.739756
336	-308.524858	-328.724402
1299	-348.043466	-350.794813
3670	-286.248451	-344.853084
547	-360.540793	-372.433529
3012	-276.205920	-317.913589
1816	-344.357220	-350.488347
1850	-323.407987	-352.452651
1225	-196.409349	-244.348141
3070	-281.491976	-364.850994
499	-340.611683	-389.350233
2307	-346.859945	-351.578962
1925	-309.677276	-329.589139
2444	-318.641916	-366.051584
3265	-324.569062	-355.408123
2025	-249.363808	-309.442061
2614	-232.164586	-280.006787
2167	-309.681554	-325.042348
530	-360.503506	-374.744797
1173	-344.465017	-348.913920
3610	-360.476593	-374.660476
3335	-275.020322	-313.672275
1968	-324.538807	-358.494038
3815	-288.574763	-346.746526
360	-346.890881	-349.291575
2724	-376.591176	-401.867851
137	-287.440932	-345.560005
3217	-306.392828	-314.401879
2857	-362.899149	-382.142581
1821	-308.473320	-328.104946
3937	-361.713179	-379.455326
3499	-309.702237	-328.831430
1198	-308.449457	-333.164841
2758	-309.696640	-328.691347
732	-327.023478	-360.136647
1409	-285.282853	-327.126723
3529	-341.843027	-387.223638
3700	-361.717469	-379.855654
1911	-272.582516	-312.521392
3604	-273.812100	-313.084566
395	-234.447743	-276.424869
102	-307.230370	-332.062417
3401	-338.175569	-382.296153
1456	-308.496384	-331.474924
148	-345.629933	-348.522498
2846	-273.780933	-311.410339
257	-324.569867	-356.794931
2688	-284.964138	-344.678195
1100	-380.373569	-371.844848
3545	-310.915918	-333.687796
1601	-345.646864	-348.055257
3431	-323.229212	-354.431735
2120	-381.630205	-371.674498
2168	-310.899911	-332.945069
3896	-307.280331	-332.283610
3518	-340.655390	-388.713259
3679	-320.794248	-411.417019
405	-273.804251	-312.751924
1988	-312.124451	-331.710329
3428	-288.564752	-342.670191
953	-392.650949	-420.617839
2039	-360.553317	-375.588924
1025	-324.520219	-356.151900
2303	-309.719920	-330.129725
2011	-270.099401	-314.725882
1640	-304.583737	-379.737998
3039	-341.851538	-389.670939
2992	-343.202564	-349.223155
1943	-325.729335	-357.577418
72	-325.720699	-359.810563
1592	-271.616430	-295.341560
3017	-271.339346	-315.489656
1801	-301.335636	-340.785784
1650	-341.836348	-390.453019
1958	-340.595950	-387.486012
62	-309.677968	-337.291057
3339	-356.699649	-402.783069
431	-361.712798	-379.863960
2105	-335.635972	-408.541986
1820	-324.522751	-353.539746
2800	-287.478272	-345.982576
419	-312.128001	-340.161288
2606	-323.344105	-353.775568
3764	-308.483519	-329.491517
1644	-325.774769	-359.984386
3	-346.838279	-351.471961
739	-309.678703	-326.601636
2312	-344.416076	-349.183449
1770	-309.719198	-331.789050
3835	-309.693085	-328.851568
2566	-346.832253	-350.388448
857	-245.711897	-311.840188
452	-324.575287	-357.208172
1552	-346.865957	-350.471545
3521	-342.324182	-337.124081
1785	-273.751900	-311.733305
883	-340.647778	-384.158453
3062	-381.573048	-372.151501
3244	-323.320332	-355.864648
1806	-324.610229	-353.211824
277	-302.288351	-383.296659
33	-264.504487	-307.264832
3709	-340.613243	-386.206732
802	-359.306313	-375.634473
417	-344.440065	-347.180723
480	-325.760797	-357.812739
3473	-360.527434	-374.977367
86	-190.624631	-215.520334
1029	-325.751230	-357.554896
1070	-361.752301	-373.611886
876	-325.807685	-355.776701
1362	-249.387499	-317.126454
2513	-345.631685	-346.967131
2242	-362.870426	-381.232420
2733	-310.940764	-332.779050
1104	-287.315479	-341.638913
518	-289.791234	-346.150580
1317	-344.393241	-350.629808
658	-307.234503	-333.369089
3357	-361.779217	-378.712389
2572	-360.495461	-378.115360
952	-325.717725	-361.022494
3450	-382.824468	-373.779310
655	-325.771459	-360.765099
2119	-323.665987	-340.367878
3785	-348.045948	-350.489757
2756	-153.742562	-182.184815
2894	-309.717750	-330.094572
3800	-346.862839	-353.200674
3094	-324.601619	-352.856146
859	-308.468407	-336.421594
2588	-376.538277	-401.891496
764	-233.560626	-265.283963
1479	-309.677142	-331.343022
1400	-306.067385	-330.914234
346	-307.586014	-316.544641
159	-273.773408	-315.846441
570	-275.012535	-314.292488
3046	-322.057728	-350.630165
1469	-324.444698	-358.539625
2975	-345.579201	-348.756148
2189	-325.762375	-360.968806
82	-309.701458	-333.340049
3032	-360.508895	-375.702966
2036	-309.733888	-333.611738
860	-397.697425	-398.088535
903	-309.685872	-330.930244
262	-345.647032	-350.249312
3527	-309.716030	-330.231353
408	-208.863267	-279.433187
1698	-325.800949	-359.836976
105	-309.727110	-332.664661
3707	-271.620156	-296.453229
575	-272.582834	-311.903051
2673	-345.652182	-350.555471
2526	-340.601771	-384.385659
2754	-309.674575	-333.849357
1165	-309.706371	-325.244416
2908	-271.620997	-296.751221
3587	-322.421320	-337.282742
3430	-341.828533	-389.357863
761	-312.126820	-332.996146
2597	-412.494644	-423.462754
2027	-376.585000	-399.950710
3440	-322.135917	-351.492971
1170	-310.895183	-329.741488
2301	-324.616647	-358.980033
1206	-342.315546	-338.417572
3786	-308.759185	-316.177733
1319	-308.560759	-334.019381
2568	-325.718022	-359.021745
632	-361.705069	-376.062841
3957	-307.291354	-333.042584
3754	-324.570035	-357.283918
259	-309.735245	-326.072520
2955	-346.822341	-352.267982
288	-355.557059	-400.105992
2838	-324.547436	-352.218163
2819	-360.551444	-375.627238
143	-302.355005	-383.061808
934	-345.650323	-349.412652
65	-312.125621	-329.864612
1468	-345.650338	-349.088187
3981	-249.257629	-311.468701
450	-235.729507	-281.543491
3891	-346.821929	-351.187699
146	-377.813815	-401.930612
1106	-231.106310	-259.160600
3063	-317.413890	-362.633014
3878	-360.554015	-376.786646
2098	-327.020807	-361.302985
1894	-360.532510	-377.178244
261	-310.905322	-329.342431
2655	-235.723792	-283.411131
3503	-266.630629	-348.038679
1887	-361.696319	-380.726249
2104	-379.006904	-404.038131
1534	-340.632075	-388.496107
2493	-346.822460	-350.114734
2166	-343.239068	-348.699573
1214	-341.865386	-393.890775
2440	-317.433049	-363.463690
2273	-324.579188	-360.291061
2450	-312.124760	-332.813365
1352	-304.677606	-384.175812
2595	-303.465315	-383.916806
3752	-345.686524	-347.822793
798	-208.842347	-279.243395
2515	-323.341413	-353.583497
2540	-211.295796	-281.590100
1005	-273.786179	-311.571554
3127	-327.010419	-360.502757
3360	-382.810709	-374.061985
1427	-340.646339	-387.499385
1254	-325.753541	-359.784852
1898	-360.497612	-374.399862
821	-307.566593	-316.126146
2354	-387.558484	-367.086724
785	-273.796695	-312.391158
1945	-361.754136	-373.443584
3291	-362.911941	-377.542022
1989	-287.426977	-342.840069
1863	-381.631601	-370.759801
1349	-286.542391	-327.379987
653	-344.473681	-349.799062
2825	-360.576433	-371.994166
229	-361.648305	-380.382756
269	-325.729080	-359.169651
2252	-382.779570	-374.588834
3881	-357.951284	-404.301732
3577	-361.716705	-377.719529
299	-195.196751	-247.781930
964	-291.014970	-350.327915
2822	-310.902197	-332.992758
2768	-340.690205	-388.176495
538	-324.494520	-355.678461
3906	-309.685651	-329.183327
2551	-325.792606	-361.870105
266	-308.477155	-336.082076
1138	-308.444609	-333.575857
2325	-273.732431	-311.391168
2308	-324.460752	-355.592820
838	-361.709679	-376.195897
1510	-322.425235	-340.629917
2366	-286.466852	-325.161090
1756	-326.935440	-358.833398
157	-376.519880	-400.553664
3542	-344.409533	-350.199742
1558	-270.389386	-295.501425
1538	-348.050463	-351.396456
3207	-355.520098	-404.128074
1429	-288.579114	-342.521654
88	-345.655534	-348.439372
3792	-360.525610	-374.842370
1923	-287.427777	-343.261470
1596	-492.022084	-352.585950
1598	-308.471397	-332.919105
2883	-308.757991	-317.150382
1297	-345.621773	-350.697544
2914	-270.422403	-295.446383
2535	-272.835594	-296.695593
3935	-289.875063	-342.967058
2134	-344.433965	-346.825348
103	-291.024232	-348.420739
2009	-273.812948	-310.505464
1201	-224.944660	-303.781439
2994	-345.597078	-348.085642
3348	-304.715963	-383.542700
892	-288.621895	-344.938461
3181	-307.209274	-334.800762
3784	-344.450127	-349.892647
638	-345.695868	-350.200427
1032	-346.816694	-351.207107
1050	-304.643392	-380.878316
1963	-325.761942	-354.734045
2084	-361.708021	-381.022610
936	-382.773457	-374.225726
1892	-382.805933	-371.073382
3990	-303.459637	-383.019965
335	-361.729115	-376.772527
696	-356.709466	-406.032358
1891	-323.382399	-354.311642
2220	-272.538190	-308.161519
1124	-271.651913	-297.706926
3979	-345.651111	-348.805767
179	-362.928160	-379.195805
1810	-288.653294	-342.302275
387	-268.248806	-279.811704
2064	-309.687401	-329.751328
468	-322.150234	-354.319562
2250	-339.462492	-385.878425
2922	-352.890573	-409.682655
2928	-324.540084	-359.898739
3933	-307.569255	-318.573456
3511	-324.552260	-357.336984
2896	-356.725069	-405.295292
2787	-324.505365	-354.240676
344	-343.305175	-348.456806
2852	-274.986857	-314.364283
2369	-273.760271	-312.267088
1562	-309.676327	-329.467236
970	-310.911364	-335.161069
1872	-272.566631	-306.009458
794	-248.143861	-312.926705
3123	-309.702150	-329.007610
3056	-269.180682	-293.574247
333	-308.507517	-330.012401
1389	-272.510742	-310.081939
1960	-345.602645	-346.863063
479	-77.308427	-126.541702
1701	-344.428649	-348.545712
3914	-325.805781	-356.840511
2544	-381.632480	-371.648737
601	-324.603558	-360.482107
756	-325.798888	-359.882360
3208	-288.572843	-349.293465
511	-320.778636	-415.582429
1218	-287.431740	-342.654022
1471	-346.857623	-350.396858
3894	-322.469844	-341.074323
1507	-310.914024	-335.516438
2275	-312.122563	-336.926782
978	-324.545574	-357.068739
1247	-325.770105	-356.332928
2313	-312.122262	-336.080710
3556	-276.202384	-316.900168
2550	-271.628346	-295.434261
3259	-359.368793	-372.055054
1385	-309.679840	-329.975460
1913	-310.912131	-337.615729
3588	-272.549011	-314.372010
90	-327.017113	-361.267601
3377	-360.549337	-373.204728
1408	-379.527030	-459.677447
3582	-344.436500	-350.048971
177	-362.872710	-378.971315
1704	-274.984793	-313.536614
3445	-286.508374	-327.422663
2689	-309.673807	-332.893317
2127	-308.519863	-334.434114
2708	-308.512758	-333.564551
517	-344.434827	-350.093088
2099	-288.573876	-341.540332
2783	-272.537685	-308.116521
1905	-231.145151	-262.158169
1815	-345.663783	-349.739218
3913	-308.551230	-331.783108
80	-392.672883	-419.685827
673	-345.680831	-349.098261
1228	-345.640969	-351.726026
2791	-194.254127	-221.061132
1412	-242.195730	-319.831767
2044	-373.173910	-366.418753
1190	-377.830859	-399.430631
1473	-340.678945	-386.704304
2957	-323.644468	-340.826745
2341	-377.784360	-402.631070
1509	-345.612220	-346.550911
3131	-303.560907	-387.024689
2185	-344.343476	-350.880652
919	-272.589999	-311.887291
3770	-272.544060	-312.584217
3801	-310.937414	-333.174969
3698	-360.508088	-374.493121
3898	-356.700248	-402.261483
2731	-272.836211	-296.824353
494	-345.611057	-352.455999
1301	-309.679190	-326.316943
3534	-320.785748	-414.554132
3718	-195.186772	-247.591085
144	-271.323089	-310.449161
1808	-356.676972	-404.297521
3170	-271.626697	-297.488283
1712	-345.612640	-346.738683
8	-272.545439	-312.762773
2829	-340.622886	-386.497228
3050	-303.940271	-313.011240
1688	-324.567893	-353.308584
195	-296.296482	-362.260849
1235	-265.447270	-346.395164
3449	-297.510804	-360.673223
921	-325.682121	-357.522957
3638	-306.320806	-314.828407
1041	-371.504707	-408.604216
2047	-286.246880	-344.159189
3270	-273.788787	-312.471785
1307	-303.460433	-381.934705
3804	-324.573632	-353.368055
1722	-362.946707	-379.618657
933	-270.430832	-294.932653
1346	-308.542644	-328.884814
1251	-322.482659	-339.809285
736	-325.799293	-359.379457
2057	-288.540318	-341.436829
2746	-247.190194	-276.059874
3576	-325.729906	-353.976822
3163	-319.610683	-414.144427
1065	-360.485823	-375.442716
1180	-306.364186	-314.211820
2510	-325.797299	-361.873822
1664	-310.904974	-336.438732
3917	-274.985822	-312.837098
1048	-286.495416	-329.332854
439	-288.690999	-344.233802
1503	-327.014214	-360.078634
851	-270.117027	-315.198753
3581	-319.540355	-412.497766
1407	-235.694798	-282.611680
870	-345.646965	-349.570447
1792	-363.504227	-453.762366
1586	-272.837559	-295.234230
3341	-291.021228	-349.745702
818	-387.475673	-378.066368
1771	-287.657053	-325.614124
1440	-270.441325	-293.585151
663	-323.347275	-352.894904
2668	-310.906004	-336.969186
3626	-310.902465	-333.404837
2013	-343.195410	-348.481927
1087	-324.508933	-354.395500
3925	-325.718488	-355.325628
3438	-312.132858	-335.800019
3005	-249.248680	-307.984584
2777	-336.817321	-411.238983
646	-323.641347	-339.088929
2456	-345.610758	-352.361586
2082	-302.567313	-344.241331
2695	-346.871133	-352.559591
3158	-269.271320	-295.497649
878	-308.466070	-332.078795
2617	-248.151318	-313.558195
3409	-356.696744	-401.811825
2950	-360.498298	-377.269350
1564	-288.555332	-345.055269
1829	-382.804482	-370.900043
1401	-307.265351	-326.970794
2291	-286.514923	-327.287121
2481	-324.614891	-357.684744
1956	-308.461475	-328.387911
2172	-308.472272	-334.112557
3336	-308.477672	-327.899200
1421	-360.526142	-376.308155
425	-289.769718	-347.258439
1811	-346.855968	-353.168314
1014	-301.385442	-341.628432
1978	-281.485530	-368.659760
3076	-247.198000	-281.378425
111	-344.470970	-348.366460
2897	-346.825923	-350.045008
659	-326.976670	-360.873316
3904	-356.716094	-402.714258
898	-305.906901	-386.030824
375	-346.857432	-349.645859
2445	-324.576679	-354.085059
1116	-356.691214	-403.276548
2188	-288.690060	-344.319485
2794	-304.681399	-384.906264
2221	-308.512137	-334.172532
1517	-359.342366	-374.217039
758	-307.574899	-315.685641
513	-355.518342	-402.939440
31	-359.310420	-376.588953
2775	-382.812383	-374.178932
604	-320.777491	-415.078159
3102	-310.903589	-332.247999
1487	-345.665813	-347.500996
3831	-451.528971	-321.369737
1083	-309.726295	-330.359591
2132	-377.826580	-398.072368
2236	-235.698987	-283.290254
3490	-359.315205	-375.136923
1113	-234.484521	-277.458941
291	-304.683134	-384.230504
2601	-333.464063	-368.750295
3496	-302.303890	-386.891756
1481	-376.634518	-400.719300
1375	-345.645053	-347.716343
509	-307.238995	-333.100756
1997	-271.666841	-298.524788
1045	-344.449852	-349.752198
1805	-344.380468	-348.847998
2926	-320.764569	-409.300039
1519	-352.874613	-410.203350
1133	-308.517070	-332.296296
3673	-309.691463	-330.530162
3330	-323.360126	-354.352442
3060	-270.441145	-293.305653
3007	-319.573727	-418.187611
1466	-340.657975	-388.712319
858	-340.661797	-387.860910
1867	-324.583096	-357.725046
519	-309.687078	-331.349289
2050	-362.937518	-379.652734
2429	-306.081547	-328.490750
873	-273.763068	-315.738701
959	-492.026657	-339.402726
2759	-393.905418	-421.690027
2054	-302.588564	-343.076934
629	-309.712115	-328.633765
1264	-324.536694	-353.474137
2331	-308.516808	-330.694893
2179	-361.698233	-378.528664
3218	-325.743746	-358.138074
3411	-286.134060	-346.602079
3356	-270.447268	-294.711161
40	-344.338878	-350.822933
1237	-360.542541	-377.241244
2032	-287.663174	-326.700715
1909	-345.630398	-350.807772
52	-345.627428	-351.763769
2333	-338.234590	-384.913812
3485	-324.614459	-355.133645
2529	-229.969129	-262.864848
3266	-287.736841	-325.274194
784	-377.848074	-403.215032
1877	-287.407788	-340.001717
1895	-324.551432	-356.210849
406	-359.295180	-373.470812
607	-301.373496	-340.742840
1822	-344.395150	-349.520267
353	-197.632222	-246.534729
421	-288.627624	-346.015027
2479	-271.622821	-297.132764
1625	-320.776082	-415.493938
301	-324.570823	-357.871625
2959	-289.795007	-346.632855
734	-233.242250	-277.119081
1949	-340.674935	-389.168668
3885	-304.728655	-387.664050
2267	-291.016020	-352.117290
25	-309.712046	-327.173655
1818	-371.535911	-408.392765
3662	-360.469577	-374.455335
2871	-308.460407	-328.711724
3817	-288.554600	-341.135718
233	-301.382062	-343.300956
2317	-308.503515	-333.755524
1921	-310.904960	-331.713102
1011	-310.942660	-339.176675
1200	-346.908492	-350.785210
3211	-310.908555	-334.755306
420	-362.950092	-380.025946
1544	-324.594826	-355.356157
1866	-310.940708	-330.415177
3580	-345.661657	-348.985723
1706	-382.777508	-374.324405
3558	-339.464817	-389.339185
2030	-273.804223	-312.791590
1833	-302.579718	-343.625112
2361	-304.727460	-385.870584
169	-309.688569	-333.240752
454	-265.283843	-346.992877
698	-274.985880	-313.490308
3150	-310.942587	-336.704909
1052	-361.770383	-375.672125
1933	-270.396100	-295.973290
1789	-310.905299	-331.877711
1272	-308.486687	-333.558773
381	-341.835557	-390.370621
3245	-327.024699	-360.905965
356	-372.741729	-411.974140
354	-285.174014	-327.778368
600	-268.859550	-314.450473
1414	-377.797879	-398.771698
813	-361.733052	-375.034333
2284	-359.298380	-372.936870
3403	-339.424322	-387.580763
790	-341.836780	-390.831231
2351	-304.614169	-380.190113
1438	-356.728392	-404.611732
1086	-272.587059	-311.597680
3355	-345.648365	-352.647075
1044	-304.687053	-384.003616
2497	-325.763216	-361.667977
1236	-155.897345	-214.011542
2340	-310.899612	-336.976405
2715	-345.709596	-347.178038
2018	-286.492357	-326.799596
3768	-227.338075	-303.090047
2591	-325.773278	-360.805937
3295	-231.069318	-264.098777
3668	-309.700336	-333.769323
444	-340.665581	-386.731259
3252	-340.610842	-387.943791
3487	-210.101789	-283.887618
1743	-346.856186	-353.446768
2880	-346.831172	-351.735982
1231	-324.569596	-357.842073
21	-278.059333	-320.395769
3471	-416.384141	-409.547807
3117	-346.824942	-349.885963
1464	-381.610550	-368.732261
1028	-360.421732	-376.603407
1026	-325.765414	-360.058365
482	-272.599303	-304.325878
1655	-338.217210	-387.631497
747	-359.350089	-375.262196
1430	-361.720960	-380.102715
2420	-340.625366	-387.743561
2634	-326.927446	-357.701279
2243	-340.673964	-387.099263
3166	-326.949535	-356.699301
128	-303.785832	-344.769955
1781	-324.582445	-355.221730
3851	-326.998454	-357.493577
1613	-346.890723	-349.029347
2106	-286.476486	-325.195642
2843	-308.509454	-333.642776
727	-272.562906	-304.640005
2425	-322.435505	-337.675728
1271	-310.902165	-332.519333
1253	-312.126356	-331.405450
430	-307.543210	-315.276884
2844	-301.377995	-341.409056
2845	-307.602080	-313.574323
591	-325.760915	-358.229809
937	-306.397642	-314.621257
1152	-308.448572	-333.575132
2679	-312.130526	-335.424398
2560	-339.452794	-389.446006
260	-359.369049	-374.032140
208	-270.399081	-298.722325
3945	-304.737186	-386.466009
1733	-322.169100	-358.130324
2919	-340.635773	-385.827041
2664	-348.047695	-349.835421
3236	-310.912270	-335.262074
490	-231.142581	-264.107194
2637	-325.687098	-354.275184
2077	-309.736028	-338.666476
2468	-307.193849	-324.413780
418	-324.565412	-354.793874
379	-391.337881	-422.119071
2109	-321.219665	-337.778146
3171	-345.599912	-348.166802
3599	-308.482454	-331.105345
3983	-322.115604	-355.072473
343	-360.502305	-374.292898
3314	-305.846541	-384.866698
3940	-308.464824	-331.032856
3308	-381.582831	-369.566999
2169	-356.733974	-403.953687
1185	-324.558175	-355.694547
666	-381.593528	-369.419703
2536	-273.758980	-312.763671
2990	-376.661483	-400.257486
2218	-325.756157	-358.321686
1075	-325.751822	-357.222701
319	-352.845678	-407.513172
323	-309.647349	-332.442021
3467	-308.494487	-329.758502
2264	-346.831590	-350.755562
2661	-323.448833	-357.523158
3566	-325.830752	-361.891126
2884	-324.471313	-355.436750
1678	-310.955296	-337.666473
962	-376.587043	-402.293434
1405	-361.711854	-377.118572
1611	-348.044714	-350.471964
1135	-310.903412	-331.571572
2567	-320.795216	-413.897423
2433	-324.552283	-358.236511
812	-308.509197	-331.504534
3857	-340.686134	-385.548039
3048	-381.616883	-368.950181
743	-309.719124	-331.657103
1461	-346.899170	-349.202017
3569	-272.588302	-311.172056
2402	-235.696227	-281.631030
998	-302.306196	-383.929710
1132	-310.938583	-337.587838
378	-356.705084	-406.328510
2789	-340.629283	-385.360441
1873	-346.842529	-350.815516
737	-336.836792	-406.715557
1450	-273.757658	-313.000862
1757	-285.313612	-326.540387
3427	-325.793904	-358.326049
3822	-309.665941	-332.865953
1121	-333.449362	-369.469181
351	-345.625747	-350.912932
2830	-325.800699	-357.314104
93	-340.615011	-384.765155
504	-356.680129	-402.969828
786	-307.544728	-315.799120
1366	-345.633122	-347.220843
2976	-356.737615	-403.217436
3141	-345.651109	-349.085754
3664	-269.219315	-296.823960
478	-119.052475	-174.297755
2247	-348.046805	-349.678584
2923	-325.801905	-358.033015
2368	-325.804686	-359.669847
3690	-346.829378	-351.067407
447	-271.627826	-295.735229
699	-307.243079	-333.897311
3843	-309.717869	-332.207801
2314	-345.658870	-347.664576
3747	-324.521162	-352.965985
141	-287.734664	-327.340987
2387	-391.391111	-421.013806
42	-376.564691	-403.454331
196	-341.759398	-388.007688
112	-340.648166	-390.100629
3883	-308.516508	-329.328456
3279	-356.732861	-404.219296
3738	-274.982053	-314.314501
3720	-308.561301	-329.770611
3407	-343.517848	-338.320041
20	-270.370102	-296.100792
2117	-346.839895	-350.312049
3731	-310.913156	-332.816112
2017	-310.940345	-335.786529
3918	-289.794194	-346.143157
520	-309.720011	-330.749753
413	-301.369263	-341.575227
889	-272.539307	-314.035582
1110	-325.781398	-355.408056
3546	-233.219124	-277.564151
2058	-356.710498	-402.859102
2114	-307.528446	-319.888589
3183	-345.642870	-349.563617
3525	-340.662316	-389.042333
3281	-309.716743	-331.145555
2299	-280.273691	-368.535459
1454	-288.652757	-341.430207
2328	-320.732586	-414.229950
2126	-270.399529	-293.380316
18	-309.719641	-329.362513
1880	-346.873992	-351.893905
1322	-271.619912	-293.769222
3640	-309.692577	-329.929635
136	-343.240623	-348.516371
1449	-308.507220	-335.497200
641	-322.439472	-337.272090
2199	-377.815601	-398.552323
943	-303.497783	-384.129135
2542	-326.951186	-356.942126
1691	-272.595294	-310.206286
2870	-289.872470	-343.226608
3808	-345.614760	-352.366706
2734	-309.719592	-331.836378
773	-309.674485	-335.129628
2214	-245.994065	-274.255088
3116	-312.128429	-339.366592
255	-309.672030	-330.811411
815	-285.324641	-325.612102
3953	-325.792503	-358.642612
348	-196.432825	-244.014783
1702	-251.727632	-317.786662
1300	-324.595031	-357.856713
2585	-249.269471	-310.991687
1238	-360.499088	-372.608389
3296	-345.650105	-349.233755
2237	-325.784144	-357.822717
3559	-309.721434	-332.273374
2217	-344.408081	-353.717803
3061	-392.552088	-416.423420
533	-287.720383	-327.361479
385	-305.159206	-311.840994
3647	-325.794522	-361.208878
3795	-310.908453	-334.427852
2405	-318.344936	-412.187867
3477	-348.046236	-349.367213
2379	-361.769162	-378.371393
1797	-194.267232	-220.133728
3257	-308.472221	-334.190637
204	-287.353313	-344.882299
1	-360.499843	-376.873143
1058	-324.585402	-358.334942
285	-249.362379	-307.869457
489	-356.745773	-404.296310
791	-309.662433	-329.221481
2389	-361.728546	-376.368831
2430	-304.688809	-384.247298
844	-324.606050	-358.377534
2751	-273.787799	-311.073845
2298	-270.396464	-295.679106
1560	-340.645686	-390.185474
1577	-355.468067	-401.896708
3779	-308.476903	-333.495955
331	-309.734363	-332.192929
2100	-343.199390	-348.540095
1016	-305.129953	-314.635408
3500	-323.345473	-355.959371
2085	-309.695312	-330.023892
1210	-340.641282	-386.836191
3023	-323.343769	-356.024953
3201	-346.845480	-353.534273
966	-339.467091	-385.184388
3921	-343.218379	-348.221783
3249	-325.739818	-357.350077
3071	-273.789182	-313.297645
1885	-345.647670	-349.904525
36	-344.382282	-351.188538
51	-283.168740	-301.519317
