no_training:1500	no_test:2493file identifier	 training data
1068	-308.470010
1956	-308.461475
968	-308.470667
1110	-325.781398
3187	-272.591906
1855	-360.497728
3354	-360.529236
2193	-383.976576
17	-345.612580
3713	-325.748400
1199	-377.813742
2645	-362.923114
3456	-276.206318
1569	-234.503085
1038	-267.106213
248	-339.489875
3697	-312.119261
3074	-272.553250
3005	-249.248680
830	-320.767103
2940	-339.418028
2113	-344.391557
3266	-287.736841
1826	-285.242094
3072	-340.671263
2994	-345.597078
59	-248.430371
1521	-323.665247
411	-397.680771
1196	-346.840727
3208	-288.572843
1544	-324.594826
2984	-362.935648
2314	-345.658870
765	-317.447668
1710	-361.726166
2519	-323.585680
3308	-381.582831
3154	-309.714008
1912	-310.915653
1662	-377.834156
2982	-325.722723
3282	-362.972786
3607	-325.801523
3464	-234.470922
563	-345.644179
1471	-346.857623
1852	-309.685790
3293	-360.535142
529	-309.725786
217	-271.648392
1760	-326.940002
2109	-321.219665
173	-396.486463
575	-272.582834
1693	-234.474613
436	-360.521191
3169	-310.902849
3445	-286.508374
1678	-310.955296
1472	-306.080007
1416	-308.514570
866	-340.620625
126	-274.991042
2	-324.551643
2305	-376.633716
85	-272.550580
435	-306.309029
2411	-193.075202
911	-356.711832
3190	-232.325947
1154	-310.937644
778	-324.573162
3843	-309.717869
1691	-272.595294
1587	-322.133444
3785	-348.045948
1999	-233.547877
655	-325.771459
912	-323.344400
2290	-343.224836
3474	-309.730988
1482	-312.132386
2040	-317.409527
1879	-288.594527
2760	-155.908941
2755	-381.595252
3045	-310.906568
1720	-309.692095
274	-272.539126
271	-361.759779
684	-361.753989
2116	-340.646768
2511	-250.500016
910	-270.384937
3035	-344.404557
1169	-346.819305
1562	-309.676327
1944	-325.796840
583	-285.016369
3156	-362.941094
3067	-271.304881
3463	-304.735360
318	-310.954514
80	-392.672883
3475	-321.247305
825	-340.536374
1230	-323.396217
3090	-287.362939
2553	-302.545562
1560	-340.645686
1924	-340.591587
3094	-324.601619
160	-309.685140
2562	-375.357530
1353	-359.297643
1676	-296.285473
742	-272.588370
3269	-381.624381
3837	-343.468335
3277	-354.254979
3389	-309.689740
3368	-308.496367
434	-338.195462
2968	-310.909942
1574	-245.997884
1261	-268.282665
2022	-344.425164
1060	-345.713205
1761	-376.622507
1589	-324.608694
3425	-324.547564
1087	-324.508933
3586	-287.506415
2489	-250.583259
304	-322.464725
2933	-360.538112
2386	-352.829520
3988	-309.707600
3658	-309.682445
1453	-309.720334
1479	-309.677142
3876	-304.574737
667	-360.533083
1503	-327.014214
953	-392.650949
3496	-302.303890
2467	-325.805017
2551	-325.792606
3080	-344.436248
443	-325.754109
3546	-233.219124
3134	-271.319942
3051	-192.736096
2103	-346.834331
2897	-346.825923
2340	-310.899612
1659	-487.002792
1928	-326.927990
1833	-302.579718
367	-360.491873
12	-377.816587
2425	-322.435505
2359	-360.468392
138	-362.875317
302	-340.632285
695	-345.700085
784	-377.848074
3611	-324.577560
3030	-324.500475
3028	-346.861640
1520	-309.728493
620	-346.820834
3070	-281.491976
477	-265.399968
1667	-323.323781
459	-348.056615
3595	-345.600227
3046	-322.057728
2819	-360.551444
1821	-308.473320
3104	-310.941183
3139	-344.437158
1727	-324.606977
1051	-346.860404
2621	-305.145002
2988	-310.923406
1205	-304.682331
2604	-304.743934
3548	-79.764152
3174	-272.844804
3303	-272.589883
2203	-310.911529
1777	-265.408147
3429	-274.987297
3488	-340.672417
664	-335.632054
3856	-306.313590
355	-273.761263
1234	-325.796704
2674	-342.352279
567	-339.489014
1989	-287.426977
1080	-288.570006
3957	-307.291354
1374	-322.175807
3905	-395.515911
2836	-345.652670
1319	-308.560759
1808	-356.676972
3801	-310.937414
2347	-308.476587
1109	-333.411326
1213	-324.530103
3454	-376.600944
1801	-301.335636
3106	-273.735646
1264	-324.536694
3048	-381.616883
2821	-308.511516
232	-490.793044
2070	-114.483613
1740	-376.599676
2823	-309.730966
2846	-273.780933
1827	-343.492484
538	-324.494520
2221	-308.512137
1104	-287.315479
2439	-324.485913
1433	-325.729800
623	-265.457424
2889	-341.871347
3175	-309.649998
2706	-345.667357
501	-345.630685
3252	-340.610842
2972	-320.764992
566	-303.472917
2946	-345.649552
2673	-345.652182
2527	-297.554699
63	-287.377993
1493	-335.643923
829	-310.909285
2789	-340.629283
1713	-323.381747
531	-226.107205
3261	-232.025930
1869	-269.207716
253	-305.838224
1497	-251.731545
358	-272.544323
1138	-308.444609
1418	-325.725274
3894	-322.469844
1470	-272.542270
2983	-346.833689
1345	-376.540686
559	-362.935404
3236	-310.912270
2493	-346.822460
3273	-288.589678
3040	-360.506446
3177	-287.662612
2062	-303.437471
2981	-327.026688
3199	-273.811544
2873	-307.545713
2086	-308.486338
3590	-340.660106
1032	-346.816694
1324	-270.399280
123	-269.263476
2952	-308.511290
3287	-271.458576
3977	-288.552886
2730	-286.492223
804	-248.395289
2476	-346.865438
3142	-376.617653
594	-325.809558
3377	-360.549337
2927	-324.500425
440	-307.226474
3145	-324.570872
3063	-317.413890
2601	-333.464063
2552	-340.624424
2631	-380.316551
1716	-325.784331
1404	-346.883049
668	-267.103350
1646	-340.684749
3922	-270.394284
3619	-325.779372
2267	-291.016020
2088	-362.871515
2471	-288.628801
2541	-341.834413
1913	-310.912131
3138	-345.651520
3245	-327.024699
843	-308.437835
149	-380.415966
3560	-286.463470
1584	-251.727102
525	-273.812813
3411	-286.134060
3335	-275.020322
983	-341.851447
3558	-339.464817
1532	-309.731599
245	-340.656722
702	-379.000257
1729	-361.740062
868	-312.124574
3370	-396.486664
546	-306.365166
1512	-346.839595
200	-345.625804
1998	-324.536830
3472	-340.657197
942	-325.715957
2015	-308.518276
2516	-309.661518
3754	-324.570035
3079	-270.401391
857	-245.711897
3418	-308.467120
2127	-308.519863
2614	-232.164586
688	-324.491475
3896	-307.280331
3428	-288.564752
631	-371.449232
127	-322.216227
1861	-235.696852
877	-359.317823
939	-344.481802
641	-322.439472
2255	-360.513163
2642	-324.578146
3253	-281.476938
1631	-345.642285
1823	-340.656176
122	-339.419649
2814	-325.804528
3817	-288.554600
50	-357.934562
2992	-343.202564
489	-356.745773
2676	-325.784384
1635	-360.520081
2942	-325.778444
398	-345.636145
1161	-308.513516
1791	-272.554824
1917	-325.790782
3654	-307.541973
3198	-288.680991
509	-307.238995
3027	-336.811099
2997	-380.371074
1694	-273.743311
1786	-325.785038
3062	-381.573048
3983	-322.115604
3650	-382.756764
449	-325.753993
1015	-344.454928
3949	-359.301320
2090	-308.473428
3517	-396.475511
24	-345.608180
3220	-273.806349
3521	-342.324182
1595	-309.686571
2355	-336.816043
2246	-287.318502
121	-361.711483
3087	-392.563319
633	-325.759393
2039	-360.553317
2061	-345.638357
3200	-265.433051
447	-271.627826
3829	-323.654114
2595	-303.465315
1367	-325.812267
3148	-324.567513
1083	-309.726295
3535	-323.235679
570	-275.012535
3364	-305.057353
3068	-306.015194
2239	-346.823312
1364	-267.963366
2753	-310.904304
1085	-231.092208
2775	-382.812383
2188	-288.690060
2115	-266.626759
587	-307.283919
351	-345.625747
1836	-268.273739
1198	-308.449457
92	-301.343578
1673	-309.733829
3871	-346.859809
2724	-376.591176
3135	-272.569212
369	-361.733362
1780	-345.606551
2465	-339.464024
1541	-310.912991
2991	-272.841336
1331	-310.941319
2183	-339.459869
3130	-270.427802
2319	-271.316064
3923	-309.737951
206	-309.688611
1208	-345.608535
754	-361.718210
3025	-324.573338
3173	-325.791830
1334	-273.765782
3676	-346.840522
363	-320.778723
2089	-308.469081
314	-233.255379
2956	-360.528914
3605	-372.755216
1626	-345.619567
1239	-356.710448
1839	-355.496901
3493	-232.333258
1511	-271.315027
845	-40.478930
2636	-306.112153
3000	-309.688191
1123	-375.393636
71	-346.864282
2048	-235.699029
2429	-306.081547
2128	-308.504896
3743	-325.726182
1362	-249.387499
2437	-356.692640
115	-356.682218
357	-307.245430
2083	-322.434119
421	-288.627624
3810	-372.726782
418	-324.565412
3627	-323.347112
709	-286.134079
966	-339.467091
2392	-272.551442
1531	-345.640098
2189	-325.762375
1468	-345.650338
1143	-367.635675
901	-270.446915
1591	-249.397368
1149	-325.796862
1851	-361.717868
1095	-324.603415
1409	-285.282853
3010	-361.720579
1992	-325.723538
288	-355.557059
2748	-321.271406
60	-382.768883
2638	-309.688194
3755	-341.874216
2170	-274.987123
2327	-381.624797
335	-361.729115
2777	-336.817321
1400	-306.067385
1555	-324.529724
3696	-308.474441
606	-343.235457
88	-345.655534
1787	-325.795649
3393	-359.297522
3237	-303.553222
1636	-233.551389
932	-361.764881
2847	-307.566260
3007	-319.573727
87	-490.834069
1348	-309.683859
1296	-345.612257
2932	-285.320198
1291	-285.276634
3724	-324.573480
2815	-324.570906
2217	-344.408081
2538	-344.417597
2787	-324.505365
2735	-309.690179
2574	-273.812881
1172	-357.927353
903	-309.685872
2505	-344.440744
1072	-272.554773
2174	-324.606491
3254	-287.469473
2585	-249.269471
1350	-343.076530
2885	-309.686862
1139	-270.382725
14	-302.238859
824	-310.952875
783	-273.806375
334	-245.983375
2256	-303.503801
1538	-348.050463
1356	-271.372094
3655	-287.379629
1243	-323.582949
517	-344.434827
366	-324.576206
3532	-344.464356
2999	-307.237456
1481	-376.634518
1637	-343.503600
3020	-287.430903
1602	-318.339586
1743	-346.856186
1866	-310.940708
1895	-324.551432
3823	-303.527274
150	-309.732713
3811	-274.982348
906	-383.969892
2220	-272.538190
2178	-339.455981
3971	-360.530885
157	-376.519880
2886	-324.530742
179	-362.928160
1258	-344.472090
1338	-320.793141
2423	-338.238743
952	-325.717725
1069	-375.370023
1297	-345.621773
3672	-309.689612
3112	-327.021680
2864	-340.658990
1961	-197.629416
2474	-357.944802
2424	-273.764093
1863	-381.631601
616	-345.676243
524	-308.507004
254	-285.284456
3211	-310.908555
2533	-265.438520
2744	-288.573110
2096	-345.661705
1229	-288.582662
445	-319.610687
2872	-288.581144
44	-309.735489
2159	-324.581067
1616	-272.539058
3161	-309.678595
68	-286.519735
848	-309.744522
522	-309.680641
73	-233.293627
182	-324.474954
3213	-339.438949
3146	-289.872162
987	-273.765811
2435	-229.013797
2264	-346.831590
598	-193.088340
1578	-233.217482
3778	-309.700675
2230	-262.056533
1365	-361.755045
2461	-269.170508
590	-346.857871
969	-325.797425
1249	-272.543724
1585	-360.545832
1955	-339.498757
3501	-318.409788
1645	-324.477059
2269	-308.452310
3731	-310.913156
3244	-323.320332
333	-308.507517
3551	-345.646761
3767	-324.568597
1130	-346.826923
410	-325.835955
2158	-340.663379
356	-372.741729
2996	-324.566568
164	-340.675814
101	-324.507184
1053	-340.610046
229	-361.648305
3141	-345.651109
1191	-360.510716
3320	-310.952127
2648	-325.728744
456	-336.811524
2369	-273.760271
3985	-324.548763
3037	-288.567911
3660	-288.651313
2630	-282.871678
1802	-361.715983
3938	-345.645388
852	-361.731511
3895	-325.808333
3633	-380.412093
1726	-381.506605
2348	-285.253877
547	-360.540793
3691	-352.852117
1942	-382.751274
3132	-309.670613
1251	-322.482659
2119	-323.665987
1203	-261.802956
2643	-372.711859
3674	-309.731169
190	-354.290746
3939	-317.386479
3367	-269.216969
3725	-309.710255
2274	-308.463553
1349	-286.542391
3730	-291.017996
3164	-344.379764
1144	-264.255612
3413	-308.440890
3933	-307.569255
2093	-324.473588
1643	-310.910140
1097	-325.784473
2499	-376.539208
2802	-325.804486
3323	-232.335768
256	-308.741915
3632	-340.612805
3647	-325.794522
1765	-285.335887
2492	-396.477101
672	-345.661057
904	-345.608456
1398	-234.469383
2852	-274.986857
273	-323.312375
2349	-301.357553
1567	-356.714706
3034	-360.418556
960	-310.940611
419	-312.128001
3814	-361.745554
1276	-340.667317
3188	-325.807242
2811	-326.944158
730	-336.821088
3499	-309.702237
1600	-249.301818
1850	-323.407987
3383	-360.602876
2017	-310.940345
2154	-360.512793
3470	-416.814878
2107	-325.766177
3295	-231.069318
862	-361.764434
3768	-227.338075
1131	-324.580815
1937	-287.438379
1137	-271.622539
3852	-361.710525
1442	-308.465594
582	-325.833302
3359	-325.733758
2794	-304.681399
763	-308.429953
1981	-306.313924
3498	-381.585231
1774	-324.585556
3838	-271.318933
2336	-344.433499
3031	-270.411205
2549	-375.410333
2543	-376.588479
3643	-309.660190
1959	-324.603913
837	-360.512026
1706	-382.777508
1428	-265.391486
2784	-273.803873
879	-303.556846
430	-307.543210
1625	-320.776082
2522	-307.545457
1383	-344.398797
2212	-346.837271
487	-307.223588
2012	-382.788561
3394	-376.613178
319	-352.845678
2944	-309.687280
2537	-317.434422
2087	-286.484121
252	-305.913756
3798	-310.941861
2390	-270.097243
1158	-268.251114
2218	-325.756157
902	-310.940195
3339	-356.699649
850	-271.623957
585	-229.918003
2682	-324.528297
1167	-309.729139
1593	-335.598739
2564	-325.789398
2042	-232.364952
3925	-325.718488
399	-304.735224
1175	-361.742598
2124	-345.600825
1337	-286.498779
3656	-310.918831
1076	-361.656187
2965	-344.689237
707	-381.585428
3563	-227.798785
644	-376.595314
3353	-324.514429
867	-283.179781
1533	-309.671865
219	-307.221351
1006	-336.843788
64	-362.945802
3131	-303.560907
615	-345.676743
3766	-344.436564
2342	-309.680487
1207	-324.584396
146	-377.813815
470	-303.460335
152	-306.286325
2690	-231.093096
1909	-345.630398
1925	-309.677276
3506	-320.804155
1660	-274.985107
1871	-306.406578
90	-327.017113
3053	-490.831786
3076	-247.198000
2547	-323.328581
1607	-303.462115
701	-265.396194
1829	-382.804482
2263	-274.983122
2861	-288.654312
2360	-340.636727
937	-306.397642
1738	-273.759338
3753	-271.652242
2367	-361.723620
827	-303.556664
2746	-247.190194
1115	-325.773014
3214	-344.426062
1044	-304.687053
3962	-341.865856
326	-236.917664
1795	-356.736238
989	-272.839582
2672	-355.556836
1954	-226.144377
3288	-348.045786
2043	-344.484341
1401	-307.265351
1931	-310.900102
2181	-340.656656
3203	-308.459279
1725	-360.495137
2781	-288.581699
1993	-339.504090
2079	-363.517297
2667	-308.455402
233	-301.382062
1250	-309.686189
3716	-361.720799
1661	-322.148261
657	-270.392759
897	-345.659998
280	-271.324234
1849	-324.547957
3019	-301.357437
388	-340.594424
1537	-309.692993
3388	-271.606364
3430	-341.828533
943	-303.497783
727	-272.562906
1628	-345.637174
3482	-281.480993
2358	-322.169697
1315	-288.533780
2773	-325.684055
475	-304.691568
3958	-291.015785
1077	-326.938562
1292	-323.652284
2497	-325.763216
3882	-194.261089
2628	-359.341296
1134	-343.068226
1156	-154.972731
564	-272.569586
2112	-304.729640
1580	-271.339821
2603	-341.863083
2938	-346.875201
3026	-250.478855
2958	-324.580268
1778	-305.036659
1547	-335.613384
3739	-324.566515
3055	-285.313284
3638	-306.320806
2980	-274.983908
1046	-271.618580
3562	-360.524672
698	-274.985880
3868	-360.526225
1245	-310.907810
1179	-343.195060
1831	-323.386306
364	-117.824798
2317	-308.503515
2796	-345.678871
2458	-361.683558
683	-348.060054
3806	-309.676410
1220	-325.800532
2233	-319.556235
648	-287.422111
433	-396.498209
3427	-325.793904
573	-286.504534
103	-291.024232
56	-345.599154
2072	-344.431636
506	-234.516241
551	-382.817123
634	-154.960361
262	-345.647032
1384	-361.755719
3859	-308.499978
1335	-283.156647
1390	-340.660793
2234	-272.580839
1246	-318.406529
1236	-155.897345
697	-340.621200
3468	-345.710017
3942	-287.507193
381	-341.835557
832	-308.470270
3100	-361.716824
33	-264.504487
2353	-281.504579
962	-376.587043
3707	-271.620156
144	-271.323089
2104	-379.006904
51	-283.168740
2003	-324.579943
1306	-288.682324
420	-362.950092
3151	-362.873906
18	-309.719641
1891	-323.382399
3738	-274.982053
1325	-356.758284
2935	-297.516418
2171	-359.346839
1843	-362.899677
1103	-273.764642
1985	-339.481708
270	-372.752005
394	-344.385642
1732	-269.170665
224	-324.628594
2213	-287.433999
2526	-340.601771
211	-357.939331
1014	-301.385442
3378	-325.831718
3485	-324.614459
1862	-319.615129
3862	-271.646263
455	-340.664551
2410	-361.673369
1846	-344.370966
893	-232.317400
1911	-272.582516
1270	-307.571937
1685	-338.273553
542	-382.793238
2950	-360.498298
1387	-361.698635
3011	-310.902708
2904	-302.545112
34	-306.355655
1513	-306.368494
3018	-345.638117
3990	-303.459637
1988	-312.124451
663	-323.347275
1642	-344.345376
3872	-340.691219
1750	-287.645651
3646	-305.130313
2602	-345.645491
713	-308.484017
2947	-355.510313
1859	-324.577613
3948	-340.614465
3791	-360.491959
2279	-309.711101
3612	-309.738513
3677	-307.571921
596	-325.754527
1047	-346.836177
2037	-345.620113
1688	-324.567893
1477	-303.462312
3567	-309.693494
2324	-346.831385
1597	-336.805704
2583	-346.859078
3231	-380.446861
1200	-346.908492
272	-322.161948
920	-281.489179
1888	-276.201993
1003	-308.516378
1058	-324.585402
2936	-324.504178
310	-308.480308
3885	-304.728655
2420	-340.625366
336	-308.524858
609	-377.817369
3628	-272.509064
2856	-376.586976
3490	-359.315205
2199	-377.815601
2696	-353.269456
3267	-320.776472
951	-307.548619
3803	-287.351460
1601	-345.646864
555	-361.677945
1867	-324.583096
767	-346.861463
1515	-360.502298
2954	-305.915530
1081	-310.912796
3967	-273.758273
350	-320.793580
3021	-360.495540
2605	-346.869041
1941	-286.206129
2959	-289.795007
3537	-346.860694
1391	-323.317575
884	-276.202586
3688	-322.476720
451	-362.932378
1707	-288.590006
3089	-327.025329
39	-340.687222
2778	-325.711441
1632	-340.673967
3527	-309.716030
2136	-263.278851
3081	-302.557878
1303	-345.676156
3912	-308.435951
649	-340.685408
1634	-324.563073
915	-304.734226
1438	-356.728392
1177	-325.808092
3986	-355.516778
721	-185.648533
3119	-301.090914
2791	-194.254127
853	-76.404702
976	-382.776658
601	-324.603558
312	-234.485640
197	-233.549368
2428	-309.682996
597	-309.683901
3609	-269.176442
944	-320.766684
964	-291.014970
1813	-307.550360
308	-303.428586
3338	-308.466631
1853	-359.314227
1054	-323.427722
3321	-251.726162
1105	-302.306944
823	-361.732840
3802	-356.724118
883	-340.647778
153	-347.466594
878	-308.466070
1990	-281.482892
3436	-361.762744
2163	-324.503356
3891	-346.821929
1610	-196.406419
603	-346.867624
3221	-308.477915
900	-288.561991
3460	-288.678290
2453	-268.273240
3355	-345.648365
1960	-345.602645
1392	-353.321142
1041	-371.504707
3737	-361.714817
996	-307.544316
1565	-325.735821
3718	-195.186772
3415	-308.495275
2608	-306.369631
3578	-286.432515
3584	-281.484877
2909	-361.687451
1864	-312.133063
3602	-361.683811
1881	-361.772040
463	-309.715058
665	-288.571762
2817	-340.641240
5	-351.628383
1074	-304.697680
424	-309.717380
1652	-301.316399
1024	-302.535621
2464	-297.555801
3878	-360.554015
20	-270.370102
1877	-287.407788
934	-345.650323
560	-344.385047
2486	-307.239887
21	-278.059333
2454	-288.578155
209	-308.493663
2607	-275.007113
1995	-362.946041
2432	-274.987245
75	-381.566310
2108	-267.944278
2650	-361.727711
3702	-362.951503
1949	-340.674935
359	-346.832402
1904	-304.752598
155	-324.571682
2765	-381.546975
55	-335.683118
796	-344.453746
2054	-302.588564
194	-308.496245
3952	-269.175627
2571	-309.686348
2352	-288.589622
1969	-360.529678
3534	-320.785748
795	-246.023231
1379	-325.731549
1876	-251.732828
3381	-309.731402
1211	-286.498633
2825	-360.576433
2670	-326.934805
1728	-362.942862
3915	-309.687698
495	-342.297848
1516	-249.358446
1448	-372.747155
497	-287.470402
15	-288.542593
2800	-287.478272
2788	-345.596027
2169	-356.733974
705	-362.953848
2715	-345.709596
1366	-345.633122
3004	-288.652346
167	-310.912077
1314	-324.460304
2250	-339.462492
2752	-381.632242
360	-346.890881
3123	-309.702150
3444	-289.794376
3886	-270.388222
3917	-274.985822
1517	-359.342366
2837	-325.730097
2485	-392.676111
2259	-361.734611
2299	-280.273691
632	-361.705069
329	-380.402442
2870	-289.872470
3910	-309.703111
3740	-356.684693
2640	-398.880824
1889	-361.731388
395	-234.447743
3268	-324.562156
515	-287.727890
1721	-339.479764
2466	-325.785959
1237	-360.542541
2797	-345.646914
1486	-380.373644
1837	-381.574917
978	-324.545574
3336	-308.477672
1000	-339.452428
2769	-376.563238
2008	-336.802659
1307	-303.460433
3682	-291.017820
344	-343.305175
1994	-383.983835
780	-308.769557
2407	-377.829134
2699	-346.864540
1164	-340.611734
2743	-234.516409
3984	-344.418857
540	-346.830523
3360	-382.810709
2584	-360.567154
2656	-376.622509
627	-359.304956
3733	-309.678068
758	-307.574899
3209	-346.834502
2081	-273.775864
301	-324.570823
624	-312.119017
956	-230.183076
2311	-193.034988
29	-344.425700
2236	-235.698987
118	-352.905052
737	-336.836792
2539	-321.276274
1216	-308.465534
3160	-362.937857
1275	-310.936083
1608	-361.758032
3340	-229.879598
3930	-338.542975
2325	-273.732431
342	-323.351196
2534	-362.960595
965	-323.329385
2477	-360.539944
2719	-286.477365
2099	-288.573876
3652	-361.720088
1132	-310.938583
499	-340.611683
1444	-304.691748
3500	-323.345473
1269	-307.563525
3024	-251.729571
3417	-354.292460
3741	-169.860788
1753	-375.351387
175	-361.754326
1700	-320.782427
706	-303.481839
2318	-348.039301
2097	-345.639692
2766	-285.279992
2929	-345.638912
1351	-309.733696
1526	-269.267574
426	-362.933001
545	-356.698773
2187	-310.904927
1504	-360.489720
2344	-305.915175
1088	-291.017433
2717	-309.726244
3065	-344.486202
2035	-249.294409
409	-306.383308
1330	-324.575010
3553	-346.830674
2762	-306.370119
1948	-195.158734
3759	-270.393902
2237	-325.784144
3664	-269.219315
1689	-336.823026
579	-281.480583
1767	-285.277900
486	-288.678720
2738	-324.555069
2102	-361.723581
221	-310.917273
422	-288.692943
940	-325.787515
2010	-323.385837
168	-325.810050
403	-272.843742
2074	-285.300440
1478	-309.691634
1668	-344.433140
3029	-285.281493
3127	-327.010419
2977	-310.909944
3205	-341.842686
6	-345.687671
871	-309.680919
1278	-362.942040
562	-456.105229
873	-273.763068
467	-273.793804
1768	-289.789940
0	-351.615495
1606	-308.462382
423	-304.694187
1302	-339.445855
2064	-309.687401
2215	-289.795079
3249	-325.739818
2180	-340.665904
3531	-344.458268
635	-324.578381
2468	-307.193849
191	-307.610450
3683	-308.510782
670	-324.618078
462	-234.474088
1552	-346.865957
425	-289.769718
1766	-270.387395
1386	-362.967171
3305	-310.955141
2806	-234.476081
2036	-309.733888
2354	-387.558484
264	-339.450073
680	-325.806369
315	-302.472397
998	-302.306196
3069	-346.878430
3274	-196.407957
1021	-232.328175
485	-250.585183
1094	-304.696023
1101	-307.244627
1260	-270.417842
757	-345.678211
3545	-310.915918
3695	-309.651827
1698	-325.800949
1655	-338.217210
2440	-317.433049
348	-196.432825
2754	-309.674575
1683	-346.829154
3312	-323.647099
3965	-273.764529
3036	-310.907823
83	-344.434906
2515	-323.341413
1217	-325.773675
646	-323.641347
2546	-248.018573
840	-289.871520
530	-360.503506
3881	-357.951284
746	-273.802095
2208	-286.486509
851	-270.117027
3232	-345.686487
3372	-309.705858
3143	-286.432042
1309	-287.723848
1695	-344.411060
2310	-338.194242
1535	-324.463541
3404	-309.733988
239	-270.446608
653	-344.473681
3746	-309.736797
2691	-308.505543
287	-307.560718
3316	-264.261826
2066	-432.401755
2287	-310.905485
1403	-308.462299
1056	-271.618179
1896	-326.971392
188	-339.406341
1874	-416.367317
3800	-346.862839
2375	-360.564233
1672	-336.831068
1209	-392.612820
500	-308.452306
3109	-324.582824
3307	-318.647923
2851	-356.699504
3899	-337.265273
1295	-346.829652
650	-193.034094
865	-304.728720
908	-310.911406
2668	-310.906004
3435	-361.728293
1347	-359.361259
3197	-309.714859
505	-338.531538
2322	-355.508682
2713	-310.904631
2223	-288.657055
3384	-357.949026
3620	-359.351415
855	-271.614051
1613	-346.890723
2258	-303.453218
3979	-345.651111
3088	-308.459859
1426	-381.607770
2210	-325.710772
894	-338.247875
3152	-335.591582
2243	-340.673964
945	-264.243028
2683	-309.686061
3751	-339.491316
3491	-361.750275
696	-356.709466
1128	-361.695007
277	-302.288351
2049	-344.463291
1508	-308.462196
3084	-325.781161
2244	-414.351653
3542	-344.409533
41	-345.649146
1290	-345.660459
3006	-308.470648
1742	-288.583008
3157	-335.619981
2120	-381.630205
3976	-273.765901
882	-169.557758
2733	-310.940764
2675	-303.787203
3185	-348.053386
3770	-272.544060
2692	-356.663387
789	-324.581906
1050	-304.643392
1373	-324.557383
119	-327.012568
3380	-345.606939
3275	-308.757315
3283	-287.404397
1256	-312.119596
3848	-324.564634
3723	-345.597175
2510	-325.797299
2082	-302.567313
1621	-346.884834
3815	-288.574763
2291	-286.514923
2479	-271.622821
1159	-325.779568
971	-324.624537
1987	-325.775071
2951	-308.569129
141	-287.734664
1484	-273.817328
2524	-392.642251
1283	-345.605635
265	-236.916125
3108	-361.653332
2313	-312.122262
2308	-324.460752
2321	-381.536295
1238	-360.499088
1965	-288.555445
3594	-272.544482
11	-356.688211
3782	-262.035127
1346	-308.542644
2845	-307.602080
2910	-307.536915
35	-343.197784
3420	-306.358581
1705	-286.218259
2707	-310.915408
558	-344.464151
3600	-325.781571
3270	-273.788787
3956	-345.698757
2326	-320.768781
2446	-361.740252
3341	-291.021228
2737	-322.442708
2540	-211.295796
660	-271.630416
2833	-248.375248
2406	-306.386594
836	-324.606601
1551	-324.575851
1492	-310.927319
2065	-340.537496
3351	-285.306999
3098	-345.658421
1190	-377.830859
762	-346.863396
1971	-362.906662
2399	-308.430606
1566	-380.438011
2157	-309.686797
2890	-309.738198
1848	-273.769835
1907	-346.819476
2995	-381.584942
2232	-56.525887
2384	-281.469893
774	-395.551843
3066	-345.688382
1381	-303.795699
2071	-246.029150
3422	-340.663929
510	-234.491176
2397	-308.772292
3841	-371.541704
67	-172.006141
1289	-344.439723
2874	-309.725707
40	-344.338878
3540	-321.236907
3086	-360.507527
208	-270.399081
2955	-346.822341
2146	-310.932540
309	-309.718312
3050	-303.940271
3239	-361.708121
1945	-361.754136
1466	-340.657975
1073	-233.249538
3668	-309.700336
1370	-242.180146
3289	-270.437636
1670	-269.230258
3991	-372.765028
1388	-250.583643
269	-325.729080
3918	-289.794194
1754	-269.221561
2457	-382.757134
86	-190.624631
1480	-324.584824

file identifier 	 test data 	 predicted
534	-324.575799	-324.558464
1195	-285.287913	-285.525656
3264	-307.260972	-307.396669
1592	-271.616430	-271.617234
972	-341.869909	-341.704265
3955	-323.391458	-323.526368
1958	-340.595950	-340.632472
3247	-360.531175	-359.972372
78	-270.472470	-270.521489
2964	-362.945907	-362.968411
111	-344.470970	-344.460122
3787	-381.580675	-381.610511
3858	-308.459001	-308.389910
2869	-306.113519	-305.977012
290	-348.056024	-348.239046
1776	-325.785476	-325.832895
3944	-381.563295	-381.298138
812	-308.509197	-308.470752
2908	-271.620997	-271.660273
1451	-348.052763	-348.021051
66	-337.302324	-337.353637
181	-412.528245	-385.933558
3726	-382.754967	-383.041423
1679	-288.576381	-288.597161
3708	-270.397474	-270.368724
345	-309.704732	-309.657273
3437	-288.585212	-288.643417
1983	-320.792773	-320.897315
2979	-320.767064	-320.937279
142	-307.594137	-307.695474
2490	-343.078368	-342.769812
1210	-340.641282	-340.463627
822	-336.845442	-336.946436
3649	-343.292778	-343.393895
770	-381.612946	-381.627350
2948	-382.790431	-382.598222
1798	-312.126342	-312.130294
1571	-470.915515	-451.465283
526	-344.430692	-344.487880
137	-287.440932	-287.472538
261	-310.905322	-310.915191
892	-288.621895	-288.654449
313	-361.721849	-361.296218
3144	-308.472241	-308.491967
3623	-341.892484	-341.798865
3431	-323.229212	-323.527135
1701	-344.428649	-344.429494
768	-193.039603	-192.923278
2529	-229.969129	-229.970828
549	-372.785072	-372.635399
3907	-291.017966	-291.077239
1043	-324.605875	-324.478528
3946	-286.438084	-286.244084
3684	-362.958208	-363.112738
1092	-360.552974	-360.347917
2060	-362.945811	-362.747865
3257	-308.472221	-308.504786
116	-346.831175	-346.942616
1378	-346.867789	-346.923572
2641	-270.394309	-270.354132
523	-345.565792	-345.532381
258	-371.546126	-373.030528
413	-301.369263	-301.198463
2581	-234.469389	-234.437722
886	-304.728323	-304.780275
1665	-336.802871	-336.857798
764	-233.560626	-233.646617
556	-272.600604	-272.653529
875	-376.554863	-376.686706
926	-345.680086	-345.668187
3685	-381.602419	-381.574767
2345	-342.329232	-343.874560
1919	-407.364323	-367.637498
1059	-303.436180	-303.334660
2025	-249.363808	-249.285436
2917	-267.068488	-266.810031
1397	-271.624640	-271.605155
473	-346.828378	-346.936915
3520	-325.752207	-325.415330
1455	-381.570969	-381.444062
1914	-288.576123	-288.531191
3851	-326.998454	-326.978968
2140	-325.715372	-325.593758
1033	-339.482903	-339.583146
1382	-360.492675	-360.254907
949	-344.463502	-344.360106
332	-304.692914	-304.683606
550	-319.568017	-320.377947
1922	-248.132701	-248.075717
608	-309.688960	-309.700079
1615	-287.344000	-287.395870
347	-309.687405	-309.670590
2834	-325.699665	-325.751325
2451	-359.328735	-359.490240
3698	-360.508088	-360.335818
3947	-382.782251	-382.713989
543	-310.937295	-310.947039
1811	-346.855968	-346.995204
3804	-324.573632	-324.590489
1828	-284.993731	-285.401429
2293	-269.216495	-269.379434
2404	-323.340989	-323.401057
3406	-286.459793	-286.521867
446	-305.831164	-305.617628
3486	-437.484875	-219.411804
1232	-336.811744	-336.668993
1832	-309.737802	-309.664751
383	-361.702346	-361.866065
3783	-310.912792	-310.987394
2770	-288.588657	-288.610783
2639	-302.580808	-302.803133
400	-376.570473	-376.212752
2891	-308.511094	-308.390978
3529	-341.843027	-341.905145
162	-232.324966	-232.174920
1446	-319.575102	-319.821255
3665	-323.329494	-323.284895
2701	-326.942959	-327.057179
387	-268.248806	-268.057116
267	-345.641113	-345.647413
292	-308.517192	-308.476797
1884	-307.577822	-307.588647
3251	-306.056425	-306.025898
1425	-288.648476	-288.732726
2491	-381.634033	-381.382958
2200	-344.426799	-344.393644
1977	-312.131398	-312.258823
2759	-393.905418	-393.735841
1640	-304.583737	-304.445013
1618	-345.629039	-345.575423
2216	-308.505718	-308.497416
484	-351.639205	-352.653760
1633	-247.201165	-247.249624
3117	-346.824942	-346.907637
3204	-306.313706	-306.377239
407	-287.508781	-287.591405
3614	-288.627505	-288.616965
1847	-325.753767	-325.778304
3615	-210.071468	-210.413733
49	-396.507540	-395.075642
2827	-345.615042	-345.664741
156	-288.654408	-288.726849
1502	-340.679724	-340.766076
3644	-345.587398	-345.300628
1201	-224.944660	-224.807991
3479	-265.289023	-265.920152
1320	-340.656628	-340.520471
82	-309.701458	-309.765294
2960	-271.360631	-271.422813
3844	-308.450468	-308.408458
2913	-361.630982	-361.210549
1545	-308.468255	-308.445147
3179	-270.408713	-270.397708
338	-272.544500	-272.574546
3822	-309.665941	-309.676787
693	-234.520624	-234.564956
2262	-325.780603	-325.731656
592	-307.614861	-307.629140
1376	-348.053064	-348.067679
1099	-231.975652	-231.583085
2460	-345.631797	-345.698818
2459	-273.761223	-273.779164
26	-301.359287	-301.494397
3699	-355.497878	-355.866900
1155	-272.838189	-272.926887
13	-360.526646	-360.669983
1845	-302.309526	-302.444521
3014	-269.263802	-269.284238
745	-344.464270	-344.555428
846	-270.434394	-270.515360
3616	-225.221461	-227.282904
3382	-341.145624	-341.703893
2330	-287.681216	-287.821927
3519	-376.604739	-376.426352
490	-231.142581	-231.232773
815	-285.324641	-285.285271
799	-310.910909	-310.906193
3450	-382.824468	-382.687232
1745	-264.171923	-264.520839
134	-308.516376	-308.401195
2566	-346.832253	-346.862370
1394	-396.500849	-392.370073
1947	-303.533559	-303.710062
3864	-288.639421	-288.280273
1417	-381.586740	-381.673874
3892	-271.608843	-271.632197
1263	-345.642008	-345.616712
3391	-306.403144	-306.422014
1124	-271.651913	-271.583485
2809	-344.506029	-344.451379
1769	-324.569009	-324.560184
568	-303.458583	-303.026717
3285	-247.192524	-247.417322
3866	-341.882531	-341.320178
466	-382.782183	-382.949176
2695	-346.871133	-346.842914
820	-326.934229	-326.979285
3196	-297.530335	-297.670786
1644	-325.774769	-325.721737
3704	-348.035847	-346.690390
222	-412.548009	-382.270492
1796	-307.536544	-307.485335
1739	-303.454720	-303.386423
673	-345.680831	-345.704109
3748	-376.556657	-376.057720
3039	-341.851538	-341.683093
2884	-324.471313	-324.692465
1991	-285.282532	-285.355870
2503	-345.653983	-345.654101
2634	-326.927446	-327.059047
3911	-345.639354	-345.654384
2953	-348.047609	-347.863252
2441	-310.909223	-310.901038
607	-301.373496	-301.009465
2570	-324.626187	-324.557640
98	-303.553222	-303.553223
3641	-360.485033	-360.209554
3	-346.838279	-346.933370
1427	-340.646339	-340.649834
2569	-281.476967	-281.269325
3941	-231.108368	-231.287880
740	-344.452972	-344.504290
1462	-312.136049	-312.148683
1308	-341.814212	-341.712229
514	-309.685045	-309.730153
536	-323.348544	-323.523624
1499	-320.779994	-320.353906
922	-272.844560	-272.852482
1393	-271.647465	-271.517861
816	-356.748545	-356.721162
605	-456.103432	-456.917469
2057	-288.540318	-288.577966
1576	-247.184334	-247.246261
2312	-344.416076	-344.434065
1684	-320.783029	-320.834086
2694	-317.396153	-317.417050
438	-381.565482	-381.864585
1002	-287.689262	-287.357169
1028	-360.421732	-360.743732
2660	-307.582044	-307.506261
3530	-309.739069	-309.788302
3972	-359.339915	-359.027173
450	-235.729507	-235.593743
3807	-361.706503	-361.554999
544	-340.643340	-340.429106
3504	-308.561061	-308.525762
502	-306.349558	-306.391007
3705	-345.665479	-345.758581
785	-273.796695	-273.732294
1838	-356.685238	-356.639787
95	-351.666551	-352.596696
3180	-323.669200	-323.684780
1126	-270.392715	-270.208917
3022	-234.455424	-234.464655
478	-119.052475	-118.156481
278	-397.667072	-397.990353
2868	-270.407057	-270.382105
390	-306.070291	-306.157075
2323	-310.954565	-310.989298
1464	-381.610550	-381.949183
3559	-309.721434	-309.696949
1650	-341.836348	-341.859260
1883	-346.839066	-346.884306
3398	-304.686259	-305.033463
2842	-308.450204	-308.444636
306	-307.335530	-307.449259
1016	-305.129953	-305.130940
2989	-287.317913	-287.335690
1898	-360.497612	-360.945880
3812	-271.623066	-271.615426
1463	-362.938449	-363.018551
3125	-308.510840	-308.557207
172	-282.667163	-282.769216
1612	-310.902795	-310.915359
2422	-325.718957	-325.746978
3750	-346.838572	-346.894285
838	-361.709679	-361.666613
1476	-308.455419	-308.395045
9	-344.468531	-344.644442
2689	-309.673807	-309.766885
3597	-360.539435	-360.669418
2652	-317.377404	-318.092538
2813	-232.063900	-231.995131
1603	-232.363630	-232.368267
1841	-325.788368	-325.934043
645	-308.540795	-308.551329
1530	-272.549380	-272.571120
1450	-273.757658	-273.801246
2865	-342.307696	-342.531284
145	-310.929561	-310.992449
3805	-309.680682	-309.635091
2254	-359.388326	-359.117588
1293	-271.369084	-271.500685
2528	-308.467760	-308.477469
1617	-355.508183	-355.709539
2776	-313.573888	-333.937145
2613	-338.214346	-338.141383
2289	-325.766945	-325.701173
1550	-301.345683	-301.359146
2307	-346.859945	-346.685880
2023	-317.402836	-318.481720
1805	-344.380468	-344.349008
3640	-309.692577	-309.755232
676	-272.584377	-272.578128
3116	-312.128429	-312.275044
773	-309.674485	-309.855386
266	-308.477155	-308.544611
2892	-325.728271	-325.844645
2711	-322.460671	-322.622792
2721	-271.401725	-271.525300
654	-309.727166	-309.603908
1703	-286.154755	-286.379943
2939	-352.864008	-351.144632
283	-355.460155	-355.038159
880	-345.648463	-345.654675
1485	-309.731369	-309.781136
1166	-324.576650	-324.562817
2067	-280.248350	-280.190769
2855	-268.917900	-268.106386
3735	-360.522940	-360.724973
230	-271.617434	-271.610908
1834	-381.615289	-380.382872
481	-307.573371	-307.699859
2438	-392.565188	-393.205918
3824	-302.288055	-301.646408
516	-312.134532	-312.126568
3589	-324.543443	-324.368273
718	-392.601894	-392.343482
2920	-326.952797	-326.798592
957	-360.490486	-360.395496
1630	-323.431776	-323.147907
923	-322.135797	-322.087769
1882	-273.764420	-273.754404
2395	-297.523583	-297.943363
1310	-307.529289	-307.515958
991	-345.602096	-345.628694
3836	-346.833711	-346.746673
442	-356.712228	-356.967684
2826	-308.764658	-308.797971
3184	-308.439671	-308.468907
2812	-381.619786	-382.027468
821	-307.566593	-307.666019
581	-287.683128	-287.590941
1443	-346.867442	-346.820495
1112	-287.644079	-287.839495
1556	-340.659506	-340.579220
1023	-309.663477	-309.596750
3763	-344.416821	-344.359703
1281	-308.457113	-308.481119
1431	-344.392695	-344.130512
2969	-286.484904	-286.385883
3889	-360.533387	-360.270059
3847	-356.693135	-356.819299
2191	-359.317050	-358.556104
1286	-310.906869	-310.932685
2006	-339.486095	-339.247611
1465	-382.796989	-382.933249
2618	-361.768020	-361.447334
3363	-345.658313	-345.685324
3304	-346.843297	-346.899816
3825	-93.411888	-96.154587
3554	-309.689751	-309.720223
3013	-346.883127	-346.999550
2147	-382.781806	-381.891604
2306	-287.354343	-287.604621
2329	-324.557240	-324.444182
1797	-194.267232	-194.290729
686	-391.370332	-392.130137
133	-271.642927	-271.581718
3477	-348.046236	-348.137155
2858	-346.862070	-346.797290
1699	-272.541597	-272.546222
708	-306.313133	-306.524301
189	-322.167165	-322.102403
330	-286.408473	-286.182222
2822	-310.902197	-310.951389
930	-346.898838	-346.848885
2774	-310.910631	-310.918412
3212	-360.575745	-360.393221
2661	-323.448833	-323.504742
618	-308.467888	-308.376867
1225	-196.409349	-196.465655
2050	-362.937518	-363.057309
899	-321.230055	-321.499947
2165	-319.567241	-320.122469
1067	-273.762417	-273.779419
2924	-348.045292	-347.965964
2576	-306.418503	-306.514935
3432	-297.523580	-299.325792
3975	-309.693760	-309.674277
2014	-371.537915	-372.965221
2418	-304.734646	-304.489235
743	-309.719124	-309.682284
842	-360.514766	-361.132147
1929	-324.551800	-324.440885
699	-307.243079	-307.228478
2179	-361.698233	-361.508656
3681	-310.914919	-310.848114
1717	-345.603646	-345.597277
2703	-309.722894	-309.669962
553	-271.666055	-271.718134
2391	-310.927566	-310.979699
3162	-324.546164	-324.528575
1718	-356.706262	-357.199384
750	-344.384630	-344.397735
1641	-340.647224	-340.660010
2611	-346.824672	-346.875987
260	-359.369049	-359.421947
2975	-345.579201	-345.563424
682	-302.303791	-302.252172
322	-346.832352	-346.706687
776	-325.781815	-325.822298
65	-312.125621	-312.009008
938	-331.411639	-303.725754
1783	-320.761312	-320.825092
2177	-346.868453	-346.807189
106	-362.952198	-363.159934
294	-308.506421	-308.412533
2986	-340.629609	-340.712783
712	-294.081616	-282.634824
349	-309.687623	-309.723224
2069	-346.855971	-346.877017
3361	-324.558989	-324.549807
464	-324.485629	-324.440065
1572	-322.170570	-322.089896
3900	-308.465445	-308.446981
1966	-302.558699	-303.069568
2129	-356.722498	-357.025878
3982	-324.592116	-324.360851
679	-340.668108	-340.395025
1412	-242.195730	-240.425698
3222	-344.494043	-344.480233
2192	-307.232824	-307.330276
3561	-343.190300	-343.204815
1704	-274.984793	-275.039364
1629	-272.526778	-272.537429
1816	-344.357220	-344.301765
2448	-346.833271	-346.838498
2949	-346.838702	-346.898522
809	-361.738091	-361.740927
1323	-289.811983	-289.605541
1395	-375.348487	-374.741852
3897	-324.519277	-324.197607
3648	-324.631468	-324.433038
281	-322.479769	-322.373845
2507	-291.014750	-291.016757
985	-320.770329	-320.765284
1125	-285.292217	-285.187106
1120	-353.283458	-354.630082
2763	-272.548325	-272.434026
3075	-324.616343	-324.461601
296	-345.688916	-345.743133
662	-341.843824	-341.782033
352	-288.557016	-288.485362
733	-345.660927	-345.619001
3509	-288.685117	-288.709577
2793	-306.384286	-306.390825
1459	-306.320451	-306.394151
373	-379.522177	-376.137305
2857	-362.899149	-363.225699
1180	-306.364186	-306.359949
3940	-308.464824	-308.418407
874	-271.611192	-271.605146
1435	-193.963318	-193.941285
1619	-340.600021	-340.540927
2509	-344.380267	-344.482293
1454	-288.652757	-288.691689
3497	-392.627857	-392.503568
1724	-381.594558	-380.265327
61	-308.462933	-308.426434
3083	-381.591448	-381.520037
788	-324.467888	-324.341161
2985	-304.745635	-304.901470
565	-356.730212	-356.697632
2708	-308.512758	-308.523113
1322	-271.619912	-271.602744
3771	-309.655144	-309.592518
1162	-309.684472	-309.712715
2895	-273.764673	-273.795429
3114	-309.692389	-309.669596
3874	-323.344889	-323.433546
3111	-318.340705	-318.393908
1870	-309.686187	-309.676476
3416	-320.770681	-320.454680
3298	-345.599182	-345.666693
2502	-309.685960	-309.733555
1013	-271.300649	-271.161889
1408	-379.527030	-376.302442
3875	-309.655400	-309.656808
3421	-324.571081	-324.505688
685	-320.029854	-320.574463
831	-346.867207	-346.852759
3226	-339.491316	-339.491311
2168	-310.899911	-310.925731
3242	-397.707881	-397.055287
3467	-308.494487	-308.399397
1756	-326.935440	-326.922825
2961	-348.061993	-348.200118
3449	-297.510804	-298.129799
1065	-360.485823	-360.525444
3953	-325.792503	-325.846934
1579	-288.589020	-288.537072
3358	-326.934987	-327.066964
3960	-336.825944	-336.592165
2265	-360.469291	-360.347604
2162	-340.613712	-340.360396
19	-309.720734	-309.680945
1121	-333.449362	-333.906226
243	-323.389193	-323.395437
1071	-360.495618	-360.646373
1773	-304.696646	-304.772059
2032	-287.663174	-287.806288
1184	-286.506282	-286.402814
340	-273.789697	-273.747841
2224	-307.568767	-307.527350
3555	-360.547370	-359.952585
214	-348.052027	-348.108848
761	-312.126820	-312.206811
2364	-360.507160	-360.645734
599	-343.312201	-343.514984
2101	-361.717364	-361.967050
3073	-309.734862	-309.638773
1380	-288.625728	-288.711959
2462	-325.752244	-325.753576
720	-381.594735	-381.309040
259	-309.735245	-309.690125
2044	-373.173910	-337.593274
2260	-271.351786	-271.385519
2525	-324.569051	-324.592941
2916	-340.655601	-340.520584
402	-312.124533	-312.079367
1915	-361.705669	-361.791182
320	-232.333410	-232.269827
3265	-324.569062	-324.372016
1686	-288.648208	-288.645529
913	-352.855499	-353.677066
1048	-286.495416	-286.328629
675	-346.827397	-346.909653
3172	-274.982310	-275.081448
3637	-309.764115	-309.772328
2151	-289.802108	-289.718350
2731	-272.836211	-272.910498
2700	-304.687547	-304.712767
2487	-361.694757	-361.681237
3813	-340.620847	-340.183716
1242	-308.508254	-308.570015
3883	-308.516508	-308.389377
3386	-309.684862	-309.654322
1473	-340.678945	-340.615231
925	-307.567279	-307.483337
1715	-286.486570	-286.525390
1582	-361.735290	-361.870779
2077	-309.736028	-309.629080
1775	-306.353871	-306.356621
3155	-376.605641	-376.079200
2663	-361.722327	-361.792328
396	-372.782655	-372.773431
2030	-273.804223	-273.891619
3315	-269.176979	-269.211331
250	-360.538828	-360.759660
766	-312.133805	-312.061739
801	-273.763117	-273.808947
100	-361.702143	-361.759349
1098	-356.649302	-354.061836
513	-355.518342	-355.829483
993	-317.364547	-317.004296
1411	-327.023352	-327.222102
2926	-320.764569	-320.662748
1542	-370.291993	-369.054593
638	-345.695868	-345.680239
2480	-344.385369	-344.403600
1341	-301.373831	-300.750708
3246	-340.652252	-340.360008
2328	-320.732586	-320.822890
3099	-324.530718	-324.335626
161	-285.276468	-285.146027
114	-361.772743	-361.863802
2111	-348.048744	-348.037342
1012	-266.609146	-266.787515
3909	-310.945132	-310.814317
1664	-310.904974	-310.884802
1709	-326.941251	-327.018808
1458	-288.648179	-288.613468
2957	-323.644468	-323.555785
3867	-356.726146	-356.207708
1696	-320.785074	-321.241848
3569	-272.588302	-272.592032
2807	-269.176124	-269.219894
2117	-346.839895	-346.783129
3624	-324.614194	-324.495418
2976	-356.737615	-356.632974
2172	-308.472272	-308.424361
444	-340.665581	-340.559322
3191	-284.360325	-284.531957
863	-285.288405	-285.431872
1731	-381.565314	-381.111409
777	-307.544712	-307.642922
255	-309.672030	-309.665352
3575	-309.736328	-309.813158
2249	-392.653825	-392.553192
738	-324.592221	-324.597188
2565	-345.591597	-345.592709
2346	-310.909551	-310.958290
2443	-288.547509	-288.529140
3294	-340.693392	-340.762631
3711	-303.469034	-303.329916
2247	-348.046805	-348.179711
3136	-340.660061	-340.564798
527	-324.629301	-324.593695
2026	-272.837907	-272.823777
3860	-308.505267	-308.420537
704	-235.696677	-235.728891
202	-226.160842	-226.740315
3906	-309.685651	-309.704125
385	-305.159206	-304.885419
2712	-274.985024	-274.878565
2238	-281.495234	-281.293158
2548	-340.654465	-340.663359
2148	-309.718089	-309.693973
1017	-308.419735	-308.355631
1114	-302.353948	-301.782233
1185	-324.558175	-324.606466
3438	-312.132858	-312.114191
3954	-271.611366	-271.682587
636	-382.818623	-382.489863
48	-304.689512	-304.821716
2450	-312.124760	-312.239863
2176	-345.608670	-345.620511
1599	-304.689816	-304.707369
1287	-355.515622	-355.344908
1122	-345.601318	-345.625829
2653	-361.749428	-361.867140
2512	-346.823548	-346.933221
914	-361.707841	-361.596995
3661	-287.358011	-287.615444
3606	-310.906553	-310.835825
1036	-340.609236	-340.556338
2092	-288.572051	-288.579918
2722	-344.423318	-344.319789
3840	-309.681264	-309.702880
898	-305.906901	-305.473943
2624	-309.699280	-309.878650
3842	-376.587741	-376.613299
3331	-233.545899	-233.518303
494	-345.611057	-345.483395
3574	-398.876124	-397.945137
2341	-377.784360	-378.298229
1274	-309.686648	-309.686745
1899	-308.478846	-308.471305
1186	-359.296697	-359.187134
1119	-304.733360	-304.696216
2403	-326.955365	-326.833112
2018	-286.492357	-286.540303
3023	-323.343769	-323.269229
2047	-286.246880	-285.787632
3679	-320.794248	-320.751933
3765	-453.654335	-454.396430
284	-360.500454	-360.826339
2059	-345.674176	-345.619625
817	-345.619715	-345.525339
2143	-288.628466	-288.648174
1812	-307.275809	-307.111692
1651	-273.809498	-273.894381
1840	-360.536972	-360.365522
749	-249.280474	-249.289639
496	-377.794221	-377.539715
3634	-340.646592	-340.641141
143	-302.355005	-301.869727
2637	-325.687098	-325.272108
3462	-272.538255	-272.541100
3412	-335.628480	-335.909759
3256	-153.459846	-153.005510
3576	-325.729906	-325.722569
3092	-340.610697	-340.297292
3693	-273.779498	-273.745002
1301	-309.679190	-309.674426
2292	-343.246371	-343.354786
1536	-324.492974	-324.403883
437	-309.705971	-309.654566
3671	-326.941692	-326.980248
1369	-392.662003	-392.782441
2536	-273.758980	-273.800187
2832	-250.585843	-250.510270
201	-308.561649	-308.581579
656	-376.605347	-376.706759
3170	-271.626697	-271.688750
1279	-377.837977	-377.581320
37	-381.587333	-381.653480
1656	-323.352987	-323.426746
231	-346.860243	-346.905764
3736	-355.517745	-355.539733
3008	-323.359336	-323.211307
163	-319.624414	-320.110839
406	-359.295180	-359.349504
1113	-234.484521	-234.475296
3734	-326.940196	-327.152912
1663	-232.351764	-232.376609
178	-188.042067	-186.943705
2126	-270.399529	-270.380285
2900	-272.554670	-272.500085
2768	-340.690205	-340.560396
184	-322.436757	-321.684215
2110	-341.867094	-341.522286
1474	-340.654517	-340.592152
661	-335.635079	-335.703191
104	-360.574432	-360.318131
1414	-377.797879	-377.592854
3366	-323.268818	-323.329425
2469	-270.392444	-270.378649
1389	-272.510742	-272.355297
1682	-269.215705	-269.272737
3149	-372.694726	-371.847939
3579	-356.677429	-356.080675
491	-287.737498	-287.592039
1187	-264.235803	-264.303043
2698	-344.434438	-344.390490
535	-248.416462	-248.290528
917	-323.320690	-323.306363
2970	-339.501361	-339.695382
1763	-325.799404	-325.828305
2971	-312.131841	-312.083270
2207	-301.330754	-301.152671
2125	-310.908354	-310.936915
703	-340.656580	-340.374120
1336	-334.362330	-335.021940
3630	-287.660591	-287.802769
2160	-345.674929	-345.740770
1653	-157.116735	-156.618337
2376	-346.840597	-346.799958
1375	-345.645053	-345.590315
1035	-284.385189	-285.236145
1055	-345.681183	-345.767955
2141	-307.287454	-307.265960
1406	-375.394844	-375.438147
3717	-275.014300	-274.927340
1273	-355.513035	-355.439784
2041	-346.821470	-346.857154
2027	-376.585000	-376.183718
1284	-320.761539	-320.281385
1262	-356.712023	-356.020437
3227	-348.043668	-347.807496
3680	-305.904722	-305.031693
1193	-324.550139	-324.438308
307	-302.239101	-302.326683
3714	-265.398572	-265.704380
180	-360.505528	-360.734116
687	-346.841762	-346.735049
3168	-323.614890	-323.678813
3016	-309.730329	-309.741733
1240	-310.907666	-310.899101
3419	-335.590859	-334.403196
1737	-323.398064	-323.364837
471	-324.532283	-324.631928
2658	-308.461040	-308.414236
2580	-309.722373	-309.665255
1817	-339.459612	-339.555799
1627	-301.363590	-301.115114
602	-275.010289	-275.026595
643	-345.663386	-345.675296
3447	-270.389803	-270.311325
2408	-356.708234	-357.259727
16	-273.806874	-273.846422
174	-229.928448	-229.782104
3916	-273.810780	-273.858804
834	-346.828689	-346.847272
1844	-325.808754	-325.904181
2055	-304.724717	-304.499685
3625	-326.948771	-326.831243
2137	-324.588239	-324.651695
1332	-209.144909	-208.490750
3513	-340.637067	-340.368610
2455	-344.431301	-344.394868
57	-345.635513	-345.352781
1951	-317.408548	-318.493918
3981	-249.257629	-249.371884
3325	-341.836362	-341.963151
461	-273.773506	-273.847760
2612	-345.627545	-345.594460
1445	-396.491525	-395.446713
3869	-324.525580	-324.290502
3659	-340.683837	-340.637799
1029	-325.751230	-325.536575
293	-377.807580	-378.235590
1890	-371.608385	-365.237019
1687	-344.407598	-344.471758
117	-211.295163	-211.320308
970	-310.911364	-310.928524
2500	-286.498235	-286.247647
1785	-273.751900	-273.633225
1979	-308.462923	-308.456791
1790	-345.664882	-345.638038
3639	-345.680996	-345.846315
2164	-304.744503	-304.898374
1457	-288.573089	-288.367286
1432	-324.522792	-324.639775
1690	-339.426816	-339.685531
731	-355.501990	-355.312336
1793	-325.725688	-325.837595
2106	-286.476486	-286.256552
950	-324.580266	-324.538616
2472	-209.159302	-208.619999
3618	-309.731536	-309.709583
108	-345.614707	-345.644520
1830	-345.641862	-345.438929
1809	-324.559733	-324.579221
876	-325.807685	-325.968131
74	-310.918822	-310.957838
1424	-212.438188	-212.092841
3593	-304.614300	-304.893941
453	-375.430225	-375.342002
1488	-320.766344	-320.752743
47	-247.225618	-247.315917
2366	-286.466852	-286.568007
2572	-360.495461	-360.456859
3505	-274.983383	-274.894712
1892	-382.805933	-382.995595
3403	-339.424322	-339.272848
782	-361.678341	-361.335868
1272	-308.486687	-308.394977
3799	-291.018995	-290.847109
3451	-319.606765	-319.535420
1359	-229.927277	-229.973982
1857	-307.540766	-307.517490
2848	-339.419688	-339.451541
1440	-270.441325	-270.470003
1183	-325.750970	-325.624735
3508	-309.675176	-309.692680
2662	-345.635068	-345.593260
2387	-391.391111	-392.955352
3373	-271.613890	-271.573104
3898	-356.700248	-356.448901
242	-340.623533	-340.963997
532	-344.369744	-344.517198
1950	-232.331230	-232.407875
1500	-345.609230	-345.564179
3877	-340.623773	-340.190593
1489	-266.777425	-266.930430
1257	-346.855622	-346.938946
1719	-232.050342	-232.164627
1266	-324.582035	-324.496108
378	-356.705084	-356.172991
528	-288.538806	-288.651291
1590	-344.415609	-344.356328
3473	-360.527434	-360.381414
257	-324.569867	-324.655805
677	-324.594116	-324.536633
1858	-343.238086	-343.282834
1982	-345.609374	-345.806928
3502	-376.564063	-376.430912
3978	-282.861121	-282.943271
3777	-339.431092	-339.176455
1588	-323.678800	-323.596337
1824	-336.855265	-337.672064
2430	-304.688809	-304.694536
2400	-345.592410	-345.506527
2626	-305.900638	-305.170363
2680	-340.664901	-340.540009
2377	-236.916033	-236.844932
1638	-344.481904	-344.433671
1248	-304.732336	-304.684059
3182	-287.440436	-287.412646
2209	-382.781841	-382.633562
3314	-305.846541	-306.024037
2226	-276.206257	-276.094487
2750	-268.301176	-268.182199
1363	-355.525451	-355.802843
2196	-338.559964	-339.488450
984	-248.443503	-248.533392
2879	-265.401151	-265.424295
2257	-307.238509	-307.280004
458	-340.699868	-340.288239
1316	-361.652250	-361.983007
353	-197.632222	-197.414439
380	-307.581989	-307.628575
1075	-325.751822	-325.804144
1343	-310.895432	-310.889399
2245	-308.434866	-308.471958
2686	-340.697732	-340.465226
2758	-309.696640	-309.700688
2610	-309.711468	-309.631960
2824	-304.720708	-304.544906
1461	-346.899170	-346.830079
2378	-339.490841	-339.244048
2805	-272.587161	-272.563750
861	-360.488871	-360.229742
2412	-310.904086	-310.881655
3329	-310.909123	-310.903993
3409	-356.696744	-355.930835
3932	-360.472117	-360.477425
3752	-345.686524	-345.654429
3913	-308.551230	-308.407366
3585	-308.497008	-308.486441
2508	-324.574476	-324.564561
2635	-323.324700	-323.215332
864	-323.337623	-323.314450
1057	-391.518453	-391.533277
2726	-324.475651	-324.451781
3613	-308.483617	-308.488813
2184	-360.501473	-359.998042
986	-347.459586	-348.538478
1317	-344.393241	-344.768655
1525	-345.608193	-345.592752
1933	-270.396100	-270.393999
2334	-472.135006	-456.910363
2365	-345.689766	-345.484751
2114	-307.528446	-307.739041
928	-345.665412	-345.688754
1285	-346.860450	-346.823095
3402	-234.522504	-234.463827
1735	-320.791360	-320.401683
3518	-340.655390	-340.848720
1218	-287.431740	-287.464911
2473	-324.497671	-324.570302
3442	-381.635659	-380.370443
2905	-307.206439	-307.165792
1247	-325.770105	-325.672426
1880	-346.873992	-346.898501
2248	-377.773452	-378.980657
2664	-348.047695	-348.225828
3573	-325.730390	-325.793996
2398	-319.533364	-319.901870
3181	-307.209274	-307.164984
382	-344.494711	-344.549252
1449	-308.507220	-308.420440
3581	-319.540355	-319.649672
3301	-371.491061	-371.232882
393	-323.334482	-323.320103
1755	-304.686811	-304.811060
2201	-452.728039	-461.004339
3879	-339.483894	-339.421051
1460	-309.684108	-309.695579
2315	-273.793520	-273.800588
3235	-339.416290	-339.453116
3263	-285.326726	-285.212296
3973	-356.659922	-357.330840
3687	-325.793945	-325.933494
961	-326.950279	-326.998250
427	-382.798099	-382.724342
3587	-322.421320	-322.120715
658	-307.234503	-307.216998
2415	-340.676441	-340.530322
3346	-318.327053	-317.986710
2646	-325.800095	-325.768407
2558	-472.145935	-451.661849
1624	-340.670034	-340.649259
3465	-324.548021	-324.557292
3523	-325.728070	-325.559410
1967	-288.573475	-288.575579
1906	-324.613156	-324.499303
3167	-309.688639	-309.692324
192	-310.897684	-310.827478
2211	-340.648620	-340.485796
1181	-323.657279	-323.741077
2504	-325.805550	-325.916871
1505	-308.487195	-308.384651
416	-271.318448	-271.405272
3786	-308.759185	-308.627940
3893	-341.097446	-341.410678
8	-272.545439	-272.482281
3110	-236.917458	-236.899551
210	-362.938898	-362.809178
2118	-324.560961	-324.566775
3015	-359.362011	-359.395324
1298	-308.505512	-308.500118
2962	-309.686114	-309.680454
2657	-308.451299	-308.442720
1680	-377.842223	-378.214181
3937	-361.713179	-361.274035
1267	-341.841438	-341.512861
967	-372.742461	-372.735641
3166	-326.949535	-326.444757
941	-340.652570	-340.549956
3097	-309.716094	-309.661444
885	-324.623780	-324.591411
2830	-325.800699	-325.660907
2801	-310.932716	-310.938716
166	-325.729970	-325.500550
1421	-360.526142	-360.694719
3788	-361.725962	-361.412500
1692	-362.862736	-363.311344
1964	-309.726463	-309.718527
3603	-326.952955	-326.858081
1554	-320.728167	-320.849807
1498	-340.654582	-340.547519
678	-308.506580	-308.532988
577	-343.087962	-342.775575
3279	-356.732861	-356.686267
2135	-346.861074	-346.919528
1854	-382.743932	-381.750911
3223	-341.794931	-341.625906
3830	-346.817778	-346.705516
3113	-324.531139	-324.549727
94	-362.955075	-363.174265
747	-359.350089	-359.345455
2523	-344.512144	-344.346405
2899	-310.930659	-310.913184
1770	-309.719198	-309.700238
1815	-345.663783	-345.686452
1528	-360.446475	-360.298212
110	-346.869123	-346.706219
1007	-235.694216	-235.655501
2779	-381.606362	-381.766371
1598	-308.471397	-308.518314
377	-360.527122	-360.721301
3333	-361.709769	-361.680239
3774	-305.130184	-305.218998
3176	-432.852890	-448.519850
3722	-308.759135	-308.785313
2914	-270.422403	-270.418276
1206	-342.315546	-343.167471
1807	-344.469516	-344.505509
520	-309.720011	-309.743422
2016	-308.569875	-308.594416
1333	-270.359564	-270.282737
1011	-310.942660	-310.941498
295	-320.770299	-320.996135
3471	-416.384141	-414.593570
3769	-304.586424	-304.924920
1456	-308.496384	-308.448736
2761	-309.696507	-309.724193
2810	-273.763107	-273.827556
452	-324.575287	-324.414991
1934	-341.769746	-341.591044
498	-273.791878	-273.796920
1	-360.499843	-360.256809
541	-325.714161	-325.724898
1968	-324.538807	-324.423374
3566	-325.830752	-325.591060
207	-285.281032	-285.230282
621	-310.899323	-310.835101
2704	-320.786981	-320.878286
700	-310.938181	-310.830833
2076	-274.982287	-274.921598
2941	-340.635024	-339.955997
999	-308.512721	-308.505757
2678	-285.255563	-284.979004
3365	-396.458774	-396.355911
1789	-310.905299	-310.923428
234	-308.467880	-308.475118
841	-361.736259	-361.599285
1027	-360.529992	-360.670493
2475	-381.524347	-380.842628
76	-325.685245	-325.556753
1171	-325.721867	-325.742822
2332	-342.335241	-342.905844
38	-309.736982	-309.811704
3147	-338.530072	-339.576359
3700	-361.717469	-361.603656
2394	-355.446449	-355.036533
3441	-372.686714	-371.270268
3453	-321.254976	-321.025071
3481	-357.941534	-356.606323
578	-382.825717	-382.551060
3452	-361.758902	-361.896398
3082	-272.586248	-272.628997
1399	-341.826906	-341.520323
3107	-281.504745	-281.790316
3870	-345.605387	-345.516145
974	-303.468081	-303.558111
2839	-362.930315	-363.359066
3041	-345.692143	-345.678465
891	-325.767721	-325.662770
3241	-319.515995	-318.798964
2333	-338.234590	-338.157054
3781	-274.984614	-274.970697
1506	-339.437849	-339.451166
1952	-344.408452	-344.446621
3297	-360.526636	-360.980302
931	-361.763293	-362.195459
995	-360.542928	-360.761905
1810	-288.653294	-288.780565
1173	-344.465017	-344.333425
3809	-310.902628	-310.883190
1575	-334.447259	-335.265109
3258	-324.473847	-324.661569
1415	-338.156727	-336.509649
735	-309.716570	-309.735470
2739	-362.946034	-363.157700
924	-324.528533	-324.407056
276	-380.379743	-381.156022
1930	-341.835805	-341.981664
1084	-309.711894	-309.772186
1921	-310.904960	-310.826267
2285	-340.578657	-340.934221
3512	-340.641866	-340.546288
2240	-381.627040	-381.803317
2734	-309.719592	-309.674896
1639	-345.640072	-345.625144
1820	-324.522751	-324.624974
1377	-325.768959	-325.708058
3060	-270.441145	-270.494372
2877	-324.556404	-324.505213
2937	-324.573883	-324.558328
2723	-324.554067	-324.608648
2028	-346.821466	-346.868459
3313	-360.526364	-360.668824
2967	-305.841708	-305.917752
3096	-338.175960	-337.530998
3951	-326.977685	-326.999075
3794	-317.361117	-315.983968
2374	-285.279236	-285.187932
120	-323.345161	-323.351565
268	-362.957295	-362.864677
3989	-272.542369	-272.558494
2013	-343.195410	-343.182452
2513	-345.631685	-345.645408
1136	-271.296056	-271.186343
2530	-345.673444	-345.562154
2919	-340.635773	-340.912858
2361	-304.727460	-304.595770
2747	-301.332569	-301.380101
1501	-288.653529	-288.852441
2934	-324.462733	-324.533514
176	-308.554162	-308.491611
2085	-309.695312	-309.686218
386	-325.776001	-325.782171
3582	-344.436500	-344.314146
216	-307.283509	-307.368351
3935	-289.875063	-289.869998
588	-309.684571	-309.711371
107	-307.580090	-307.514792
3133	-356.679691	-356.818186
3902	-382.757521	-382.471202
1491	-344.421383	-344.426223
2266	-289.766576	-289.637935
3678	-285.255880	-285.202550
881	-234.470813	-234.401482
2139	-381.581478	-381.635815
3992	-319.576017	-319.427781
2535	-272.835594	-272.756358
1049	-323.336196	-323.466505
1313	-324.502042	-324.444853
955	-345.632414	-345.457954
2444	-318.641916	-318.360730
3686	-344.462681	-344.481199
1894	-360.532510	-360.489200
2627	-235.695309	-235.675909
2820	-308.557865	-308.340519
1086	-272.587059	-272.567234
53	-285.330157	-285.304207
748	-324.572987	-324.615120
93	-340.615011	-339.449937
3846	-318.393987	-317.637739
300	-324.602433	-324.381268
2596	-339.467484	-339.322998
2488	-363.508158	-363.092172
3706	-345.687338	-345.725486
2405	-318.344936	-318.833118
3645	-304.681903	-304.908451
1818	-371.535911	-371.497766
2298	-270.396464	-270.376468
3124	-308.562031	-308.525792
2198	-382.804255	-382.334708
236	-325.758113	-325.778942
148	-345.629933	-345.696669
3405	-269.206920	-269.234666
728	-309.678404	-309.698558
3469	-356.686540	-356.754922
2647	-262.017735	-261.591743
690	-375.420808	-375.835271
2978	-340.669862	-341.011734
1224	-308.420805	-308.416265
2225	-324.612179	-324.286704
3260	-345.595084	-345.532993
3861	-234.486176	-234.572789
3228	-381.648857	-380.395870
1976	-346.831692	-346.917107
2902	-271.653205	-271.557885
204	-287.353313	-287.649306
1271	-310.902165	-310.875869
2414	-382.803358	-380.895410
2893	-274.985796	-274.978589
1822	-344.395150	-344.494335
244	-346.835129	-346.686431
1953	-308.457242	-308.447925
3865	-362.899954	-362.891279
2593	-321.252793	-320.911493
1553	-323.448965	-323.407184
2590	-340.650928	-340.423633
1946	-346.841836	-346.764849
1518	-309.683200	-309.599104
3291	-362.911941	-362.877578
3821	-308.427345	-308.476605
1908	-286.508233	-286.350216
584	-309.681686	-309.588927
3115	-340.620294	-340.225649
238	-233.253760	-233.279485
241	-309.718177	-309.621949
2452	-344.424745	-344.426357
482	-272.599303	-272.277837
1577	-355.468067	-355.443581
3093	-334.424572	-333.898241
3525	-340.662316	-340.135446
2772	-343.232602	-343.304581
428	-324.570042	-324.540265
1594	-323.433551	-323.300353
389	-271.336957	-271.184460
2790	-287.732329	-287.703656
3732	-320.774305	-320.522135
3727	-285.317454	-285.284313
1304	-356.679729	-355.440296
2736	-310.922181	-310.893288
2389	-361.728546	-361.497877
1133	-308.517070	-308.565487
311	-287.724713	-287.849441
3334	-325.800680	-325.836778
285	-249.362379	-249.356713
2075	-345.606444	-345.614109
3101	-360.503577	-360.713513
3927	-323.326298	-323.392293
2918	-271.326117	-271.313331
2559	-319.571638	-319.829524
997	-361.688335	-361.630718
1903	-309.678054	-309.828277
507	-309.697879	-309.697252
1441	-303.469082	-303.525200
3599	-308.482454	-308.505849
1342	-361.712098	-361.514468
1082	-310.901659	-310.904164
2622	-346.829131	-346.816941
1794	-325.712420	-325.724883
2204	-310.904876	-310.860904
1407	-235.694798	-235.717689
2331	-308.516808	-308.560140
2296	-309.691365	-309.690292
3103	-340.631134	-340.746319
936	-382.773457	-382.591787
2521	-361.728609	-361.827147
3849	-360.531172	-360.538846
113	-360.478880	-360.657456
3689	-308.467642	-308.385697
3758	-272.557350	-272.534444
3564	-303.533472	-303.495903
3483	-308.500974	-308.522692
2853	-325.794835	-325.866275
3171	-345.599912	-345.651669
3408	-287.661454	-287.725963
988	-341.827199	-342.092676
797	-278.075775	-279.115040
36	-344.382282	-344.493162
2496	-326.954795	-326.765674
96	-375.359188	-375.126278
3492	-345.645245	-345.656768
1142	-309.702591	-309.698970
3387	-309.727603	-309.761001
2371	-307.253245	-307.118848
1226	-195.226072	-195.282990
3828	-288.650589	-288.762822
1396	-346.886411	-346.784585
3850	-308.528193	-308.513693
3423	-308.555641	-308.401022
2380	-327.025010	-326.964724
2242	-362.870426	-362.971038
689	-341.818686	-341.779698
790	-341.836780	-341.754067
977	-285.160699	-285.182666
1509	-345.612220	-345.676418
1368	-288.584029	-288.621439
511	-320.778636	-319.992392
1586	-272.837559	-272.895182
431	-361.712798	-361.643703
982	-307.235414	-307.201954
3207	-355.520098	-355.529731
3210	-336.808333	-336.904950
1878	-346.819711	-346.840531
1188	-306.054267	-306.215998
2586	-191.810916	-191.928159
1045	-344.449852	-344.446477
3719	-320.742924	-321.777849
3439	-301.389192	-301.602971
3233	-304.691526	-304.522910
3514	-340.654233	-340.575669
3528	-233.262752	-233.158295
3158	-269.271320	-269.342875
3476	-304.737418	-304.830647
125	-228.992613	-229.060888
3044	-363.519194	-360.087152
1106	-231.106310	-231.065002
469	-325.775843	-325.495670
1222	-325.805865	-325.693098
860	-397.697425	-397.923364
3240	-338.234966	-338.205166
3621	-346.815715	-346.855100
1436	-375.359407	-375.922518
170	-340.667287	-340.686147
69	-265.441614	-265.340867
1758	-271.616401	-271.578371
1779	-288.583563	-288.526224
1825	-271.656372	-271.648668
1146	-339.465889	-339.240235
1712	-345.612640	-345.666349
2388	-309.695742	-309.843906
787	-360.525379	-360.905643
2447	-323.330261	-323.494282
2563	-247.215049	-247.612555
3931	-288.683173	-288.648883
1972	-233.542445	-233.382446
1182	-304.738393	-305.088168
183	-362.962787	-362.378115
1090	-272.500426	-272.675821
1153	-325.764669	-325.703377
572	-356.752533	-357.328012
1835	-376.631067	-376.025538
130	-274.988525	-274.920616
1681	-310.908780	-310.929996
441	-380.414967	-379.342068
89	-249.259410	-249.323711
2514	-354.197108	-352.351002
1548	-306.308471	-306.336817
2463	-288.576502	-288.627250
3526	-249.285024	-249.306006
220	-276.205821	-276.041301
2727	-271.330291	-271.266068
2633	-324.627681	-324.468698
1026	-325.765414	-325.822654
1252	-301.395982	-301.493899
2483	-322.158791	-322.240014
3224	-286.504546	-286.420455
492	-305.904760	-305.701878
2816	-310.905786	-310.891909
3337	-286.438448	-286.387300
1524	-272.550818	-272.535447
1872	-272.566631	-272.481363
2190	-324.574822	-324.649422
384	-343.291812	-343.246632
2122	-348.040439	-348.034772
2632	-306.344083	-306.343830
734	-233.242250	-233.248426
3797	-376.587519	-376.788612
375	-346.857432	-346.713177
240	-286.517094	-286.526277
1963	-325.761942	-325.780615
2173	-304.678340	-304.963782
3588	-272.549011	-272.593931
2219	-265.437885	-265.260920
1757	-285.313612	-285.274250
595	-340.652012	-340.699405
3887	-242.196351	-241.071874
2021	-346.818246	-346.764875
454	-265.283843	-265.677517
1344	-341.767606	-341.860549
3820	-340.655117	-340.515729
52	-345.627428	-345.565176
1744	-288.535621	-288.566503
715	-285.275928	-285.339992
84	-345.610574	-345.442819
3550	-341.825957	-341.890097
2195	-289.873479	-289.874762
2402	-235.696227	-235.678776
2883	-308.757991	-308.761558
3201	-346.845480	-346.886064
136	-343.240623	-343.308241
3533	-232.036378	-232.039861
1089	-344.451793	-344.487800
2531	-157.115484	-156.678963
1543	-323.360471	-323.425456
2555	-287.427764	-287.426031
195	-296.296482	-297.015939
729	-343.084333	-342.137119
3622	-304.726439	-304.580552
362	-289.871990	-289.947128
3280	-344.483775	-344.473687
1568	-324.555249	-324.565065
4	-270.439280	-270.358841
1997	-271.666841	-271.731344
3424	-348.051118	-348.110758
2882	-322.444150	-322.510502
1111	-335.656557	-335.838617
2702	-309.685148	-309.749274
3950	-270.439135	-270.558068
2987	-271.618137	-271.620345
3458	-345.693035	-345.739489
3577	-361.716705	-360.982511
2666	-303.423742	-303.223332
1900	-309.689410	-309.663315
2751	-273.787799	-273.660990
2416	-344.406447	-344.411580
3375	-324.594534	-324.319418
1711	-345.611239	-345.369985
3914	-325.805781	-325.868104
1192	-326.947461	-326.731315
2045	-324.495988	-324.386049
1148	-284.062954	-284.071561
131	-345.603479	-345.469313
3920	-319.574905	-319.708761
2757	-346.855643	-346.887416
2338	-268.888303	-268.527239
2297	-322.412936	-322.312011
2745	-322.118085	-322.139137
2907	-344.466563	-344.456873
3459	-346.831382	-346.900316
2478	-339.450173	-339.693566
379	-391.337881	-392.456593
2862	-309.693471	-309.684549
2568	-325.718022	-325.452420
341	-273.735711	-273.739757
99	-336.813559	-336.754797
503	-355.514134	-356.052080
692	-362.917261	-363.259742
1152	-308.448572	-308.435873
629	-309.712115	-309.694124
3690	-346.829378	-346.827493
1178	-382.751729	-382.827420
1697	-345.613396	-345.670654
42	-376.564691	-376.775615
2597	-412.494644	-386.270583
2561	-325.778234	-325.833985
1052	-361.770383	-361.760831
397	-288.630839	-288.559535
1563	-376.575382	-375.898013
3259	-359.368793	-359.283313
488	-346.861837	-346.810934
3311	-344.433172	-344.448311
3773	-345.602641	-345.658330
1529	-354.275774	-354.511463
3776	-320.773105	-320.760098
3617	-345.608658	-345.509845
2720	-231.102112	-231.076666
2056	-325.729141	-325.706388
1019	-327.016183	-327.176292
291	-304.683134	-304.819385
1231	-324.569596	-324.527504
714	-356.669324	-356.217063
3129	-361.692023	-361.868303
1932	-310.911279	-310.946136
3792	-360.525610	-360.960290
895	-356.728690	-356.787912
1352	-304.677606	-304.701700
3484	-341.890999	-341.629273
331	-309.734363	-309.754336
1037	-306.397746	-306.414352
833	-325.761605	-325.698097
2373	-302.564379	-302.648344
3710	-308.565933	-308.388654
215	-356.645883	-356.406600
3376	-273.775510	-273.794237
2051	-325.790442	-325.863611
1214	-341.865386	-341.504523
2185	-344.343476	-344.386767
2316	-306.361448	-306.351491
791	-309.662433	-309.708161
3058	-247.214450	-247.302621
1305	-319.621560	-319.616510
77	-348.062001	-348.055814
3140	-284.987905	-285.528728
2922	-352.890573	-353.052716
3857	-340.686134	-340.678885
3434	-360.560766	-360.305048
328	-310.911163	-310.877731
2337	-324.588418	-324.772246
177	-362.872710	-362.939905
3784	-344.450127	-344.441357
2829	-340.622886	-340.770820
1943	-325.729335	-325.789063
2517	-308.462063	-308.419162
1294	-345.612830	-345.654294
3344	-325.748658	-325.662417
2138	-340.684371	-340.514558
3085	-322.130736	-322.100604
2205	-318.391203	-318.138755
2818	-335.618370	-335.935770
1299	-348.043466	-348.199382
246	-313.537245	-334.936589
1300	-324.595031	-324.560482
3760	-280.314080	-280.619269
2582	-320.773768	-320.330984
2002	-286.504040	-286.553762
839	-302.254301	-302.140232
2302	-492.008892	-491.196355
2654	-304.679740	-304.857001
218	-285.311823	-285.304037
3362	-345.632413	-345.444867
803	-325.789564	-325.649580
2831	-356.723059	-356.742275
760	-324.605411	-324.449602
2379	-361.769162	-361.497992
2931	-361.729140	-361.452759
46	-372.766726	-372.450264
3032	-360.508895	-360.149785
1212	-304.733723	-304.423191
3764	-308.483519	-308.471094
2253	-325.818163	-325.675833
2783	-272.537685	-272.504420
483	-309.705795	-309.763167
3095	-339.431197	-339.271906
887	-361.720206	-361.746306
3309	-274.989422	-275.025836
1176	-288.584832	-288.480048
3703	-287.697316	-287.691358
2589	-361.718361	-361.911945
2186	-320.782523	-320.768786
716	-325.758431	-325.482458
1483	-309.723988	-309.757447
2881	-345.594203	-345.670680
3673	-309.691463	-309.705978
659	-326.976670	-327.272826
1371	-288.596392	-288.539375
1170	-310.895183	-310.921653
3568	-308.468418	-308.422346
2651	-273.744309	-273.726976
465	-266.553159	-266.979160
2556	-321.958604	-322.444682
2277	-383.973315	-383.391959
2620	-324.587670	-324.578126
1611	-348.044714	-348.047836
1339	-285.316421	-285.294302
3515	-346.852204	-346.834813
2598	-308.508949	-308.505680
844	-324.606050	-324.444771
2098	-327.020807	-327.080335
847	-324.608363	-324.604386
1788	-345.646841	-345.733130
3433	-308.465425	-308.388041
1723	-307.290176	-307.287344
3557	-344.382663	-344.422224
1939	-242.205627	-241.150948
574	-271.665153	-271.649369
1583	-345.655509	-345.691984
2718	-382.782995	-382.813949
1358	-340.682075	-340.372449
3195	-274.982322	-274.864698
299	-195.196751	-195.329926
3042	-269.468415	-269.272433
2227	-356.712771	-357.130356
324	-307.534482	-307.567618
1549	-340.689515	-340.658397
2235	-318.409670	-318.473490
744	-249.332005	-249.555277
1107	-267.060326	-266.977254
2888	-361.704536	-361.646645
2693	-340.638326	-340.729335
2876	-360.574465	-360.230231
439	-288.690999	-288.724411
2038	-348.056093	-348.090338
946	-324.577279	-324.433381
3657	-312.124380	-312.101316
391	-345.584667	-345.514921
3790	-286.502445	-286.575257
2161	-361.735863	-361.795684
3591	-273.762889	-273.709640
3446	-306.044918	-306.213539
468	-322.150234	-322.100041
1860	-308.507458	-308.501502
2271	-310.916474	-310.935263
1063	-265.440996	-265.358490
888	-323.328290	-323.343097
1079	-287.347000	-287.468601
1923	-287.427777	-287.470566
3833	-324.559324	-324.636479
2073	-345.600119	-345.537634
3466	-325.794624	-325.668770
818	-387.475673	-384.945231
1736	-273.764207	-273.816499
3038	-288.542113	-288.558578
3541	-379.527167	-373.435074
1546	-318.321510	-318.275530
3281	-309.716743	-309.710940
1819	-249.292101	-249.300958
586	-376.582598	-374.679874
3395	-248.436061	-248.590629
775	-344.469204	-344.488517
2280	-359.345792	-359.408236
1312	-381.612501	-381.465074
732	-327.023478	-327.212970
2542	-326.951186	-326.334696
2034	-345.586124	-345.626458
1204	-361.704371	-361.763865
3964	-336.853985	-337.726433
2550	-271.628346	-271.630922
1927	-361.739999	-362.024061
2894	-309.717750	-309.726471
2282	-375.368783	-375.081499
611	-248.364357	-248.314818
921	-325.682121	-325.689888
2417	-336.838171	-336.764993
1856	-321.958301	-322.700544
3608	-372.729173	-371.079600
1803	-270.394458	-270.301736
3342	-153.787612	-154.147626
3330	-323.360126	-323.255797
3670	-286.248451	-285.905735
3193	-320.725883	-320.547635
1254	-325.753541	-325.456884
959	-492.026657	-490.971942
3189	-324.510378	-324.423900
2579	-273.765811	-273.666260
3580	-345.661657	-345.557164
3721	-284.372483	-284.330690
2252	-382.779570	-383.167782
1669	-287.426878	-287.451099
1194	-381.612648	-381.915391
3054	-269.129580	-269.096523
1507	-310.914024	-310.954503
3317	-269.177232	-269.188696
674	-346.879260	-346.897428
2742	-348.048844	-348.169769
2973	-324.604156	-324.441773
856	-324.568212	-324.578804
3271	-454.878708	-453.728975
3626	-310.902465	-310.957149
3225	-362.875945	-362.921122
3934	-381.630276	-381.186661
3003	-325.798735	-325.850000
212	-324.605613	-324.655811
2782	-340.664407	-340.560483
2123	-327.010026	-326.906595
2710	-361.773017	-361.807336
3487	-210.101789	-209.785090
2283	-231.111403	-230.972453
2363	-324.610150	-324.546277
3300	-344.499155	-344.548891
1402	-286.203815	-286.161686
2132	-377.826580	-377.301416
2966	-308.428791	-308.537292
1117	-345.566120	-345.611081
619	-325.787161	-325.881765
305	-346.859213	-346.835213
193	-307.285557	-307.222360
630	-273.762561	-273.733495
1288	-324.635136	-324.593170
3779	-308.476903	-308.546915
3033	-325.785262	-325.882852
2681	-308.466840	-308.506633
1938	-341.826148	-341.901806
2609	-322.351046	-322.421016
3795	-310.908453	-310.917455
975	-357.171724	-361.230372
2368	-325.804686	-325.913523
1980	-345.680616	-345.668705
640	-345.616264	-345.552683
2606	-323.344105	-323.554073
58	-304.683044	-304.941793
2741	-297.520999	-297.906141
3854	-346.867382	-346.808691
819	-276.204532	-276.216027
1762	-361.755551	-361.631790
3369	-158.342346	-158.268830
2145	-346.844016	-346.889378
3827	-270.435807	-270.429446
593	-303.525517	-303.941698
3888	-323.359825	-323.405073
3631	-303.560350	-303.590226
3749	-249.363949	-249.294825
1623	-229.615446	-228.825021
694	-344.360007	-344.350181
2231	-346.825174	-346.859988
1160	-286.467220	-286.008057
1749	-302.579654	-302.836996
808	-320.774349	-321.111706
282	-325.714378	-325.721951
3610	-360.476593	-360.847656
2716	-303.464433	-303.417084
2925	-301.394865	-301.375565
186	-340.606711	-340.428834
1235	-265.447270	-265.510524
354	-285.174014	-285.290644
3919	-304.721921	-304.821562
980	-356.743821	-355.623543
374	-372.796889	-373.011630
3495	-288.563768	-288.455220
1437	-376.547304	-376.310663
1666	-289.872246	-289.851078
2998	-246.027383	-246.019191
3701	-248.211932	-248.223244
2275	-312.122563	-312.115454
3789	-273.762938	-273.751903
109	-158.340943	-158.233546
1022	-310.902683	-310.931055
371	-380.374978	-381.677824
3552	-325.793166	-325.861534
3159	-324.612512	-324.300830
3012	-276.205920	-276.116105
3839	-231.155780	-231.043746
3884	-323.333263	-323.267577
666	-381.593528	-381.486918
919	-272.589999	-272.615259
2150	-324.570860	-324.587128
576	-345.655968	-345.688911
2426	-340.650391	-340.543463
3165	-356.724041	-355.041261
2617	-248.151318	-248.290155
3780	-323.320574	-323.202273
3831	-451.528971	-458.316153
323	-309.647349	-309.663206
1741	-345.629842	-345.642212
1842	-362.894239	-362.927602
2867	-361.734339	-361.503853
2433	-324.552283	-324.501527
1596	-492.022084	-491.231215
2094	-325.812885	-325.857446
751	-361.724921	-361.704695
1559	-380.372123	-379.977568
1475	-362.957353	-362.622364
3796	-341.875439	-341.773994
2058	-356.710498	-355.202423
1215	-335.566430	-337.156489
368	-345.595021	-345.653233
3056	-269.180682	-269.128934
2396	-307.546144	-307.475137
2732	-324.579850	-324.580537
376	-309.732528	-309.743913
139	-338.257996	-338.267208
1734	-359.354596	-359.232471
361	-376.622353	-376.593554
22	-324.575190	-324.482035
1799	-346.861635	-346.942488
3761	-352.866322	-352.681920
105	-309.727110	-309.787152
3348	-304.715963	-304.621109
7	-309.722879	-309.710731
3250	-360.517106	-360.373591
2625	-291.021574	-290.878276
958	-302.599262	-303.273446
1649	-346.868661	-346.792711
2615	-360.501085	-360.522379
2685	-344.426408	-344.498923
2351	-304.614169	-305.057378
165	-327.013034	-326.991835
769	-271.361537	-271.432283
3178	-345.605421	-345.673077
557	-312.122696	-312.063509
1746	-396.470299	-396.497592
2915	-344.371144	-344.352495
973	-325.790444	-325.798416
794	-248.143861	-248.202080
3324	-345.641848	-345.774787
3262	-235.693825	-235.688666
2431	-309.684774	-309.698152
781	-362.918463	-363.016895
533	-287.720383	-287.908576
339	-356.705991	-356.574019
3845	-344.454717	-344.376994
798	-208.842347	-209.018500
1227	-322.155306	-322.103537
3137	-272.533448	-272.549916
3448	-324.634377	-324.562277
1527	-271.621836	-271.594867
2294	-341.831947	-341.880164
297	-325.833945	-325.836516
247	-304.688358	-304.596288
2197	-309.684327	-309.642682
3206	-346.853173	-346.815313
3455	-270.401061	-270.381935
2764	-195.179738	-195.183503
1233	-265.440660	-265.264172
2046	-286.493052	-286.035671
1420	-286.516174	-286.310804
793	-326.950540	-326.917428
1708	-324.502429	-324.235287
1897	-197.629387	-197.436226
3153	-340.622406	-340.614558
2011	-270.099401	-270.083897
1926	-273.773955	-273.844670
2498	-288.539500	-288.551905
2849	-355.442748	-356.267424
3150	-310.942587	-310.876325
710	-340.625597	-340.439266
198	-303.934323	-303.918778
2659	-324.461004	-324.453860
2588	-376.538277	-376.557411
1116	-356.691214	-355.689518
1514	-320.781098	-320.075514
2229	-319.560814	-317.457139
1674	-360.499243	-360.171271
779	-356.732185	-357.218980
2144	-324.574829	-324.396000
279	-306.012858	-305.967912
2357	-325.754267	-325.522836
2175	-324.545475	-324.628053
2520	-307.284294	-307.423331
1962	-382.756724	-382.993140
3278	-298.952950	-300.051892
1657	-338.273162	-338.027911
3216	-344.380260	-344.277100
3904	-356.716094	-356.426740
1042	-305.904676	-305.724899
1865	-345.609914	-345.607043
3903	-340.636306	-340.687859
2544	-381.632480	-381.825483
2084	-361.708021	-362.023987
3642	-324.565306	-324.707803
2029	-380.417684	-380.416295
755	-324.568345	-324.574581
1806	-324.610229	-324.425158
1223	-324.586663	-324.512020
2309	-272.583285	-272.559496
1174	-345.614442	-345.551487
2903	-308.505951	-308.495430
3248	-322.477268	-321.620421
1001	-304.724431	-304.399709
1751	-339.469166	-339.416992
561	-264.226909	-264.197048
1605	-345.703157	-345.680747
2671	-344.377098	-344.260221
3522	-309.691414	-309.653936
1901	-362.946498	-363.123950
3826	-372.742383	-372.344103
343	-360.502305	-360.467089
3400	-289.799552	-289.856803
1467	-345.613895	-345.509289
2130	-271.612772	-271.576637
2078	-324.575989	-324.439772
1875	-242.186010	-241.838452
417	-344.440065	-344.496942
3974	-323.433262	-323.201802
3629	-359.312853	-359.409868
2729	-323.315925	-323.198889
408	-208.863267	-208.822561
3457	-324.559213	-324.495157
1868	-326.949224	-326.899044
1570	-325.783642	-325.735150
1328	-376.531779	-375.437184
2912	-346.883119	-346.972895
448	-346.831139	-346.750099
1714	-132.718150	-130.268658
3571	-309.676719	-309.681766
1360	-362.941781	-363.269437
2436	-308.473229	-308.436943
251	-265.386781	-265.312994
3489	-308.508824	-308.486539
1557	-322.456250	-322.422268
521	-262.065493	-262.619995
227	-377.805829	-378.595292
2095	-348.034975	-346.678162
3118	-236.917873	-236.766534
651	-232.334436	-232.338859
2152	-308.540101	-308.388402
3350	-339.431591	-339.278524
2728	-304.742823	-304.787444
3544	-312.133269	-311.959068
2506	-307.526911	-307.715446
472	-273.761356	-273.794349
2167	-309.681554	-309.601169
31	-359.310420	-359.334405
1609	-210.001565	-209.733226
3890	-341.849730	-341.670122
2587	-376.609234	-375.287313
2214	-245.994065	-246.674459
1197	-308.462932	-308.432451
275	-344.442225	-344.469090
3357	-361.779217	-361.292969
759	-398.888473	-398.900881
2063	-344.402806	-344.399368
639	-270.405973	-270.392179
2844	-301.377995	-301.390962
907	-381.607752	-381.514118
3017	-271.339346	-271.302535
3390	-309.736085	-309.707129
135	-301.341304	-301.060626
929	-272.832690	-272.828607
3653	-309.763576	-309.751212
2091	-346.904050	-346.856255
199	-309.673895	-309.713941
3747	-324.521162	-324.425084
1722	-362.946707	-363.224168
571	-339.423497	-339.212265
3352	-272.834623	-272.865871
1957	-206.721858	-206.357775
10	-344.512001	-344.475184
1936	-360.564423	-360.750253
1385	-309.679840	-309.658146
849	-360.532987	-360.217477
512	-346.861026	-346.901918
2860	-345.600676	-345.448573
3943	-376.602183	-376.711891
1030	-309.683546	-309.631350
3276	-344.508729	-344.463767
3709	-340.613243	-340.622960
1792	-363.504227	-364.497364
2134	-344.433965	-344.464594
2009	-273.812948	-273.671993
612	-397.697891	-398.350093
3126	-360.523204	-360.598204
504	-356.680129	-356.893970
3061	-392.552088	-390.622381
3880	-357.942023	-358.548538
3319	-376.604793	-376.683188
2501	-232.377706	-232.403778
2295	-305.898313	-305.233502
493	-336.819674	-336.788673
3675	-360.534222	-360.802470
3510	-340.674744	-340.518333
858	-340.661797	-340.527787
3219	-339.428557	-339.492769
317	-325.797397	-326.010584
2928	-324.540084	-324.423210
2445	-324.576679	-324.495435
298	-377.795528	-377.630796
2684	-310.940657	-310.941609
933	-270.430832	-270.451515
28	-324.630221	-324.502159
3186	-346.829695	-346.922400
1430	-361.720960	-362.167363
1986	-344.459234	-344.452568
927	-340.676668	-340.718100
948	-336.827390	-336.587602
1748	-288.688929	-288.752883
1539	-382.755486	-382.729074
3667	-249.293044	-249.241229
3102	-310.903589	-310.866852
2629	-356.679047	-355.611186
3356	-270.447268	-270.506824
3064	-326.983087	-326.957168
2370	-360.496984	-359.997749
2149	-341.878745	-341.442580
2133	-323.338627	-323.342102
2840	-284.048718	-284.299182
2409	-324.595526	-324.299773
771	-346.903261	-346.947882
537	-361.731930	-361.519069
2494	-274.984732	-274.852412
3286	-361.731914	-361.952962
2105	-335.635972	-336.273418
1004	-355.416555	-354.794482
1918	-319.573117	-319.921612
3669	-285.267165	-285.236836
1327	-320.768458	-321.017293
1150	-308.551121	-308.548661
303	-375.328197	-375.949618
1078	-309.738888	-309.769668
963	-345.645239	-345.592649
325	-345.637577	-345.786676
1495	-286.516879	-286.417354
3202	-310.908741	-310.929123
3592	-323.367866	-323.572459
2281	-345.643890	-345.668782
3443	-346.866543	-346.906780
3757	-281.482952	-281.217857
604	-320.777491	-320.816754
3345	-312.120708	-312.191238
1241	-345.608395	-345.621982
600	-268.859550	-268.491214
1804	-324.542706	-324.562849
805	-309.658574	-309.722479
1268	-344.411146	-344.310819
2131	-320.777849	-320.665076
3570	-272.514475	-272.594395
3816	-272.830720	-272.759190
3601	-308.749822	-308.766757
1151	-392.620909	-389.363936
2875	-344.475122	-344.468551
3332	-376.610619	-377.000689
479	-77.308427	-76.989896
3121	-344.419977	-344.330271
2841	-360.524422	-360.393734
3968	-287.425634	-287.495284
3715	-381.567301	-381.348663
3728	-234.474951	-234.454853
811	-304.567859	-304.495303
909	-325.789320	-325.704889
722	-310.935212	-310.941045
3001	-270.386138	-270.326707
2421	-249.395323	-249.481950
947	-322.454079	-322.418436
1920	-361.714679	-361.655475
2887	-345.641890	-345.597101
2804	-344.433943	-344.265035
3662	-360.469577	-360.378769
1265	-227.324775	-227.739178
1974	-345.655745	-345.609998
3961	-308.561152	-308.588059
1522	-324.485746	-324.525025
370	-356.698196	-356.463563
2005	-305.155985	-305.324758
2194	-273.757530	-273.785903
3762	-351.646368	-352.593537
3524	-308.455477	-308.455963
1034	-356.732791	-356.681673
62	-309.677968	-309.832149
45	-266.615452	-266.811567
2808	-340.646073	-340.827533
3511	-324.552260	-324.435517
3963	-271.323381	-271.414783
1902	-324.615795	-324.480928
2272	-324.528642	-324.603092
3547	-324.582904	-324.538819
3635	-308.475489	-308.456608
3926	-325.748612	-325.857540
2335	-346.825562	-346.825502
1361	-346.840635	-346.935294
2261	-233.260156	-233.213325
3379	-273.761967	-273.693612
1020	-303.566436	-303.336455
2740	-360.536920	-360.700680
3399	-307.229313	-307.154760
756	-325.798888	-325.582273
3122	-232.329070	-232.224863
981	-303.499320	-303.745613
3970	-305.897998	-305.297130
2619	-326.939536	-326.932943
2024	-306.349032	-306.255056
2697	-360.495788	-360.566753
3507	-376.594067	-376.577373
1429	-288.579114	-288.576132
1534	-340.632075	-340.645972
476	-397.686127	-397.782852
3002	-269.479234	-269.246585
151	-270.397623	-270.332679
508	-325.801512	-325.444018
2362	-305.134491	-305.108529
213	-249.281074	-249.379596
2714	-398.878264	-398.504496
2669	-309.763785	-309.753718
2993	-346.825502	-346.761977
614	-383.982605	-384.373112
1357	-375.307060	-375.230880
1062	-324.496997	-324.546249
3494	-324.573795	-324.596597
1008	-248.448467	-248.376876
1282	-346.860539	-346.834012
854	-383.971058	-383.819559
2545	-324.614082	-324.463838
2053	-320.769272	-320.393803
3183	-345.642870	-345.674584
3853	-271.336383	-271.448616
2623	-235.700285	-235.642007
1885	-345.647670	-345.635430
802	-359.306313	-359.284326
3604	-273.812100	-273.824300
3194	-301.367422	-301.177906
3959	-305.831035	-305.837970
171	-361.745138	-361.385242
3230	-344.454591	-344.541872
1604	-347.456674	-348.715103
2155	-343.243883	-343.267993
1413	-247.214861	-247.322732
2393	-324.608961	-324.549848
3598	-340.671493	-340.565653
2273	-324.579188	-324.593502
412	-372.768039	-371.526431
3302	-324.577047	-324.582565
1253	-312.126356	-312.141146
2481	-324.614891	-324.436097
1973	-340.637231	-340.072575
3651	-303.463214	-303.511706
1189	-287.322957	-287.224114
1782	-308.555419	-308.699158
3105	-346.821661	-346.923180
2577	-381.600777	-381.477067
3440	-322.135917	-322.143388
2320	-362.876210	-362.902813
1733	-322.169100	-322.078562
286	-324.563745	-324.509079
589	-340.604189	-339.147219
316	-341.858490	-340.923828
610	-324.629068	-324.681479
1422	-361.728608	-361.539579
3306	-361.650084	-361.873156
124	-271.621961	-271.625615
3057	-301.381127	-301.081011
3901	-346.822424	-346.675263
548	-233.555951	-233.668591
3556	-276.202384	-276.228670
1916	-360.557411	-360.921732
2990	-376.661483	-376.518848
2843	-308.509454	-308.576645
3818	-308.470796	-308.376099
1752	-296.265627	-298.712819
637	-360.557419	-360.453222
196	-341.759398	-341.804448
404	-324.595399	-324.454471
736	-325.799293	-325.748195
346	-307.586014	-307.593355
1228	-345.640969	-345.666604
1410	-273.759553	-273.814335
1886	-302.286171	-302.333441
1800	-212.439286	-212.121686
2756	-153.742562	-154.291602
3987	-324.506120	-324.410285
2560	-339.452794	-339.350754
1573	-233.255259	-233.271611
2838	-324.547436	-324.634000
1018	-354.272548	-353.179616
1354	-382.790027	-382.613275
3666	-309.735874	-309.745675
2679	-312.130526	-312.017170
2033	-310.919833	-310.850673
3908	-272.847530	-272.852047
3775	-324.576188	-324.545872
1321	-234.472577	-234.362455
415	-309.692626	-309.751839
1202	-361.725394	-361.871979
628	-325.726991	-325.498656
1061	-343.531666	-344.074286
2304	-286.431160	-286.323340
3299	-325.725069	-325.629644
2575	-308.759090	-308.796787
2688	-284.964138	-285.510238
1658	-287.337578	-287.511475
2068	-308.471269	-308.516271
935	-269.154939	-269.183099
3945	-304.737186	-304.742259
2896	-356.725069	-357.098217
2649	-381.581036	-381.735169
1675	-271.277972	-271.455377
1419	-344.350927	-344.293260
1784	-324.497693	-324.588625
1558	-270.389386	-270.402601
2470	-309.688189	-309.675722
671	-310.897268	-310.897513
23	-304.679494	-304.130916
872	-309.711438	-309.786047
3397	-356.702115	-356.198408
2599	-355.457663	-355.744480
3793	-381.580932	-381.746175
3410	-271.316922	-271.436218
3374	-324.551244	-324.527367
392	-345.637570	-345.603856
2019	-340.659620	-340.549013
1935	-361.677841	-361.917679
580	-360.537290	-360.378654
337	-312.123120	-312.072870
3966	-376.570141	-376.793519
3928	-377.799358	-378.311887
3636	-324.624318	-324.576734
1647	-343.242553	-343.433781
739	-309.678703	-309.592094
2301	-324.616647	-324.551028
1280	-356.683566	-356.790850
1984	-287.441165	-287.566376
752	-324.557693	-324.610234
2901	-318.323005	-318.180695
1244	-345.616998	-345.618831
3694	-338.246643	-338.404790
3729	-376.562796	-375.557269
1523	-340.646229	-340.524980
3663	-344.446747	-344.375398
3756	-326.943546	-326.971597
1127	-345.659797	-345.517458
365	-361.740208	-362.019451
1311	-288.545722	-288.515601
2339	-326.954728	-326.935429
1329	-309.710338	-309.731633
1677	-344.412416	-344.333107
772	-381.599310	-381.106843
147	-345.615452	-345.694691
3284	-343.290242	-343.228328
2792	-362.944759	-363.056408
3349	-207.916786	-206.733082
2866	-344.431605	-344.369781
3549	-323.437779	-323.253393
1070	-361.752301	-362.034188
2906	-340.657508	-340.575661
3163	-319.610683	-319.610816
992	-377.811306	-378.462801
3921	-343.218379	-343.381449
1873	-346.842529	-346.644945
591	-325.760915	-325.817099
3396	-273.815873	-273.901472
2854	-325.810616	-325.890472
2442	-345.636611	-345.666659
613	-309.689486	-309.788373
1372	-381.574124	-381.217021
3969	-324.609784	-324.531001
3426	-307.387663	-307.624843
235	-270.375081	-270.314963
1764	-304.725676	-304.365276
159	-273.773408	-273.955578
1163	-397.709232	-399.393283
1614	-325.736331	-325.746075
3371	-286.517424	-286.371789
70	-346.874234	-346.887720
3855	-304.746925	-304.781049
2350	-341.853951	-341.962928
3328	-324.549529	-324.610622
2898	-310.940190	-311.010525
725	-325.725266	-325.741574
43	-319.572842	-319.718220
2859	-362.909074	-363.074775
429	-288.570364	-288.691564
1157	-309.691584	-309.702607
1490	-309.691591	-309.734290
1318	-310.897519	-310.989407
2268	-302.558547	-302.636508
2799	-340.702898	-340.818481
2288	-345.612787	-345.766243
2482	-268.321270	-268.396765
1326	-266.616319	-266.078696
3539	-324.625415	-324.669938
3480	-286.460642	-286.322694
3712	-300.148891	-300.484892
2709	-345.632155	-345.506798
460	-360.488733	-360.505367
3052	-291.017787	-291.091301
2945	-307.281910	-307.354903
626	-288.653249	-288.926021
1510	-322.425235	-322.480922
954	-324.612244	-324.640767
681	-312.126544	-312.109797
2419	-287.353473	-287.496116
2594	-335.586914	-335.732014
327	-324.607903	-324.654268
2222	-340.678668	-340.640429
1093	-325.718074	-325.558356
2356	-323.346816	-323.422533
3192	-313.554802	-333.923477
2484	-344.359905	-344.384585
102	-307.230370	-307.238196
539	-341.886521	-341.698295
2300	-453.655583	-454.410278
2850	-288.580309	-288.560862
1147	-304.755780	-304.795448
1759	-305.906809	-305.202984
990	-309.684377	-309.670935
140	-309.676929	-309.664703
2677	-309.684577	-309.684206
1005	-273.786179	-273.694723
2383	-324.593866	-324.150235
889	-272.539307	-272.569205
1772	-361.717972	-362.116780
2142	-324.624987	-324.518495
3478	-343.296547	-343.421944
405	-273.804251	-273.850849
806	-308.768073	-308.724527
3218	-325.743746	-325.655035
263	-341.853650	-341.923535
91	-275.011437	-275.005301
1009	-266.763445	-266.890414
2080	-325.793131	-325.950006
1219	-306.334850	-306.383976
1519	-352.874613	-351.080000
2616	-272.542567	-272.578341
2278	-345.650717	-345.700305
3401	-338.175569	-337.819253
3503	-266.630629	-266.764667
3326	-381.616196	-381.783393
2655	-235.723792	-235.690907
918	-310.917344	-310.908230
3772	-356.752251	-357.367320
3059	-363.508158	-363.092172
519	-309.687078	-309.754673
1439	-340.590431	-340.590011
25	-309.712046	-309.675918
1221	-344.436348	-344.371681
3292	-326.937372	-327.023304
169	-309.688569	-309.647005
2381	-346.856604	-346.776612
2785	-310.915445	-310.981499
2303	-309.719920	-309.680255
3808	-345.614760	-345.616780
132	-308.469258	-308.489624
2241	-346.857051	-346.999966
552	-340.639366	-340.529234
223	-339.501781	-339.564895
2780	-272.545389	-272.513787
185	-361.726913	-361.665338
1447	-469.758395	-450.365476
1771	-287.657053	-287.720452
432	-344.390227	-344.340935
1654	-360.518768	-360.219768
691	-361.734668	-361.693166
128	-303.785832	-304.172359
826	-248.137789	-248.329659
97	-286.495035	-286.395723
1561	-325.749687	-325.692611
1355	-361.727678	-361.913224
457	-380.372151	-380.312499
3071	-273.789182	-273.779221
1975	-341.829025	-341.617728
569	-376.620836	-376.436231
622	-341.886905	-341.957634
72	-325.720699	-325.795876
1277	-309.706892	-309.753831
3819	-397.692021	-397.825436
2749	-340.645995	-340.723473
1747	-360.559076	-360.548408
652	-345.620593	-345.573573
617	-376.521083	-377.254391
1940	-334.429558	-333.745523
2943	-340.654874	-340.651707
753	-361.710299	-361.601718
3229	-271.614305	-271.597688
642	-234.476516	-234.472509
474	-281.476832	-281.493230
1102	-116.609549	-116.012082
372	-337.283890	-337.598296
994	-323.428670	-323.152844
3565	-286.474509	-286.573985
726	-346.870614	-346.855268
2382	-380.343633	-380.172277
3516	-324.634527	-324.503165
2921	-310.904813	-310.903883
2202	-324.602888	-324.596654
2427	-339.474134	-339.527147
786	-307.544728	-307.706546
3407	-343.517848	-343.446305
3720	-308.561301	-308.694080
1905	-231.145151	-230.973041
2532	-301.405558	-301.774003
3834	-324.589539	-324.343364
3310	-309.721850	-309.715711
3980	-372.708066	-372.564270
896	-323.312767	-323.317163
2385	-310.911571	-310.901698
3692	-281.505078	-281.736888
289	-321.949791	-322.096921
3929	-321.233569	-321.388301
401	-325.712603	-325.665830
979	-309.713440	-309.755226
1259	-288.590804	-288.585020
807	-340.681309	-340.784728
1066	-375.344926	-375.689782
828	-361.684892	-361.561964
2518	-360.566272	-360.679964
3217	-306.392828	-306.357929
2000	-309.736479	-309.799806
203	-340.663148	-340.579063
2963	-287.651399	-287.950338
2449	-341.841190	-342.044207
2687	-377.816463	-377.989947
2725	-269.218553	-269.190114
2434	-377.845502	-378.221612
1996	-356.687774	-356.681411
2286	-309.728265	-309.656256
2251	-430.448052	-443.648175
3272	-173.147782	-172.099879
2004	-346.839235	-346.779089
225	-346.842403	-346.946860
2031	-269.170061	-269.126411
2863	-287.423372	-287.380782
81	-318.390876	-318.071801
2372	-322.217569	-322.157420
480	-325.760797	-325.807284
3392	-361.774979	-361.976600
1140	-304.683966	-304.724334
205	-269.465281	-269.355921
3536	-352.836930	-353.367193
3414	-285.313674	-285.368534
3835	-309.693085	-309.602653
3347	-286.510514	-286.544341
2567	-320.795216	-320.926816
3385	-324.583090	-324.497722
414	-192.762455	-192.655099
814	-308.509272	-308.488193
813	-361.733052	-361.926729
554	-340.688787	-340.587185
3572	-322.172641	-322.026076
2156	-346.827596	-346.922110
518	-289.791234	-289.738843
2456	-345.610758	-345.725575
2206	-312.126404	-312.082832
2923	-325.801905	-325.869017
3047	-285.293918	-285.479908
1620	-270.431243	-270.392974
2835	-362.925466	-362.849317
1893	-344.385273	-344.356255
1108	-341.839596	-341.785212
2828	-232.030352	-232.030759
3128	-341.867138	-341.459822
2020	-272.514099	-272.475601
741	-344.434318	-344.493514
2705	-270.384180	-270.390996
647	-338.268974	-337.784162
1814	-360.537947	-360.799401
1564	-288.555332	-288.561680
1487	-345.665813	-345.596781
1887	-361.696319	-362.061657
228	-346.859384	-346.919607
3744	-339.414779	-339.521176
2052	-325.809179	-325.722937
2554	-345.649886	-345.620817
916	-345.608831	-345.541876
2228	-308.518356	-308.485935
859	-308.468407	-308.429629
1118	-306.032266	-305.957870
2798	-307.259167	-307.385907
187	-341.842120	-341.752413
3832	-346.836423	-346.853567
3742	-271.272557	-271.261972
1031	-304.643927	-304.458543
2974	-396.486691	-396.541142
1730	-345.663299	-345.625641
3043	-196.405320	-196.406954
869	-327.026488	-327.087540
129	-308.512092	-308.505495
1469	-324.444698	-324.332737
3873	-348.051405	-348.093685
719	-309.693538	-309.650718
79	-324.605178	-324.406348
2591	-325.773278	-325.784460
1039	-360.575277	-360.706365
158	-308.540079	-308.401509
3936	-326.951067	-326.387940
2166	-343.239068	-343.310472
1129	-340.618148	-340.487712
870	-345.646965	-345.638130
890	-344.458979	-344.369820
905	-360.513668	-360.439115
3343	-320.735225	-321.106016
3583	-325.721011	-325.793143
1540	-285.217962	-285.421272
711	-341.849127	-341.487941
3215	-320.793270	-320.876750
2665	-348.031230	-346.719093
3538	-271.350701	-271.481381
1622	-346.869712	-346.839642
2871	-308.460407	-308.401134
2644	-320.786990	-320.592304
3234	-287.349937	-287.440912
2930	-310.906738	-310.849183
54	-195.186228	-195.185618
2767	-340.635968	-340.541677
723	-361.717032	-361.623620
1064	-276.202311	-276.323416
3318	-308.513124	-308.517356
1135	-310.903412	-310.872234
27	-324.573866	-324.594833
2803	-327.013853	-327.083889
2270	-355.497046	-355.270488
2495	-307.596472	-307.666151
1141	-115.679136	-114.210928
2573	-307.303421	-307.415405
3243	-377.816466	-377.991313
625	-308.514390	-308.588239
3238	-340.667053	-340.567076
1040	-268.307873	-268.613961
2284	-359.298380	-359.258030
3120	-309.689111	-309.706609
1405	-361.711854	-361.693825
30	-325.717105	-325.721431
112	-340.648166	-340.306746
1145	-312.129019	-312.106550
2153	-309.673226	-309.651375
1648	-345.660642	-345.646555
2343	-325.781464	-325.608056
810	-269.144656	-269.200662
1165	-309.706371	-309.613718
800	-324.611571	-324.620720
2182	-340.610000	-340.505349
2911	-289.871661	-289.758424
2771	-310.910278	-310.851944
1025	-324.520219	-324.415045
3077	-336.822591	-336.562290
1910	-326.978724	-326.820037
226	-360.556344	-360.589051
1452	-308.467331	-308.467727
1010	-340.666160	-340.619500
2795	-379.572458	-369.518573
2578	-324.576080	-324.532224
3009	-307.265383	-307.472474
1434	-344.482088	-344.251691
1781	-324.582445	-324.735806
2600	-307.237880	-307.361122
792	-310.898648	-310.964699
3290	-341.859618	-341.838220
2001	-346.833365	-346.945150
835	-320.740782	-321.428302
1091	-309.678344	-309.724668
3863	-346.804974	-346.803153
1340	-271.616723	-271.603337
1255	-381.635881	-381.070758
717	-380.401348	-381.375290
2276	-309.679242	-309.655916
2557	-273.774103	-273.936483
3078	-383.966179	-383.721708
3461	-320.776316	-320.065411
3327	-348.059242	-348.159236
3322	-272.536448	-272.466383
3924	-270.393737	-270.352479
1168	-308.454820	-308.396056
724	-320.775720	-320.667372
1494	-345.654016	-345.594303
669	-377.780670	-378.448650
2880	-346.831172	-346.839821
2413	-345.604177	-345.691928
3255	-345.578846	-345.415394
1100	-380.373569	-380.533664
2100	-343.199390	-343.328635
2007	-308.499105	-308.535898
3745	-310.912788	-310.936996
32	-287.509315	-287.789538
2401	-263.280728	-262.528558
1702	-251.727632	-251.676955
1581	-345.660520	-345.591950
1970	-362.897428	-363.200257
2592	-308.486071	-308.542075
2878	-285.336744	-285.403020
237	-268.287661	-268.102942
249	-306.347185	-306.405510
3091	-341.869641	-341.767800
154	-324.538764	-324.626744
2786	-327.009009	-326.876080
2121	-324.619773	-324.608032
3296	-345.650105	-345.539141
3049	-324.610004	-324.638509
321	-324.604397	-324.610212
1096	-309.689595	-309.742225
3543	-287.318584	-287.314623
1423	-344.413850	-344.352677
3596	-285.328258	-285.296356
1496	-268.248371	-267.969990
1671	-309.708282	-309.699266
1978	-281.485530	-281.467194
