no_training:3000	no_test:993file identifier	 training data
806	-308.768073
1496	-268.248371
3117	-346.824942
1802	-361.715983
2681	-308.466840
1052	-361.770383
1611	-348.044714
542	-382.793238
3197	-309.714859
64	-362.945802
3221	-308.477915
2835	-362.925466
2481	-324.614891
3482	-281.480993
2674	-342.352279
550	-319.568017
333	-308.507517
992	-377.811306
140	-309.676929
233	-301.382062
1589	-324.608694
2615	-360.501085
80	-392.672883
3077	-336.822591
2995	-381.584942
167	-310.912077
263	-341.853650
2358	-322.169697
2570	-324.626187
2094	-325.812885
2412	-310.904086
863	-285.288405
3001	-270.386138
2837	-325.730097
1372	-381.574124
832	-308.470270
3902	-382.757521
2458	-361.683558
1605	-345.703157
3538	-271.350701
2036	-309.733888
844	-324.606050
680	-325.806369
3190	-232.325947
2908	-271.620997
976	-382.776658
3383	-360.602876
398	-345.636145
1789	-310.905299
524	-308.507004
245	-340.656722
1692	-362.862736
822	-336.845442
2076	-274.982287
439	-288.690999
3635	-308.475489
3868	-360.526225
3206	-346.853173
3608	-372.729173
2660	-307.582044
3610	-360.476593
87	-490.834069
2288	-345.612787
2696	-353.269456
710	-340.625597
2542	-326.951186
2035	-249.294409
2337	-324.588418
1303	-345.676156
3010	-361.720579
2089	-308.469081
2612	-345.627545
953	-392.650949
1249	-272.543724
2714	-398.878264
2383	-324.593866
872	-309.711438
1858	-343.238086
1717	-345.603646
3678	-285.255880
2257	-307.238509
527	-324.629301
619	-325.787161
76	-325.685245
2038	-348.056093
33	-264.504487
2158	-340.663379
3696	-308.474441
1348	-309.683859
2723	-324.554067
2350	-341.853951
1002	-287.689262
3108	-361.653332
2937	-324.573883
3666	-309.735874
1230	-323.396217
2669	-309.763785
147	-345.615452
1346	-308.542644
1124	-271.651913
1648	-345.660642
189	-322.167165
866	-340.620625
2053	-320.769272
312	-234.485640
3756	-326.943546
692	-362.917261
1363	-355.525451
2633	-324.627681
3617	-345.608658
578	-382.825717
1685	-338.273553
3368	-308.496367
1752	-296.265627
2443	-288.547509
1103	-273.764642
2698	-344.434438
674	-346.879260
2137	-324.588239
3109	-324.582824
2281	-345.643890
2224	-307.568767
2538	-344.417597
1656	-323.352987
631	-371.449232
1901	-362.946498
2403	-326.955365
1186	-359.296697
688	-324.491475
2708	-308.512758
2818	-335.618370
3217	-306.392828
3744	-339.414779
3392	-361.774979
1827	-343.492484
142	-307.594137
3302	-324.577047
713	-308.484017
380	-307.581989
2427	-339.474134
322	-346.832352
2461	-269.170508
1695	-344.411060
1381	-303.795699
1499	-320.779994
3064	-326.983087
2627	-235.695309
3475	-321.247305
3379	-273.761967
3350	-339.431591
1747	-360.559076
1870	-309.686187
2206	-312.126404
1933	-270.396100
340	-273.789697
1640	-304.583737
2893	-274.985796
3730	-291.017996
2317	-308.503515
370	-356.698196
2691	-308.505543
3955	-323.391458
238	-233.253760
1300	-324.595031
3916	-273.810780
2332	-342.335241
1458	-288.648179
1554	-320.728167
3033	-325.785262
1431	-344.392695
1169	-346.819305
2638	-309.688194
3463	-304.735360
407	-287.508781
2396	-307.546144
1924	-340.591587
3334	-325.800680
1156	-154.972731
1689	-336.823026
1089	-344.451793
1243	-323.582949
546	-306.365166
720	-381.594735
1315	-288.533780
2799	-340.702898
579	-281.480583
1250	-309.686189
1967	-288.573475
754	-361.718210
1106	-231.106310
1608	-361.758032
3917	-274.985822
2784	-273.803873
770	-381.612946
1378	-346.867789
3710	-308.565933
1767	-285.277900
575	-272.582834
3793	-381.580932
1266	-324.582035
1254	-325.753541
3967	-273.758273
1310	-307.529289
2197	-309.684327
18	-309.719641
1084	-309.711894
2641	-270.394309
227	-377.805829
1484	-273.817328
645	-308.540795
3219	-339.428557
2069	-346.855971
2100	-343.199390
1200	-346.908492
3767	-324.568597
1441	-303.469082
1781	-324.582445
590	-346.857871
2254	-359.388326
1263	-345.642008
738	-324.592221
2825	-360.576433
3983	-322.115604
3675	-360.534222
3763	-344.416821
3580	-345.661657
476	-397.686127
1766	-270.387395
3209	-346.834502
3384	-357.949026
3488	-340.672417
220	-276.205821
2765	-381.546975
1734	-359.354596
3421	-324.571081
2869	-306.113519
1150	-308.551121
1481	-376.634518
2029	-380.417684
1839	-355.496901
2361	-304.727460
2686	-340.697732
1367	-325.812267
2761	-309.696507
3319	-376.604793
1244	-345.616998
3269	-381.624381
1986	-344.459234
3702	-362.951503
2266	-289.766576
200	-345.625804
970	-310.911364
1316	-361.652250
2938	-346.875201
600	-268.859550
1520	-309.728493
1748	-288.688929
3870	-345.605387
36	-344.382282
128	-303.785832
1975	-341.829025
3453	-321.254976
736	-325.799293
731	-355.501990
3901	-346.822424
3471	-416.384141
3988	-309.707600
1051	-346.860404
1968	-324.538807
1570	-325.783642
686	-391.370332
529	-309.725786
3632	-340.612805
2811	-326.944158
1449	-308.507220
1443	-346.867442
3606	-310.906553
1000	-339.452428
1638	-344.481904
940	-325.787515
3547	-324.582904
879	-303.556846
2768	-340.690205
676	-272.584377
494	-345.611057
2803	-327.013853
1721	-339.479764
665	-288.571762
3411	-286.134060
875	-376.554863
2072	-344.431636
110	-346.869123
712	-294.081616
2482	-268.321270
2099	-288.573876
1047	-346.836177
649	-340.685408
1370	-242.180146
3122	-232.329070
226	-360.556344
1743	-346.856186
232	-490.793044
1077	-326.938562
1863	-381.631601
2134	-344.433965
153	-347.466594
592	-307.614861
342	-323.351196
2389	-361.728546
591	-325.760915
587	-307.283919
2113	-344.391557
3692	-281.505078
3700	-361.717469
2727	-271.330291
1197	-308.462932
434	-338.195462
277	-302.288351
3414	-285.313674
2415	-340.676441
211	-357.939331
655	-325.771459
2970	-339.501361
2776	-313.573888
3318	-308.513124
3148	-324.567513
946	-324.577279
2662	-345.635068
789	-324.581906
3125	-308.510840
1245	-310.907810
3020	-287.430903
2425	-322.435505
2618	-361.768020
487	-307.223588
860	-397.697425
1504	-360.489720
3673	-309.691463
339	-356.705991
1618	-345.629039
2334	-472.135006
2200	-344.426799
84	-345.610574
2095	-348.034975
3403	-339.424322
2352	-288.589622
183	-362.962787
565	-356.730212
1134	-343.068226
2441	-310.909223
3243	-377.816466
2980	-274.983908
3476	-304.737418
452	-324.575287
1325	-356.758284
2339	-326.954728
432	-344.390227
1814	-360.537947
2694	-317.396153
275	-344.442225
326	-236.917664
2300	-453.655583
894	-338.247875
2552	-340.624424
2357	-325.754267
1547	-335.613384
593	-303.525517
3976	-273.765901
2667	-308.455402
3516	-324.634527
127	-322.216227
3259	-359.368793
2464	-297.555801
2533	-265.438520
3823	-303.527274
2269	-308.452310
2634	-326.927446
1268	-344.411146
3662	-360.469577
607	-301.373496
2559	-319.571638
2283	-231.111403
774	-395.551843
3757	-281.482952
2772	-343.232602
1113	-234.484521
288	-355.557059
283	-355.460155
2026	-272.837907
1755	-304.686811
1184	-286.506282
331	-309.734363
3657	-312.124380
223	-339.501781
1653	-157.116735
1851	-361.717868
3128	-341.867138
547	-360.540793
194	-308.496245
1065	-360.485823
3236	-310.912270
3951	-326.977685
2245	-308.434866
3636	-324.624318
1133	-308.517070
345	-309.704732
3200	-265.433051
335	-361.729115
883	-340.647778
3274	-196.407957
2061	-345.638357
2558	-472.145935
187	-341.842120
2780	-272.545389
3210	-336.808333
289	-321.949791
2381	-346.856604
2502	-309.685960
2380	-327.025010
2463	-288.576502
2759	-393.905418
309	-309.718312
1919	-407.364323
3703	-287.697316
3929	-321.233569
1892	-382.805933
2405	-318.344936
2225	-324.612179
1890	-371.608385
453	-375.430225
1172	-357.927353
758	-307.574899
290	-348.056024
1852	-309.685790
384	-343.291812
1841	-325.788368
1906	-324.613156
3116	-312.128429
3167	-309.688639
1558	-270.389386
865	-304.728720
3851	-326.998454
1634	-324.563073
3071	-273.789182
3835	-309.693085
2891	-308.511094
182	-324.474954
3357	-361.779217
2419	-287.353473
1366	-345.633122
3554	-309.689751
2676	-325.784384
1262	-356.712023
1884	-307.577822
3141	-345.651109
3252	-340.610842
1265	-227.324775
1587	-322.133444
2050	-362.937518
3265	-324.569062
3571	-309.676719
3511	-324.552260
1454	-288.652757
1487	-345.665813
253	-305.838224
2494	-274.984732
2539	-321.276274
2781	-288.581699
1398	-234.469383
1739	-303.454720
1730	-345.663299
136	-343.240623
2040	-317.409527
2167	-309.681554
659	-326.976670
900	-288.561991
3438	-312.132858
1596	-492.022084
594	-325.809558
826	-248.137789
1264	-324.536694
38	-309.736982
3634	-340.646592
1988	-312.124451
2030	-273.804223
1785	-273.751900
3885	-304.728655
1350	-343.076530
2914	-270.422403
416	-271.318448
878	-308.466070
3650	-382.756764
2104	-379.006904
1146	-339.465889
3080	-344.436248
1231	-324.569596
1125	-285.292217
2235	-318.409670
2576	-306.418503
1503	-327.014214
2583	-346.859078
930	-346.898838
2650	-361.727711
1684	-320.783029
1947	-303.533559
2684	-310.940657
3228	-381.648857
2643	-372.711859
1628	-345.637174
3124	-308.562031
474	-281.476832
1135	-310.903412
2437	-356.692640
1157	-309.691584
280	-271.324234
1451	-348.052763
1613	-346.890723
2287	-310.905485
2661	-323.448833
3173	-325.791830
1380	-288.625728
470	-303.460335
1331	-310.941319
2424	-273.764093
2308	-324.460752
2630	-282.871678
633	-325.759393
22	-324.575190
2470	-309.688189
1293	-271.369084
2774	-310.910631
734	-233.242250
1	-360.499843
3272	-173.147782
3752	-345.686524
1511	-271.315027
2237	-325.784144
1636	-233.551389
1941	-286.206129
1625	-320.776082
1971	-362.906662
103	-291.024232
714	-356.669324
3578	-286.432515
1854	-382.743932
3191	-284.360325
2657	-308.451299
2207	-301.330754
3388	-271.606364
2625	-291.021574
2881	-345.594203
1336	-334.362330
1067	-273.762417
264	-339.450073
1926	-273.773955
330	-286.408473
490	-231.142581
2014	-371.537915
561	-264.226909
3834	-324.589539
3291	-362.911941
251	-265.386781
1505	-308.487195
3800	-346.862839
1149	-325.796862
1426	-381.607770
2747	-301.332569
3345	-312.120708
910	-270.384937
2086	-308.486338
1952	-344.408452
1538	-348.050463
3574	-398.876124
1195	-285.287913
281	-322.479769
1108	-341.839596
3215	-320.793270
867	-283.179781
954	-324.612244
898	-305.906901
1989	-287.426977
2709	-345.632155
2263	-274.983122
1394	-396.500849
1764	-304.725676
2070	-114.483613
3517	-396.475511
1387	-361.698635
215	-356.645883
3530	-309.739069
1530	-272.549380
131	-345.603479
2156	-346.827596
3699	-355.497878
219	-307.221351
1715	-286.486570
780	-308.769557
2911	-289.871661
3	-346.838279
3908	-272.847530
2922	-352.890573
1373	-324.557383
3066	-345.688382
1252	-301.395982
2830	-325.800699
7	-309.722879
1414	-377.797879
3158	-269.271320
262	-345.647032
1040	-268.307873
3105	-346.821661
1588	-323.678800
1095	-324.603415
3298	-345.599182
3459	-346.831382
2189	-325.762375
2524	-392.642251
1803	-270.394458
1672	-336.831068
2655	-235.723792
2292	-343.246371
3393	-359.297522
1061	-343.531666
1915	-361.705669
216	-307.283509
485	-250.585183
1849	-324.547957
1203	-261.802956
2839	-362.930315
3153	-340.622406
1784	-324.497693
1517	-359.342366
2998	-246.027383
2179	-361.698233
2025	-249.363808
2843	-308.509454
3060	-270.441145
737	-336.836792
3640	-309.692577
2854	-325.810616
373	-379.522177
1927	-361.739999
2211	-340.648620
3017	-271.339346
2814	-325.804528
2431	-309.684774
793	-326.950540
1409	-285.282853
1161	-308.513516
615	-345.676743
3585	-308.497008
3322	-272.536448
1580	-271.339821
2991	-272.841336
861	-360.488871
2512	-346.823548
1522	-324.485746
23	-304.679494
2963	-287.651399
304	-322.464725
3238	-340.667053
3095	-339.431197
800	-324.611571
891	-325.767721
424	-309.717380
141	-287.734664
689	-341.818686
3484	-341.890999
3268	-324.562156
1418	-325.725274
112	-340.648166
3168	-323.614890
678	-308.506580
2936	-324.504178
988	-341.827199
3087	-392.563319
2149	-341.878745
2745	-322.118085
2003	-324.579943
858	-340.661797
762	-346.863396
97	-286.495035
3724	-324.573480
690	-375.420808
1212	-304.733723
972	-341.869909
987	-273.765811
3231	-380.446861
2564	-325.789398
425	-289.769718
2273	-324.579188
907	-381.607752
2379	-361.769162
1289	-344.439723
3034	-360.418556
1332	-209.144909
1643	-310.910140
1435	-193.963318
1440	-270.441325
2148	-309.718089
3645	-304.681903
1745	-264.171923
3344	-325.748658
515	-287.727890
3337	-286.438448
1223	-324.586663
1039	-360.575277
2861	-288.654312
1354	-382.790027
3031	-270.411205
222	-412.548009
3621	-346.815715
3092	-340.610697
1993	-339.504090
3120	-309.689111
1007	-235.694216
570	-275.012535
488	-346.861837
3458	-345.693035
2567	-320.795216
1153	-325.764669
2954	-305.915530
3139	-344.437158
1711	-345.611239
2752	-381.632242
756	-325.798888
3705	-345.665479
2305	-376.633716
1718	-356.706262
623	-265.457424
1982	-345.609374
3321	-251.726162
1474	-340.654517
3779	-308.476903
1676	-296.285473
2388	-309.695742
2600	-307.237880
3455	-270.401061
218	-285.311823
2890	-309.738198
1964	-309.726463
2442	-345.636611
3881	-357.951284
3296	-345.650105
2805	-272.587161
2002	-286.504040
540	-346.830523
1046	-271.618580
2402	-235.696227
3248	-322.477268
667	-360.533083
2065	-340.537496
3340	-229.879598
653	-344.473681
1667	-323.323781
904	-345.608456
403	-272.843742
670	-324.618078
3304	-346.843297
2844	-301.377995
2606	-323.344105
3067	-271.304881
2175	-324.545475
1720	-309.692095
2374	-285.279236
617	-376.521083
1288	-324.635136
3061	-392.552088
721	-185.648533
3771	-309.655144
3715	-381.567301
2560	-339.452794
549	-372.785072
3824	-302.288055
2478	-339.450173
3160	-362.937857
3780	-323.320574
1586	-272.837559
2356	-323.346816
3825	-93.411888
1678	-310.955296
3743	-325.726182
1322	-271.619912
2457	-382.757134
3467	-308.494487
3685	-381.602419
3528	-233.262752
2338	-268.888303
2673	-345.652182
3043	-196.405320
2447	-323.330261
3604	-273.812100
2715	-345.709596
327	-324.607903
1886	-302.286171
9	-344.468531
1485	-309.731369
3472	-340.657197
778	-324.573162
1357	-375.307060
329	-380.402442
1758	-271.616401
1953	-308.457242
1420	-286.516174
1659	-487.002792
2407	-377.829134
3991	-372.765028
1867	-324.583096
2982	-325.722723
2687	-377.816463
464	-324.485629
2792	-362.944759
1885	-345.647670
3624	-324.614194
3898	-356.700248
2601	-333.464063
2665	-348.031230
613	-309.689486
962	-376.587043
3159	-324.612512
1714	-132.718150
679	-340.668108
1606	-308.462382
2719	-286.477365
284	-360.500454
3498	-381.585231
1826	-285.242094
2801	-310.932716
1911	-272.582516
1436	-375.359407
2754	-309.674575
3935	-289.875063
495	-342.297848
2371	-307.253245
1453	-309.720334
1771	-287.657053
3372	-309.705858
2516	-309.661518
2773	-325.684055
2147	-382.781806
3786	-308.759185
3534	-320.785748
267	-345.641113
2896	-356.725069
1119	-304.733360
3211	-310.908555
2101	-361.717364
1358	-340.682075
2730	-286.492223
2193	-383.976576
2051	-325.790442
3306	-361.650084
2364	-360.507160
2161	-361.735863
3945	-304.737186
26	-301.359287
3878	-360.554015
1768	-289.789940
2996	-324.566568
1228	-345.640969
1682	-269.215705
3234	-287.349937
2466	-325.785959
2485	-392.676111
361	-376.622353
1242	-308.508254
350	-320.793580
3283	-287.404397
2775	-382.812383
1352	-304.677606
3469	-356.686540
1141	-115.679136
419	-312.128001
413	-301.369263
852	-361.731511
3986	-355.516778
3920	-319.574905
1536	-324.492974
784	-377.848074
3745	-310.912788
921	-325.682121
2619	-326.939536
569	-376.620836
2125	-310.908354
1464	-381.610550
1646	-340.684749
3102	-310.903589
3048	-381.616883
2440	-317.433049
35	-343.197784
1333	-270.359564
1148	-284.062954
1669	-287.426878
3542	-344.409533
966	-339.467091
1235	-265.447270
3919	-304.721921
1227	-322.155306
3837	-343.468335
1259	-288.590804
2344	-305.915175
2851	-356.699504
602	-275.010289
1181	-323.657279
3626	-310.902465
1506	-339.437849
126	-274.991042
2561	-325.778234
3905	-395.515911
2517	-308.462063
454	-265.283843
3142	-376.617653
2682	-324.528297
3480	-286.460642
1948	-195.158734
2624	-309.699280
3880	-357.942023
506	-234.516241
3722	-308.759135
801	-273.763117
3911	-345.639354
3796	-341.875439
1422	-361.728608
3754	-324.570035
2685	-344.426408
1533	-309.671865
3220	-273.806349
1355	-361.727678
646	-323.641347
538	-324.494520
3036	-310.907823
1349	-286.542391
2913	-361.630982
1762	-361.755551
918	-310.917344
1447	-469.758395
3956	-345.698757
3846	-318.393987
65	-312.125621
1480	-324.584824
3716	-361.720799
1320	-340.656628
444	-340.665581
1364	-267.963366
2829	-340.622886
2417	-336.838171
726	-346.870614
1165	-309.706371
802	-359.306313
27	-324.573866
255	-309.672030
3658	-309.682445
1804	-324.542706
3792	-360.525610
2646	-325.800095
1733	-322.169100
531	-226.107205
2864	-340.658990
621	-310.899323
2951	-308.569129
491	-287.737498
318	-310.954514
3809	-310.902628
1837	-381.574917
1167	-309.729139
10	-344.512001
3338	-308.466631
518	-289.791234
1977	-312.131398
666	-381.593528
3202	-310.908741
1702	-251.727632
2742	-348.048844
814	-308.509272
29	-344.425700
2547	-323.328581
1337	-286.498779
761	-312.126820
955	-345.632414
1938	-341.826148
509	-307.238995
1390	-340.660793
1772	-361.717972
951	-307.548619
70	-346.874234
2992	-343.202564
107	-307.580090
3505	-274.983383
3869	-324.525580
3551	-345.646761
799	-310.910909
1759	-305.906809
1238	-360.499088
1825	-271.656372
694	-344.360007
2875	-344.475122
1891	-323.382399
3356	-270.447268
2157	-309.686797
457	-380.372151
2359	-360.468392
1479	-309.677142
1035	-284.385189
3857	-340.686134
2398	-319.533364
2233	-319.556235
818	-387.475673
1406	-375.394844
1281	-308.457113
3789	-273.762938
752	-324.557693
298	-377.795528
79	-324.605178
604	-320.777491
101	-324.507184
2348	-285.253877
859	-308.468407
581	-287.683128
2362	-305.134491
1817	-339.459612
939	-344.481802
824	-310.952875
1932	-310.911279
2199	-377.815601
1111	-335.656557
3527	-309.716030
2468	-307.193849
1812	-307.275809
2699	-346.864540
3531	-344.458268
1115	-325.773014
1820	-324.522751
687	-346.841762
3577	-361.716705
2887	-345.641890
1459	-306.320451
1318	-310.897519
3336	-308.477672
1700	-320.782427
3978	-282.861121
173	-396.486463
741	-344.434318
363	-320.778723
2124	-345.600825
1215	-335.566430
2049	-344.463291
3309	-274.989422
3425	-324.547564
1285	-346.860450
2985	-304.745635
577	-343.087962
3057	-301.381127
395	-234.447743
1097	-325.784473
125	-228.992613
1098	-356.649302
3508	-309.675176
573	-286.504534
843	-308.437835
57	-345.635513
1013	-271.300649
2903	-308.505951
2426	-340.650391
1092	-360.552974
2689	-309.673807
250	-360.538828
2771	-310.910278
1974	-345.655745
1311	-288.545722
744	-249.332005
2182	-340.610000
1680	-377.842223
306	-307.335530
3397	-356.702115
947	-322.454079
2541	-341.834413
2579	-273.765811
203	-340.663148
248	-339.489875
92	-301.343578
3412	-335.628480
2886	-324.530742
2055	-304.724717
15	-288.542593
598	-193.088340
2062	-303.437471
3832	-346.836423
459	-348.056615
2410	-361.673369
2084	-361.708021
1304	-356.679729
2808	-340.646073
1905	-231.145151
1787	-325.795649
796	-344.453746
3690	-346.829378
1374	-322.175807
2529	-229.969129
436	-360.521191
360	-346.890881
1466	-340.657975
902	-310.940195
397	-288.630839
2894	-309.717750
2446	-361.740252
968	-308.470667
3447	-270.389803
977	-285.160699
835	-320.740782
1314	-324.460304
722	-310.935212
2459	-273.761223
2882	-322.444150
3253	-281.476938
3279	-356.732861
2508	-324.574476
552	-340.639366
479	-77.308427
2870	-289.872470
3942	-287.507193
3430	-341.828533
2044	-373.173910
715	-285.275928
3163	-319.610683
1334	-273.765782
3376	-273.775510
1697	-345.613396
1012	-266.609146
1396	-346.886411
2871	-308.460407
3602	-361.683811
239	-270.446608
3407	-343.517848
611	-248.364357
3927	-323.326298
146	-377.813815
1256	-312.119596
1140	-304.683966
3053	-490.831786
1234	-325.796704
1528	-360.446475
1950	-232.331230
2746	-247.190194
838	-361.709679
1155	-272.838189
217	-271.648392
1997	-271.666841
1970	-362.897428
3275	-308.757315
640	-345.616264
1437	-376.547304
28	-324.630221
3833	-324.559324
779	-356.732185
1728	-362.942862
3611	-324.577560
2607	-275.007113
2480	-344.385369
3822	-309.665941
46	-372.766726
104	-360.574432
743	-309.719124
520	-309.720011
3954	-271.611366
372	-337.283890
2022	-344.425164
2693	-340.638326
3799	-291.018995
2138	-340.684371
2370	-360.496984
1552	-346.865957
2163	-324.503356
2230	-262.056533
2705	-270.384180
1888	-276.201993
2286	-309.728265
3572	-322.172641
2807	-269.176124
1284	-320.761539
3451	-319.606765
3981	-249.257629
1857	-307.540766
2809	-344.506029
3965	-273.764529
566	-303.472917
2136	-263.278851
3216	-344.380260
629	-309.712115
3871	-346.859809
724	-320.775720
1057	-391.518453
3442	-381.635659
1066	-375.344926
2940	-339.418028
1027	-360.529992
2143	-288.628466
916	-345.608831
1278	-362.942040
3024	-251.729571
2139	-381.581478
1492	-310.927319
3686	-344.462681
3515	-346.852204
2648	-325.728744
178	-188.042067
3205	-341.842686
2506	-307.526911
2555	-287.427764
2743	-234.516409
574	-271.665153
2590	-340.650928
2883	-308.757991
639	-270.405973
584	-309.681686
3861	-234.486176
3433	-308.465425
1196	-346.840727
368	-345.595021
3939	-317.386479
696	-356.709466
1091	-309.678344
1323	-289.811983
301	-324.570823
498	-273.791878
1417	-381.586740
1523	-340.646229
1793	-325.725688
1411	-327.023352
2243	-340.673964
2504	-325.805550
3684	-362.958208
374	-372.796889
2602	-345.645491
3332	-376.610619
864	-323.337623
2493	-346.822460
1860	-308.507458
3052	-291.017787
2794	-304.681399
2855	-268.917900
2534	-362.960595
3380	-345.606939
877	-359.317823
440	-307.226474
2828	-232.030352
1094	-304.696023
3292	-326.937372
3738	-274.982053
1500	-345.609230
2088	-362.871515
2301	-324.616647
2989	-287.317913
3863	-346.804974
3717	-275.014300
628	-325.726991
3525	-340.662316
2420	-340.625366
3381	-309.731402
1934	-341.769746
757	-345.678211
746	-273.802095
3947	-382.782251
1408	-379.527030
1142	-309.702591
2394	-355.446449
191	-307.610450
3404	-309.733988
2264	-346.831590
2488	-363.508158
2571	-309.686348
3130	-270.427802
3601	-308.749822
3097	-309.716094
1765	-285.335887
2249	-392.653825
2535	-272.835594
1365	-361.755045
3303	-272.589883
3586	-287.506415
950	-324.580266
2489	-250.583259
2520	-307.284294
1462	-312.136049
3941	-231.108368
3596	-285.328258
1744	-288.535621
2514	-354.197108
3548	-79.764152
3233	-304.691526
1999	-233.547877
1896	-326.971392
3566	-325.830752
1338	-320.793141
636	-382.818623
1421	-360.526142
3853	-271.336383
3391	-306.403144
3121	-344.419977
1030	-309.683546
3011	-310.902708
3726	-382.754967
3308	-381.582831
839	-302.254301
948	-336.827390
3529	-341.843027
2298	-270.396464
1990	-281.482892
2569	-281.476967
2387	-391.391111
467	-273.793804
134	-308.516376
2946	-345.649552
3974	-323.433262
2141	-307.287454
1210	-340.641282
3565	-286.474509
1647	-343.242553
2291	-286.514923
3339	-356.699649
2146	-310.932540
2961	-348.061993
3175	-309.649998
2740	-360.536920
314	-233.255379
2981	-327.026688
1832	-309.737802
707	-381.585428
2975	-345.579201
3410	-271.316922
2294	-341.831947
1738	-273.759338
3079	-270.401391
3277	-354.254979
2878	-285.336744
3735	-360.522940
1652	-301.316399
3089	-327.025329
1302	-339.445855
230	-271.617434
1881	-361.772040
2573	-307.303421
913	-352.855499
3561	-343.190300
174	-229.928448
3286	-361.731914
2909	-361.687451
558	-344.464151
406	-359.295180
1473	-340.678945
3330	-323.360126
3795	-310.908453
3113	-324.531139
3698	-360.508088
3549	-323.437779
2170	-274.987123
2016	-308.569875
16	-273.806874
716	-325.758431
849	-360.532987
132	-308.469258
3395	-248.436061
786	-307.544728
1894	-360.532510
2071	-246.029150
73	-233.293627
1994	-383.983835
3694	-338.246643
2276	-309.679242
3352	-272.834623
1792	-363.504227
3691	-352.852117
3581	-319.540355
2879	-265.401151
3491	-361.750275
2171	-359.346839
1882	-273.764420
2810	-273.763107
2726	-324.475651
2800	-287.478272
820	-326.934229
3005	-249.248680
1746	-396.470299
2713	-310.904631
511	-320.778636
2472	-209.159302
3194	-301.367422
1687	-344.407598
193	-307.285557
3056	-269.180682
196	-341.759398
1175	-361.742598
2278	-345.650717
1483	-309.723988
1567	-356.714706
1917	-325.790782
2413	-345.604177
3023	-323.343769
1693	-234.474613
964	-291.014970
2033	-310.919833
935	-269.154939
1925	-309.677276
2500	-286.498235
1028	-360.421732
1114	-302.353948
2957	-323.644468
1694	-273.743311
143	-302.355005
733	-345.660927
1309	-287.723848
246	-313.537245
362	-289.871990
1983	-320.792773
1063	-265.440996
925	-307.567279
1876	-251.732828
1584	-251.727102
1897	-197.629387
1468	-345.650338
3737	-361.714817
2737	-322.442708
2585	-249.269471
3523	-325.728070
214	-348.052027
2928	-324.540084
998	-302.306196
3539	-324.625415
576	-345.655968
2501	-232.377706
3787	-381.580675
708	-306.313133
1698	-325.800949
677	-324.594116
2028	-346.821466
664	-335.632054
1495	-286.516879
2725	-269.218553
71	-346.864282
1972	-233.542445
3600	-325.781571
483	-309.705795
2162	-340.613712
941	-340.652570
1828	-284.993731
315	-302.472397
869	-327.026488
1402	-286.203815
501	-345.630685
2817	-340.641240
2690	-231.093096
2788	-345.596027
1214	-341.865386
3653	-309.763576
3342	-153.787612
3131	-303.560907
612	-397.697891
1025	-324.520219
3950	-270.439135
3569	-272.588302
3587	-322.421320
130	-274.988525
1053	-340.610046
3150	-310.942587
2150	-324.570860
2103	-346.834331
606	-343.235457
99	-336.813559
1713	-323.381747
2314	-345.658870
2918	-271.326117
2522	-307.545457
1004	-355.416555
2067	-280.248350
3166	-326.949535
1460	-309.684108
3524	-308.455477
1704	-274.984793
1442	-308.465594
2215	-289.795079
2509	-344.380267
3365	-396.458774
2853	-325.794835
3251	-306.056425
1869	-269.207716
1980	-345.680616
660	-271.630416
3320	-310.952127
911	-356.711832
630	-273.762561
2551	-325.792606
3904	-356.716094
1246	-318.406529
2369	-273.760271
641	-322.439472
1690	-339.426816
1619	-340.600021
325	-345.637577
2096	-345.661705
3858	-308.459001
162	-232.324966
2031	-269.170061
545	-356.698773
3764	-308.483519
375	-346.857432
317	-325.797397
3002	-269.479234
652	-345.620593
2304	-286.431160
2977	-310.909944
1376	-348.053064
1889	-361.731388
3536	-352.836930
2367	-361.723620
1018	-354.272548
1101	-307.244627
1080	-288.570006
809	-361.738091
1385	-309.679840
303	-375.328197
1273	-355.513035
2073	-345.600119
701	-265.396194
2960	-271.360631
105	-309.727110
1510	-322.425235
212	-324.605613
1556	-340.659506
1282	-346.860539
3428	-288.564752
6	-345.687671
3828	-288.650589
3661	-287.358011
247	-304.688358
493	-336.819674
323	-309.647349
1843	-362.899677
3821	-308.427345
1664	-310.904974
3620	-359.351415
443	-325.754109
700	-310.938181
2282	-375.368783
3149	-372.694726
728	-309.678404
624	-312.119017
2	-324.551643
3203	-308.459279
514	-309.685045
727	-272.562906
1383	-344.398797
1805	-344.380468
235	-270.375081
1269	-307.563525
697	-340.621200
2384	-281.469893
830	-320.767103
2312	-344.416076
2498	-288.539500
881	-234.470813
919	-272.589999
834	-346.828689
3468	-345.710017
123	-269.263476
14	-302.238859
401	-325.712603
3315	-269.176979
1582	-361.735290
1598	-308.471397
554	-340.688787
2758	-309.696640
2656	-376.622509
2239	-346.823312
1286	-310.906869
1912	-310.915653
12	-377.816587
337	-312.123120
3086	-360.507527
1073	-233.249538
1026	-325.765414
2325	-273.732431
390	-306.070291
1775	-306.353871
833	-325.761605
43	-319.572842
382	-344.494711
855	-271.614051
2452	-344.424745
1147	-304.755780
2236	-235.698987
3535	-323.235679
2251	-430.448052
2692	-356.663387
3004	-288.652346
3502	-376.564063
945	-264.243028
3872	-340.691219
3378	-325.831718
1388	-250.583643
1501	-288.653529
3426	-307.387663
1898	-360.497612
999	-308.512721
3553	-346.830674
2246	-287.318502
1887	-361.696319
2297	-322.412936
3931	-288.683173
3354	-360.529236
2778	-325.711441
1899	-308.478846
242	-340.623533
2710	-361.773017
2122	-348.040439
661	-335.635079
3054	-269.129580
2511	-250.500016
2866	-344.431605
3324	-345.641848
1797	-194.267232
1836	-268.273739
1699	-272.541597
2932	-285.320198
2858	-346.862070
294	-308.506421
2093	-324.473588
1807	-344.469516
98	-303.553222
3371	-286.517424
332	-304.692914
3803	-287.351460
2842	-308.450204
1609	-210.001565
1308	-341.814212
2654	-304.679740
265	-236.916125
412	-372.768039
3418	-308.467120
2351	-304.614169
1921	-310.904960
2575	-308.759090
3143	-286.432042
2277	-383.973315
3827	-270.435807
3622	-304.726439
1105	-302.306944
3263	-285.326726
3489	-308.508824
3616	-225.221461
3138	-345.651520
1043	-324.605875
2536	-273.758980
1979	-308.462923
3876	-304.574737
2445	-324.576679
1663	-232.351764
1564	-288.555332
1088	-291.017433
1044	-304.687053
3805	-309.680682
2755	-381.595252
608	-309.688960
1478	-309.691634
3984	-344.418857
1936	-360.564423
2006	-339.486095
192	-310.897684
3623	-341.892484
240	-286.517094
3284	-343.290242
2013	-343.195410
3241	-319.515995
2250	-339.462492
804	-248.395289
625	-308.514390
1561	-325.749687
2703	-309.722894
423	-304.694187
2949	-346.838702
202	-226.160842
1853	-359.314227
3704	-348.035847
257	-324.569867
109	-158.340943
1632	-340.673967
1959	-324.603913
2265	-360.469291
1191	-360.510716
3681	-310.914919
1984	-287.441165
586	-376.582598
3466	-325.794624
3290	-341.859618
66	-337.302324
571	-339.423497
1465	-382.796989
1257	-346.855622
1248	-304.732336
3595	-345.600227
2540	-211.295796
1006	-336.843788
2636	-306.112153
405	-273.804251
772	-381.599310
2450	-312.124760
119	-327.012568
2832	-250.585843
2318	-348.039301
2675	-303.787203
663	-323.347275
319	-352.845678
3567	-309.693494
1944	-325.796840
3074	-272.553250
5	-351.628383
431	-361.712798
3110	-236.917458
3892	-271.608843
229	-361.648305
282	-325.714378
179	-362.928160
328	-310.911163
45	-266.615452
828	-361.684892
3262	-235.693825
2401	-263.280728
2519	-323.585680
2274	-308.463553
3582	-344.436500
2083	-322.434119
2121	-324.619773
3454	-376.600944
503	-355.514134
3826	-372.742383
897	-345.659998
3925	-325.718488
448	-346.831139
297	-325.833945
3492	-345.645245
2231	-346.825174
704	-235.696677
637	-360.557419
367	-360.491873
210	-362.938898
1076	-361.656187
675	-346.827397
1774	-324.585556
885	-324.623780
765	-317.447668
1548	-306.308471
409	-306.383308
3782	-262.035127
768	-193.039603
2734	-309.719592
2180	-340.665904
3854	-346.867382
11	-356.688211
3373	-271.613890
2785	-310.915445
3603	-326.952955
650	-193.034094
603	-346.867624
1182	-304.738393
3693	-273.779498
3349	-207.916786
91	-275.011437
3521	-342.324182
1375	-345.645053
3018	-345.638117
2166	-343.239068
3985	-324.548763
3281	-309.716743
3778	-309.700675
3977	-288.552886
3343	-320.735225
1719	-232.050342
2005	-305.155985
3615	-210.071468
3305	-310.955141
1615	-287.344000
225	-346.842403
1757	-285.313612
369	-361.733362
2219	-265.437885
3932	-360.472117
2152	-308.540101
691	-361.734668
3607	-325.801523
207	-285.281032
243	-323.389193
2108	-267.944278
2791	-194.254127
3182	-287.440436
3644	-345.587398
1036	-340.609236
2004	-346.839235
1543	-323.360471
3944	-381.563295
1922	-248.132701
2966	-308.428791
1174	-345.614442
792	-310.898648
388	-340.594424
1923	-287.427777
1740	-376.599676
766	-312.133805
3790	-286.502445
2608	-306.369631
3422	-340.663929
3226	-339.491316
270	-372.752005
3385	-324.583090
59	-248.430371
1074	-304.697680
3913	-308.551230
24	-345.608180
2087	-286.484121
3035	-344.404557
2679	-312.130526
3962	-341.865856
1780	-345.606551
3563	-227.798785
3104	-310.941183
3807	-361.706503
3961	-308.561152
702	-379.000257
2503	-345.653983
556	-272.600604
2392	-272.551442
2210	-325.710772
3683	-308.510782
811	-304.567859
3842	-376.587741
2474	-357.944802
2256	-303.503801
2716	-303.464433
1225	-196.409349
3895	-325.808333
773	-309.674485
148	-345.629933
2848	-339.419688
1361	-346.840635
739	-309.678703
2888	-361.704536
3562	-360.524672
2901	-318.323005
3457	-324.559213
1222	-325.805865
3170	-271.626697
209	-308.493663
1090	-272.500426
928	-345.665412
1277	-309.706892
385	-305.159206
500	-308.452306
1128	-361.695007
1683	-346.829154
1650	-341.836348
723	-361.717032
3723	-345.597175
484	-351.639205
2838	-324.547436
1187	-264.235803
1509	-345.612220
3614	-288.627505
1261	-268.282665
1727	-324.606977
648	-287.422111
310	-308.480308
3946	-286.438084
3007	-319.573727
847	-324.608363
1569	-234.503085
2218	-325.756157
3082	-272.586248
3126	-360.523204
2549	-375.410333
3545	-310.915918
3133	-356.679691
1502	-340.679724
2181	-340.656656
1708	-324.502429
1524	-272.550818
813	-361.733052
1534	-340.632075
2433	-324.552283
1306	-288.682324
1488	-320.766344
244	-346.835129
3798	-310.941861
3813	-340.620847
3637	-309.764115
1763	-325.799404
567	-339.489014
3564	-303.533472
3672	-309.689612
208	-270.399081
2793	-306.384286
3773	-345.602641
572	-356.752533
2604	-304.743934
971	-324.624537
1064	-276.202311
3250	-360.517106
1116	-356.691214
2190	-324.574822
1819	-249.292101
2347	-308.476587
249	-306.347185
1434	-344.482088
468	-322.150234
991	-345.602096
2090	-308.473428
719	-309.693538
197	-233.549368
2048	-235.699029
1900	-309.689410
1955	-339.498757
656	-376.605347
3287	-271.458576
417	-344.440065
3025	-324.573338
1189	-287.322957
3297	-360.526636
1877	-287.407788
2321	-381.536295
32	-287.509315
1427	-340.646339
2456	-345.610758
3435	-361.728293
1873	-346.842529
3887	-242.196351
3192	-313.554802
2889	-341.871347
1279	-377.837977
1943	-325.729335
543	-310.937295
2107	-325.766177
2532	-301.405558
2586	-191.810916
3948	-340.614465
3242	-397.707881
3660	-288.651313
2789	-340.629283
1810	-288.653294
1045	-344.449852
3980	-372.708066
260	-359.369049
2738	-324.555069
3877	-340.623773
2919	-340.635773
408	-208.863267
749	-249.280474
1298	-308.505512
3970	-305.897998
1176	-288.584832
3084	-325.781161
2153	-309.673226
917	-323.320690
3570	-272.514475
1590	-344.415609
2313	-312.122262
2621	-305.145002
2958	-324.580268
2208	-286.486509
1671	-309.708282
1430	-361.720960
2326	-320.768781
1838	-356.685238
2580	-309.722373
622	-341.886905
1326	-266.616319
610	-324.629068
3245	-327.024699
895	-356.728690
2081	-273.775864
942	-325.715957
1599	-304.689816
1679	-288.576381
920	-281.489179
1017	-308.419735
2701	-326.942959
3088	-308.459859
845	-40.478930
1037	-306.397746
201	-308.561649
67	-172.006141
2787	-324.505365
3039	-341.851538
583	-285.016369
528	-288.538806
365	-361.740208
3891	-346.821929
1221	-344.436348
1275	-310.936083
1903	-309.678054
1050	-304.643392
3090	-287.362939
1929	-324.551800
1760	-326.940002
3749	-249.363949
2597	-412.494644
2068	-308.471269
3777	-339.431092
2284	-359.298380
1240	-310.907666
2414	-382.803358
1566	-380.438011
1847	-325.753767
2757	-346.855643
3550	-341.825957
151	-270.397623
53	-285.330157
1319	-308.560759
1931	-310.900102
3400	-289.799552
52	-345.627428
2360	-340.636727
2247	-348.046805
2706	-345.667357
3214	-344.426062
1751	-339.469166
3625	-326.948771
2628	-359.341296
837	-360.512026
186	-340.606711
2462	-325.752244
3085	-322.130736
2454	-288.578155
2267	-291.016020
3013	-346.883127
1946	-346.841836
647	-338.268974
810	-269.144656
3072	-340.671263
2164	-304.744503
2327	-381.624797
1032	-346.816694
1874	-416.367317
2436	-308.473229
1058	-324.585402
3094	-324.601619
2041	-346.821470
3928	-377.799358
1579	-288.589020
2428	-309.682996
366	-324.576206
3990	-303.459637
1782	-308.555419
3042	-269.468415
3003	-325.798735
803	-325.789564
1961	-197.629416
3659	-340.683837
3156	-362.941094
3687	-325.793945
462	-234.474088
1276	-340.667317
113	-360.478880
2613	-338.214346
1770	-309.719198
1329	-309.710338
3112	-327.021680
3434	-360.560766
1166	-324.576650
68	-286.519735
2856	-376.586976
2997	-380.371074
2310	-338.194242
2421	-249.395323
51	-283.168740
2647	-262.017735
3465	-324.548021
2942	-325.778444
1317	-344.393241
2483	-322.158791
2397	-308.772292
2603	-341.863083
888	-323.328290
525	-273.812813
163	-319.624414
3860	-308.505267
381	-341.835557
2611	-346.824672
2309	-272.583285
1791	-272.554824
1883	-346.839066
2629	-356.679047
1875	-242.186010
3267	-320.776472
1712	-345.612640
931	-361.763293
2066	-432.401755
2717	-309.726244
2999	-307.237456
1340	-271.616723
2640	-398.880824
1270	-307.571937
3933	-307.569255
1341	-301.373831
3189	-324.510378
160	-309.685140
1729	-361.740062
1525	-345.608193
377	-360.527122
1813	-307.550360
394	-344.385642
1577	-355.468067
627	-359.304956
2144	-324.574829
2289	-325.766945
3450	-382.824468
3019	-301.357437
2722	-344.423318
31	-359.310420
2865	-342.307696
2990	-376.661483
3169	-310.902849
1731	-381.565314
1423	-344.413850
2718	-382.782995
154	-324.538764
1621	-346.884834
3712	-300.148891
3680	-305.904722
3648	-324.631468
25	-309.712046
555	-361.677945
1741	-345.629842
421	-288.627624
204	-287.353313
3106	-273.735646
3289	-270.437636
634	-154.960361
2658	-308.461040
1321	-234.472577
3331	-233.545899
564	-272.569586
585	-229.918003
1136	-271.296056
1038	-267.106213
2664	-348.047695
2430	-304.688809
2751	-273.787799
3540	-321.236907
1425	-288.648476
379	-391.337881
536	-323.348544
96	-375.359188
138	-362.875317
2732	-324.579850
805	-309.658574
1722	-362.946707
2222	-340.678668
3785	-348.045948
3171	-345.599912
3598	-340.671493
2075	-345.606444
1593	-335.598739
2572	-360.495461
2841	-360.524422
510	-234.491176
3591	-273.762889
2214	-245.994065
2010	-323.385837
137	-287.440932
1206	-342.315546
2984	-362.935648
40	-344.338878
1190	-377.830859
1555	-324.529724
3734	-326.940196
842	-360.514766
3390	-309.736085
658	-307.234503
831	-346.867207
1862	-319.615129
1237	-360.542541
1093	-325.718074
2473	-324.497671
819	-276.204532
785	-273.796695
3879	-339.483894
1995	-362.946041
1773	-304.696646
1880	-346.873992
3127	-327.010419
156	-288.654408
3711	-303.469034
152	-306.286325
3016	-309.730329
3797	-376.587519
3271	-454.878708
469	-325.775843
821	-307.566593
2544	-381.632480
887	-361.720206
3896	-307.280331
399	-304.735224
1550	-301.345683
122	-339.419649
1808	-356.676972
2917	-267.068488
3222	-344.494043
2187	-310.904927
3884	-323.333263
644	-376.595314
1976	-346.831692
3460	-288.678290
177	-362.872710
364	-117.824798
1211	-286.498633
523	-345.565792
2884	-324.471313
2565	-345.591597
2188	-288.690060
3628	-272.509064
3820	-340.655117
3295	-231.069318
2226	-276.206257
3742	-271.272557
2074	-285.300440
2492	-396.477101
3027	-336.811099
2546	-248.018573
1603	-232.363630
1219	-306.334850
2400	-345.592410
1617	-355.508183
3605	-372.755216
1607	-303.462115
2933	-360.538112
2395	-297.523583
3423	-308.555641
176	-308.554162
429	-288.570364
1079	-287.347000
386	-325.776001
3114	-309.692389
1096	-309.689595
3609	-269.176442
2987	-271.618137
3389	-309.689740
1681	-310.908780
2678	-285.255563
2330	-287.681216
2497	-325.763216
2418	-304.734646
446	-305.831164
1998	-324.536830
2862	-309.693471
44	-309.735489
1576	-247.184334
769	-271.361537
2411	-193.075202
1937	-287.438379
3239	-361.708121
3788	-361.725962
781	-362.918463
3831	-451.528971
3844	-308.450468
3791	-360.491959
2819	-360.551444
3136	-340.660061
2939	-352.864008
958	-302.599262
3914	-325.805781
595	-340.652012
2455	-344.431301
86	-190.624631
2873	-307.545713
2487	-361.694757
3111	-318.340705
3654	-307.541973
2354	-387.558484
1272	-308.486687
1939	-242.205627
3518	-340.655390
2663	-361.722327
135	-301.341304
422	-288.692943
2399	-308.430606
1963	-325.761942
3843	-309.717869
3668	-309.700336
2270	-355.497046
1292	-323.652284
3504	-308.561061
929	-272.832690
2423	-338.238743
605	-456.103432
2617	-248.151318
3307	-318.647923
2595	-303.465315
632	-361.705069
3358	-326.934987
2435	-229.013797
1776	-325.785476
1535	-324.463541
81	-318.390876
3866	-341.882531
3874	-323.344889
3794	-317.361117
1878	-346.819711
2795	-379.572458
3873	-348.051405
3746	-309.736797
1377	-325.768959
69	-265.441614
1145	-312.129019
258	-371.546126
3091	-341.869641
2582	-320.773768
2059	-345.674176
2806	-234.476081
1657	-338.273162
3714	-265.398572
3689	-308.467642
2085	-309.695312
3040	-360.506446
1170	-310.895183
37	-381.587333
3135	-272.569212
3107	-281.504745
2513	-345.631685
3362	-345.632413
1100	-380.373569
979	-309.713440
1796	-307.536544
2672	-355.556836
1602	-318.339586
1585	-360.545832
836	-324.606601
1472	-306.080007
2248	-377.773452
124	-271.621961
1110	-325.781398
307	-302.239101
2008	-336.802659
1086	-272.587059
2898	-310.940190
1668	-344.433140
1724	-381.594558
777	-307.544712
1620	-270.431243
268	-362.957295
2947	-355.510313
3663	-344.446747
293	-377.807580
61	-308.462933
1801	-301.335636
1448	-372.747155
1199	-377.813742
2444	-318.641916
463	-309.715058
1519	-352.874613
1957	-206.721858
3852	-361.710525
286	-324.563745
2184	-360.501473
2129	-356.722498
2253	-325.818163
2229	-319.560814
1078	-309.738888
3758	-272.557350
3493	-232.333258
3652	-361.720088
1218	-287.431740
973	-325.790444
2688	-284.964138
185	-361.726913
1861	-235.696852
3270	-273.788787
2596	-339.467484
1463	-362.938449
1010	-340.666160
1753	-375.351387
2118	-324.560961
2279	-309.711101
1291	-285.276634
172	-282.667163
1842	-362.894239
1512	-346.839595
1213	-324.530103
926	-345.680086
1020	-303.566436
3249	-325.739818
3839	-231.155780
2543	-376.588479
1001	-304.724431
808	-320.774349
1562	-309.676327
1822	-344.395150
1297	-345.621773
3420	-306.358581
3058	-247.214450
2268	-302.558547
159	-273.773408
717	-380.401348
445	-319.610687
1399	-341.826906
1185	-324.558175
3406	-286.459793
3514	-340.654233
1806	-324.610229
3907	-291.017966
2935	-297.516418
3811	-274.982348
352	-288.557016
3157	-335.619981
2127	-308.519863
3212	-360.575745
336	-308.524858
776	-325.781815
3299	-325.725069
1864	-312.133063
1085	-231.092208
1855	-360.497728
1553	-323.448965
430	-307.543210
3254	-287.469473
2955	-346.822341
2448	-346.833271
1255	-381.635881
371	-380.374978
1675	-271.277972
1446	-319.575102
1799	-346.861635
668	-267.103350
3960	-336.825944
3208	-288.572843
2042	-232.364952
166	-325.729970
1208	-345.608535
1809	-324.559733
42	-376.564691
1761	-376.622507
3646	-305.130313
1056	-271.618179
1723	-307.290176
2965	-344.689237
1444	-304.691748
3490	-359.315205
2721	-271.401725
2011	-270.099401
2821	-308.511516
709	-286.134079
389	-271.336957
3728	-234.474951
3975	-309.693760
1339	-285.316421
1400	-306.067385
1486	-380.373644
698	-274.985880
72	-325.720699
13	-360.526646
3059	-363.508158
3669	-285.267165
3237	-303.553222
3639	-345.680996
442	-356.712228
957	-360.490486
299	-195.196751
880	-345.648463
933	-270.430832
3049	-324.610004
3255	-345.578846
1696	-320.785074
83	-344.434906
3483	-308.500974
2271	-310.916474
2097	-345.639692
2145	-346.844016
1033	-339.482903
3750	-346.838572
3912	-308.435951
3207	-355.520098
1661	-322.148261
3850	-308.528193
1913	-310.912131
1122	-345.601318
1137	-271.622539
2385	-310.911571
2845	-307.602080
2372	-322.217569
3081	-302.557878
3432	-297.523580
1902	-324.615795
3152	-335.591582
3709	-340.613243
2106	-286.476486
850	-271.623957
2467	-325.805017
1688	-324.567893
963	-345.645239
400	-376.570473
2578	-324.576080
3519	-376.604739
3841	-371.541704
1725	-360.495137
1345	-376.540686
150	-309.732713
449	-325.753993
3185	-348.053386
3719	-320.742924
3431	-323.229212
1274	-309.686648
1489	-266.777425
1834	-381.615289
3552	-325.793166
1742	-288.583008
3755	-341.874216
3030	-324.500475
841	-361.736259
1790	-345.664882
477	-265.399968
1756	-326.935440
596	-325.754527
3729	-376.562796
3982	-324.592116
1592	-271.616430
85	-272.550580
798	-208.842347
2993	-346.825502
1005	-273.786179
1131	-324.580815
745	-344.464270
3579	-356.677429
3145	-324.570872
2390	-270.097243
1301	-309.679190
3495	-288.563768
308	-303.428586
1985	-339.481708
725	-325.725266
513	-355.518342
3151	-362.873906
55	-335.683118
873	-273.763068
48	-304.689512
3015	-359.362011
1455	-381.570969
3629	-359.312853
553	-271.666055
2151	-289.802108
2178	-339.455981
3957	-307.291354
3118	-236.917873
3697	-312.119261
2177	-346.868453
1154	-310.937644
2217	-344.408081
2994	-345.597078
522	-309.680641
3546	-233.219124
1353	-359.297643
426	-362.933001
671	-310.897268
1107	-267.060326
2952	-308.511290
3294	-340.693392
3333	-361.709769
3473	-360.527434
2057	-288.540318
2892	-325.728271
2786	-327.009009
2760	-155.908941
2798	-307.259167
1072	-272.554773
532	-344.369744
1433	-325.729800
1029	-325.751230
3936	-326.951067
1532	-309.731599
3708	-270.397474
1476	-308.455419
3819	-397.692021
3028	-346.861640
3009	-307.265383
3278	-298.952950
2623	-235.700285
3369	-158.342346
1709	-326.941251
1011	-310.942660
2822	-310.902197
2203	-310.911529
2209	-382.781841
2331	-308.516808
1307	-303.460433
1386	-362.967171
1160	-286.467220
763	-308.429953
2876	-360.574465
990	-309.684377
1356	-271.372094
3199	-273.811544
3022	-234.455424
892	-288.621895
17	-345.612580
3733	-309.678068
3196	-297.530335
20	-270.370102
3478	-343.296547
2553	-302.545562
3176	-432.852890
2523	-344.512144
3047	-285.293918
521	-262.065493
3029	-285.281493
2872	-288.581144
1666	-289.872246
1601	-345.646864
3865	-362.899954
932	-361.764881
853	-76.404702
359	-346.832402
2056	-325.729141
825	-340.536374
1507	-310.914024
3593	-304.614300
3520	-325.752207
3695	-309.651827
718	-392.601894
582	-325.833302
1198	-308.449457
1735	-320.791360
1143	-367.635675
3747	-324.521162
1144	-264.255612
108	-345.614707
896	-323.312767
1236	-155.897345
3415	-308.495275
3172	-274.982310
62	-309.677968
3069	-346.878430
1642	-344.345376
3776	-320.773105
133	-271.642927
3353	-324.514429
1258	-344.472090
3810	-372.726782
682	-302.303791
767	-346.861463
2408	-356.708234
90	-327.017113
180	-360.505528
974	-303.468081
3273	-288.589678
643	-345.663386
2386	-352.829520
3718	-195.186772
1009	-266.763445
2438	-392.565188
392	-345.637570
2477	-360.539944
1224	-308.420805
3300	-344.499155
2724	-376.591176
302	-340.632285
975	-357.171724
923	-322.135797
3731	-310.913156
228	-346.859384
2132	-377.826580
3360	-382.810709
816	-356.748545
2365	-345.689766
3449	-297.510804
3280	-344.483775
1359	-229.927277
3154	-309.714008
2826	-308.764658
1471	-346.857623
662	-341.843824
764	-233.560626
74	-310.918822
3100	-361.716824
3424	-348.051118
2592	-308.486071
300	-324.602433
2201	-452.728039
2198	-382.804255
1850	-323.407987
471	-324.532283
1907	-346.819476
2867	-361.734339
3260	-345.595084
2034	-345.586124
1031	-304.643927
2058	-356.710498
3198	-288.680991
461	-273.773506
654	-309.727166
1573	-233.255259
1267	-341.841438
3989	-272.542369
3612	-309.738513
404	-324.595399
3405	-269.206920
2262	-325.780603
3068	-306.015194
2242	-362.870426
1497	-251.731545
1604	-347.456674
2159	-324.581067
1120	-353.283458
3436	-361.762744
3909	-310.945132
3706	-345.687338
2261	-233.260156
3713	-325.748400
3677	-307.571921
1022	-310.902683
3230	-344.454591
2343	-325.781464
2275	-312.122563
3444	-289.794376
2499	-376.539208
530	-360.503506
2944	-309.687280
1515	-360.502298
638	-345.695868
3922	-270.394284
1645	-324.477059
705	-362.953848
2659	-324.461004
2967	-305.841708
2649	-381.581036
3201	-346.845480
411	-397.680771
1614	-325.736331
3503	-266.630629
2563	-247.215049
393	-323.334482
1112	-287.644079
2762	-306.370119
1816	-344.357220
3802	-356.724118
3177	-287.662612
2479	-271.622821
2064	-309.687401
791	-309.662433
1591	-249.397368
2756	-153.742562
1540	-285.217962
324	-307.534482
2311	-193.034988
2451	-359.328735
3642	-324.565306
296	-345.688916
2434	-377.845502
2077	-309.736028
311	-287.724713
93	-340.615011
2910	-307.536915
2610	-309.711468
1844	-325.808754
3971	-360.530885
2232	-56.525887
2770	-288.588657
1516	-249.358446
1833	-302.579718
460	-360.488733
1916	-360.557411
1710	-361.726166
2176	-345.608670
2196	-338.559964
285	-249.362379
840	-289.871520
706	-303.481839
563	-345.644179
77	-348.062001
771	-346.903261
2764	-195.179738
492	-305.904760
3075	-324.616343
1171	-325.721867
1344	-341.767606
2530	-345.673444
1904	-304.752598
794	-248.143861
129	-308.512092
965	-323.329385
3481	-357.941534
3325	-341.836362
2280	-359.345792
3594	-272.544482
3532	-344.464356
2704	-320.786981
1508	-308.462196
3335	-275.020322
316	-341.858490
3963	-271.323381
1914	-288.576123
1299	-348.043466
3014	-269.263802
2545	-324.614082
3557	-344.382663
1082	-310.901659
338	-272.544500
2027	-376.585000
3667	-249.293044
790	-341.836780
334	-245.983375
3968	-287.425634
1432	-324.522792
2376	-346.840597
1121	-333.449362
1069	-375.370023
3893	-341.097446
1151	-392.620909
1962	-382.756724
2205	-318.391203
742	-272.588370
3427	-325.793904
2915	-344.371144
2173	-304.678340
3804	-324.573632
3387	-309.727603
747	-359.350089
169	-309.688569
1996	-356.687774
1549	-340.689515
2812	-381.619786
2123	-327.010026
1467	-345.613895
960	-310.940611
2080	-325.793131
2021	-346.818246
1163	-397.709232
2117	-346.839895
351	-345.625747
2802	-325.804486
1732	-269.170665
1623	-229.615446
2644	-320.786990
2204	-310.904876
1439	-340.590431
3398	-304.686259
3441	-372.686714
3588	-272.549011
1016	-305.129953
114	-361.772743
2548	-340.654465
1048	-286.495416
3178	-345.605421
1829	-382.804482
669	-377.780670
2813	-232.063900
775	-344.469204
1049	-323.336196
914	-361.707841
599	-343.312201
3402	-234.522504
2111	-348.048744
1879	-288.594527
3679	-320.794248
2102	-361.723581
1749	-302.579654
2460	-345.631797
435	-306.309029
164	-340.675814
874	-271.611192
2375	-360.564233
472	-273.761356
3599	-308.482454
1271	-310.902165
1015	-344.454928
1158	-268.251114
2490	-343.078368
190	-354.290746
1866	-310.940708
1456	-308.496384
560	-344.385047
2484	-344.359905
2712	-274.985024
2782	-340.664407
2729	-323.315925
1750	-287.645651
1412	-242.195730
118	-352.905052
1637	-343.503600
149	-380.415966
3479	-265.289023
1226	-195.226072
2850	-288.580309
1164	-340.611734
41	-345.649146
2588	-376.538277
213	-249.281074
1313	-324.502042
2007	-308.499105
2110	-341.867094
3674	-309.731169
815	-285.324641
3631	-303.560350
418	-324.565412
94	-362.955075
341	-273.735711
827	-303.556664
1188	-306.054267
3266	-287.736841
2142	-324.624987
2255	-360.513163
2495	-307.596472
683	-348.060054
3762	-351.646368
1178	-382.751729
4	-270.439280
2739	-362.946034
1910	-326.978724
3618	-309.731536
2155	-343.243883
1610	-196.406419
1846	-344.370966
3940	-308.464824
3575	-309.736328
2160	-345.674929
3707	-271.620156
1908	-286.508233
2258	-303.453218
2393	-324.608961
2670	-326.934805
750	-344.384630
1482	-312.132386
996	-307.544316
533	-287.720383
548	-233.555951
3115	-340.620294
995	-360.542928
1786	-325.785038
989	-272.839582
3328	-324.549529
1109	-333.411326
3180	-323.669200
2486	-307.239887
934	-345.650323
1563	-376.575382
1159	-325.779568
1445	-396.491525
1404	-346.883049
1343	-310.895432
3513	-340.637067
1328	-376.531779
2777	-336.817321
2165	-319.567241
1498	-340.654582
1707	-288.590006
1624	-340.670034
259	-309.735245
402	-312.124533
458	-340.699868
2577	-381.600777
3099	-324.530718
346	-307.586014
2355	-336.816043
3050	-303.940271
2934	-324.462733
1991	-285.282532
387	-268.248806
3096	-338.175960
1600	-249.301818
447	-271.627826
1177	-325.808092
3213	-339.438949
1627	-301.363590
588	-309.684571
1651	-273.809498
1403	-308.462299
2009	-273.812948
997	-361.688335
862	-361.764434
1117	-345.566120
812	-308.509197
376	-309.732528
3417	-354.292460
871	-309.680919
3651	-303.463214
2834	-325.699665
3627	-323.347112
3883	-308.516508
3533	-232.036378
2120	-381.630205
3046	-322.057728
3979	-345.651111
924	-324.528533
3032	-360.508895
2666	-303.423742
2001	-346.833365
2622	-346.829131
3225	-362.875945
1987	-325.775071
2926	-320.764569
3560	-286.463470
2329	-324.557240
1438	-356.728392
3006	-308.470648
2827	-345.615042
1251	-322.482659
49	-396.507540

file identifier 	 test data 	 predicted
3470	-416.814878	-392.642578
3973	-356.659922	-260.876180
2973	-324.604156	-237.572839
3959	-305.831035	-195.363509
2733	-310.940764	-207.248625
3232	-345.686487	-275.027769
1193	-324.550139	-214.260797
1003	-308.516378	-237.377974
1539	-382.755486	-345.015007
2860	-345.600676	-230.604763
1253	-312.126356	-247.265234
2241	-346.857051	-309.253149
3664	-269.219315	-134.356145
949	-344.463502	-238.799725
420	-362.950092	-283.941003
3316	-264.261826	-145.138086
2907	-344.466563	-264.680056
2983	-346.833689	-289.463159
2116	-340.646768	-241.287585
3364	-305.057353	-212.529166
3815	-288.574763	-208.484494
2234	-272.580839	-224.222583
3836	-346.833711	-292.284664
273	-323.312375	-240.478698
3186	-346.829695	-302.839283
266	-308.477155	-215.788536
1518	-309.683200	-250.239556
1930	-341.835805	-243.668194
2976	-356.737615	-299.984464
88	-345.655534	-266.280462
3119	-301.090914	-186.326397
1192	-326.947461	-230.121065
175	-361.754326	-296.807873
3930	-338.542975	-257.402049
1260	-270.417842	-156.891132
3419	-335.590859	-276.895769
100	-361.702143	-303.385303
2221	-308.512137	-217.218397
3781	-274.984614	-215.511607
3526	-249.285024	-141.197926
1312	-381.612501	-324.584183
279	-306.012858	-233.590803
3992	-319.576017	-237.903069
1327	-320.768458	-229.120117
3900	-308.465445	-220.368800
2943	-340.654874	-226.526175
2711	-322.460671	-261.462555
984	-248.443503	-130.413849
3070	-281.491976	-198.043925
305	-346.859213	-305.424915
221	-310.917273	-239.163645
1639	-345.640072	-244.249702
1821	-308.473320	-227.504548
3769	-304.586424	-178.958257
157	-376.519880	-304.637208
2082	-302.567313	-191.554855
3341	-291.021228	-215.881181
1783	-320.761312	-215.900094
2060	-362.945811	-293.769721
237	-268.287661	-184.919875
703	-340.656580	-215.708721
3830	-346.817778	-281.496341
2695	-346.871133	-268.837755
3817	-288.554600	-206.037491
2012	-382.788561	-300.875621
2906	-340.657508	-259.005539
3183	-345.642870	-249.030778
3045	-310.906568	-243.308693
3847	-356.693135	-267.521028
817	-345.619715	-291.434184
3446	-306.044918	-230.103370
1024	-302.535621	-189.997810
870	-345.646965	-269.319922
635	-324.578381	-247.517595
3952	-269.175627	-156.682303
2037	-345.620113	-281.126777
433	-396.498209	-342.228212
481	-307.573371	-217.517087
3619	-325.779372	-227.081995
3396	-273.815873	-225.317431
3276	-344.508729	-268.225793
753	-361.710299	-324.216567
2589	-361.718361	-303.216990
2702	-309.685148	-233.437631
993	-317.364547	-247.991106
1513	-306.368494	-255.875076
3224	-286.504546	-201.321917
868	-312.124574	-211.787801
3739	-324.566515	-211.770824
3592	-323.367866	-204.866974
3494	-324.573795	-202.983309
383	-361.702346	-304.696985
3051	-192.736096	-101.774872
3258	-324.473847	-215.804403
2465	-339.464024	-252.156618
1831	-323.386306	-221.221012
3671	-326.941692	-267.134721
3958	-291.015785	-241.300580
2172	-308.472272	-259.612265
893	-232.317400	-132.351763
1942	-382.751274	-346.201243
3317	-269.177232	-145.491993
1152	-308.448572	-228.255046
537	-361.731930	-298.759686
1779	-288.583563	-202.987151
2322	-355.508682	-291.633713
890	-344.458979	-260.481188
2905	-307.206439	-274.055311
1405	-361.711854	-313.895422
2186	-320.782523	-209.148240
3063	-317.413890	-229.868644
3496	-302.303890	-194.816429
854	-383.971058	-386.813371
980	-356.743821	-291.039187
2303	-309.719920	-237.185326
3818	-308.470796	-218.096208
2319	-271.316064	-227.763108
2168	-310.899911	-237.906925
2363	-324.610150	-209.083849
3401	-338.175569	-214.009450
475	-304.691568	-174.368481
1544	-324.594826	-223.084765
1830	-345.641862	-253.873025
3355	-345.648365	-289.180099
3862	-271.646263	-175.226091
944	-320.766684	-207.798139
2527	-297.554699	-228.208619
2521	-361.728609	-304.094168
2769	-376.563238	-316.922368
1795	-356.736238	-297.511557
1059	-303.436180	-209.150217
1811	-346.855968	-280.758799
1545	-308.468255	-226.278328
144	-271.323089	-213.445708
115	-356.682218	-282.085284
3783	-310.912792	-240.056499
2921	-310.904813	-243.573797
1956	-308.461475	-220.038104
3282	-362.972786	-315.093447
685	-320.029854	-282.816443
2750	-268.301176	-212.270822
2228	-308.518356	-192.546001
2169	-356.733974	-262.918859
121	-361.711483	-268.525594
1397	-271.624640	-155.156517
2731	-272.836211	-157.029819
559	-362.935404	-281.955973
2632	-306.344083	-224.206571
1023	-309.663477	-226.108188
1204	-361.704371	-296.362650
1686	-288.648208	-207.266163
3256	-153.459846	-49.463225
2927	-324.500425	-216.185952
3775	-324.576188	-216.964801
2912	-346.883119	-264.558039
480	-325.760797	-202.642296
2133	-323.338627	-224.455113
1594	-323.433551	-207.496882
272	-322.161948	-189.866413
508	-325.801512	-221.618771
3522	-309.691414	-214.466534
3165	-356.724041	-306.309013
496	-377.794221	-328.358850
3889	-360.533387	-304.214178
2227	-356.712771	-241.528664
3943	-376.602183	-297.055229
2366	-286.466852	-240.936535
3721	-284.372483	-231.882002
3409	-356.696744	-307.978639
2130	-271.612772	-141.947384
1205	-304.682331	-176.256196
2114	-307.528446	-271.821231
517	-344.434827	-271.249559
3856	-306.313590	-264.817314
3849	-360.531172	-270.193968
2105	-335.635972	-236.765199
168	-325.810050	-231.240261
2128	-308.504896	-245.179872
1981	-306.313924	-266.228408
851	-270.117027	-208.570309
952	-325.717725	-209.043392
3953	-325.792503	-211.239461
3541	-379.527167	-189.915371
2594	-335.586914	-253.091251
2847	-307.566260	-239.575501
3137	-272.533448	-232.349787
2306	-287.354343	-199.053843
905	-360.513668	-289.139670
1469	-324.444698	-216.215654
155	-324.571682	-217.983633
2328	-320.732586	-220.064679
1410	-273.759553	-216.791476
2092	-288.572051	-174.409553
2272	-324.528642	-199.279304
482	-272.599303	-206.807797
795	-246.023231	-154.797729
1568	-324.555249	-225.967849
2223	-288.657055	-205.868524
1583	-345.655509	-285.442006
1379	-325.731549	-236.270292
2335	-346.825562	-304.871843
2846	-273.780933	-248.213523
848	-309.744522	-233.175643
1973	-340.637231	-244.014407
357	-307.245430	-179.215299
782	-361.678341	-310.840253
241	-309.718177	-218.416032
2023	-317.402836	-253.739072
3808	-345.614760	-266.912185
2475	-381.524347	-316.847628
901	-270.446915	-160.270795
1429	-288.579114	-215.449266
1541	-310.912991	-214.382308
2904	-302.545112	-213.647100
3437	-288.585212	-210.354788
120	-323.345161	-182.902891
465	-266.553159	-118.614548
1754	-269.221561	-179.460262
568	-303.458583	-201.008275
1118	-306.032266	-208.905736
3899	-337.265273	-317.364720
2469	-270.392444	-157.781341
903	-309.685872	-193.292699
292	-308.517192	-235.865344
2637	-325.687098	-250.105315
3323	-232.335768	-133.638136
2720	-231.102112	-109.834954
1824	-336.855265	-231.776261
512	-346.861026	-288.588474
2797	-345.646914	-245.168298
3348	-304.715963	-180.491623
3008	-323.359336	-197.643609
3301	-371.491061	-317.215526
3915	-309.687698	-241.609739
3187	-272.591906	-233.785570
3037	-288.567911	-198.198549
2449	-341.841190	-256.476508
1859	-324.577613	-215.650402
1450	-273.757658	-248.335769
1342	-361.712098	-334.404467
3103	-340.631134	-255.932479
1527	-271.621836	-171.915229
3462	-272.538255	-222.088898
1794	-325.712420	-234.108776
3487	-210.101789	-92.222322
1202	-361.725394	-292.824571
2429	-306.081547	-227.173447
3179	-270.408713	-161.097234
1644	-325.774769	-252.420541
2923	-325.801905	-225.107959
1371	-288.596392	-190.049830
171	-361.745138	-309.959542
106	-362.952198	-271.819441
2507	-291.014750	-234.837902
478	-119.052475	1.668845
1737	-323.398064	-236.278849
1407	-235.694798	-173.130003
2639	-302.580808	-208.185481
3573	-325.730390	-220.543221
354	-285.174014	-165.957444
938	-331.411639	-157.896827
1840	-360.536972	-295.943889
3584	-281.484877	-200.130516
1559	-380.372123	-319.484824
2213	-287.433999	-218.386924
2079	-363.517297	-114.613513
3026	-250.478855	-118.229819
224	-324.628594	-209.752189
1123	-375.393636	-311.625779
1595	-309.686571	-235.269805
1494	-345.654016	-277.607949
2052	-325.809179	-237.360406
1560	-340.645686	-273.801510
3501	-318.409788	-217.656141
2653	-361.749428	-293.030652
3132	-309.670613	-234.466590
473	-346.828378	-271.810626
355	-273.761263	-244.874729
1935	-361.677841	-322.766824
1201	-224.944660	-104.924253
3649	-343.292778	-304.781316
349	-309.687623	-226.836335
1966	-302.558699	-207.645286
2614	-232.164586	-139.253114
3748	-376.556657	-319.845230
3720	-308.561301	-230.192639
657	-270.392759	-153.702008
3361	-324.558989	-200.041667
2550	-271.628346	-174.047770
54	-195.186228	-64.265166
1071	-360.495618	-256.735005
3987	-324.506120	-177.667261
1360	-362.941781	-306.993567
3784	-344.450127	-239.982910
1393	-271.647465	-179.158462
2668	-310.906004	-220.585588
39	-340.687222	-237.297402
1940	-334.429558	-274.515771
534	-324.575799	-210.085061
2895	-273.764673	-225.098828
909	-325.789320	-240.876978
2202	-324.602888	-216.363492
2324	-346.831385	-282.617914
693	-234.520624	-136.797676
3327	-348.059242	-272.057758
1335	-283.156647	-219.144923
3370	-396.486664	-330.785731
2296	-309.691365	-233.362848
2183	-339.459869	-243.027649
3855	-304.746925	-182.252069
1701	-344.428649	-292.971408
3894	-322.469844	-273.562792
3326	-381.616196	-327.821026
3461	-320.776316	-227.104825
56	-345.599154	-289.083153
3910	-309.703111	-225.132295
507	-309.697879	-182.775285
3544	-312.133269	-219.424195
1347	-359.361259	-305.456358
2863	-287.423372	-234.275104
2185	-344.343476	-280.667606
3937	-361.713179	-302.925061
8	-272.545439	-200.005278
1716	-325.784331	-263.428781
3223	-341.794931	-239.228613
2345	-342.329232	-289.978491
3101	-360.503577	-298.122192
2295	-305.898313	-204.099599
3375	-324.594534	-203.154333
1641	-340.647224	-255.584410
3448	-324.634377	-187.428912
82	-309.701458	-230.024997
441	-380.414967	-298.873459
1954	-226.144377	-89.380862
3055	-285.313284	-193.144326
2700	-304.687547	-193.408474
915	-304.734226	-140.114663
78	-270.472470	-161.294003
797	-278.075775	-222.815712
759	-398.888473	-383.235120
1726	-381.506605	-300.012746
2820	-308.557865	-211.668522
3845	-344.454717	-259.305629
601	-324.603558	-225.698289
450	-235.729507	-190.819800
2736	-310.922181	-245.899226
3597	-360.539435	-320.077222
3938	-345.645388	-289.648335
63	-287.377993	-212.901257
3314	-305.846541	-187.788064
1655	-338.217210	-222.158952
58	-304.683044	-188.910266
1514	-320.781098	-198.840472
1126	-270.392715	-172.015811
3647	-325.794522	-254.029327
3761	-352.866322	-256.808319
3134	-271.319942	-210.674592
3972	-359.339915	-270.086117
2581	-234.469389	-184.643491
139	-338.257996	-191.830244
2409	-324.595526	-250.717102
3146	-289.872162	-240.803667
2510	-325.797299	-217.828778
1865	-345.609914	-296.132011
321	-324.604397	-233.685253
3310	-309.721850	-245.582921
2537	-317.434422	-253.624534
2964	-362.945907	-287.119639
681	-312.126544	-270.255817
829	-310.909285	-242.683399
1493	-335.643923	-265.313107
961	-326.950279	-218.994515
3195	-274.982322	-237.554339
205	-269.465281	-221.608569
456	-336.811524	-246.316457
1777	-265.408147	-123.264703
254	-285.284456	-153.070832
276	-380.379743	-290.321059
2528	-308.467760	-241.740244
3374	-324.551244	-227.432139
735	-309.716570	-248.196461
3012	-276.205920	-237.618340
994	-323.428670	-215.422835
1871	-306.406578	-202.698698
184	-322.436757	-268.152656
2568	-325.718022	-219.343480
912	-323.344400	-186.427350
2323	-310.954565	-245.475277
3509	-288.685117	-210.329948
2620	-324.587670	-242.771027
1384	-361.755719	-291.368038
3886	-270.388222	-151.481536
2140	-325.715372	-216.174993
1168	-308.454820	-226.525355
2220	-272.538190	-212.351444
2404	-323.340989	-210.156494
3740	-356.684693	-310.162455
3439	-301.389192	-215.445798
1845	-302.309526	-181.842880
2956	-360.528914	-284.229604
2609	-322.351046	-285.589045
730	-336.821088	-219.846215
3363	-345.658313	-262.711230
1490	-309.691591	-239.236484
1918	-319.573117	-221.044864
2616	-272.542567	-218.027835
2950	-360.498298	-276.184386
2078	-324.575989	-213.227929
2728	-304.742823	-187.932292
1247	-325.770105	-223.527456
751	-361.724921	-275.085362
347	-309.687405	-232.625365
807	-340.681309	-230.797403
886	-304.728323	-159.883348
967	-372.742461	-290.096533
1945	-361.754136	-343.462342
2735	-309.690179	-209.743379
1848	-273.769835	-241.601793
3859	-308.499978	-239.161873
89	-249.259410	-150.609142
343	-360.502305	-266.117776
486	-288.678720	-180.729684
1324	-270.399280	-155.590595
3123	-309.702150	-266.180938
1626	-345.619567	-256.594110
3556	-276.202384	-227.033237
1769	-324.569009	-224.352617
3346	-318.327053	-217.231441
1551	-324.575851	-200.225373
2333	-338.234590	-228.886467
1665	-336.802871	-245.704585
1660	-274.985107	-205.099638
1392	-353.321142	-324.426407
3464	-234.470922	-188.856251
295	-320.770299	-226.463144
34	-306.355655	-247.860089
1649	-346.868661	-317.375293
1670	-269.230258	-139.566443
3076	-247.198000	-202.533184
2341	-377.784360	-320.882757
618	-308.467888	-235.550340
278	-397.667072	-348.443199
2924	-348.045292	-272.696849
3021	-360.495540	-276.722880
3643	-309.660190	-255.868733
1542	-370.291993	-357.316207
3816	-272.830720	-187.448865
102	-307.230370	-236.780219
3888	-323.359825	-206.764216
320	-232.333410	-144.599174
2677	-309.684577	-249.291165
609	-377.817369	-288.832452
969	-325.797425	-241.023329
455	-340.664551	-252.402126
2900	-272.554670	-199.596602
1209	-392.612820	-375.615647
541	-325.714161	-205.021735
1477	-303.462312	-197.334499
30	-325.717105	-232.739335
2598	-308.508949	-216.869715
2880	-346.831172	-277.739118
2260	-271.351786	-195.589081
2948	-382.790431	-287.393322
3921	-343.218379	-252.799545
2744	-288.573110	-192.251105
1415	-338.156727	-193.468610
3768	-227.338075	-102.972429
3293	-360.535142	-282.832496
2342	-309.680487	-216.816523
1062	-324.496997	-190.111240
3416	-320.770681	-213.421765
3838	-271.318933	-198.236389
1083	-309.726295	-243.522265
876	-325.807685	-221.763286
526	-344.430692	-275.994963
2491	-381.634033	-298.927267
111	-344.470970	-310.536726
2941	-340.635024	-198.903594
3897	-324.519277	-195.071513
195	-296.296482	-235.026473
2032	-287.663174	-188.450723
2302	-492.008892	-445.573866
1019	-327.016183	-272.998620
3235	-339.416290	-231.635298
1674	-360.499243	-295.932344
2763	-272.548325	-202.967300
2422	-325.718957	-205.621354
1470	-272.542270	-203.512628
47	-247.225618	-164.239924
3240	-338.234966	-215.001616
1788	-345.646841	-271.620847
2974	-396.486691	-322.467858
2518	-360.566272	-293.403136
428	-324.570042	-231.719126
3000	-309.688191	-241.728455
2979	-320.767064	-216.306782
2988	-310.923406	-264.969790
1597	-336.805704	-248.775517
2112	-304.729640	-193.843247
2587	-376.609234	-288.602152
1691	-272.595294	-212.016086
3630	-287.660591	-176.770769
1457	-288.573089	-189.494463
1581	-345.660520	-274.914730
3772	-356.752251	-289.542297
2154	-360.512793	-277.424306
3766	-344.436564	-256.756023
2259	-361.734611	-303.062512
2018	-286.492357	-179.035907
2039	-360.553317	-249.049346
1102	-116.609549	-11.040950
1969	-360.529678	-299.017039
2496	-326.954795	-219.819792
3174	-272.844804	-152.269643
3926	-325.748612	-206.598304
2244	-414.351653	-385.742912
3741	-169.860788	-17.305452
889	-272.539307	-211.389503
2017	-310.940345	-246.333867
499	-340.611683	-226.903562
2377	-236.916033	-195.054450
2978	-340.669862	-260.544468
1895	-324.551432	-217.360345
551	-382.817123	-313.851049
2054	-302.588564	-207.486021
1233	-265.440660	-93.724871
1928	-326.927990	-225.470080
1818	-371.535911	-328.635536
2290	-343.224836	-286.678139
2391	-310.927566	-251.254299
956	-230.183076	-196.791155
1574	-245.997884	-165.855293
2697	-360.495788	-279.115084
1368	-288.584029	-191.422958
199	-309.673895	-224.787506
2382	-380.343633	-322.179757
2293	-269.216495	-120.104132
2642	-324.578146	-219.443522
1130	-346.826923	-260.924744
2476	-346.865438	-286.669639
2285	-340.578657	-230.137742
2969	-286.484904	-188.291304
1413	-247.214861	-159.680052
2063	-344.402806	-238.829004
231	-346.860243	-302.853267
161	-285.276468	-207.116455
410	-325.835955	-237.529554
1960	-345.602645	-300.034878
2115	-266.626759	-129.563038
1229	-288.582662	-193.310715
3655	-287.379629	-212.530034
959	-492.026657	-444.752232
3485	-324.614459	-230.102235
2131	-320.777849	-237.655703
1294	-345.612830	-235.307608
170	-340.667287	-218.233822
2000	-309.736479	-222.714277
2635	-323.324700	-181.998701
451	-362.932378	-300.573893
181	-412.528245	-332.682902
1232	-336.811744	-254.857469
3140	-284.987905	-166.517589
2024	-306.349032	-288.104963
2631	-380.316551	-296.619099
2119	-323.665987	-223.414740
3510	-340.674744	-242.230564
1571	-470.915515	-392.704630
1629	-272.526778	-230.532395
3486	-437.484875	-191.008193
1622	-346.869712	-270.280533
3682	-291.017820	-219.525641
3966	-376.570141	-309.355485
3558	-339.464817	-270.309869
3499	-309.702237	-260.224542
2874	-309.725707	-208.084157
1280	-356.683566	-259.999909
695	-345.700085	-277.533161
2240	-381.627040	-329.061284
252	-305.913756	-199.420028
438	-381.565482	-353.592144
740	-344.452972	-245.362872
3264	-307.260972	-185.872922
3257	-308.472221	-240.986359
748	-324.572987	-236.063076
1521	-323.665247	-214.465363
2453	-268.273240	-225.536205
3181	-307.209274	-260.187529
3497	-392.627857	-355.592613
2373	-302.564379	-178.082852
539	-341.886521	-254.863256
732	-327.023478	-240.237422
884	-276.202586	-225.523747
3162	-324.546164	-199.448306
711	-341.849127	-258.855961
3044	-363.519194	-112.520774
1127	-345.659797	-251.520599
1823	-340.656176	-244.218648
3964	-336.853985	-226.987526
986	-347.459586	-160.156945
3512	-340.641866	-246.392067
1531	-345.640098	-286.937197
0	-351.615495	-278.548045
3164	-344.379764	-287.591749
1706	-382.777508	-360.119978
2824	-304.720708	-180.967428
271	-361.759779	-292.930527
3701	-248.211932	-150.953941
1391	-323.317575	-214.718056
2651	-273.744309	-234.584650
1428	-265.391486	-135.118325
3848	-324.564634	-212.842247
1631	-345.642285	-267.411694
1452	-308.467331	-221.540326
2574	-273.812881	-229.517537
1183	-325.750970	-218.148372
2953	-348.047609	-250.746091
3753	-271.652242	-170.291428
2562	-375.357530	-297.044250
1419	-344.350927	-276.870332
3312	-323.647099	-274.603792
1424	-212.438188	-86.509642
1351	-309.733696	-238.303819
1395	-375.348487	-300.689192
1180	-306.364186	-244.173694
3633	-380.412093	-306.119451
1965	-288.555445	-191.365687
562	-456.105229	-395.777415
2378	-339.490841	-264.237153
1703	-286.154755	-174.386119
3452	-361.758902	-324.626542
1099	-231.975652	-184.357654
50	-357.934562	-285.416561
3261	-232.025930	-140.816954
3613	-308.483617	-223.971363
415	-309.692626	-211.564072
3073	-309.734862	-200.964566
3038	-288.542113	-196.693500
1778	-305.036659	-212.312518
2047	-286.246880	-215.977972
502	-306.349558	-273.983942
348	-196.432825	-85.866705
1868	-326.949224	-230.377029
2902	-271.653205	-170.605067
626	-288.653249	-228.241095
1389	-272.510742	-246.563370
1194	-381.612648	-339.313486
2877	-324.556404	-219.566036
620	-346.820834	-260.737317
2897	-346.825923	-285.105063
614	-383.982605	-317.450213
358	-272.544323	-203.052265
3774	-305.130184	-225.546095
2556	-321.958604	-243.468862
145	-310.929561	-245.517221
3875	-309.655400	-262.089533
1081	-310.912796	-251.779439
206	-309.688611	-213.904621
274	-272.539126	-204.641318
1401	-307.265351	-221.273183
2216	-308.505718	-228.655688
3890	-341.849730	-223.338401
3760	-280.314080	-204.509387
2336	-344.433499	-257.476543
504	-356.680129	-262.470327
589	-340.604189	-228.839238
1295	-346.829652	-294.221046
2471	-288.628801	-224.464170
3244	-323.320332	-248.614347
2174	-324.606491	-219.587032
1283	-345.605635	-252.923618
2796	-345.678871	-285.262021
3840	-309.681264	-237.255067
1287	-355.515622	-275.593198
3801	-310.937414	-237.258378
597	-309.683901	-252.472009
2194	-273.757530	-231.059145
557	-312.122696	-277.662151
2645	-362.923114	-317.979297
378	-356.705084	-253.366133
1087	-324.508933	-243.776020
3413	-308.440890	-239.524836
760	-324.605411	-232.034994
1241	-345.608395	-282.425134
2439	-324.485913	-199.467280
1217	-325.773675	-219.330172
3638	-306.320806	-209.686017
1893	-344.385273	-281.750532
2406	-306.386594	-258.748445
1546	-318.321510	-210.223715
2962	-309.686114	-246.015368
3445	-286.508374	-174.097152
3583	-325.721011	-227.332720
2191	-359.317050	-264.562666
261	-310.905322	-220.785059
580	-360.537290	-264.676195
3456	-276.206318	-261.584058
2833	-248.375248	-139.658668
2748	-321.271406	-285.740629
2930	-310.906738	-250.686324
2859	-362.909074	-303.246209
1104	-287.315479	-216.455117
3065	-344.486202	-273.035886
2680	-340.664901	-210.831993
936	-382.773457	-347.993233
3429	-274.987297	-201.453436
1572	-322.170570	-201.547053
908	-310.911406	-254.731126
729	-343.084333	-224.719231
2252	-382.779570	-312.483532
1070	-361.752301	-300.678558
198	-303.934323	-199.183127
1068	-308.470010	-256.767294
2972	-320.764992	-209.210101
236	-325.758113	-237.494335
21	-278.059333	-202.379310
3347	-286.510514	-188.548906
1578	-233.217482	-196.811562
3247	-360.531175	-283.969317
2195	-289.873479	-239.699220
616	-345.676243	-285.237431
3829	-323.654114	-229.211534
2238	-281.495234	-202.725104
787	-360.525379	-316.337302
3227	-348.043668	-291.110732
3507	-376.594067	-318.002991
2505	-344.440744	-257.849385
2790	-287.732329	-154.847857
2852	-274.986857	-212.185320
3732	-320.774305	-219.198828
2526	-340.601771	-241.756199
2767	-340.635968	-268.791788
3311	-344.433172	-264.681838
1132	-310.938583	-251.761367
1041	-371.504707	-312.540430
1362	-249.387499	-135.761091
1978	-281.485530	-199.507005
3500	-323.345473	-223.218677
3229	-271.614305	-202.658827
1815	-345.663783	-266.693123
2868	-270.407057	-150.068302
2885	-309.686862	-201.565882
1220	-325.800532	-233.872523
2098	-327.020807	-248.751042
3377	-360.549337	-300.797416
344	-343.305175	-298.492710
497	-287.470402	-232.042028
1658	-287.337578	-228.534273
544	-340.643340	-272.426593
3864	-288.639421	-214.389047
505	-338.531538	-332.939749
1008	-248.448467	-151.426665
2671	-344.377098	-262.476845
3559	-309.721434	-237.636178
1054	-323.427722	-210.450531
3440	-322.135917	-202.690373
2707	-310.915408	-254.403458
684	-361.753989	-284.568040
1662	-377.834156	-308.915883
2849	-355.442748	-263.457349
755	-324.568345	-245.435370
3812	-271.623066	-169.490929
1129	-340.618148	-213.918290
1075	-325.751822	-214.644111
3329	-310.909123	-238.929073
3474	-309.730988	-228.599436
1856	-321.958301	-241.856170
3386	-309.684862	-215.470340
3656	-310.918831	-259.896881
1909	-345.630398	-293.612415
3665	-323.329494	-228.576225
857	-245.711897	-162.551160
3765	-453.654335	-389.416389
823	-361.732840	-306.491271
783	-273.806375	-241.884384
3924	-270.393737	-171.720447
1949	-340.674935	-260.815918
3759	-270.393902	-143.706942
2192	-307.232824	-253.886344
2836	-345.652670	-278.635480
3725	-309.710255	-235.308312
2779	-381.606362	-348.531486
2945	-307.281910	-256.623979
3359	-325.733758	-229.371992
3589	-324.543443	-217.236627
2299	-280.273691	-206.816156
3083	-381.591448	-319.324347
856	-324.568212	-238.273292
2346	-310.909551	-245.285317
1705	-286.218259	-198.517377
1034	-356.732791	-270.521159
1042	-305.904676	-197.772792
1800	-212.439286	-71.379834
2135	-346.861074	-287.740060
1633	-247.201165	-159.626648
1673	-309.733829	-227.061064
982	-307.235414	-239.147607
3555	-360.547370	-297.096065
2019	-340.659620	-233.094037
2015	-308.518276	-186.227439
3288	-348.045786	-253.782071
158	-308.540079	-226.256659
3867	-356.726146	-294.170513
3161	-309.678595	-236.143183
2840	-284.048718	-153.139858
3184	-308.439671	-232.258905
2531	-157.115484	-52.052837
2766	-285.279992	-202.489788
2599	-355.457663	-282.746468
396	-372.782655	-322.630598
287	-307.560718	-228.633612
256	-308.741915	-296.548751
1612	-310.902795	-257.306687
3814	-361.745554	-317.589421
3688	-322.476720	-249.446189
2916	-340.655601	-253.690850
3193	-320.725883	-205.814402
356	-372.741729	-288.682712
1305	-319.621560	-202.612039
1014	-301.385442	-202.651983
2929	-345.638912	-273.809676
1736	-273.764207	-232.915343
95	-351.666551	-257.795277
2353	-281.504579	-187.847816
3285	-247.192524	-186.834150
1475	-362.957353	-285.894012
1526	-269.267574	-166.472938
3394	-376.613178	-295.673993
3366	-323.268818	-260.781679
943	-303.497783	-186.841778
3144	-308.472241	-220.457568
3543	-287.318584	-224.383744
3736	-355.517745	-260.024044
2986	-340.629609	-232.670859
2315	-273.793520	-249.046530
1575	-334.447259	-252.867701
2557	-273.774103	-224.718046
391	-345.584667	-264.066197
1138	-308.444609	-229.426742
672	-345.661057	-282.154664
3188	-325.807242	-212.775562
2959	-289.795007	-175.323680
1835	-376.631067	-292.838891
2831	-356.723059	-284.333879
2515	-323.341413	-222.332316
1951	-317.408548	-250.669265
673	-345.680831	-276.693841
3093	-334.424572	-266.247346
2525	-324.569051	-222.117021
3806	-309.676410	-221.117623
2823	-309.730966	-216.245125
3676	-346.840522	-291.018194
3062	-381.573048	-309.049642
3568	-308.468418	-195.352950
3382	-341.145624	-342.621179
3443	-346.866543	-263.825855
1630	-323.431776	-281.139545
882	-169.557758	-51.540735
1635	-360.520081	-274.725958
1290	-345.660459	-275.374548
2925	-301.394865	-232.029599
519	-309.687078	-246.267965
642	-234.476516	-136.731438
2931	-361.729140	-298.475021
1296	-345.612257	-253.097224
3923	-309.737951	-198.107647
1179	-343.195060	-241.494450
2584	-360.567154	-260.524323
3576	-325.729906	-218.654340
3751	-339.491316	-247.314177
3351	-285.306999	-169.367610
2432	-274.987245	-216.973628
983	-341.851447	-262.943417
2816	-310.905786	-261.829572
1207	-324.584396	-216.470032
2212	-346.837271	-263.476131
2340	-310.899612	-243.736971
2045	-324.495988	-205.180458
1920	-361.714679	-316.784497
3903	-340.636306	-262.950056
788	-324.467888	-216.594438
2349	-301.357553	-226.729076
2753	-310.904304	-225.298016
75	-381.566310	-337.100233
1139	-270.382725	-173.767864
3934	-381.630276	-310.530627
978	-324.545574	-228.125736
1369	-392.662003	-337.026055
437	-309.705971	-240.867529
922	-272.844560	-182.278175
1529	-354.275774	-291.725065
2109	-321.219665	-284.190703
3770	-272.544060	-201.101828
3129	-361.692023	-312.140033
3641	-360.485033	-302.567025
3313	-360.526364	-270.429096
651	-232.334436	-132.544577
1060	-345.713205	-255.963524
1565	-325.735821	-227.031701
3147	-338.530072	-286.284545
2741	-297.520999	-229.559311
3367	-269.216969	-115.583261
2368	-325.804686	-250.237412
2554	-345.649886	-240.741070
1461	-346.899170	-280.921690
466	-382.782183	-345.626633
906	-383.969892	-400.527161
1416	-308.514570	-241.617028
165	-327.013034	-264.976033
2749	-340.645995	-216.773323
1958	-340.595950	-203.059862
1239	-356.710448	-285.090746
2593	-321.252793	-286.179509
117	-211.295163	-66.075637
3041	-345.692143	-250.996190
3408	-287.661454	-148.919528
2591	-325.773278	-230.911564
3477	-348.046236	-309.398999
1654	-360.518768	-274.739911
313	-361.721849	-275.494235
3399	-307.229313	-225.487157
3204	-306.313706	-241.777578
2307	-346.859945	-264.940562
3078	-383.966179	-409.384293
2416	-344.406447	-270.089648
1173	-344.465017	-294.053790
353	-197.632222	-98.476915
2683	-309.686061	-233.165487
1162	-309.684472	-246.722607
3590	-340.660106	-284.402971
3506	-320.804155	-225.761750
3670	-286.248451	-210.592438
2899	-310.930659	-243.334789
60	-382.768883	-327.778327
2968	-310.909942	-226.676620
116	-346.831175	-297.572136
1798	-312.126342	-244.356464
3918	-289.794194	-183.840471
981	-303.499320	-214.216094
985	-320.770329	-217.051228
3218	-325.743746	-259.392302
1557	-322.456250	-273.054250
2566	-346.832253	-292.861633
1992	-325.723538	-173.526156
2783	-272.537685	-218.055334
3906	-309.685651	-223.219336
516	-312.134532	-261.997926
2043	-344.484341	-285.024129
3727	-285.317454	-168.820834
2091	-346.904050	-289.267763
535	-248.416462	-132.861703
3098	-345.658421	-293.528611
2971	-312.131841	-236.589515
2804	-344.433943	-290.168786
3246	-340.652252	-231.323111
899	-321.230055	-248.599672
1616	-272.539058	-206.777468
1021	-232.328175	-146.668906
846	-270.434394	-134.730992
2126	-270.399529	-110.390279
927	-340.676668	-242.183588
2316	-306.361448	-254.314484
3949	-359.301320	-289.592374
2857	-362.899149	-298.127037
2020	-272.514099	-249.029487
427	-382.798099	-384.340538
1330	-324.575010	-242.014692
291	-304.683134	-181.326132
1537	-309.692993	-220.543914
414	-192.762455	-102.341595
489	-356.745773	-297.405947
2320	-362.876210	-309.654203
1382	-360.492675	-278.855631
188	-339.406341	-243.170513
19	-309.720734	-209.919187
2920	-326.952797	-208.783578
3537	-346.860694	-280.901923
2605	-346.869041	-272.532564
2652	-317.377404	-250.226168
1055	-345.681183	-260.599522
3969	-324.609784	-207.703058
937	-306.397642	-245.144983
1872	-272.566631	-212.094901
2815	-324.570906	-239.004626
1216	-308.465534	-247.514814
1491	-344.421383	-247.386791
2046	-286.493052	-205.725861
1677	-344.412416	-274.944769
699	-307.243079	-241.544143
234	-308.467880	-244.522913
3155	-376.605641	-295.663920
3882	-194.261089	-121.088827
269	-325.729080	-200.123354
2626	-305.900638	-209.713921
