no_training:1500	no_test:2493file identifier	 training data
1098	-356.649302
748	-324.572987
425	-289.769718
1604	-347.456674
1478	-309.691634
2710	-361.773017
48	-304.689512
114	-361.772743
3991	-372.765028
1540	-285.217962
705	-362.953848
3222	-344.494043
1942	-382.751274
489	-356.745773
395	-234.447743
3110	-236.917458
554	-340.688787
3945	-304.737186
993	-317.364547
893	-232.317400
3239	-361.708121
1083	-309.726295
502	-306.349558
2019	-340.659620
1607	-303.462115
2230	-262.056533
3969	-324.609784
3897	-324.519277
1304	-356.679729
2908	-271.620997
2870	-289.872470
154	-324.538764
1873	-346.842529
3721	-284.372483
594	-325.809558
3937	-361.713179
2059	-345.674176
3528	-233.262752
24	-345.608180
1086	-272.587059
3555	-360.547370
3283	-287.404397
2921	-310.904813
1822	-344.395150
323	-309.647349
2062	-303.437471
3849	-360.531172
3153	-340.622406
1977	-312.131398
3929	-321.233569
2008	-336.802659
1813	-307.550360
1926	-273.773955
2377	-236.916033
3832	-346.836423
1019	-327.016183
811	-304.567859
544	-340.643340
206	-309.688611
2501	-232.377706
457	-380.372151
332	-304.692914
1379	-325.731549
2897	-346.825923
3941	-231.108368
2358	-322.169697
3522	-309.691414
3306	-361.650084
1253	-312.126356
1363	-355.525451
3144	-308.472241
2962	-309.686114
915	-304.734226
170	-340.667287
1895	-324.551432
3072	-340.671263
2109	-321.219665
1360	-362.941781
1414	-377.797879
929	-272.832690
2822	-310.902197
2541	-341.834413
2239	-346.823312
3218	-325.743746
503	-355.514134
1270	-307.571937
3924	-270.393737
752	-324.557693
2034	-345.586124
3425	-324.547564
2327	-381.624797
642	-234.476516
451	-362.932378
2732	-324.579850
2338	-268.888303
3965	-273.764529
3625	-326.948771
528	-288.538806
2664	-348.047695
2960	-271.360631
2228	-308.518356
3860	-308.505267
1546	-318.321510
2569	-281.476967
569	-376.620836
2235	-318.409670
3417	-354.292460
726	-346.870614
32	-287.509315
3859	-308.499978
1770	-309.719198
3323	-232.335768
1278	-362.942040
1007	-235.694216
2554	-345.649886
667	-360.533083
1578	-233.217482
256	-308.741915
2963	-287.651399
307	-302.239101
2653	-361.749428
2209	-382.781841
139	-338.257996
943	-303.497783
3251	-306.056425
1108	-341.839596
2100	-343.199390
835	-320.740782
2329	-324.557240
420	-362.950092
156	-288.654408
984	-248.443503
3546	-233.219124
717	-380.401348
2370	-360.496984
1504	-360.489720
3337	-286.438448
857	-245.711897
2428	-309.682996
3652	-361.720088
3358	-326.934987
3671	-326.941692
977	-285.160699
201	-308.561649
2709	-345.632155
2257	-307.238509
3680	-305.904722
3403	-339.424322
188	-339.406341
392	-345.637570
1293	-271.369084
2083	-322.434119
1141	-115.679136
1534	-340.632075
198	-303.934323
3176	-432.852890
15	-288.542593
526	-344.430692
1112	-287.644079
627	-359.304956
597	-309.683901
126	-274.991042
999	-308.512721
3669	-285.267165
3348	-304.715963
337	-312.123120
1131	-324.580815
2673	-345.652182
413	-301.369263
2811	-326.944158
2375	-360.564233
2174	-324.606491
975	-357.171724
3142	-376.617653
1801	-301.335636
3413	-308.440890
2488	-363.508158
295	-320.770299
161	-285.276468
1249	-272.543724
2393	-324.608961
1703	-286.154755
1858	-343.238086
832	-308.470270
3080	-344.436248
2145	-346.844016
2352	-288.589622
553	-271.666055
18	-309.719641
634	-154.960361
921	-325.682121
2261	-233.260156
967	-372.742461
2074	-285.300440
2026	-272.837907
1329	-309.710338
59	-248.430371
1339	-285.316421
3486	-437.484875
1389	-272.510742
3772	-356.752251
3032	-360.508895
1776	-325.785476
193	-307.285557
1008	-248.448467
762	-346.863396
3519	-376.604739
2563	-247.215049
3649	-343.292778
2769	-376.563238
2557	-273.774103
3959	-305.831035
87	-490.834069
1326	-266.616319
1474	-340.654517
1767	-285.277900
1051	-346.860404
2857	-362.899149
2534	-362.960595
3644	-345.587398
2665	-348.031230
3716	-361.720799
2458	-361.683558
1963	-325.761942
2693	-340.638326
1	-360.499843
2896	-356.725069
5	-351.628383
1875	-242.186010
512	-346.861026
2316	-306.361448
894	-338.247875
203	-340.663148
2319	-271.316064
732	-327.023478
821	-307.566593
3079	-270.401391
2916	-340.655601
994	-323.428670
3814	-361.745554
2116	-340.646768
3174	-272.844804
3313	-360.526364
742	-272.588370
2830	-325.800699
3774	-305.130184
3262	-235.693825
1282	-346.860539
3309	-274.989422
3717	-275.014300
3130	-270.427802
1197	-308.462932
2180	-340.665904
1236	-155.897345
3831	-451.528971
558	-344.464151
1101	-307.244627
3793	-381.580932
1486	-380.373644
3706	-345.687338
1787	-325.795649
890	-344.458979
2728	-304.742823
1073	-233.249538
817	-345.619715
648	-287.422111
2641	-270.394309
3377	-360.549337
844	-324.606050
3100	-361.716824
596	-325.754527
3506	-320.804155
2681	-308.466840
1985	-339.481708
1186	-359.296697
3670	-286.248451
1852	-309.685790
3812	-271.623066
1966	-302.558699
2494	-274.984732
1555	-324.529724
2082	-302.567313
1687	-344.407598
2139	-381.581478
2854	-325.810616
2384	-281.469893
2842	-308.450204
923	-322.135797
3529	-341.843027
971	-324.624537
2154	-360.512793
2885	-309.686862
3095	-339.431197
195	-296.296482
1198	-308.449457
548	-233.555951
3822	-309.665941
3349	-207.916786
1118	-306.032266
340	-273.789697
3753	-271.652242
1032	-346.816694
148	-345.629933
3376	-273.775510
2339	-326.954728
294	-308.506421
540	-346.830523
2000	-309.736479
1513	-306.368494
2891	-308.511094
372	-337.283890
3903	-340.636306
2919	-340.635773
2409	-324.595526
734	-233.242250
3840	-309.681264
891	-325.767721
3531	-344.458268
755	-324.568345
595	-340.652012
2789	-340.629283
1691	-272.595294
2372	-322.217569
1930	-341.835805
1271	-310.902165
1300	-324.595031
3805	-309.680682
3226	-339.491316
210	-362.938898
1922	-248.132701
2798	-307.259167
3762	-351.646368
2259	-361.734611
1031	-304.643927
1239	-356.710448
2130	-271.612772
708	-306.313133
3773	-345.602641
44	-309.735489
3725	-309.710255
3275	-308.757315
3711	-303.469034
1905	-231.145151
1213	-324.530103
3172	-274.982310
21	-278.059333
2628	-359.341296
89	-249.259410
393	-323.334482
2689	-309.673807
1864	-312.133063
1229	-288.582662
1336	-334.362330
3192	-313.554802
3751	-339.491316
1815	-345.663783
285	-249.362379
2355	-336.816043
599	-343.312201
2998	-246.027383
2190	-324.574822
1552	-346.865957
1090	-272.500426
1246	-318.406529
3046	-322.057728
1385	-309.679840
2599	-355.457663
2741	-297.520999
2670	-326.934805
3094	-324.601619
3869	-324.525580
551	-382.817123
1512	-346.839595
2780	-272.545389
0	-351.615495
2744	-288.573110
3535	-323.235679
744	-249.332005
171	-361.745138
3360	-382.810709
3136	-340.660061
862	-361.764434
2883	-308.757991
3829	-323.654114
1515	-360.502298
2720	-231.102112
1147	-304.755780
2366	-286.466852
93	-340.615011
2433	-324.552283
3217	-306.392828
2564	-325.789398
2546	-248.018573
2609	-322.351046
3689	-308.467642
1050	-304.643392
2024	-306.349032
3257	-308.472221
62	-309.677968
3826	-372.742383
110	-346.869123
1427	-340.646339
3601	-308.749822
710	-340.625597
345	-309.704732
1565	-325.735821
3279	-356.732861
988	-341.827199
1203	-261.802956
1199	-377.813742
1626	-345.619567
2010	-323.385837
3556	-276.202384
2391	-310.927566
3303	-272.589883
1887	-361.696319
3541	-379.527167
1345	-376.540686
2038	-348.056093
2761	-309.696507
2714	-398.878264
1588	-323.678800
1783	-320.761312
1647	-343.242553
1479	-309.677142
3643	-309.660190
937	-306.397642
2620	-324.587670
876	-325.807685
1835	-376.631067
1596	-492.022084
3796	-341.875439
965	-323.329385
1732	-269.170665
815	-285.324641
1362	-249.387499
2306	-287.354343
3042	-269.468415
2016	-308.569875
1944	-325.796840
316	-341.858490
2199	-377.815601
1126	-270.392715
2774	-310.910631
3093	-334.424572
1838	-356.685238
3816	-272.830720
1590	-344.415609
2186	-320.782523
2985	-304.745635
2299	-280.273691
1306	-288.682324
836	-324.606601
3373	-271.613890
905	-360.513668
3173	-325.791830
3440	-322.135917
3657	-312.124380
1338	-320.793141
798	-208.842347
2765	-381.546975
3577	-361.716705
3230	-344.454591
2216	-308.505718
3249	-325.739818
3347	-286.510514
995	-360.542928
17	-345.612580
394	-344.385642
107	-307.580090
3837	-343.468335
1401	-307.265351
676	-272.584377
2095	-348.034975
912	-323.344400
1694	-273.743311
509	-307.238995
150	-309.732713
3409	-356.696744
3483	-308.500974
1347	-359.361259
101	-324.507184
3841	-371.541704
827	-303.556664
3468	-345.710017
1455	-381.570969
3383	-360.602876
3134	-271.319942
678	-308.506580
3667	-249.293044
1760	-326.940002
2147	-382.781806
1634	-324.563073
992	-377.811306
37	-381.587333
2084	-361.708021
3794	-317.361117
2284	-359.298380
3229	-271.614305
1771	-287.657053
2214	-245.994065
1506	-339.437849
3321	-251.726162
1808	-356.676972
2467	-325.805017
66	-337.302324
1317	-344.393241
2294	-341.831947
1194	-381.612648
1914	-288.576123
1580	-271.339821
182	-324.474954
336	-308.524858
1075	-325.751822
610	-324.629068
2187	-310.904927
1222	-325.805865
693	-234.520624
1227	-322.155306
3906	-309.685651
1402	-286.203815
3053	-490.831786
1134	-343.068226
2380	-327.025010
591	-325.760915
3919	-304.721921
2902	-271.653205
600	-268.859550
2538	-344.417597
2332	-342.335241
711	-341.849127
254	-285.284456
477	-265.399968
388	-340.594424
631	-371.449232
344	-343.305175
2495	-307.596472
362	-289.871990
2895	-273.764673
164	-340.675814
1009	-266.763445
2446	-361.740252
2680	-340.664901
1144	-264.255612
2659	-324.461004
50	-357.934562
1671	-309.708282
3932	-360.472117
2824	-304.720708
621	-310.899323
1409	-285.282853
3295	-231.069318
1431	-344.392695
192	-310.897684
1896	-326.971392
3704	-348.035847
3844	-308.450468
724	-320.775720
2631	-380.316551
3259	-359.368793
1429	-288.579114
1462	-312.136049
1644	-325.774769
1734	-359.354596
2307	-346.859945
2456	-345.610758
3511	-324.552260
3481	-357.941534
3350	-339.431591
3910	-309.703111
3084	-325.781161
1158	-268.251114
2293	-269.216495
3043	-196.405320
1159	-325.779568
1865	-345.609914
959	-492.026657
97	-286.495035
3489	-308.508824
3776	-320.773105
1124	-271.651913
740	-344.452972
3691	-352.852117
2731	-272.836211
800	-324.611571
2847	-307.566260
1517	-359.342366
296	-345.688916
682	-302.303791
1650	-341.836348
3949	-359.301320
3899	-337.265273
1366	-345.633122
3459	-346.831382
2787	-324.505365
881	-234.470813
2402	-235.696227
157	-376.519880
3517	-396.475511
1990	-281.482892
677	-324.594116
1627	-301.363590
2419	-287.353473
2085	-309.695312
699	-307.243079
3739	-324.566515
1309	-287.723848
2079	-363.517297
1161	-308.513516
2282	-375.368783
2999	-307.237456
2340	-310.899612
1310	-307.529289
3698	-360.508088
2705	-270.384180
1882	-273.764420
3972	-359.339915
1576	-247.184334
2880	-346.831172
3799	-291.018995
901	-270.446915
3877	-340.623773
3687	-325.793945
266	-308.477155
1881	-361.772040
2747	-301.332569
3195	-274.982322
745	-344.464270
3614	-288.627505
3484	-341.890999
351	-345.625747
3380	-345.606939
1900	-309.689410
561	-264.226909
608	-309.688960
2094	-325.812885
1260	-270.417842
2029	-380.417684
2106	-286.476486
1475	-362.957353
3012	-276.205920
3464	-234.470922
1185	-324.558175
659	-326.976670
177	-362.872710
3622	-304.726439
2122	-348.040439
1355	-361.727678
626	-288.653249
663	-323.347275
2877	-324.556404
108	-345.614707
1893	-344.385273
3058	-247.214450
2837	-325.730097
2773	-325.684055
1886	-302.286171
2684	-310.940657
2931	-361.729140
2671	-344.377098
935	-269.154939
160	-309.685140
3404	-309.733988
3815	-288.574763
3152	-335.591582
1975	-341.829025
2131	-320.777849
178	-188.042067
713	-308.484017
2227	-356.712771
2762	-306.370119
1268	-344.411146
1232	-336.811744
3600	-325.781571
2758	-309.696640
1834	-381.615289
1350	-343.076530
2901	-318.323005
1088	-291.017433
2994	-345.597078
1958	-340.595950
3289	-270.437636
3656	-310.918831
1756	-326.935440
3022	-234.455424
2696	-353.269456
1740	-376.599676
249	-306.347185
1057	-391.518453
1330	-324.575010
63	-287.377993
2884	-324.471313
1791	-272.554824
3374	-324.551244
870	-345.646965
86	-190.624631
2320	-362.876210
2102	-361.723581
2432	-274.987245
987	-273.765811
2626	-305.900638
673	-345.680831
1375	-345.645053
892	-288.621895
543	-310.937295
3026	-250.478855
1753	-375.351387
1215	-335.566430
3544	-312.133269
1809	-324.559733
2715	-345.709596
628	-325.726991
2168	-310.899911
3618	-309.731536
1223	-324.586663
3233	-304.691526
3270	-273.788787
2104	-379.006904
2356	-323.346816
3728	-234.474951
2646	-325.800095
1382	-360.492675
2907	-344.466563
1017	-308.419735
1447	-469.758395
1869	-269.207716
3391	-306.403144
1419	-344.350927
2637	-325.687098
3636	-324.624318
654	-309.727166
2925	-301.394865
570	-275.012535
3962	-341.865856
1064	-276.202311
3181	-307.209274
1368	-288.584029
2160	-345.674929
3606	-310.906553
1735	-320.791360
1964	-309.726463
3743	-325.726182
1524	-272.550818
2869	-306.113519
1160	-286.467220
1286	-310.906869
1726	-381.506605
1066	-375.344926
376	-309.732528
1313	-324.502042
2649	-381.581036
433	-396.498209
1328	-376.531779
2107	-325.766177
3620	-359.351415
1315	-288.533780
2476	-346.865438
2978	-340.669862
619	-325.787161
3184	-308.439671
2250	-339.462492
378	-356.705084
2894	-309.717750
3809	-310.902628
2975	-345.579201
2602	-345.645491
49	-396.507540
2589	-361.718361
1824	-336.855265
1705	-286.218259
1052	-361.770383
2502	-309.685960
1733	-322.169100
2511	-250.500016
1904	-304.752598
2078	-324.575989
1177	-325.808092
2445	-324.576679
1680	-377.842223
2345	-342.329232
1830	-345.641862
3170	-271.626697
1102	-116.609549
13	-360.526646
2800	-287.478272
3947	-382.782251
1986	-344.459234
3771	-309.655144
417	-344.440065
914	-361.707841
2015	-308.518276
2779	-381.606362
2140	-325.715372
916	-345.608831
661	-335.635079
2296	-309.691365
1043	-324.605875
1666	-289.872246
2233	-319.556235
1641	-340.647224
65	-312.125621
1323	-289.811983
2101	-361.717364
3437	-288.585212
3542	-344.409533
3020	-287.430903
2275	-312.122563
609	-377.817369
973	-325.790444
2995	-381.584942
3948	-340.614465
3330	-323.360126
115	-356.682218
3950	-270.439135
1629	-272.526778
2231	-346.825174
2799	-340.702898
109	-158.340943
3875	-309.655400
2373	-302.564379
3540	-321.236907
23	-304.679494
3732	-320.774305
955	-345.632414
1951	-317.408548
3760	-280.314080
3944	-381.563295
2173	-304.678340
546	-306.365166
3220	-273.806349
1085	-231.092208
792	-310.898648
3030	-324.500475
2846	-273.780933
1672	-336.831068
3261	-232.025930
3137	-272.533448
588	-309.684571
3786	-308.759185
1027	-360.529992
1654	-360.518768
3278	-298.952950
375	-346.857432
656	-376.605347
463	-309.715058
1175	-361.742598
1155	-272.838189
1955	-339.498757
3163	-319.610683
3977	-288.552886
866	-340.620625
2810	-273.763107
3407	-343.517848
3118	-236.917873
2505	-344.440744
3558	-339.464817
3035	-344.404557
128	-303.785832
3102	-310.903589
3215	-320.793270
2597	-412.494644
522	-309.680641
952	-325.717725
1308	-341.814212
2181	-340.656656
2418	-304.734646
2459	-273.761223
2863	-287.423372
1961	-197.629416
721	-185.648533
2115	-266.626759
1695	-344.411060
1870	-309.686187
3800	-346.862839
820	-326.934229
1491	-344.421383
2457	-382.757134
2247	-348.046805
3495	-288.563768
1616	-272.539058
2892	-325.728271
2983	-346.833689
3880	-357.942023
1444	-304.691748
2341	-377.784360
1470	-272.542270
629	-309.712115
1039	-360.575277
1675	-271.277972
2806	-234.476081
286	-324.563745
617	-376.521083
3362	-345.632413
3608	-372.729173
2625	-291.021574
507	-309.697879
2238	-281.495234
498	-273.791878
162	-232.324966
1077	-326.938562
312	-234.485640
454	-265.283843
1079	-287.347000
1002	-287.689262
95	-351.666551
652	-345.620593
2632	-306.344083
1665	-336.802871
3384	-357.949026
1150	-308.551121
645	-308.540795
396	-372.782655
3971	-360.530885
223	-339.501781
2143	-288.628466
1287	-355.515622
795	-246.023231
2917	-267.068488
657	-270.392759
3856	-306.313590
245	-340.656722
3008	-323.359336
3842	-376.587741
2007	-308.499105
369	-361.733362
363	-320.778723
3438	-312.132858
2326	-320.768781
3473	-360.527434
200	-345.625804
788	-324.467888
3593	-304.614300
882	-169.557758
1442	-308.465594
1685	-338.273553
3015	-359.362011
1947	-303.533559
1520	-309.728493
620	-346.820834
636	-382.818623
2111	-348.048744
2124	-345.600825
3621	-346.815715
2028	-346.821466
3594	-272.544482
1792	-363.504227
3211	-310.908555
3575	-309.736328
1061	-343.531666
1568	-324.555249
3530	-309.739069
1099	-231.975652
607	-301.373496
3512	-340.641866
1692	-362.862736
3155	-376.605641
1974	-345.655745
2617	-248.151318
2638	-309.688194
2581	-234.469389
1773	-304.696646
2325	-273.732431
443	-325.754109
476	-397.686127
2092	-288.572051
1939	-242.205627
2942	-325.778444
3524	-308.455477
98	-303.553222
533	-287.720383
3974	-323.433262
3723	-345.597175
2815	-324.570906
3646	-305.130313
1584	-251.727102
34	-306.355655
2051	-325.790442
3101	-360.503577
1259	-288.590804
3914	-325.805781
3346	-318.327053
3124	-308.562031
3166	-326.949535
2068	-308.471269
2678	-285.255563
2792	-362.944759
1346	-308.542644
2926	-320.764569
3752	-345.686524
2667	-308.455402
3075	-324.616343
3327	-348.059242
1689	-336.823026
3839	-231.155780
2812	-381.619786
960	-310.940611
3784	-344.450127
2426	-340.650391
2803	-327.013853
3946	-286.438084
3227	-348.043668
2556	-321.958604
82	-309.701458
3549	-323.437779
3538	-271.350701
674	-346.879260
888	-323.328290
3185	-348.053386
99	-336.813559
3112	-327.021680
1035	-284.385189
31	-359.310420
3748	-376.556657
1957	-206.721858
1226	-195.226072
499	-340.611683
2041	-346.821470
3850	-308.528193
2425	-322.435505
2939	-352.864008
1458	-288.648179
1221	-344.436348
2591	-325.773278
500	-308.452306
418	-324.565412
1322	-271.619912
2745	-322.118085
3520	-325.752207
3414	-285.313674
3436	-361.762744
3089	-327.025329
2086	-308.486338
2009	-273.812948
3503	-266.630629
2054	-302.588564
1793	-325.725688
3158	-269.271320
3074	-272.553250
813	-361.733052
3037	-288.567911
3887	-242.196351
1281	-308.457113
3581	-319.540355
398	-345.636145
2493	-346.822460
269	-325.729080
2365	-345.689766
1201	-224.944660
3228	-381.648857
3979	-345.651111
3613	-308.483617
1210	-340.641282
30	-325.717105
2920	-326.952797
19	-309.720734
1172	-357.927353
775	-344.469204
1069	-375.370023
2928	-324.540084
2530	-345.673444
1818	-371.535911
2148	-309.718089
2633	-324.627681
1288	-324.635136
2723	-324.554067
453	-375.430225
2875	-344.475122
2993	-346.825502
2479	-271.622821
1781	-324.582445
1967	-288.573475
1962	-382.756724
3319	-376.604793
1152	-308.448572
1509	-345.612220
3730	-291.017996
330	-286.408473
3523	-325.728070
3587	-322.421320
3586	-287.506415
539	-341.886521
1973	-340.637231
2743	-234.516409
2077	-309.736028
7	-309.722879
1457	-288.573089
885	-324.623780
216	-307.283509
338	-272.544500
786	-307.544728
1174	-345.614442
3238	-340.667053
3891	-346.821929
3926	-325.748612
1745	-264.171923
3159	-324.612512
2305	-376.633716
2189	-325.762375
1573	-233.255259
2144	-324.574829
1500	-345.609230
3115	-340.620294
1696	-320.785074
88	-345.655534
3702	-362.951503
2464	-297.555801
2949	-346.838702
1297	-345.621773
1228	-345.640969
1664	-310.904974
521	-262.065493
3596	-285.328258
143	-302.355005
2721	-271.401725
2706	-345.667357
1415	-338.156727
73	-233.293627
2512	-346.823548
71	-346.864282
125	-228.992613
1635	-360.520081
1533	-309.671865
1742	-288.583008
329	-380.402442
2073	-345.600119
2469	-270.392444
1731	-381.565314
3480	-286.460642
1935	-361.677841
302	-340.632285
1992	-325.723538
725	-325.725266
3011	-310.902708
2258	-303.453218
1324	-270.399280
1121	-333.449362
3092	-340.610697
601	-324.603558
2634	-326.927446
2766	-285.279992
2013	-343.195410
3456	-276.206318
694	-344.360007
1683	-346.829154
1599	-304.689816
2786	-327.009009
2385	-310.911571
872	-309.711438
3149	-372.694726
2682	-324.528297
3754	-324.570035
1743	-346.856186
651	-232.334436
2134	-344.433965
3745	-310.912788
3798	-310.941861
2210	-325.710772
1996	-356.687774
2559	-319.571638
2669	-309.763785
1778	-305.036659
430	-307.543210
1970	-362.897428
3916	-273.810780
1018	-354.272548
1594	-323.433551
3848	-324.564634
3455	-270.401061
3054	-269.129580
2527	-297.554699
306	-307.335530
72	-325.720699
385	-305.159206
447	-271.627826
2240	-381.627040
3322	-272.536448
3286	-361.731914
2080	-325.793131
622	-341.886905
2451	-359.328735
3905	-395.515911
3872	-340.691219
3890	-341.849730
2389	-361.728546
3536	-352.836930
2865	-342.307696
3132	-309.670613
1256	-312.119596
1163	-397.709232
3462	-272.538255
3342	-153.787612
3308	-381.582831
2357	-325.754267
3304	-346.843297
1443	-346.867442
1188	-306.054267
1628	-345.637174
2593	-321.252793
2794	-304.681399
1295	-346.829652
3508	-309.675176
2465	-339.464024
1461	-346.899170
2601	-333.464063
1759	-305.906809
1777	-265.408147
2480	-344.385369
753	-361.710299
55	-335.683118
3543	-287.318584
3355	-345.648365
2804	-344.433943
1528	-360.446475
997	-361.688335
3653	-309.763576
1837	-381.574917
1774	-324.585556
1127	-345.659797
2839	-362.930315
1209	-392.612820
3692	-281.505078
2636	-306.112153
508	-325.801512
1989	-287.426977
2108	-267.944278
1320	-340.656628
3685	-381.602419
2535	-272.835594
3533	-232.036378
958	-302.599262
1279	-377.837977
909	-325.789320
3386	-309.684862
339	-356.705991
1495	-286.516879
2760	-155.908941
416	-271.318448
3463	-304.735360
399	-304.735224
2249	-392.653825
3843	-309.717869
3193	-320.725883
1344	-341.767606
244	-346.835129
2742	-348.048844
2913	-361.630982
2826	-308.764658
33	-264.504487
873	-273.763068
132	-308.469258
669	-377.780670
3297	-360.526636
1179	-343.195060
2903	-308.505951
1092	-360.552974
2851	-356.699504
868	-312.124574
3572	-322.172641
691	-361.734668
1527	-271.621836
2376	-346.840597
3381	-309.731402
2575	-308.759090
1613	-346.890723
12	-377.816587
2006	-339.486095
2707	-310.915408
3589	-324.543443
3179	-270.408713
1839	-355.496901
333	-308.507517
151	-270.397623
265	-236.916125
2702	-309.685148
3803	-287.351460
427	-382.798099
1418	-325.725274
3695	-309.651827
2056	-325.729141
3534	-320.785748
1178	-382.751729
243	-323.389193
3387	-309.727603
3266	-287.736841
3934	-381.630276
1383	-344.398797
3018	-345.638117
3898	-356.700248
2045	-324.495988
3681	-310.914919
2286	-309.728265
897	-345.659998
3746	-309.736797
2825	-360.576433
138	-362.875317
41	-345.649146
1741	-345.629842
3252	-340.610842
2656	-376.622509
2462	-325.752244
1059	-303.436180
3738	-274.982053
3065	-344.486202
819	-276.204532
2255	-360.513163
3326	-381.616196
3571	-309.676719
412	-372.768039
3441	-372.686714
646	-323.641347
2853	-325.794835
3490	-359.315205
2113	-344.391557
2218	-325.756157
1055	-345.681183
1100	-380.373569
474	-281.476832
1871	-306.406578
3923	-309.737951
1749	-302.579654
1883	-346.839066
1420	-286.516174
2020	-272.514099
2298	-270.396464
3196	-297.530335
3088	-308.459859
3254	-287.469473
1678	-310.955296
3569	-272.588302
842	-360.514766
267	-345.641113
241	-309.718177
3442	-381.635659
3713	-325.748400
1908	-286.508233
2280	-359.345792
2170	-274.987123
1867	-324.583096
3598	-340.671493
2075	-345.606444
514	-309.685045
2770	-288.588657
2660	-307.582044
1936	-360.564423
2867	-361.734339
2655	-235.723792
36	-344.382282
3	-346.838279
1911	-272.582516
2348	-285.253877
2544	-381.632480
3958	-291.015785
4	-270.439280
3236	-310.912270
759	-398.888473
1283	-345.605635
1207	-324.584396
3000	-309.688191
1579	-288.589020
1728	-362.942862
2021	-346.818246
1833	-302.579718
46	-372.766726
1909	-345.630398
3396	-273.815873
1912	-310.915653
3033	-325.785262
2739	-362.946034
769	-271.361537
468	-322.150234
853	-76.404702
1972	-233.542445
1054	-323.427722
2788	-345.596027
3082	-272.586248
2712	-274.985024
579	-281.480583
2151	-289.802108
3009	-307.265383
3988	-309.707600
1612	-310.902795
361	-376.622353
3904	-356.716094
850	-271.623957
290	-348.056024
2300	-453.655583
129	-308.512092
822	-336.845442
2351	-304.614169
1400	-306.067385
238	-233.253760
2918	-271.326117
3382	-341.145624
2886	-324.530742
2037	-345.620113
686	-391.370332
2058	-356.710498
2889	-341.871347
2988	-310.923406
2035	-249.294409
3334	-325.800680
1562	-309.676327
268	-362.957295
3433	-308.465425
2795	-379.572458
2407	-377.829134
1949	-340.674935
2166	-343.239068
2453	-268.273240
1748	-288.688929
3851	-326.998454
1708	-324.502429
140	-309.676929
3288	-348.045786
3516	-324.634527
2129	-356.722498
1919	-407.364323
1434	-344.482088
2929	-345.638912
141	-287.734664
889	-272.539307
583	-285.016369
3499	-309.702237
1557	-322.456250
1623	-229.615446
1823	-340.656176
1684	-320.783029
2898	-310.940190
525	-273.812813
38	-309.736982
224	-324.628594
2953	-348.047609
1655	-338.217210
672	-345.661057
970	-310.911364
409	-306.383308
1380	-288.625728
1737	-323.398064
2125	-310.908354
3395	-248.436061
2087	-286.484121
2639	-302.580808
2510	-325.797299
2091	-346.904050
3603	-326.952955
2797	-345.646914
3889	-360.533387
2855	-268.917900
3693	-273.779498
2763	-272.548325
1183	-325.750970
1354	-382.790027
2508	-324.574476
207	-285.281032
2550	-271.628346
3648	-324.631468
258	-371.546126
1511	-271.315027
341	-273.735711
2496	-326.954795
3221	-308.477915
2177	-346.868453
334	-245.983375
2308	-324.460752
1037	-306.397746
2498	-288.539500
438	-381.565482
635	-324.578381
3392	-361.774979
2574	-273.812881
444	-340.665581
1525	-345.608193
895	-356.728690
3424	-348.051118
3157	-335.619981
80	-392.672883
2605	-346.869041
2328	-320.732586
1652	-301.316399
784	-377.848074
3918	-289.794194
2322	-355.508682
754	-361.718210
3783	-310.912792
552	-340.639366
2193	-383.976576
805	-309.658574
3087	-392.563319
3029	-285.281493
1595	-309.686571
487	-307.223588
1899	-308.478846
1519	-352.874613
2050	-362.937518
3778	-309.700675
3710	-308.565933
1699	-272.541597
860	-397.697425
3718	-195.186772
2040	-317.409527

file identifier 	 test data 	 predicted
2933	-360.538112	-364.313660
560	-344.385047	-347.648725
3264	-307.260972	-311.035998
3715	-381.567301	-383.985690
2123	-327.010026	-331.575225
2713	-310.904631	-314.460448
2039	-360.553317	-363.869130
1757	-285.313612	-290.246199
213	-249.281074	-253.806613
252	-305.913756	-312.166267
1820	-324.522751	-329.251929
2726	-324.475651	-329.271847
2909	-361.687451	-365.522446
1802	-361.715983	-365.330952
577	-343.087962	-347.243105
1243	-323.582949	-326.051882
3352	-272.834623	-276.955218
572	-356.752533	-359.186288
400	-376.570473	-379.472689
2088	-362.871515	-366.266328
2423	-338.238743	-342.277800
1187	-264.235803	-269.699424
2700	-304.687547	-310.691357
2264	-346.831590	-350.107452
1798	-312.126342	-315.639311
2658	-308.461040	-312.107364
1582	-361.735290	-365.689786
681	-312.126544	-315.751188
2645	-362.923114	-365.791894
3982	-324.592116	-329.057900
1311	-288.545722	-292.214447
1139	-270.382725	-274.485994
2132	-377.826580	-380.110953
966	-339.467091	-343.217751
40	-344.338878	-347.477512
3077	-336.822591	-339.699100
1156	-154.972731	-157.766533
1492	-310.927319	-314.469327
618	-308.467888	-311.979311
2507	-291.014750	-294.824289
1943	-325.729335	-330.404658
215	-356.645883	-358.977615
1123	-375.393636	-378.984438
3263	-285.326726	-289.711734
428	-324.570042	-329.438410
3291	-362.911941	-366.373324
3810	-372.726782	-373.796108
3789	-273.762938	-276.437025
2450	-312.124760	-315.837268
484	-351.639205	-353.966872
403	-272.843742	-276.996742
704	-235.696677	-238.629679
1047	-346.836177	-350.174463
2768	-340.690205	-345.128701
3253	-281.476938	-284.871649
1622	-346.869712	-350.270627
458	-340.699868	-345.032386
1192	-326.947461	-331.830962
2533	-265.438520	-270.849021
1903	-309.678054	-313.397032
1302	-339.445855	-343.948911
226	-360.556344	-364.023954
1744	-288.535621	-292.215473
2207	-301.330754	-304.495197
2740	-360.536920	-363.992268
2434	-377.845502	-380.316921
2201	-452.728039	-454.269859
3676	-346.840522	-349.971271
3198	-288.680991	-292.362841
445	-319.610687	-323.993076
848	-309.744522	-313.383949
2387	-391.391111	-393.393137
1894	-360.532510	-364.333834
3316	-264.261826	-269.662382
1841	-325.788368	-330.504547
3318	-308.513124	-312.053734
510	-234.491176	-237.180032
838	-361.709679	-365.431353
1361	-346.840635	-349.972315
166	-325.729970	-330.499705
1376	-348.053064	-351.234898
1829	-382.804482	-385.091061
3472	-340.657197	-344.869030
184	-322.436757	-325.353798
2411	-193.075202	-197.411444
3585	-308.497008	-312.260576
1586	-272.837559	-276.903463
782	-361.678341	-365.325219
229	-361.648305	-365.389203
2808	-340.646073	-345.097967
1081	-310.912796	-314.554024
1766	-270.387395	-274.549248
1755	-304.686811	-310.645211
2367	-361.723620	-365.324057
3795	-310.908453	-314.508193
1544	-324.594826	-329.184590
1819	-249.292101	-253.776680
1020	-303.566436	-309.586305
1780	-345.606551	-348.919226
2955	-346.822341	-350.023536
3766	-344.436564	-347.593044
1033	-339.482903	-343.972088
3048	-381.616883	-384.384063
3063	-317.413890	-318.894848
962	-376.587043	-379.091940
2119	-323.665987	-326.921092
407	-287.508781	-291.255867
3749	-249.363949	-254.070412
3834	-324.589539	-329.140377
419	-312.128001	-315.820789
1396	-346.886411	-350.301836
1359	-229.927277	-233.914344
1719	-232.050342	-235.184993
3019	-301.357437	-305.123843
1452	-308.467331	-311.962429
2781	-288.581699	-292.366611
542	-382.793238	-384.992965
1386	-362.967171	-365.932170
1658	-287.337578	-290.894156
3769	-304.586424	-310.779295
908	-310.911406	-314.514255
3684	-362.958208	-366.959979
1216	-308.465534	-312.032467
2047	-286.246880	-289.703808
3107	-281.504745	-285.042053
1906	-324.613156	-329.429593
2185	-344.343476	-347.551902
3070	-281.491976	-285.506647
823	-361.732840	-364.952862
3801	-310.937414	-314.486533
233	-301.382062	-305.370110
2321	-381.536295	-383.832913
1668	-344.433140	-347.789940
303	-375.328197	-377.721244
616	-345.676243	-349.063852
134	-308.516376	-311.965181
197	-233.549368	-237.526208
1371	-288.596392	-292.316206
2253	-325.818163	-330.496770
3209	-346.834502	-350.154645
1638	-344.481904	-347.796075
208	-270.399081	-274.542618
3416	-320.770681	-324.683109
2262	-325.780603	-330.600574
274	-272.539126	-275.241503
2246	-287.318502	-290.869487
1567	-356.714706	-358.373447
1334	-273.765782	-276.344801
248	-339.489875	-343.980210
2529	-229.969129	-234.317044
346	-307.586014	-310.961005
1274	-309.686648	-313.458553
1762	-361.755551	-365.455894
3059	-363.508158	-366.439104
3406	-286.459793	-290.921883
190	-354.290746	-356.641823
3925	-325.718488	-330.685456
3060	-270.441145	-274.573066
1570	-325.783642	-330.625052
1113	-234.484521	-237.478019
3194	-301.367422	-304.961379
1244	-345.616998	-348.877127
3853	-271.336383	-274.236469
2003	-324.579943	-329.278352
1698	-325.800949	-330.477614
64	-362.945802	-366.777124
270	-372.752005	-374.183919
2548	-340.654465	-345.276487
3570	-272.514475	-274.947677
956	-230.183076	-232.443465
3466	-325.794624	-330.706221
2114	-307.528446	-310.987112
1663	-232.351764	-236.418781
2162	-340.613712	-344.784192
3662	-360.469577	-364.395094
3122	-232.329070	-236.457615
2523	-344.512144	-347.703100
2072	-344.431636	-347.703802
843	-308.437835	-311.978057
637	-360.557419	-364.154424
186	-340.606711	-345.458467
2782	-340.664407	-345.177087
3639	-345.680996	-349.170426
2420	-340.625366	-344.554603
2403	-326.955365	-331.673030
1464	-381.610550	-384.163814
1717	-345.603646	-348.942991
3878	-360.554015	-363.805173
462	-234.474088	-237.389963
1014	-301.385442	-305.115282
1624	-340.670034	-345.032710
1901	-362.946498	-366.910519
471	-324.532283	-329.274360
3661	-287.358011	-291.138813
1166	-324.576650	-329.484450
2347	-308.476587	-312.136177
1084	-309.711894	-313.204018
2531	-157.115484	-160.980144
3894	-322.469844	-325.466487
2580	-309.722373	-313.427490
3940	-308.464824	-312.097640
2070	-114.483613	-119.379602
3190	-232.325947	-236.333670
1351	-309.733696	-313.300140
990	-309.684377	-313.338602
802	-359.306313	-362.875793
3787	-381.580675	-383.881182
485	-250.585183	-255.409887
1779	-288.583563	-292.041381
2412	-310.904086	-314.426397
1423	-344.413850	-347.639572
2677	-309.684577	-313.312919
803	-325.789564	-330.700949
2374	-285.279236	-289.638737
1553	-323.448965	-328.065553
1718	-356.706262	-360.226797
1856	-321.958301	-326.702752
924	-324.528533	-329.154525
2435	-229.013797	-231.971892
1572	-322.170570	-326.619865
3090	-287.362939	-290.952577
2519	-323.585680	-326.819219
3733	-309.678068	-313.259005
1648	-345.660642	-349.039173
3514	-340.654233	-345.246094
3085	-322.130736	-326.905667
3143	-286.432042	-290.878506
2463	-288.576502	-292.156890
2900	-272.554670	-275.087623
1880	-346.873992	-350.299718
523	-345.565792	-348.853239
3599	-308.482454	-312.042944
3913	-308.551230	-312.189501
2063	-344.402806	-347.549071
790	-341.836780	-345.877999
1459	-306.320451	-309.489969
3626	-310.902465	-314.644289
1206	-342.315546	-345.023231
1029	-325.751230	-330.471661
3931	-288.683173	-292.361898
839	-302.254301	-307.711178
2004	-346.839235	-349.972815
3780	-323.320574	-327.989530
480	-325.760797	-330.253353
2958	-324.580268	-329.455645
2399	-308.430606	-311.871727
886	-304.728323	-310.825042
3121	-344.419977	-347.698522
1234	-325.796704	-330.641289
3021	-360.495540	-364.245201
1432	-324.522792	-329.119192
1545	-308.468255	-311.963257
2733	-310.940764	-314.421038
2309	-272.583285	-275.058024
1296	-345.612257	-348.885689
2222	-340.678668	-345.113704
1356	-271.372094	-273.995675
3302	-324.577047	-329.340569
167	-310.912077	-314.512318
242	-340.623533	-345.601871
2816	-310.905786	-314.481434
2368	-325.804686	-330.582151
1845	-302.309526	-307.718351
1230	-323.396217	-328.176104
2576	-306.418503	-309.629569
3846	-318.393987	-321.830119
3066	-345.688382	-349.151584
3120	-309.689111	-313.245308
2487	-361.694757	-365.236449
119	-327.012568	-331.639638
1164	-340.611734	-344.960819
2164	-304.744503	-310.668410
1797	-194.267232	-198.435797
945	-264.243028	-269.777378
969	-325.797425	-330.502238
353	-197.632222	-201.081992
3245	-327.024699	-331.705969
1463	-362.938449	-366.333002
814	-308.509272	-312.137906
3138	-345.651520	-348.703484
2699	-346.864540	-350.175387
3497	-392.627857	-394.183485
1630	-323.431776	-328.001794
1067	-273.762417	-276.412390
3057	-301.381127	-304.885133
1022	-310.902683	-314.507014
3845	-344.454717	-347.551796
3735	-360.522940	-364.504681
1874	-416.367317	-274.567239
1195	-285.287913	-290.107736
172	-282.667163	-286.693680
730	-336.821088	-339.263060
1238	-360.499088	-363.803676
733	-345.660927	-348.610814
3165	-356.724041	-358.971462
28	-324.630221	-329.284975
1352	-304.677606	-310.679515
683	-348.060054	-351.282995
204	-287.353313	-291.186363
670	-324.618078	-329.416987
1120	-353.283458	-358.236194
1659	-487.002792	-386.561441
3612	-309.738513	-313.345543
76	-325.685245	-330.561124
1531	-345.640098	-349.139654
849	-360.532987	-364.062942
3647	-325.794522	-330.523521
2430	-304.688809	-310.713172
350	-320.793580	-325.239938
3942	-287.507193	-291.158109
2934	-324.462733	-329.196676
3747	-324.521162	-329.253683
913	-352.855499	-355.370100
585	-229.918003	-234.015655
727	-272.562906	-274.818015
772	-381.599310	-383.737647
884	-276.202586	-278.624298
3802	-356.724118	-359.089308
2157	-309.686797	-313.330669
3781	-274.984614	-277.590680
2647	-262.017735	-264.569685
3191	-284.360325	-287.344037
1521	-323.665247	-326.664052
1333	-270.359564	-274.328571
1878	-346.819711	-350.104690
1023	-309.663477	-313.216442
549	-372.785072	-374.117295
3081	-302.557878	-306.468367
1554	-320.728167	-325.443006
869	-327.026488	-331.723993
1614	-325.736331	-330.435092
3868	-360.526225	-363.688635
1861	-235.696852	-238.505615
709	-286.134079	-289.701820
2521	-361.728609	-365.661776
1849	-324.547957	-329.287668
936	-382.773457	-385.272540
3164	-344.379764	-347.547114
179	-362.928160	-366.358214
3498	-381.585231	-384.265195
3285	-247.192524	-250.765895
1038	-267.106213	-270.366140
2117	-346.839895	-350.202938
2163	-324.503356	-329.494627
3867	-356.726146	-359.224465
3920	-319.574905	-323.797144
1128	-361.695007	-365.529940
2536	-273.758980	-276.390465
1294	-345.612830	-348.867645
728	-309.678404	-313.245707
3240	-338.234966	-342.379837
2882	-322.444150	-325.297502
1952	-344.408452	-347.665932
623	-265.457424	-271.011118
2932	-285.320198	-289.927344
1788	-345.646841	-348.951156
1826	-285.242094	-290.086929
2471	-288.628801	-292.126766
2663	-361.722327	-365.518972
941	-340.652570	-344.814371
2220	-272.538190	-274.901133
2801	-310.932716	-314.464590
1068	-308.470010	-312.109316
535	-248.416462	-252.452786
2217	-344.408081	-347.418988
1575	-334.447259	-338.014444
565	-356.730212	-360.218147
2381	-346.856604	-349.934355
2265	-360.469291	-363.979736
6	-345.687671	-348.961850
1843	-362.899677	-366.325272
2150	-324.570860	-329.225112
1702	-251.727632	-256.364018
3953	-325.792503	-330.694075
2802	-325.804486	-330.431062
1240	-310.907666	-314.542998
113	-360.478880	-364.363921
2046	-286.493052	-290.981763
2783	-272.537685	-274.887878
2729	-323.315925	-327.902199
3390	-309.736085	-313.375152
1143	-367.635675	-275.074064
3970	-305.897998	-312.065363
797	-278.075775	-280.764770
69	-265.441614	-270.882397
606	-343.235457	-346.891093
2400	-345.592410	-348.838527
2827	-345.615042	-348.964127
284	-360.500454	-364.486399
1299	-348.043466	-351.428638
3168	-323.614890	-326.993379
2118	-324.560961	-329.138444
1180	-306.364186	-309.599143
3951	-326.977685	-331.485768
714	-356.669324	-358.322774
2818	-335.618370	-339.046733
1522	-324.485746	-329.340430
1387	-361.698635	-365.127479
1341	-301.373831	-304.753926
2570	-324.626187	-329.347635
2848	-339.419688	-343.820905
460	-360.488733	-364.379027
951	-307.548619	-310.707464
94	-362.955075	-366.874354
3791	-360.491959	-364.321543
1846	-344.370966	-347.603490
917	-323.320690	-328.083993
1289	-344.439723	-347.804735
2133	-323.338627	-327.975784
1407	-235.694798	-238.620770
1940	-334.429558	-337.549417
598	-193.088340	-197.489574
743	-309.719124	-313.350167
3479	-265.289023	-270.808551
1181	-323.657279	-326.986007
2017	-310.940345	-314.620878
135	-301.341304	-304.438816
2492	-396.477101	-397.383214
3896	-307.280331	-310.866387
3616	-225.221461	-231.305565
1790	-345.664882	-348.892907
757	-345.678211	-348.951080
2256	-303.503801	-309.599046
263	-341.853650	-346.418959
2672	-355.556836	-356.602279
3260	-345.595084	-348.913082
1469	-324.444698	-328.953215
780	-308.769557	-312.088042
2518	-360.566272	-364.215942
3908	-272.847530	-277.038738
3858	-308.459001	-312.132453
3188	-325.807242	-330.350069
738	-324.592221	-329.394291
2560	-339.452794	-343.829428
158	-308.540079	-312.116168
2052	-325.809179	-330.463514
2924	-348.045292	-351.275828
57	-345.635513	-348.526576
1450	-273.757658	-276.377698
2596	-339.467484	-343.440820
520	-309.720011	-313.357118
2022	-344.425164	-347.855320
3761	-352.866322	-354.788312
2861	-288.654312	-292.298074
3836	-346.833711	-350.154801
3317	-269.177232	-273.256167
492	-305.904760	-311.960350
2221	-308.512137	-312.105364
3967	-273.758273	-276.248430
1204	-361.704371	-365.325968
1096	-309.689595	-313.303377
3892	-271.608843	-275.833127
3216	-344.380260	-347.597995
589	-340.604189	-344.433942
2277	-383.973315	-386.653613
1425	-288.648476	-292.436094
1110	-325.781398	-330.376998
2722	-344.423318	-347.804913
2408	-356.708234	-358.810496
1933	-270.396100	-274.578386
2961	-348.061993	-351.172442
1255	-381.635881	-383.481466
1897	-197.629387	-201.240582
2725	-269.218553	-273.327635
2066	-432.401755	-289.024477
236	-325.758113	-330.453989
67	-172.006141	-176.264864
3552	-325.793166	-330.706156
1337	-286.498779	-290.899585
2600	-307.237880	-310.969958
422	-288.692943	-292.471940
1574	-245.997884	-249.215248
1682	-269.215705	-273.222558
1106	-231.106310	-234.958889
904	-345.608456	-349.147929
1471	-346.857623	-349.998168
1976	-346.831692	-350.300031
3640	-309.692577	-313.264208
1247	-325.770105	-330.484730
3234	-287.349937	-290.824222
1358	-340.682075	-344.873212
2948	-382.790431	-385.210672
1892	-382.805933	-385.308691
2873	-307.545713	-310.833764
563	-345.644179	-349.059145
2437	-356.692640	-358.822391
668	-267.103350	-269.927253
582	-325.833302	-330.287171
3343	-320.735225	-325.610238
1245	-310.907810	-314.479292
2354	-387.558484	-343.373976
2648	-325.728744	-330.589244
3629	-359.312853	-362.840286
79	-324.605178	-329.331222
1598	-308.471397	-312.140499
1372	-381.574124	-384.493478
3501	-318.409788	-322.766789
1241	-345.608395	-348.942520
2879	-265.401151	-270.994039
584	-309.681686	-313.359597
1688	-324.567893	-329.187164
1559	-380.372123	-382.749821
1074	-304.697680	-310.364665
1135	-310.903412	-314.454144
2364	-360.507160	-364.251040
861	-360.488871	-364.313530
983	-341.851447	-346.556110
2014	-371.537915	-372.680066
1170	-310.895183	-314.446258
3078	-383.966179	-386.537144
118	-352.905052	-354.117494
2950	-360.498298	-364.351204
1392	-353.321142	-358.049119
764	-233.560626	-237.684659
3419	-335.590859	-338.604442
8	-272.545439	-275.170664
2219	-265.437885	-271.030483
218	-285.311823	-290.117973
2178	-339.455981	-343.948285
1523	-340.646229	-345.338338
1119	-304.733360	-310.766603
2097	-345.639692	-348.707981
1103	-273.764642	-276.398196
3127	-327.010419	-331.585115
2346	-310.909551	-314.511874
3256	-153.459846	-157.130619
174	-229.928448	-233.787421
1763	-325.799404	-330.649310
2297	-322.412936	-325.710452
185	-361.726913	-364.587775
3565	-286.474509	-291.010112
146	-377.813815	-380.810409
2547	-323.328581	-328.183095
1262	-356.712023	-358.368814
2386	-352.829520	-344.255412
1454	-288.652757	-292.399033
3989	-272.542369	-274.820078
776	-325.781815	-330.398596
278	-397.667072	-399.159594
2583	-346.859078	-349.971729
658	-307.234503	-310.784132
191	-307.610450	-310.753374
2666	-303.423742	-309.155850
2362	-305.134491	-308.435905
3862	-271.646263	-275.699126
473	-346.828378	-350.133093
2203	-310.911529	-314.538892
1184	-286.506282	-291.161562
2234	-272.580839	-274.969207
830	-320.767103	-325.005140
1377	-325.768959	-330.442802
3299	-325.725069	-330.386747
2558	-472.145935	-464.606781
1640	-304.583737	-310.569280
1621	-346.884834	-350.265646
452	-324.575287	-329.272100
1721	-339.479764	-343.874374
804	-248.395289	-252.171519
671	-310.897268	-314.449402
1426	-381.607770	-383.747423
1285	-346.860450	-349.851132
763	-308.429953	-311.900603
3329	-310.909123	-314.549932
3792	-360.525610	-364.293025
401	-325.712603	-330.562203
2947	-355.510313	-358.223379
22	-324.575190	-329.336685
864	-323.337623	-328.074659
837	-360.512026	-364.507948
1754	-269.221561	-273.219081
758	-307.574899	-310.911167
2036	-309.733888	-313.347969
920	-281.489179	-285.546571
1004	-355.416555	-357.222051
3638	-306.320806	-309.571863
1984	-287.441165	-290.923297
1005	-273.786179	-276.176861
3654	-307.541973	-310.854835
367	-360.491873	-364.089673
3983	-322.115604	-326.985522
1497	-251.731545	-256.311792
2525	-324.569051	-329.121394
3003	-325.798735	-330.422464
1548	-306.308471	-309.463876
1764	-304.725676	-310.330550
1125	-285.292217	-290.032508
3231	-380.446861	-382.652471
194	-308.496245	-312.167208
379	-391.337881	-393.191764
1536	-324.492974	-329.251019
1476	-308.455419	-312.058427
3315	-269.176979	-273.285052
3292	-326.937372	-331.827997
2756	-153.742562	-157.243945
3634	-340.646592	-345.425799
1025	-324.520219	-329.036843
2807	-269.176124	-273.304458
3609	-269.176442	-273.224774
3915	-309.687698	-313.260727
3128	-341.867138	-346.084650
883	-340.647778	-345.466612
3722	-308.759135	-311.868557
153	-347.466594	-348.583487
2042	-232.364952	-236.475541
309	-309.718312	-313.374748
3902	-382.757521	-384.618747
2398	-319.533364	-323.978313
922	-272.844560	-277.039719
2817	-340.641240	-345.026677
3272	-173.147782	-176.528513
3507	-376.594067	-379.569456
3284	-343.290242	-346.527748
1460	-309.684108	-313.303943
720	-381.594735	-384.090390
214	-348.052027	-351.362237
123	-269.263476	-273.423424
234	-308.467880	-312.138591
2266	-289.766576	-293.248607
3147	-338.530072	-342.688188
2838	-324.547436	-329.315685
1938	-341.826148	-346.041824
3740	-356.684693	-359.579681
1953	-308.457242	-311.951687
1167	-309.729139	-313.352558
1406	-375.394844	-378.689995
1013	-271.300649	-273.808322
1532	-309.731599	-313.366188
3169	-310.902849	-314.407753
777	-307.544712	-310.839147
1165	-309.706371	-313.281915
1220	-325.800532	-330.497282
1498	-340.654582	-344.969642
3886	-270.388222	-274.423340
1446	-319.575102	-323.975006
1810	-288.653294	-292.239968
496	-377.794221	-380.540903
3119	-301.090914	-306.271588
2966	-308.428791	-312.019556
2176	-345.608670	-348.889393
2594	-335.586914	-338.607913
787	-360.525379	-364.152899
2603	-341.863083	-346.279715
3876	-304.574737	-310.841523
2274	-308.463553	-311.989040
3212	-360.575745	-364.163512
1132	-310.938583	-314.369922
3171	-345.599912	-348.940307
2491	-381.634033	-383.951110
2841	-360.524422	-364.194008
2872	-288.581144	-292.329973
1535	-324.463541	-329.027289
3817	-288.554600	-292.116812
3797	-376.587519	-379.576278
20	-270.370102	-274.379344
1836	-268.273739	-271.664376
700	-310.938181	-314.381576
1800	-212.439286	-216.156026
3039	-341.851538	-345.856646
2271	-310.916474	-314.493505
3108	-361.653332	-364.768624
3952	-269.175627	-273.141686
342	-323.351196	-328.310054
347	-309.687405	-313.275255
3427	-325.793904	-330.708978
3518	-340.655390	-345.149312
3623	-341.892484	-346.209720
2687	-377.816463	-380.354532
2906	-340.657508	-345.149792
1636	-233.551389	-237.641782
2200	-344.426799	-347.988751
3559	-309.721434	-313.312538
1190	-377.830859	-379.144226
3655	-287.379629	-290.882111
2692	-356.663387	-358.963479
2449	-341.841190	-346.953005
1078	-309.738888	-313.344843
1212	-304.733723	-310.539197
3267	-320.776472	-324.787978
2614	-232.164586	-235.311723
1785	-273.751900	-276.054632
261	-310.905322	-314.495544
1480	-324.584824	-329.285176
3332	-376.610619	-380.025764
277	-302.288351	-307.963117
939	-344.481802	-347.779122
1214	-341.865386	-345.655568
3690	-346.829378	-350.187909
1918	-319.573117	-323.762990
2461	-269.170508	-273.388549
3141	-345.651109	-349.062822
2937	-324.573883	-329.662605
239	-270.446608	-274.527195
1768	-289.789940	-293.480435
1468	-345.650338	-348.875746
246	-313.537245	-306.591170
2334	-472.135006	-461.078259
3548	-79.764152	-86.146185
2179	-361.698233	-365.347385
3067	-271.304881	-273.530960
2444	-318.641916	-320.733982
410	-325.835955	-330.409302
1489	-266.777425	-270.716724
880	-345.648463	-349.029849
497	-287.470402	-291.160971
2049	-344.463291	-347.755840
247	-304.688358	-310.327792
3475	-321.247305	-324.643182
1307	-303.460433	-309.277104
121	-361.711483	-365.629716
2159	-324.581067	-329.133513
2887	-345.641890	-348.845939
2315	-273.793520	-276.397822
3642	-324.565306	-329.234067
737	-336.836792	-339.632760
2142	-324.624987	-329.305387
1421	-360.526142	-364.539260
793	-326.950540	-331.744672
2520	-307.284294	-310.641895
3882	-194.261089	-198.275482
1044	-304.687053	-310.463997
773	-309.674485	-313.432172
706	-303.481839	-309.558143
3125	-308.510840	-312.212257
495	-342.297848	-344.012754
2751	-273.787799	-276.135297
3865	-362.899954	-366.210034
2406	-306.386594	-309.496080
2025	-249.363808	-254.086051
3296	-345.650105	-348.959180
1978	-281.485530	-285.484442
3016	-309.730329	-313.375639
2585	-249.269471	-253.778801
3051	-192.736096	-196.529715
3677	-307.571921	-310.644559
2269	-308.452310	-312.055540
3719	-320.742924	-325.729294
3311	-344.433172	-347.842532
1332	-209.144909	-213.577600
2394	-355.446449	-357.680773
2572	-360.495461	-364.197094
1403	-308.462299	-312.075244
370	-356.698196	-359.311056
3645	-304.681903	-310.811161
3720	-308.561301	-312.229212
1030	-309.683546	-313.319268
529	-309.725786	-313.392692
2598	-308.508949	-312.057892
486	-288.678720	-292.428388
575	-272.582834	-275.084199
92	-301.343578	-304.500176
280	-271.324234	-274.161212
3156	-362.941094	-366.622544
311	-287.724713	-292.191042
3103	-340.631134	-345.394326
555	-361.677945	-365.165860
1885	-345.647670	-348.934224
3324	-345.641848	-348.996918
3943	-376.602183	-379.472992
2252	-382.779570	-385.475920
2202	-324.602888	-329.494982
2135	-346.861074	-349.987341
1301	-309.679190	-313.313224
1391	-323.317575	-328.060484
3167	-309.688639	-313.314443
747	-359.350089	-363.075305
3457	-324.559213	-329.190830
982	-307.235414	-310.829136
1404	-346.883049	-349.796585
1290	-345.660459	-348.767932
2866	-344.431605	-347.788788
52	-345.627428	-348.802763
687	-346.841762	-350.190407
262	-345.647032	-349.043232
3269	-381.624381	-383.852623
1303	-345.676156	-348.920252
3981	-249.257629	-253.867009
825	-340.536374	-344.913382
964	-291.014970	-294.769386
1539	-382.755486	-385.265959
3091	-341.869641	-346.173590
1494	-345.654016	-349.031666
3420	-306.358581	-309.573765
1173	-344.465017	-347.606179
2516	-309.661518	-313.267462
322	-346.832352	-350.104265
251	-265.386781	-270.720339
189	-322.167165	-326.929884
3180	-323.669200	-326.453892
1597	-336.805704	-339.773483
3683	-308.510782	-312.103181
1710	-361.726166	-365.125728
3675	-360.534222	-364.438130
515	-287.727890	-292.099548
1493	-335.643923	-339.073017
1747	-360.559076	-364.156869
411	-397.680771	-399.451896
3806	-309.676410	-313.291863
3206	-346.853173	-350.289043
1133	-308.517070	-312.100364
1690	-339.426816	-344.132514
3888	-323.359825	-328.261665
858	-340.661797	-344.880836
483	-309.705795	-313.224897
3448	-324.634377	-329.174288
1205	-304.682331	-310.612745
3537	-346.860694	-349.981577
1643	-310.910140	-314.339781
2	-324.551643	-329.211511
587	-307.283919	-311.050646
382	-344.494711	-348.025328
1827	-343.492484	-345.980011
3557	-344.382663	-347.558101
3418	-308.467120	-312.102617
1048	-286.495416	-290.857721
1503	-327.014214	-331.793561
1988	-312.124451	-315.777191
3582	-344.436500	-347.603149
365	-361.740208	-365.536030
751	-361.724921	-365.519316
808	-320.774349	-325.134125
299	-195.196751	-199.037745
3619	-325.779372	-330.362022
3129	-361.692023	-365.345863
3430	-341.828533	-346.213694
181	-412.528245	-412.354271
3630	-287.660591	-292.406805
3049	-324.610004	-329.033112
2396	-307.546144	-310.760581
2579	-273.765811	-276.467455
2489	-250.583259	-255.401345
716	-325.758431	-330.612256
1993	-339.504090	-343.920579
1890	-371.608385	-369.040903
592	-307.614861	-310.947492
1601	-345.646864	-348.927431
3963	-271.323381	-273.794799
1530	-272.549380	-275.027864
3870	-345.605387	-349.026807
2695	-346.871133	-350.107613
741	-344.434318	-347.801659
1999	-233.547877	-237.554226
1272	-308.486687	-312.056763
1217	-325.773675	-330.545544
3961	-308.561152	-312.206036
1716	-325.784331	-330.451137
2165	-319.567241	-324.318323
1646	-340.684749	-345.019981
2927	-324.500425	-329.333730
3560	-286.463470	-291.028736
1145	-312.129019	-315.635456
2272	-324.528642	-329.105245
3025	-324.573338	-329.339263
291	-304.683134	-310.596947
3874	-323.344889	-328.211427
2313	-312.122262	-315.706507
2890	-309.738198	-313.396493
2573	-307.303421	-310.719168
1569	-234.503085	-237.312838
219	-307.221351	-310.709371
3024	-251.729571	-256.391131
1235	-265.447270	-270.234422
209	-308.493663	-312.047646
1472	-306.080007	-309.725966
3631	-303.560350	-309.568967
1625	-320.776082	-324.868610
2624	-309.699280	-313.384960
2615	-360.501085	-364.535610
1505	-308.487195	-312.117373
2905	-307.206439	-310.827966
35	-343.197784	-346.621415
3992	-319.576017	-323.831557
1653	-157.116735	-161.159444
2018	-286.492357	-290.929535
2093	-324.473588	-329.259164
1853	-359.314227	-363.236043
1062	-324.496997	-329.274125
1433	-325.729800	-330.480104
785	-273.796695	-276.276818
2490	-343.078368	-347.218233
2279	-309.711101	-313.120449
2635	-323.324700	-327.941922
1587	-322.133444	-326.575197
2460	-345.631797	-348.919098
165	-327.013034	-332.018768
2749	-340.645995	-344.774095
1237	-360.542541	-364.458676
3804	-324.573632	-329.275636
712	-294.081616	-282.543645
3219	-339.428557	-343.995240
505	-338.531538	-341.028321
1812	-307.275809	-310.812087
2759	-393.905418	-396.133646
3567	-309.693494	-313.397058
3312	-323.647099	-327.024870
2254	-359.388326	-362.861147
3709	-340.613243	-344.691616
1104	-287.315479	-290.863364
3389	-309.689740	-313.278778
3201	-346.845480	-350.043118
2767	-340.635968	-344.856161
1042	-305.904676	-312.244521
2972	-320.764992	-324.799636
434	-338.195462	-342.659094
2986	-340.629609	-344.936735
3930	-338.542975	-341.183540
1971	-362.906662	-366.500539
578	-382.825717	-385.095558
232	-490.793044	-487.668063
2401	-263.280728	-265.985707
3861	-234.486176	-237.519124
3697	-312.119261	-315.743158
698	-274.985880	-277.638635
1012	-266.609146	-271.837413
557	-312.122696	-315.472478
799	-310.910909	-314.483575
2363	-324.610150	-329.245132
3833	-324.559324	-329.280594
517	-344.434827	-347.664407
1291	-285.276634	-289.667425
1445	-396.491525	-398.395168
3768	-227.338075	-232.119975
1879	-288.594527	-292.300817
2333	-338.234590	-342.357360
1549	-340.689515	-345.008181
1715	-286.486570	-290.809334
1208	-345.608535	-348.809424
3114	-309.692389	-313.314755
429	-288.570364	-292.395946
212	-324.605613	-329.372505
1453	-309.720334	-313.381287
3336	-308.477672	-312.093091
3086	-360.507527	-364.241316
3755	-341.874216	-346.192035
855	-271.614051	-275.730532
3701	-248.211932	-253.468240
318	-310.954514	-314.560436
2849	-355.442748	-358.449114
3273	-288.589678	-292.328580
1543	-323.360471	-328.230341
1619	-340.600021	-345.190487
1258	-344.472090	-347.921036
2182	-340.610000	-345.465694
3491	-361.750275	-365.000118
1137	-271.622539	-275.765919
2273	-324.579188	-329.433363
2878	-285.336744	-289.825172
314	-233.255379	-236.217663
1907	-346.819476	-350.127174
2295	-305.898313	-311.760128
760	-324.605411	-329.440731
3592	-323.367866	-327.851646
292	-308.517192	-312.080452
1709	-326.941251	-331.730193
2542	-326.951186	-331.811490
3478	-343.296547	-346.464534
1115	-325.773014	-330.428311
1657	-338.273162	-342.573192
3443	-346.866543	-350.323529
2172	-308.472272	-312.085230
3984	-344.418857	-347.712923
2828	-232.030352	-235.175178
3294	-340.693392	-344.924931
381	-341.835557	-346.256906
2956	-360.528914	-364.138743
298	-377.795528	-380.945548
1248	-304.732336	-310.601313
2289	-325.766945	-330.527562
675	-346.827397	-350.039420
3333	-361.709769	-365.278229
3727	-285.317454	-289.905612
1752	-296.265627	-299.643407
1541	-310.912991	-314.523615
3539	-324.625415	-329.221143
3154	-309.714008	-313.393073
722	-310.935212	-314.405954
355	-273.761263	-276.311473
3320	-310.952127	-314.578343
2349	-301.357553	-305.035480
2141	-307.287454	-310.934063
603	-346.867624	-350.037053
2241	-346.857051	-350.235312
2302	-492.008892	-486.751214
2452	-344.424745	-347.831775
2120	-381.630205	-384.205128
902	-310.940195	-314.554869
3365	-396.458774	-399.438438
25	-309.712046	-313.292556
3650	-382.756764	-385.592624
3707	-271.620156	-275.766047
2945	-307.281910	-310.681565
1398	-234.469383	-237.286828
2475	-381.524347	-383.526747
538	-324.494520	-329.223354
414	-192.762455	-196.530202
3954	-271.611366	-275.764873
112	-340.648166	-344.811313
2126	-270.399529	-274.453808
2090	-308.473428	-312.084234
834	-346.828689	-350.224785
2270	-355.497046	-357.750035
655	-325.771459	-330.470699
2212	-346.837271	-350.136239
2607	-275.007113	-277.582243
2540	-211.295796	-215.637597
3933	-307.569255	-310.767518
680	-325.806369	-330.639019
3310	-309.721850	-313.330454
2500	-286.498235	-290.980159
2196	-338.559964	-342.398213
2225	-324.612179	-329.365065
3281	-309.716743	-313.363761
829	-310.909285	-314.372008
3151	-362.873906	-367.002461
1384	-361.755719	-365.483658
985	-320.770329	-324.972230
1577	-355.468067	-357.746666
968	-308.470667	-312.111341
879	-303.556846	-309.547917
325	-345.637577	-349.124784
448	-346.831139	-350.163811
3526	-249.285024	-253.865751
1367	-325.812267	-330.498908
1937	-287.438379	-291.305265
1529	-354.275774	-356.783381
3451	-319.606765	-323.606428
2404	-323.340989	-327.892183
315	-302.472397	-306.513244
1374	-322.175807	-327.028109
1673	-309.733829	-313.309975
83	-344.434906	-347.590176
3031	-270.411205	-274.342491
1729	-361.740062	-364.729844
949	-344.463502	-347.497105
2244	-414.351653	-474.395171
826	-248.137789	-252.903843
1786	-325.785038	-330.566169
810	-269.144656	-273.170260
1058	-324.585402	-329.048273
2048	-235.699029	-238.477939
2515	-323.341413	-328.067422
865	-304.728720	-310.777838
3617	-345.608658	-348.894846
1948	-195.158734	-198.832458
1261	-268.282665	-271.514726
2350	-341.853951	-346.331710
2330	-287.681216	-292.207270
2069	-346.855971	-350.247512
2643	-372.711859	-373.651010
3819	-397.692021	-400.125820
2103	-346.834331	-350.247411
272	-322.161948	-327.010587
264	-339.450073	-344.076311
3399	-307.229313	-310.770811
2175	-324.545475	-329.210530
2630	-282.871678	-287.016082
1945	-361.754136	-365.245390
3824	-302.288055	-307.626143
3182	-287.440436	-291.172099
1508	-308.462196	-312.197011
2158	-340.663379	-344.943475
1146	-339.465889	-343.980630
1200	-346.908492	-350.196877
611	-248.364357	-252.341821
851	-270.117027	-272.768892
2089	-308.469081	-312.182591
3036	-310.907823	-314.491906
1252	-301.395982	-305.182255
1954	-226.144377	-231.423074
3431	-323.229212	-328.223391
319	-352.845678	-355.655736
910	-270.384937	-274.437912
3584	-281.484877	-284.509069
2098	-327.020807	-331.884356
2619	-326.939536	-331.591455
950	-324.580266	-329.262696
568	-303.458583	-309.464113
2862	-309.693471	-313.288163
2184	-360.501473	-363.499689
1510	-322.425235	-325.759380
1331	-310.941319	-314.430534
3470	-416.814878	-474.923002
2482	-268.321270	-271.517033
2582	-320.773768	-324.633909
2737	-322.442708	-324.761792
1913	-310.912131	-314.569777
3515	-346.852204	-350.001633
3726	-382.754967	-385.930993
3510	-340.674744	-344.842778
1857	-307.540766	-310.762211
1620	-270.431243	-274.471845
625	-308.514390	-312.101505
537	-361.731930	-365.398372
1615	-287.344000	-290.739805
446	-305.831164	-311.372895
859	-308.468407	-312.066249
2595	-303.465315	-309.060303
3821	-308.427345	-311.924167
3578	-286.432515	-291.046491
2442	-345.636611	-349.118417
3857	-340.686134	-344.892260
1343	-310.895432	-314.464908
3595	-345.600227	-348.783333
349	-309.687623	-313.295348
2553	-302.545562	-306.880039
3183	-345.642870	-348.861186
2522	-307.545457	-310.853805
2982	-325.722723	-330.567954
615	-345.676743	-349.201484
692	-362.917261	-366.821456
1157	-309.691584	-313.349982
3096	-338.175960	-342.173339
3098	-345.658421	-348.919742
2776	-313.573888	-315.750828
1980	-345.680616	-349.052909
1335	-283.156647	-285.878608
1831	-323.386306	-328.124252
2992	-343.202564	-346.413340
3050	-303.940271	-307.521778
3521	-342.324182	-343.789765
2484	-344.359905	-347.552309
2473	-324.497671	-329.242656
168	-325.810050	-330.440190
173	-396.486463	-399.306176
1632	-340.673967	-344.745369
1424	-212.438188	-216.013382
1921	-310.904960	-314.466423
2952	-308.511290	-312.255482
54	-195.186228	-199.042163
3099	-324.530718	-328.981244
3005	-249.248680	-253.626347
828	-361.684892	-364.916300
3767	-324.568597	-329.239539
1711	-345.611239	-348.813338
3131	-303.560907	-309.436821
1982	-345.609374	-348.914750
2105	-335.635972	-339.121218
1669	-287.426878	-290.938083
1148	-284.062954	-288.770937
27	-324.573866	-329.292401
287	-307.560718	-310.680906
3034	-360.418556	-364.312339
2772	-343.232602	-346.687397
3893	-341.097446	-343.678543
2588	-376.538277	-378.690286
1816	-344.357220	-347.597295
29	-344.425700	-347.767903
2571	-309.686348	-313.422124
1739	-303.454720	-309.609738
3202	-310.908741	-314.499521
227	-377.805829	-381.057768
2292	-343.246371	-346.337133
2067	-280.248350	-283.899238
70	-346.874234	-350.211092
1592	-271.616430	-275.742089
237	-268.287661	-271.361072
1538	-348.050463	-351.291033
1803	-270.394458	-274.493514
3178	-345.605421	-348.815499
1265	-227.324775	-231.661092
2843	-308.509454	-312.200825
2738	-324.555069	-329.506286
260	-359.369049	-363.096706
2697	-360.495788	-364.363984
2686	-340.697732	-344.874255
925	-307.567279	-310.737187
491	-287.737498	-292.353477
3811	-274.982348	-277.663192
3823	-303.527274	-309.040932
662	-341.843824	-346.545156
2912	-346.883119	-350.390452
2584	-360.567154	-363.841902
3678	-285.255880	-289.830800
783	-273.806375	-276.351483
779	-356.732185	-358.657582
3341	-291.021228	-294.699556
3175	-309.649998	-313.315378
1611	-348.044714	-351.183537
75	-381.566310	-384.088740
1670	-269.230258	-273.338667
2753	-310.904304	-314.551430
81	-318.390876	-322.336628
301	-324.570823	-329.186866
1001	-304.724431	-310.638690
824	-310.952875	-314.452993
2899	-310.930659	-314.528251
423	-304.694187	-310.370519
2211	-340.648620	-344.809418
2483	-322.158791	-327.141882
313	-361.721849	-364.983538
2627	-235.695309	-238.626276
421	-288.627624	-292.234638
3210	-336.808333	-339.231289
1537	-309.692993	-313.311851
1182	-304.738393	-310.799341
3928	-377.799358	-380.610367
2076	-274.982287	-277.654044
1026	-325.765414	-330.642577
2566	-346.832253	-350.188493
2954	-305.915530	-312.077656
1606	-308.462382	-311.875747
3162	-324.546164	-329.304403
3500	-323.345473	-328.409139
3750	-346.838572	-350.197039
2267	-291.016020	-294.647954
3372	-309.705858	-313.297810
389	-271.336957	-273.440163
1842	-362.894239	-366.231255
2834	-325.699665	-330.475805
3864	-288.639421	-291.776904
2679	-312.130526	-315.732983
3045	-310.906568	-314.519756
3325	-341.836362	-345.983736
373	-379.522177	-385.705243
767	-346.861463	-350.268734
104	-360.574432	-364.318415
3469	-356.686540	-358.357338
435	-306.309029	-309.313118
3435	-361.728293	-365.657064
3471	-416.384141	-275.804875
1581	-345.660520	-348.903873
3453	-321.254976	-324.668025
986	-347.459586	-349.539930
74	-310.918822	-314.432733
136	-343.240623	-346.375049
1814	-360.537947	-363.678734
2447	-323.330261	-328.225608
1772	-361.717972	-365.172421
1806	-324.610229	-329.399582
1251	-322.482659	-325.322753
961	-326.950279	-332.013035
3071	-273.789182	-276.378273
1526	-269.267574	-273.466247
878	-308.466070	-312.076510
3062	-381.573048	-384.207087
2565	-345.591597	-348.889553
2755	-381.595252	-385.037678
639	-270.405973	-274.625803
273	-323.312375	-327.943843
2429	-306.081547	-309.693627
2382	-380.343633	-382.684628
384	-343.291812	-346.477890
390	-306.070291	-309.721771
566	-303.472917	-308.754782
3978	-282.861121	-287.160284
469	-325.775843	-330.414542
3830	-346.817778	-350.117770
2287	-310.905485	-314.481446
847	-324.608363	-329.201960
3663	-344.446747	-347.666741
335	-361.729115	-365.263158
1413	-247.214861	-251.497813
1381	-303.795699	-307.144747
1872	-272.566631	-274.825534
1275	-310.936083	-314.481713
806	-308.768073	-312.154476
2371	-307.253245	-310.254327
3474	-309.730988	-313.361719
2888	-361.704536	-365.494913
1923	-287.427777	-291.171707
230	-271.617434	-275.731859
1399	-341.826906	-346.177292
2427	-339.474134	-343.629263
3777	-339.431092	-343.714306
3759	-270.393902	-274.639240
1714	-132.718150	-138.263202
1825	-271.656372	-275.802867
1349	-286.542391	-290.997214
2951	-308.569129	-312.148187
2831	-356.723059	-359.164809
3828	-288.650589	-292.372958
3044	-363.519194	-361.758943
3361	-324.558989	-329.182307
907	-381.607752	-384.131493
117	-211.295163	-215.585785
3460	-288.678290	-292.182459
3807	-361.706503	-364.953689
2959	-289.795007	-293.489315
2248	-377.773452	-381.550616
2915	-344.371144	-347.577586
932	-361.764881	-365.361755
1593	-335.598739	-338.592755
559	-362.935404	-366.536148
1959	-324.603913	-329.672477
701	-265.396194	-270.920321
3883	-308.516508	-311.928045
685	-320.029854	-323.295535
933	-270.430832	-274.396782
96	-375.359188	-377.965347
3968	-287.425634	-291.044743
1438	-356.728392	-359.353346
2343	-325.781464	-330.504769
1105	-302.306944	-307.582269
532	-344.369744	-347.561937
2198	-382.804255	-385.116489
3340	-229.879598	-233.962258
3465	-324.548021	-329.224648
812	-308.509197	-312.033568
1676	-296.285473	-298.488621
633	-325.759393	-330.494146
1782	-308.555419	-312.195776
1484	-273.817328	-276.433644
3476	-304.737418	-310.904819
3980	-372.708066	-374.596802
632	-361.705069	-365.503984
3686	-344.462681	-347.764797
130	-274.988525	-277.571790
3674	-309.731169	-313.329886
1563	-376.575382	-378.994233
2528	-308.467760	-312.108082
276	-380.379743	-383.678457
3935	-289.875063	-293.397421
1439	-340.590431	-345.264968
1706	-382.777508	-385.379496
2477	-360.539944	-364.229070
3006	-308.470648	-312.161724
2820	-308.557865	-312.098662
2454	-288.578155	-292.123764
1369	-392.662003	-393.786781
2167	-309.681554	-313.375714
1560	-340.645686	-344.844839
3588	-272.549011	-275.192011
3145	-324.570872	-329.394479
470	-303.460335	-309.244262
1946	-346.841836	-349.992212
366	-324.576206	-329.124075
3109	-324.582824	-329.271094
2650	-361.727711	-365.605499
2242	-362.870426	-367.322342
953	-392.650949	-393.894002
321	-324.604397	-329.375522
199	-309.673895	-313.187980
1960	-345.602645	-348.871065
1566	-380.438011	-382.925686
1997	-271.666841	-275.863298
3135	-272.569212	-275.115548
1117	-345.566120	-348.870613
1916	-360.557411	-364.024183
116	-346.831175	-350.294399
1583	-345.655509	-349.045433
3415	-308.495275	-312.133668
1093	-325.718074	-330.538490
2438	-392.565188	-393.291193
3973	-356.659922	-359.117179
1422	-361.728608	-365.419767
1267	-341.841438	-346.325294
1162	-309.684472	-313.325063
56	-345.599154	-348.772823
3370	-396.486664	-399.483682
831	-346.867207	-350.120437
3604	-273.812100	-276.422787
1388	-250.583643	-255.346155
357	-307.245430	-310.893745
2704	-320.786981	-325.293132
145	-310.929561	-314.477739
2251	-430.448052	-433.048793
478	-119.052475	-122.405858
845	-40.478930	-58.137288
1483	-309.723988	-313.425332
3610	-360.476593	-364.146702
2417	-336.838171	-339.774473
991	-345.602096	-348.802909
250	-360.538828	-364.616980
2229	-319.560814	-322.645836
202	-226.160842	-231.240621
1855	-360.497728	-363.807242
2965	-344.689237	-346.434764
3398	-304.686259	-310.744953
2642	-324.578146	-329.269596
1686	-288.648208	-292.343232
2153	-309.673226	-313.307711
2012	-382.788561	-385.231080
2245	-308.434866	-311.989597
3378	-325.831718	-330.390099
1499	-320.779994	-324.732742
2205	-318.391203	-322.358777
1968	-324.538807	-329.207552
3356	-270.447268	-274.559341
1784	-324.497693	-329.265738
3576	-325.729906	-330.562640
2734	-309.719592	-313.343344
2904	-302.545112	-306.844308
2967	-305.841708	-312.245517
2840	-284.048718	-289.223369
948	-336.827390	-340.373418
3611	-324.577560	-329.258737
2206	-312.126404	-315.778196
3434	-360.560766	-364.059757
2979	-320.767064	-324.993408
159	-273.773408	-276.444614
2813	-232.063900	-235.120766
1751	-339.469166	-343.659018
1817	-339.459612	-343.519855
536	-323.348544	-328.298576
479	-77.308427	-82.807872
2623	-235.700285	-238.495870
2383	-324.593866	-329.201701
3150	-310.942587	-314.348525
482	-272.599303	-274.517982
679	-340.668108	-345.028552
1264	-324.536694	-329.249039
1712	-345.612640	-348.904061
3237	-303.553222	-309.496622
426	-362.933001	-366.509009
506	-234.516241	-237.400845
3764	-308.483519	-311.987996
3866	-341.882531	-345.599020
3106	-273.735646	-276.261069
2128	-308.504896	-312.158115
2606	-323.344105	-328.214936
1196	-346.840727	-350.070719
3368	-308.496367	-312.238085
3298	-345.599182	-348.863994
581	-287.683128	-292.176947
696	-356.709466	-359.176958
2513	-345.631685	-348.919881
131	-345.603479	-348.811667
2440	-317.433049	-318.583349
801	-273.763117	-276.370339
927	-340.676668	-345.326377
1488	-320.766344	-324.500706
1591	-249.397368	-254.433029
3105	-346.821661	-350.095912
664	-335.632054	-337.409079
343	-360.502305	-363.934714
2197	-309.684327	-313.402216
3641	-360.485033	-364.308670
240	-286.517094	-290.951456
51	-283.168740	-286.177422
931	-361.763293	-365.560742
1405	-361.711854	-365.266355
911	-356.711832	-359.256961
465	-266.553159	-272.149483
2640	-398.880824	-400.998444
1998	-324.536830	-329.113905
3632	-340.612805	-345.521957
1556	-340.659506	-345.095237
613	-309.689486	-313.368249
2852	-274.986857	-277.670607
649	-340.685408	-344.905939
3038	-288.542113	-292.137780
494	-345.611057	-348.876548
1502	-340.679724	-344.900017
3527	-309.716030	-313.339028
1072	-272.554773	-275.135815
1642	-344.345376	-347.592557
644	-376.595314	-379.460003
3241	-319.515995	-322.822808
1408	-379.527030	-386.051909
2694	-317.396153	-319.176935
2342	-309.680487	-313.300221
2736	-310.922181	-314.321107
3568	-308.468418	-312.133749
1440	-270.441325	-274.566315
1677	-344.412416	-347.333703
2171	-359.346839	-362.906231
2809	-344.506029	-347.874300
2551	-325.792606	-330.411596
2183	-339.459869	-344.018379
2930	-310.906738	-314.416500
310	-308.480308	-312.134683
2514	-354.197108	-355.943742
3353	-324.514429	-329.087581
1925	-309.677276	-313.382358
3911	-345.639354	-348.860213
2805	-272.587161	-275.080317
3852	-361.710525	-365.464797
1390	-340.660793	-345.240762
1254	-325.753541	-330.681725
3274	-196.407957	-200.119946
3901	-346.822424	-349.854003
3956	-345.698757	-349.001777
665	-288.571762	-292.059738
550	-319.568017	-324.656894
1437	-376.547304	-379.905615
1269	-307.563525	-310.915204
3990	-303.459637	-309.406758
90	-327.017113	-331.608013
1679	-288.576381	-292.424546
852	-361.731511	-365.329621
3243	-377.816466	-380.356447
1789	-310.905299	-314.517845
2441	-310.909223	-314.500397
3838	-271.318933	-274.253788
1991	-285.282532	-289.720865
2990	-376.661483	-378.918278
2281	-345.643890	-349.117711
449	-325.753993	-330.563569
541	-325.714161	-330.642298
2486	-307.239887	-310.941416
1276	-340.667317	-345.149060
2324	-346.831385	-350.091252
3338	-308.466631	-312.102048
3371	-286.517424	-290.960550
371	-380.374978	-383.368425
3268	-324.562156	-329.282734
144	-271.323089	-273.924284
2754	-309.674575	-313.154196
3955	-323.391458	-328.243696
3007	-319.573727	-324.203978
3203	-308.459279	-311.954196
3394	-376.613178	-379.434574
3429	-274.987297	-277.575995
1898	-360.497612	-363.996299
576	-345.655968	-348.977628
3854	-346.867382	-350.256708
3446	-306.044918	-309.673065
3509	-288.685117	-292.635988
976	-382.776658	-385.912177
120	-323.345161	-328.294186
16	-273.806874	-276.511500
1191	-360.510716	-364.138542
2746	-247.190194	-250.919741
1727	-324.606977	-329.425271
1028	-360.421732	-364.917792
3040	-360.506446	-363.505148
1965	-288.555445	-292.143622
2226	-276.206257	-278.799963
3485	-324.614459	-329.168581
2923	-325.801905	-330.610265
3493	-232.333258	-236.553689
756	-325.798888	-330.456459
3258	-324.473847	-329.231001
3666	-309.735874	-313.283426
3232	-345.686487	-348.923326
2935	-297.516418	-300.458479
3301	-371.491061	-373.476239
2622	-346.829131	-350.120839
3208	-288.572843	-292.378881
3770	-272.544060	-275.176593
996	-307.544316	-310.812272
2836	-345.652670	-348.721723
781	-362.918463	-366.568676
3287	-271.458576	-274.290657
856	-324.568212	-329.430662
3602	-361.683811	-365.515244
2717	-309.726244	-313.414742
354	-285.174014	-289.732571
1585	-360.545832	-363.853380
2472	-209.159302	-213.523996
791	-309.662433	-313.229967
3734	-326.940196	-331.571509
450	-235.729507	-238.602150
1095	-324.603415	-329.444021
352	-288.557016	-292.049942
3673	-309.691463	-313.435013
650	-193.034094	-197.518691
2474	-357.944802	-360.845403
1024	-302.535621	-306.076091
1518	-309.683200	-313.256556
1860	-308.507458	-312.056522
1122	-345.601318	-348.922250
590	-346.857871	-349.992693
749	-249.280474	-253.896386
475	-304.691568	-310.710713
2335	-346.825562	-350.036716
2968	-310.909942	-314.502419
1929	-324.551800	-329.298505
703	-340.656580	-344.982115
846	-270.434394	-274.496887
2005	-305.155985	-308.034411
2604	-304.743934	-310.424790
946	-324.577279	-329.215776
2730	-286.492223	-291.120753
1410	-273.759553	-276.346117
1010	-340.666160	-345.202806
736	-325.799293	-330.560921
604	-320.777491	-324.687129
1277	-309.706892	-313.278971
516	-312.134532	-315.716298
630	-273.762561	-276.285138
1862	-319.615129	-323.680594
2312	-344.416076	-347.724232
68	-286.519735	-291.043610
2590	-340.650928	-344.772652
3148	-324.567513	-329.521550
1129	-340.618148	-345.042642
1397	-271.624640	-275.745382
1610	-196.406419	-200.079920
279	-306.012858	-309.640975
3566	-325.830752	-330.546387
2973	-324.604156	-329.441097
2791	-194.254127	-198.347544
1487	-345.665813	-348.782277
3002	-269.479234	-272.389463
3247	-360.531175	-363.593270
228	-346.859384	-350.153895
2868	-270.407057	-274.354911
439	-288.690999	-292.492583
3550	-341.825957	-345.765898
1637	-343.503600	-346.190656
2395	-297.523583	-300.242410
2552	-340.624424	-345.780235
2213	-287.433999	-291.363251
3788	-361.725962	-365.282993
2821	-308.511516	-312.103711
605	-456.103432	-452.394452
415	-309.692626	-313.367726
1149	-325.796862	-330.627226
2611	-346.824672	-350.066487
3895	-325.808333	-330.639334
1910	-326.978724	-331.629960
1704	-274.984793	-277.643193
593	-303.525517	-309.671343
1063	-265.440996	-271.428903
3729	-376.562796	-379.026339
2785	-310.915445	-314.486976
567	-339.489014	-343.936342
1233	-265.440660	-271.360565
408	-208.863267	-213.134747
2858	-346.862070	-350.265632
689	-341.818686	-346.131850
1318	-310.897519	-314.462349
2413	-345.604177	-348.926926
84	-345.610574	-348.957565
3357	-361.779217	-365.215911
360	-346.890881	-350.260386
1000	-339.452428	-344.112644
1482	-312.132386	-315.742811
1169	-346.819305	-350.049930
324	-307.534482	-310.870725
1273	-355.513035	-357.845887
3449	-297.510804	-300.652947
2268	-302.558547	-306.137679
3076	-247.198000	-251.075037
3402	-234.522504	-237.368823
1305	-319.621560	-323.940370
2499	-376.539208	-380.120064
2724	-376.591176	-380.372817
3277	-354.254979	-356.479634
2555	-287.427764	-291.194493
2784	-273.803873	-276.493699
2155	-343.243883	-346.906105
1041	-371.504707	-373.117296
3426	-307.387663	-311.045801
2543	-376.588479	-379.389559
2735	-309.690179	-313.364395
1746	-396.470299	-398.087960
3004	-288.652346	-292.342926
2703	-309.722894	-313.280580
133	-271.642927	-275.708480
3579	-356.677429	-359.050650
2060	-362.945811	-366.622922
3133	-356.679691	-358.339030
688	-324.491475	-329.143442
3907	-291.017966	-294.812848
3615	-210.071468	-214.503789
653	-344.473681	-347.928114
2586	-191.810916	-195.386815
2304	-286.431160	-290.968561
816	-356.748545	-358.708203
3912	-308.435951	-312.030959
2577	-381.600777	-384.086185
2539	-321.276274	-324.296435
2485	-392.676111	-393.793158
2310	-338.194242	-342.779610
100	-361.702143	-365.245444
2688	-284.964138	-289.161819
3146	-289.872162	-293.458031
1602	-318.339586	-323.345417
3936	-326.951067	-331.818149
47	-247.225618	-250.920664
1257	-346.855622	-350.214712
1325	-356.758284	-359.564396
3624	-324.614194	-329.398701
3591	-273.762889	-276.488725
2260	-271.351786	-274.137479
2833	-248.375248	-251.669465
1365	-361.755045	-365.458614
3502	-376.564063	-380.226591
3699	-355.497878	-357.732750
1799	-346.861635	-350.126889
1924	-340.591587	-345.343280
586	-376.582598	-377.675745
1681	-310.908780	-314.544321
2410	-361.673369	-365.169404
2405	-318.344936	-323.229055
1794	-325.712420	-330.641248
1723	-307.290176	-310.899188
2504	-325.805550	-330.557240
1171	-325.721867	-330.529996
919	-272.589999	-275.144104
1725	-360.495137	-364.028042
778	-324.573162	-329.320139
1927	-361.739999	-365.475995
2361	-304.727460	-310.815689
2192	-307.232824	-310.686888
2152	-308.540101	-312.149639
1501	-288.653529	-292.275699
2290	-343.224836	-346.788349
1477	-303.462312	-309.365099
1456	-308.496384	-312.206657
2497	-325.763216	-330.533441
1065	-360.485823	-363.731653
3731	-310.913156	-314.467359
1902	-324.615795	-329.334677
3525	-340.662316	-344.581146
3393	-359.297522	-363.028329
3563	-227.798785	-230.782949
695	-345.700085	-348.939715
3205	-341.842686	-345.986526
61	-308.462933	-312.130085
3097	-309.716094	-313.336161
2661	-323.448833	-328.197806
2263	-274.983122	-277.676894
2397	-308.772292	-312.086934
3607	-325.801523	-330.656129
1319	-308.560759	-312.202410
348	-196.432825	-200.006960
2303	-309.719920	-313.403788
1016	-305.129953	-308.387831
2481	-324.614891	-329.386751
53	-285.330157	-289.838057
735	-309.716570	-313.429603
2708	-308.512758	-312.150332
789	-324.581906	-329.268408
3052	-291.017787	-294.826565
3712	-300.148891	-304.511868
2031	-269.170061	-273.340688
3305	-310.955141	-314.478155
731	-355.501990	-357.507890
2311	-193.034988	-196.833407
2243	-340.673964	-345.076033
317	-325.797397	-330.654989
1877	-287.407788	-290.999718
1154	-310.937644	-314.489387
466	-382.782183	-385.955456
1660	-274.985107	-277.532406
3818	-308.470796	-311.930135
930	-346.898838	-350.166753
2378	-339.490841	-343.738454
2727	-271.330291	-274.128720
2984	-362.935648	-366.662335
3847	-356.693135	-358.884222
1514	-320.781098	-325.405196
283	-355.460155	-357.620843
374	-372.796889	-374.685819
1542	-370.291993	-370.262307
2061	-345.638357	-349.063243
641	-322.439472	-325.098921
2629	-356.679047	-358.742882
2208	-286.486509	-290.883754
1011	-310.942660	-314.455002
3659	-340.683837	-345.078000
1866	-310.940708	-314.480745
807	-340.681309	-345.190460
1656	-323.352987	-328.286548
900	-288.561991	-292.082359
2691	-308.505543	-312.139289
2976	-356.737615	-359.199795
42	-376.564691	-379.476051
1981	-306.313924	-309.587160
643	-345.663386	-348.880899
3293	-360.535142	-364.115349
2775	-382.812383	-385.044583
308	-303.428586	-308.754678
809	-361.738091	-365.459877
974	-303.468081	-309.398026
1848	-273.769835	-276.313392
1561	-325.749687	-330.638626
2532	-301.405558	-304.437325
2675	-303.787203	-306.959612
2668	-310.906004	-314.560204
2030	-273.804223	-276.467498
2987	-271.618137	-275.690293
3779	-308.476903	-312.250661
3300	-344.499155	-348.002561
3672	-309.689612	-313.247450
1720	-309.692095	-313.344033
2545	-324.614082	-329.296497
176	-308.554162	-312.118608
3246	-340.652252	-344.630122
2470	-309.688189	-313.383384
2718	-382.782995	-385.229619
3564	-303.533472	-309.430444
3345	-312.120708	-315.774985
183	-362.962787	-365.958726
3250	-360.517106	-363.956613
3408	-287.661454	-292.283788
1393	-271.647465	-275.688023
1015	-344.454928	-347.814308
2223	-288.657055	-292.296920
2674	-342.352279	-344.585252
271	-361.759779	-365.421517
3041	-345.692143	-349.029314
562	-456.105229	-444.715835
3505	-274.983383	-277.622964
501	-345.630685	-348.957869
3668	-309.700336	-313.153908
2796	-345.678871	-349.019108
3651	-303.463214	-309.341034
766	-312.133805	-315.685887
105	-309.727110	-313.351077
2778	-325.711441	-330.511645
2621	-305.145002	-308.108742
1211	-286.498633	-290.983518
928	-345.665412	-349.041097
2750	-268.301176	-271.261885
405	-273.804251	-276.512231
3775	-324.576188	-329.297000
513	-355.518342	-357.312768
963	-345.645239	-349.040389
3736	-355.517745	-358.020261
3461	-320.776316	-325.305037
3017	-271.339346	-274.137501
2997	-380.371074	-383.057241
3765	-453.654335	-451.105322
1224	-308.420805	-312.007567
1263	-345.642008	-348.863605
2914	-270.422403	-274.434479
1722	-362.946707	-366.707416
1395	-375.348487	-377.511220
1915	-361.705669	-365.284704
602	-275.010289	-277.664566
638	-345.695868	-348.876601
1021	-232.328175	-236.328010
3964	-336.853985	-339.848669
527	-324.629301	-329.282820
3758	-272.557350	-275.053116
3900	-308.465445	-312.171706
2137	-324.588239	-329.235263
980	-356.743821	-359.032359
402	-312.124533	-315.801271
1056	-271.618179	-275.663968
934	-345.650323	-349.007653
2690	-231.093096	-235.084801
3494	-324.573795	-329.223743
3160	-362.937857	-366.529132
3679	-320.794248	-325.195505
2466	-325.785959	-330.608043
436	-360.521191	-364.173543
1049	-323.336196	-328.156519
1600	-249.301818	-253.985813
1364	-267.963366	-271.898264
3628	-272.509064	-274.900332
3412	-335.628480	-338.794595
2844	-301.377995	-305.068724
3445	-286.508374	-291.179808
2053	-320.769272	-324.486318
3873	-348.051405	-351.250672
3223	-341.794931	-346.196211
2057	-288.540318	-292.155815
437	-309.705971	-313.274811
2169	-356.733974	-358.815757
2981	-327.026688	-331.647958
2011	-270.099401	-272.594708
746	-273.802095	-276.396034
2777	-336.817321	-340.416912
1153	-325.764669	-330.472358
3200	-265.433051	-270.907555
364	-117.824798	-121.639045
2288	-345.612787	-348.912438
3504	-308.561061	-312.189312
3827	-270.435807	-274.509648
3960	-336.825944	-339.667320
875	-376.554863	-379.563750
1969	-360.529678	-364.312062
493	-336.819674	-340.487284
217	-271.648392	-275.660459
111	-344.470970	-347.788275
2911	-289.871661	-293.617301
442	-356.712228	-358.881594
3161	-309.678595	-313.296331
1941	-286.206129	-289.986042
3573	-325.730390	-330.523403
3242	-397.707881	-397.265247
1995	-362.946041	-366.577689
1589	-324.608694	-329.071380
2110	-341.867094	-346.131868
3401	-338.175569	-342.322264
2562	-375.357530	-378.115927
1775	-306.353871	-309.554556
1631	-345.642285	-348.995131
624	-312.119017	-315.600327
3966	-376.570141	-380.343098
3921	-343.218379	-346.257468
1006	-336.843788	-340.289260
2587	-376.609234	-377.928453
320	-232.333410	-236.475252
3014	-269.263802	-273.315184
3605	-372.755216	-374.562959
3700	-361.717469	-365.171454
3496	-302.303890	-308.460273
3744	-339.414779	-343.868900
391	-345.584667	-348.897452
3280	-344.483775	-347.594234
3116	-312.128429	-315.822134
2657	-308.451299	-312.040776
2436	-308.473229	-311.972474
152	-306.286325	-309.423728
2096	-345.661705	-349.114927
2793	-306.384286	-309.939886
1266	-324.582035	-329.056510
3113	-324.531139	-329.338615
275	-344.442225	-347.714369
2503	-345.653983	-349.038324
1109	-333.411326	-333.544255
3938	-345.645388	-348.905092
1807	-344.469516	-347.936530
2823	-309.730966	-313.295352
2871	-308.460407	-312.099179
640	-345.616264	-348.872679
660	-271.630416	-275.700941
1701	-344.428649	-347.688669
2568	-325.718022	-330.350139
255	-309.672030	-313.183648
2149	-341.878745	-346.084383
1231	-324.569596	-329.131312
2215	-289.795079	-293.442740
2027	-376.585000	-379.384884
3405	-269.206920	-273.476539
3790	-286.502445	-291.176655
3635	-308.475489	-312.045560
3885	-304.728655	-310.561305
1370	-242.180146	-245.192130
328	-310.911163	-314.458243
1327	-320.768458	-325.110013
1091	-309.678344	-313.408880
2944	-309.687280	-313.299637
11	-356.688211	-358.866426
1651	-273.809498	-276.429333
2698	-344.434438	-347.759644
3265	-324.569062	-329.230625
1036	-340.609236	-345.439886
1618	-345.629039	-348.937414
2608	-306.369631	-309.643421
3477	-348.046236	-351.561566
1983	-320.792773	-325.027058
1417	-381.586740	-384.684549
1070	-361.752301	-365.573617
3763	-344.416821	-347.869021
768	-193.039603	-197.618988
1071	-360.495618	-364.323475
3714	-265.398572	-271.225082
3597	-360.539435	-364.492833
612	-397.697891	-399.817897
2318	-348.039301	-351.394115
3467	-308.494487	-312.090203
702	-379.000257	-381.818912
534	-324.575799	-329.117637
1863	-381.631601	-383.519602
2771	-310.910278	-314.528278
3047	-285.293918	-289.881839
1821	-308.473320	-312.077378
2943	-340.654874	-345.076142
3276	-344.508729	-347.785992
1876	-251.732828	-256.468747
2278	-345.650717	-349.106006
2989	-287.317913	-290.979726
1558	-270.389386	-274.480063
1465	-382.796989	-385.605396
2353	-281.504579	-285.495574
481	-307.573371	-310.814260
26	-301.359287	-305.063584
2138	-340.684371	-344.817368
3450	-382.824468	-385.120397
2392	-272.551442	-274.790052
163	-319.624414	-323.877773
2276	-309.679242	-313.335275
14	-302.238859	-308.317440
1176	-288.584832	-291.765728
137	-287.440932	-291.237494
1516	-249.358446	-254.112177
1758	-271.616401	-275.746966
2612	-345.627545	-348.844455
2977	-310.909944	-314.409950
404	-324.595399	-329.364357
1412	-242.195730	-244.593850
1142	-309.702591	-313.285596
2652	-317.377404	-319.129857
3454	-376.600944	-379.285350
1661	-322.148261	-327.090713
3705	-345.665479	-349.110220
1314	-324.460304	-329.276566
1316	-361.652250	-365.027648
2814	-325.804528	-330.436229
1481	-376.634518	-379.647222
1136	-271.296056	-273.835900
3027	-336.811099	-340.111629
3703	-287.697316	-292.425242
2422	-325.718957	-330.623544
3411	-286.134060	-289.747648
1473	-340.678945	-344.863800
3757	-281.482952	-284.904970
707	-381.585428	-384.690736
3379	-273.761967	-276.395541
794	-248.143861	-252.873566
3737	-361.714817	-365.595343
3917	-274.985822	-277.587423
1449	-308.507220	-312.126579
300	-324.602433	-329.359153
2506	-307.526911	-310.860443
2390	-270.097243	-272.637806
3724	-324.573480	-329.615725
3255	-345.578846	-348.794589
3104	-310.941183	-314.429086
225	-346.842403	-350.056093
2360	-340.636727	-344.937350
3580	-345.661657	-348.817825
39	-340.687222	-345.284582
2719	-286.477365	-291.030513
774	-395.551843	-390.273013
871	-309.680919	-313.273267
1738	-273.759338	-276.274401
926	-345.680086	-348.974863
1441	-303.469082	-309.355683
981	-303.499320	-309.462478
1847	-325.753767	-330.573612
833	-325.761605	-330.540992
2369	-273.760271	-276.313874
1202	-361.725394	-365.336695
614	-383.982605	-386.974824
147	-345.615452	-348.925943
1060	-345.713205	-349.017112
3010	-361.720579	-365.407326
386	-325.776001	-330.515198
2455	-344.431301	-347.829911
2285	-340.578657	-345.396422
1507	-310.914024	-314.534044
2344	-305.915175	-312.071903
2161	-361.735863	-365.301880
938	-331.411639	-307.257106
770	-381.612946	-384.431645
3061	-392.552088	-391.643976
3444	-289.794376	-293.553605
1250	-309.686189	-313.281584
3189	-324.510378	-329.196470
1796	-307.536544	-310.954344
490	-231.142581	-235.098602
3927	-323.326298	-328.379229
2711	-322.460671	-325.691129
3197	-309.714859	-313.303522
3583	-325.721011	-330.514177
180	-360.505528	-364.679686
3855	-304.746925	-310.904033
3423	-308.555641	-312.195884
2195	-289.873479	-293.702876
2194	-273.757530	-276.340781
3023	-323.343769	-328.404694
3756	-326.943546	-331.815367
3363	-345.658313	-349.011934
3064	-326.983087	-331.385942
1805	-344.380468	-347.646592
304	-322.464725	-325.903857
1416	-308.514570	-312.202824
3664	-269.219315	-273.334911
1242	-308.508254	-312.276683
2969	-286.484904	-290.877585
3627	-323.347112	-328.350653
1046	-271.618580	-275.777809
2549	-375.410333	-377.858177
1736	-273.764207	-276.393870
547	-360.540793	-364.176195
3428	-288.564752	-292.051047
3359	-325.733758	-330.567281
3432	-297.523580	-300.666271
1832	-309.737802	-313.323770
3271	-454.878708	-442.703411
3001	-270.386138	-274.498868
3708	-270.397474	-274.641946
326	-236.917664	-239.844814
2578	-324.576080	-329.103164
3782	-262.035127	-264.365346
60	-382.768883	-384.991903
1769	-324.569009	-329.364900
3140	-284.987905	-289.131695
867	-283.179781	-285.704576
3235	-339.416290	-344.036327
2156	-346.827596	-350.074126
2468	-307.193849	-310.203288
1934	-341.769746	-346.133403
957	-360.490486	-364.116234
2980	-274.983908	-277.566221
979	-309.713440	-313.362813
874	-271.611192	-275.747108
3820	-340.655117	-345.208013
102	-307.230370	-310.748133
1550	-301.345683	-305.592908
524	-308.507004	-312.308563
3126	-360.523204	-364.393749
3204	-306.313706	-309.641867
3214	-344.426062	-347.865196
3863	-346.804974	-349.957291
2191	-359.317050	-362.624327
1094	-304.696023	-310.747384
690	-375.420808	-378.254939
3590	-340.660106	-344.479780
220	-276.205821	-278.811554
684	-361.753989	-365.299693
3665	-323.329494	-327.898029
3422	-340.663929	-345.004837
3551	-345.646761	-349.043092
3813	-340.620847	-344.919196
1761	-376.622507	-378.572225
1284	-320.761539	-324.558985
899	-321.230055	-324.596418
3225	-362.875945	-367.397839
2567	-320.795216	-324.990824
356	-372.741729	-374.352646
1138	-308.444609	-311.933624
1189	-287.322957	-290.778628
1700	-320.782427	-325.245571
231	-346.860243	-349.965977
1844	-325.808754	-330.436669
1087	-324.508933	-329.264583
3554	-309.689751	-313.248869
1378	-346.867789	-350.360683
45	-266.615452	-272.069097
3553	-346.830674	-350.186891
2970	-339.501361	-343.906122
10	-344.512001	-347.644600
2424	-273.764093	-276.419566
441	-380.414967	-382.835949
1218	-287.431740	-291.268298
397	-288.630839	-292.142464
1639	-345.640072	-348.944780
293	-377.807580	-380.599126
972	-341.869909	-346.199061
1564	-288.555332	-292.164509
2964	-362.945907	-366.540900
2023	-317.402836	-319.309364
1697	-345.613396	-348.950073
1040	-268.307873	-271.639793
1348	-309.683859	-313.279132
305	-346.859213	-349.922147
2236	-235.698987	-238.558361
3421	-324.571081	-329.193107
2835	-362.925466	-366.427399
3366	-323.268818	-328.084695
289	-321.949791	-326.006350
368	-345.595021	-349.025142
77	-348.062001	-351.354045
3199	-273.811544	-276.437803
1840	-360.536972	-364.276794
3111	-318.340705	-323.485023
2443	-288.547509	-292.267842
2996	-324.566568	-329.279525
3244	-323.320332	-327.744342
3364	-305.057353	-308.180595
574	-271.665153	-275.891552
1551	-324.575851	-329.453980
580	-360.537290	-364.057857
3688	-322.476720	-325.802308
3388	-271.606364	-275.803206
1076	-361.656187	-365.915171
257	-324.569867	-329.380210
863	-285.288405	-290.076771
887	-361.720206	-365.308470
1045	-344.449852	-347.567582
467	-273.793804	-276.287923
2517	-308.462063	-312.097030
1193	-324.550139	-329.556977
942	-325.715957	-330.620277
3056	-269.180682	-273.224685
3975	-309.693760	-313.386502
2524	-392.642251	-394.276406
2845	-307.602080	-310.737639
697	-340.621200	-344.662088
2204	-310.904876	-314.522835
3881	-357.951284	-360.400012
2610	-309.711468	-313.345629
1411	-327.023352	-331.806059
2421	-249.395323	-254.522034
2002	-286.504040	-291.210441
222	-412.548009	-410.425329
424	-309.717380	-313.198817
1931	-310.900102	-314.464242
1707	-288.590006	-292.150870
85	-272.550580	-275.266652
3068	-306.015194	-309.649051
3439	-301.389192	-304.906329
2146	-310.932540	-314.488526
2864	-340.658990	-345.273446
3682	-291.017820	-294.743219
2676	-325.784384	-330.519125
1151	-392.620909	-392.412599
1089	-344.451793	-347.613736
3482	-281.480993	-284.681475
2081	-273.775864	-276.375227
282	-325.714378	-330.579737
124	-271.621961	-275.718864
464	-324.485629	-329.244280
1080	-288.570006	-292.405979
1888	-276.201993	-278.912149
3987	-324.506120	-329.383025
1003	-308.516378	-312.029677
1603	-232.363630	-236.406842
2946	-345.649552	-348.751043
998	-302.306196	-308.169137
511	-320.778636	-325.087577
1795	-356.736238	-359.329535
3785	-348.045948	-351.365081
1859	-324.577613	-329.385552
1979	-308.462923	-312.103326
2509	-344.380267	-347.700258
978	-324.545574	-329.199534
142	-307.594137	-310.996028
796	-344.453746	-347.725053
2055	-304.724717	-310.382810
2291	-286.514923	-290.930281
2752	-381.632242	-383.772576
1448	-372.747155	-374.569726
818	-387.475673	-352.485681
718	-392.601894	-393.095966
431	-361.712798	-365.205111
3742	-271.272557	-273.711899
2957	-323.644468	-326.666662
2237	-325.784144	-330.598883
2819	-360.551444	-363.963918
2893	-274.985796	-277.528073
3410	-271.316922	-273.966843
175	-361.754326	-365.344474
2859	-362.909074	-366.787694
3939	-317.386479	-318.610236
1724	-381.594558	-384.353856
1674	-360.499243	-364.356426
2337	-324.588418	-329.437757
1430	-361.720960	-365.269535
3884	-323.333263	-328.110799
2043	-344.484341	-347.772994
1950	-232.331230	-236.378841
3282	-362.972786	-366.315340
723	-361.717032	-365.501421
331	-309.734363	-313.331900
383	-361.702346	-365.554343
3400	-289.799552	-293.497716
2331	-308.516808	-312.130845
2044	-373.173910	-359.094188
519	-309.687078	-313.435813
327	-324.607903	-329.478167
2033	-310.919833	-314.448671
3871	-346.859809	-350.302778
455	-340.664551	-345.322786
406	-359.295180	-363.223177
1082	-310.901659	-314.496834
1116	-356.691214	-358.986778
903	-309.685872	-313.360086
1467	-345.613895	-349.056718
556	-272.600604	-275.366379
2940	-339.418028	-343.846244
221	-310.917273	-314.414858
472	-273.761356	-276.359644
1750	-287.645651	-292.063484
2136	-263.278851	-266.102601
1730	-345.663299	-348.799946
3028	-346.861640	-349.933635
761	-312.126820	-315.817855
3397	-356.702115	-359.146332
1225	-196.409349	-200.126516
380	-307.581989	-310.855513
2359	-360.468392	-364.194087
3696	-308.474441	-311.970285
1435	-193.963318	-197.448799
750	-344.384630	-347.660686
3385	-324.583090	-329.215552
1451	-348.052763	-351.480264
3660	-288.651313	-292.398043
122	-339.419649	-344.078114
196	-341.759398	-345.865392
1130	-346.826923	-350.204127
3545	-310.915918	-314.479928
3055	-285.313284	-290.040860
2448	-346.833271	-350.182991
3354	-360.529236	-363.940186
387	-268.248806	-271.432051
1667	-323.323781	-327.990774
2829	-340.622886	-345.303416
530	-360.503506	-364.367325
1490	-309.691591	-313.341142
2654	-304.679740	-310.918950
531	-226.107205	-231.368111
3513	-340.637067	-344.784467
2112	-304.729640	-310.542709
2856	-376.586976	-379.175950
1340	-271.616723	-275.730106
719	-309.693538	-313.314477
1608	-361.758032	-365.480036
3986	-355.516778	-357.732506
1485	-309.731369	-313.236908
2431	-309.684774	-313.365529
3314	-305.846541	-312.412133
2685	-344.426408	-347.720672
2922	-352.890573	-354.097648
3447	-270.389803	-274.407492
2683	-309.686061	-313.312208
2064	-309.687401	-313.392084
898	-305.906901	-312.207591
3117	-346.824942	-350.294948
1312	-381.612501	-384.034026
2224	-307.568767	-310.762153
2616	-272.542567	-274.849933
2232	-56.525887	-80.901455
3637	-309.764115	-313.375685
3375	-324.594534	-329.136979
3562	-360.524672	-364.509489
2850	-288.580309	-292.006606
1889	-361.731388	-365.581535
3492	-345.645245	-349.057967
3633	-380.412093	-383.785770
288	-355.557059	-356.070144
1436	-375.359407	-378.367884
947	-322.454079	-325.263783
259	-309.735245	-313.361844
488	-346.861837	-350.060788
1280	-356.683566	-358.915490
358	-272.544323	-275.168912
3452	-361.758902	-365.167436
461	-273.773506	-276.492481
1713	-323.381747	-328.180711
3335	-275.020322	-277.584774
3909	-310.945132	-314.479814
3013	-346.883127	-350.346468
3694	-338.246643	-342.503631
1804	-324.542706	-329.257430
3123	-309.702150	-313.259155
2764	-195.179738	-198.867175
2301	-324.616647	-329.343956
2651	-273.744309	-276.207906
3835	-309.693085	-313.180551
1053	-340.610046	-344.955844
1140	-304.683966	-310.723623
2478	-339.450173	-344.357422
1917	-325.790782	-330.691733
2618	-361.768020	-365.029289
2323	-310.954565	-314.538509
3307	-318.647923	-320.884022
1828	-284.993731	-289.200315
2881	-345.594203	-348.888439
3741	-169.860788	-176.349081
954	-324.612244	-329.288527
1373	-324.557383	-329.274670
2314	-345.658870	-349.022907
1987	-325.775071	-330.564880
1357	-375.307060	-377.346806
2974	-396.486691	-399.704906
432	-344.390227	-347.580950
1811	-346.855968	-349.990911
3139	-344.437158	-347.164988
1920	-361.714679	-365.133665
2936	-324.504178	-329.402560
3207	-355.520098	-358.251733
2415	-340.676441	-345.013101
989	-272.839582	-276.972103
1168	-308.454820	-311.873802
3248	-322.477268	-324.974253
877	-359.317823	-363.146570
3458	-345.693035	-349.055390
2065	-340.537496	-345.171270
281	-322.479769	-325.405009
297	-325.833945	-330.364077
1956	-308.461475	-312.179824
78	-270.472470	-274.498841
1496	-268.248371	-271.435563
2971	-312.131841	-315.702438
504	-356.680129	-358.978824
715	-285.275928	-289.971859
3073	-309.734862	-313.290853
43	-319.572842	-323.819706
456	-336.811524	-338.978759
1321	-234.472577	-237.230204
3561	-343.190300	-346.199880
2790	-287.732329	-292.248185
3351	-285.306999	-290.014176
2127	-308.519863	-312.235059
3532	-344.464356	-348.037855
2121	-324.619773	-329.352448
1645	-324.477059	-329.071332
1298	-308.505512	-312.258231
2748	-321.271406	-324.665912
2071	-246.029150	-249.427986
545	-356.698773	-360.389242
2941	-340.635024	-344.740595
896	-323.312767	-327.990197
2537	-317.434422	-318.482880
1633	-247.201165	-251.250318
1868	-326.949224	-331.918631
155	-324.571682	-329.461948
3369	-158.342346	-161.964636
1394	-396.500849	-395.816289
1649	-346.868661	-349.585508
3957	-307.291354	-311.028755
3825	-93.411888	-112.197585
1854	-382.743932	-384.761149
1571	-470.915515	-462.871297
1107	-267.060326	-270.001322
1932	-310.911279	-314.401989
647	-338.268974	-342.420228
3976	-273.765901	-276.269870
739	-309.678703	-313.286240
940	-325.787515	-330.586217
1765	-285.335887	-289.792600
1884	-307.577822	-310.937727
169	-309.688569	-313.223217
106	-362.952198	-366.981600
1034	-356.732791	-359.146002
3658	-309.682445	-313.366824
377	-360.527122	-364.036012
1994	-383.983835	-386.239105
729	-343.084333	-346.741923
187	-341.842120	-345.860375
3488	-340.672417	-344.924448
149	-380.415966	-382.981811
2188	-288.690060	-292.536568
2561	-325.778234	-330.486700
2001	-346.833365	-350.101302
1605	-345.703157	-349.125127
1693	-234.474613	-237.472976
3574	-398.876124	-401.115473
2526	-340.601771	-344.833940
1547	-335.613384	-338.718095
3290	-341.859618	-346.172752
3224	-286.504546	-291.006704
103	-291.024232	-294.651674
1891	-323.382399	-328.251067
3331	-233.545899	-237.618858
2592	-308.486071	-312.097260
2874	-309.725707	-313.420348
2662	-345.635068	-348.988708
571	-339.423497	-343.952878
2991	-272.841336	-276.873690
3328	-324.549529	-329.278748
359	-346.832402	-350.073322
854	-383.971058	-386.729433
440	-307.226474	-310.405607
459	-348.056615	-351.530527
1428	-265.391486	-270.729058
2910	-307.536915	-310.808795
1114	-302.353948	-308.416273
211	-357.939331	-361.006434
1617	-355.508183	-358.040504
3487	-210.101789	-214.266234
2388	-309.695742	-313.517170
3083	-381.591448	-384.012698
840	-289.871520	-293.424074
1097	-325.784473	-330.355569
1292	-323.652284	-326.713558
918	-310.917344	-314.405401
3187	-272.591906	-275.387070
3547	-324.582904	-329.175251
2414	-382.803358	-384.833123
1466	-340.657975	-344.752605
2701	-326.942959	-331.585306
2644	-320.786990	-325.057205
1928	-326.927990	-331.589218
2716	-303.464433	-309.530353
3344	-325.748658	-330.406598
3808	-345.614760	-349.003327
1219	-306.334850	-309.465680
3069	-346.878430	-350.257938
518	-289.791234	-293.499593
1850	-323.407987	-328.273843
1111	-335.656557	-338.985492
1609	-210.001565	-213.978601
1851	-361.717868	-365.148254
1353	-359.297643	-363.085001
3985	-324.548763	-329.324896
3879	-339.483894	-343.828787
765	-317.447668	-318.816763
841	-361.736259	-365.413693
91	-275.011437	-277.668574
771	-346.903261	-350.244549
2613	-338.214346	-342.651445
2757	-346.855643	-350.297767
2832	-250.585843	-255.323926
9	-344.468531	-347.704577
2938	-346.875201	-350.267249
2439	-324.485913	-329.312989
564	-272.569586	-275.096280
3367	-269.216969	-273.324331
2317	-308.503515	-311.878440
573	-286.504534	-291.187471
2283	-231.111403	-234.886283
2099	-288.573876	-292.153249
2379	-361.769162	-365.167396
666	-381.593528	-384.037738
3922	-270.394284	-274.488267
205	-269.465281	-272.401388
58	-304.683044	-310.791361
127	-322.216227	-327.012747
3177	-287.662612	-292.144252
3213	-339.438949	-344.000767
2876	-360.574465	-363.877526
906	-383.969892	-386.399002
1662	-377.834156	-380.426762
3339	-356.699649	-358.846033
3186	-346.829695	-350.122014
2032	-287.663174	-292.485635
235	-270.375081	-274.435269
1342	-361.712098	-365.158371
2860	-345.600676	-348.867697
944	-320.766684	-324.433016
253	-305.838224	-311.930457
2336	-344.433499	-347.823093
2416	-344.406447	-347.643570
