no_training:3000	no_test:993file identifier	 training data
861	-360.488871
2525	-324.569051
1946	-346.841836
185	-361.726913
2972	-320.764992
682	-302.303791
1217	-325.773675
645	-308.540795
3588	-272.549011
2026	-272.837907
1971	-362.906662
1317	-344.393241
713	-308.484017
684	-361.753989
3806	-309.676410
1474	-340.654517
3906	-309.685651
1507	-310.914024
3881	-357.951284
1044	-304.687053
1550	-301.345683
1289	-344.439723
2758	-309.696640
488	-346.861837
2470	-309.688189
3470	-416.814878
2915	-344.371144
2731	-272.836211
881	-234.470813
1471	-346.857623
807	-340.681309
2949	-346.838702
3851	-326.998454
3705	-345.665479
1561	-325.749687
3679	-320.794248
2065	-340.537496
2151	-289.802108
1630	-323.431776
3716	-361.720799
358	-272.544323
1959	-324.603913
3361	-324.558989
1760	-326.940002
3368	-308.496367
2602	-345.645491
210	-362.938898
1516	-249.358446
1286	-310.906869
62	-309.677968
2240	-381.627040
1361	-346.840635
1255	-381.635881
2273	-324.579188
211	-357.939331
1957	-206.721858
1806	-324.610229
2167	-309.681554
459	-348.056615
2633	-324.627681
1069	-375.370023
1104	-287.315479
1457	-288.573089
2873	-307.545713
1923	-287.427777
2723	-324.554067
3803	-287.351460
2184	-360.501473
2205	-318.391203
3163	-319.610683
2195	-289.873479
348	-196.432825
50	-357.934562
1547	-335.613384
2924	-348.045292
3129	-361.692023
3499	-309.702237
3628	-272.509064
753	-361.710299
622	-341.886905
2031	-269.170061
1991	-285.282532
1528	-360.446475
2992	-343.202564
3128	-341.867138
430	-307.543210
2726	-324.475651
800	-324.611571
3704	-348.035847
2367	-361.723620
1029	-325.751230
2285	-340.578657
3768	-227.338075
1103	-273.764642
1696	-320.785074
3437	-288.585212
3673	-309.691463
3618	-309.731536
2846	-273.780933
1221	-344.436348
1048	-286.495416
1395	-375.348487
2626	-305.900638
2093	-324.473588
996	-307.544316
3482	-281.480993
3759	-270.393902
340	-273.789697
3122	-232.329070
3275	-308.757315
3454	-376.600944
2201	-452.728039
2698	-344.434438
738	-324.592221
2495	-307.596472
1187	-264.235803
569	-376.620836
2088	-362.871515
3202	-310.908741
641	-322.439472
57	-345.635513
2597	-412.494644
787	-360.525379
847	-324.608363
2086	-308.486338
2760	-155.908941
3936	-326.951067
2054	-302.588564
701	-265.396194
2802	-325.804486
1716	-325.784331
837	-360.512026
578	-382.825717
2299	-280.273691
1178	-382.751729
1715	-286.486570
2097	-345.639692
2635	-323.324700
769	-271.361537
792	-310.898648
915	-304.734226
3701	-248.211932
1965	-288.555445
2102	-361.723581
3473	-360.527434
1973	-340.637231
1966	-302.558699
972	-341.869909
1638	-344.481904
3024	-251.729571
2559	-319.571638
1284	-320.761539
3039	-341.851538
1987	-325.775071
3061	-392.552088
565	-356.730212
3427	-325.793904
3668	-309.700336
1124	-271.651913
1762	-361.755551
2493	-346.822460
781	-362.918463
2583	-346.859078
2910	-307.536915
2290	-343.224836
1711	-345.611239
698	-274.985880
3594	-272.544482
2137	-324.588239
2609	-322.351046
2689	-309.673807
242	-340.623533
143	-302.355005
3348	-304.715963
1726	-381.506605
3066	-345.688382
3555	-360.547370
973	-325.790444
2203	-310.911529
2421	-249.395323
830	-320.767103
812	-308.509197
556	-272.600604
1983	-320.792773
136	-343.240623
2070	-114.483613
2128	-308.504896
2711	-322.460671
3607	-325.801523
3520	-325.752207
3120	-309.689111
1622	-346.869712
1861	-235.696852
935	-269.154939
1200	-346.908492
3012	-276.205920
1827	-343.492484
892	-288.621895
1475	-362.957353
3790	-286.502445
3721	-284.372483
1935	-361.677841
3248	-322.477268
406	-359.295180
2981	-327.026688
2480	-344.385369
3391	-306.403144
2528	-308.467760
1321	-234.472577
225	-346.842403
2878	-285.336744
3102	-310.903589
3937	-361.713179
1332	-209.144909
296	-345.688916
2535	-272.835594
1415	-338.156727
2015	-308.518276
3001	-270.386138
3090	-287.362939
1628	-345.637174
3287	-271.458576
3615	-210.071468
159	-273.773408
3580	-345.661657
3286	-361.731914
866	-340.620625
2539	-321.276274
2611	-346.824672
3327	-348.059242
3461	-320.776316
3183	-345.642870
731	-355.501990
3647	-325.794522
182	-324.474954
2828	-232.030352
1993	-339.504090
1444	-304.691748
1558	-270.389386
2318	-348.039301
1170	-310.895183
2806	-234.476081
261	-310.905322
2826	-308.764658
3222	-344.494043
2378	-339.490841
1172	-357.927353
1303	-345.676156
3476	-304.737418
1786	-325.785038
1708	-324.502429
3479	-265.289023
794	-248.143861
499	-340.611683
282	-325.714378
1906	-324.613156
3484	-341.890999
1343	-310.895432
2839	-362.930315
2382	-380.343633
2182	-340.610000
2075	-345.606444
2387	-391.391111
3009	-307.265383
1914	-288.576123
1275	-310.936083
240	-286.517094
288	-355.557059
389	-271.336957
1805	-344.380468
377	-360.527122
478	-119.052475
3165	-356.724041
2220	-272.538190
1691	-272.595294
1477	-303.462312
1079	-287.347000
3559	-309.721434
758	-307.574899
1523	-340.646229
1941	-286.206129
3939	-317.386479
1856	-321.958301
3150	-310.942587
1722	-362.946707
3562	-360.524672
1576	-247.184334
3280	-344.483775
2465	-339.464024
896	-323.312767
218	-285.311823
1469	-324.444698
2973	-324.604156
32	-287.509315
2066	-432.401755
1784	-324.497693
1517	-359.342366
475	-304.691568
933	-270.430832
3908	-272.847530
1621	-346.884834
2140	-325.715372
3304	-346.843297
1453	-309.720334
1570	-325.783642
161	-285.276468
756	-325.798888
2807	-269.176124
3873	-348.051405
1412	-242.195730
2696	-353.269456
2296	-309.691365
3875	-309.655400
174	-229.928448
3876	-304.574737
2133	-323.338627
2913	-361.630982
2326	-320.768781
1161	-308.513516
2787	-324.505365
725	-325.725266
2508	-324.574476
1709	-326.941251
1850	-323.407987
3945	-304.737186
1741	-345.629842
1179	-343.195060
1205	-304.682331
3370	-396.486664
286	-324.563745
1737	-323.398064
1829	-382.804482
3852	-361.710525
2191	-359.317050
3585	-308.497008
2404	-323.340989
3340	-229.879598
421	-288.627624
3146	-289.872162
2087	-286.484121
808	-320.774349
388	-340.594424
2449	-341.841190
2080	-325.793131
2682	-324.528297
2693	-340.638326
3193	-320.725883
884	-276.202586
3074	-272.553250
891	-325.767721
662	-341.843824
654	-309.727166
105	-309.727110
3737	-361.714817
118	-352.905052
1246	-318.406529
2396	-307.546144
1410	-273.759553
3124	-308.562031
2282	-375.368783
476	-397.686127
3870	-345.605387
3108	-361.653332
2366	-286.466852
1146	-339.465889
1227	-322.155306
3154	-309.714008
2482	-268.321270
3582	-344.436500
3022	-234.455424
1206	-342.315546
3886	-270.388222
925	-307.567279
2582	-320.773768
1171	-325.721867
2196	-338.559964
1243	-323.582949
2836	-345.652670
3757	-281.482952
1438	-356.728392
2446	-361.740252
697	-340.621200
3707	-271.620156
302	-340.632285
2736	-310.922181
1004	-355.416555
2997	-380.371074
511	-320.778636
1099	-231.975652
3025	-324.573338
2032	-287.663174
859	-308.468407
3481	-357.941534
1148	-284.062954
3683	-308.510782
1758	-271.616401
2349	-301.357553
3646	-305.130313
2728	-304.742823
3028	-346.861640
374	-372.796889
3324	-345.641848
133	-271.642927
2177	-346.868453
2361	-304.727460
1686	-288.648208
630	-273.762561
3766	-344.436564
1588	-323.678800
940	-325.787515
43	-319.572842
3606	-310.906553
2146	-310.932540
3197	-309.714859
1743	-346.856186
2766	-285.279992
2533	-265.438520
3535	-323.235679
2943	-340.654874
1177	-325.808092
3320	-310.952127
2198	-382.804255
2560	-339.452794
147	-345.615452
1640	-304.583737
18	-309.719641
3954	-271.611366
519	-309.687078
3887	-242.196351
778	-324.573162
810	-269.144656
95	-351.666551
1096	-309.689595
606	-343.235457
3546	-233.219124
3612	-309.738513
2921	-310.904813
3777	-339.431092
3252	-340.610842
1355	-361.727678
822	-336.845442
2747	-301.332569
2884	-324.471313
2844	-301.377995
851	-270.117027
1961	-197.629416
817	-345.619715
3858	-308.459001
3452	-361.758902
3184	-308.439671
3502	-376.564063
2989	-287.317913
3914	-325.805781
2688	-284.964138
1213	-324.530103
3558	-339.464817
2788	-345.596027
3203	-308.459279
3553	-346.830674
3125	-308.510840
2743	-234.516409
1587	-322.133444
2961	-348.061993
3595	-345.600227
287	-307.560718
2192	-307.232824
1643	-310.910140
3240	-338.234966
2813	-232.063900
292	-308.517192
2279	-309.711101
313	-361.721849
1800	-212.439286
893	-232.317400
3720	-308.561301
2811	-326.944158
457	-380.372151
799	-310.910909
394	-344.385642
3884	-323.333263
2529	-229.969129
1450	-273.757658
2963	-287.651399
2406	-306.386594
67	-172.006141
3045	-310.906568
3829	-323.654114
3095	-339.431197
3097	-309.716094
1948	-195.158734
2917	-267.068488
1745	-264.171923
2197	-309.684327
1673	-309.733829
648	-287.422111
523	-345.565792
1734	-359.354596
557	-312.122696
3459	-346.831382
749	-249.280474
3386	-309.684862
706	-303.481839
2230	-262.056533
541	-325.714161
3253	-281.476938
237	-268.287661
2751	-273.787799
3665	-323.329494
1465	-382.796989
1269	-307.563525
3082	-272.586248
549	-372.785072
3026	-250.478855
293	-377.807580
718	-392.601894
2860	-345.600676
2283	-231.111403
642	-234.476516
294	-308.506421
2745	-322.118085
175	-361.754326
3298	-345.599182
1798	-312.126342
3892	-271.608843
3426	-307.387663
779	-356.732185
2166	-343.239068
90	-327.017113
1553	-323.448965
3964	-336.853985
1322	-271.619912
745	-344.464270
3055	-285.313284
2172	-308.472272
3303	-272.589883
1203	-261.802956
1445	-396.491525
985	-320.770329
2855	-268.917900
2469	-270.392444
1801	-301.335636
3581	-319.540355
3223	-341.794931
788	-324.467888
1867	-324.583096
2561	-325.778234
187	-341.842120
1383	-344.398797
3462	-272.538255
36	-344.382282
3395	-248.436061
477	-265.399968
2142	-324.624987
2542	-326.951186
3602	-361.683811
1413	-247.214861
2556	-321.958604
3059	-363.508158
186	-340.606711
3534	-320.785748
1149	-325.796862
3802	-356.724118
2663	-361.722327
1373	-324.557383
3656	-310.918831
3432	-297.523580
2735	-309.690179
607	-301.373496
1482	-312.132386
58	-304.683044
23	-304.679494
1684	-320.783029
3096	-338.175960
1619	-340.600021
914	-361.707841
688	-324.491475
3162	-324.546164
46	-372.766726
617	-376.521083
1557	-322.456250
2674	-342.352279
2908	-271.620997
3841	-371.541704
1429	-288.579114
1788	-345.646841
665	-288.571762
2673	-345.652182
3702	-362.951503
3590	-340.660106
3503	-266.630629
1816	-344.357220
651	-232.334436
3017	-271.339346
1466	-340.657975
2107	-325.766177
1158	-268.251114
2877	-324.556404
380	-307.581989
3717	-275.014300
2716	-303.464433
3438	-312.132858
2601	-333.464063
1098	-356.649302
3962	-341.865856
776	-325.781815
743	-309.719124
94	-362.955075
2515	-323.341413
1937	-287.438379
2029	-380.417684
3769	-304.586424
3931	-288.683173
796	-344.453746
515	-287.727890
2668	-310.906004
609	-377.817369
2604	-304.743934
1729	-361.740062
2204	-310.904876
204	-287.353313
3889	-360.533387
259	-309.735245
3490	-359.315205
2522	-307.545457
3712	-300.148891
1522	-324.485746
2914	-270.422403
2546	-248.018573
3475	-321.247305
3264	-307.260972
3686	-344.462681
2645	-362.923114
2967	-305.841708
3228	-381.648857
2096	-345.661705
442	-356.712228
3619	-325.779372
1603	-232.363630
2888	-361.704536
1175	-361.742598
2343	-325.781464
367	-360.491873
2042	-232.364952
926	-345.680086
2085	-309.695312
3629	-359.312853
2481	-324.614891
434	-338.195462
2714	-398.878264
1015	-344.454928
3691	-352.852117
405	-273.804251
1620	-270.431243
1026	-325.765414
1398	-234.469383
1402	-286.203815
3756	-326.943546
352	-288.557016
3541	-379.527167
3079	-270.401391
2740	-360.536920
2427	-339.474134
1629	-272.526778
189	-322.167165
3254	-287.469473
1662	-377.834156
3836	-346.833711
21	-278.059333
3561	-343.190300
269	-325.729080
403	-272.843742
2517	-308.462063
1329	-309.710338
2776	-313.573888
2410	-361.673369
7	-309.722879
3365	-396.458774
3019	-301.357437
307	-302.239101
247	-304.688358
3379	-273.761967
2160	-345.674929
1975	-341.829025
1088	-291.017433
3804	-324.573632
1580	-271.339821
506	-234.516241
3083	-381.591448
1995	-362.946041
3257	-308.472221
3208	-288.572843
413	-301.369263
3181	-307.209274
1319	-308.560759
3591	-273.762889
2863	-287.423372
83	-344.434906
1263	-345.642008
1215	-335.566430
3764	-308.483519
3649	-343.292778
310	-308.480308
61	-308.462933
2395	-297.523583
1857	-307.540766
2089	-308.469081
2939	-352.864008
194	-308.496245
2300	-453.655583
512	-346.861026
1830	-345.641862
2843	-308.509454
2590	-340.650928
1650	-341.836348
52	-345.627428
3697	-312.119261
2056	-325.729141
1046	-271.618580
992	-377.811306
3072	-340.671263
1024	-302.535621
3864	-288.639421
3838	-271.318933
747	-359.350089
1571	-470.915515
2940	-339.418028
191	-307.610450
1953	-308.457242
8	-272.545439
2329	-324.557240
481	-307.573371
3842	-376.587741
770	-381.612946
408	-208.863267
625	-308.514390
1055	-345.681183
3460	-288.678290
2219	-265.437885
2321	-381.536295
1759	-305.906809
1021	-232.328175
588	-309.684571
2518	-360.566272
2426	-340.650391
1196	-346.840727
1292	-323.652284
372	-337.283890
1757	-285.313612
2538	-344.417597
1467	-345.613895
2390	-270.097243
278	-397.667072
1536	-324.492974
3497	-392.627857
2856	-376.586976
3171	-345.599912
3346	-318.327053
1772	-361.717972
919	-272.589999
1540	-285.217962
3640	-309.692577
1251	-322.482659
3299	-325.725069
312	-234.485640
1498	-340.654582
1927	-361.739999
2389	-361.728546
3186	-346.829695
1574	-245.997884
954	-324.612244
3538	-271.350701
536	-323.348544
860	-397.697425
2458	-361.683558
1972	-233.542445
2238	-281.495234
2143	-288.628466
3789	-273.762938
3398	-304.686259
533	-287.720383
2773	-325.684055
1190	-377.830859
1873	-346.842529
2215	-289.795079
2155	-343.243883
2875	-344.475122
2655	-235.723792
1240	-310.907666
1027	-360.529992
3407	-343.517848
968	-308.470667
3799	-291.018995
309	-309.718312
2114	-307.528446
2870	-289.872470
2169	-356.733974
1253	-312.126356
14	-302.238859
3278	-298.952950
1022	-310.902683
2704	-320.786981
3512	-340.641866
1019	-327.016183
2423	-338.238743
1933	-270.396100
2444	-318.641916
1537	-309.692993
158	-308.540079
44	-309.735489
444	-340.665581
165	-327.013034
3433	-308.465425
3754	-324.570035
3138	-345.651520
3832	-346.836423
1340	-271.616723
2476	-346.865438
2327	-381.624797
3050	-303.940271
3699	-355.497878
3442	-381.635659
1631	-345.642285
1776	-325.785476
754	-361.718210
362	-289.871990
1483	-309.723988
3751	-339.491316
1683	-346.829154
226	-360.556344
1018	-354.272548
122	-339.419649
1434	-344.482088
3463	-304.735360
1807	-344.469516
3149	-372.694726
3863	-346.804974
55	-335.683118
3401	-338.175569
2797	-345.646914
801	-273.763117
1181	-323.657279
3988	-309.707600
299	-195.196751
2625	-291.021574
2911	-289.871661
482	-272.599303
1199	-377.813742
2185	-344.343476
3325	-341.836362
327	-324.607903
3104	-310.941183
2266	-289.766576
2853	-325.794835
579	-281.480583
3205	-341.842686
3670	-286.248451
3970	-305.897998
1207	-324.584396
2520	-307.284294
2126	-270.399529
454	-265.283843
1401	-307.265351
3265	-324.569062
3283	-287.404397
196	-341.759398
2808	-340.646073
969	-325.797425
3915	-309.687698
3397	-356.702115
3941	-231.108368
1101	-307.244627
2923	-325.801905
3420	-306.358581
3355	-345.648365
98	-303.553222
2433	-324.552283
3016	-309.730329
2651	-273.744309
853	-76.404702
1308	-341.814212
2778	-325.711441
3399	-307.229313
920	-281.489179
1947	-303.533559
854	-383.971058
1277	-309.706892
487	-307.223588
140	-309.676929
3262	-235.693825
2568	-325.718022
3406	-286.459793
432	-344.390227
3746	-309.736797
3605	-372.755216
1712	-345.612640
3650	-382.756764
2213	-287.433999
1119	-304.733360
3322	-272.536448
3356	-270.447268
1876	-251.732828
3402	-234.522504
1418	-325.725274
2022	-344.425164
982	-307.235414
1595	-309.686571
2824	-304.720708
464	-324.485629
3199	-273.811544
1006	-336.843788
3659	-340.683837
473	-346.828378
2632	-306.344083
3940	-308.464824
1078	-309.738888
1792	-363.504227
2226	-276.206257
1727	-324.606977
2947	-355.510313
3786	-308.759185
2287	-310.905485
1818	-371.535911
1632	-340.673967
1040	-268.307873
1674	-360.499243
1844	-325.808754
3243	-377.816466
1013	-271.300649
2734	-309.719592
1265	-227.324775
587	-307.283919
3080	-344.436248
1851	-361.717868
3675	-360.534222
1644	-325.774769
3410	-271.316922
3227	-348.043668
1955	-339.498757
12	-377.816587
2363	-324.610150
3672	-309.689612
1524	-272.550818
2412	-310.904086
2163	-324.503356
599	-343.312201
3565	-286.474509
3414	-285.313674
889	-272.539307
163	-319.624414
342	-323.351196
2099	-288.573876
3209	-346.834502
2252	-382.779570
1597	-336.805704
790	-341.836780
1354	-382.790027
82	-309.701458
1121	-333.449362
1385	-309.679840
283	-355.460155
1325	-356.758284
2899	-310.930659
480	-325.760797
3092	-340.610697
357	-307.245430
677	-324.594116
2885	-309.686862
2957	-323.644468
2660	-307.582044
3215	-320.793270
3496	-302.303890
3540	-321.236907
3285	-247.192524
3241	-319.515995
468	-322.150234
831	-346.867207
674	-346.879260
2236	-235.698987
324	-307.534482
3390	-309.736085
2987	-271.618137
2234	-272.580839
3145	-324.570872
2244	-414.351653
2779	-381.606362
761	-312.126820
3871	-346.859809
2767	-340.635968
51	-283.168740
1901	-362.946498
1773	-304.696646
2592	-308.486071
1070	-361.752301
1484	-273.817328
2593	-321.252793
1546	-318.321510
2898	-310.940190
3030	-324.500475
1350	-343.076530
1939	-242.205627
897	-345.659998
3306	-361.650084
3333	-361.709769
805	-309.658574
3730	-291.017996
3317	-269.177232
379	-391.337881
1890	-371.608385
1706	-382.777508
2071	-246.029150
1497	-251.731545
2437	-356.692640
803	-325.789564
131	-345.603479
169	-309.688569
3902	-382.757521
585	-229.918003
2428	-309.682996
521	-262.065493
2750	-268.301176
3828	-288.650589
2955	-346.822341
2697	-360.495788
3153	-340.622406
2400	-345.592410
2789	-340.629283
895	-356.728690
1702	-251.727632
3728	-234.474951
2125	-310.908354
2174	-324.606491
2650	-361.727711
401	-325.712603
316	-341.858490
3307	-318.647923
1473	-340.678945
274	-272.539126
3655	-287.379629
1981	-306.313924
280	-271.324234
2628	-359.341296
2577	-381.600777
3362	-345.632413
2614	-232.164586
3492	-345.645245
203	-340.663148
3292	-326.937372
3485	-324.614459
2159	-324.581067
3899	-337.265273
737	-336.836792
714	-356.669324
572	-356.752533
1921	-310.904960
2816	-310.905786
2210	-325.710772
2815	-324.570906
1565	-325.735821
146	-377.813815
961	-326.950279
2030	-273.804223
1382	-360.492675
3957	-307.291354
2223	-288.657055
3123	-309.702150
1270	-307.571937
3367	-269.216969
3302	-324.577047
26	-301.359287
2116	-340.646768
2090	-308.473428
416	-271.318448
1913	-310.912131
3323	-232.335768
635	-324.578381
1129	-340.618148
1794	-325.712420
1930	-341.835805
584	-309.681686
2027	-376.585000
2610	-309.711468
1518	-309.683200
850	-271.623957
1365	-361.755045
1982	-345.609374
3630	-287.660591
1315	-288.533780
3405	-269.206920
2570	-324.626187
148	-345.629933
3242	-397.707881
1139	-270.382725
2623	-235.700285
472	-273.761356
1108	-341.839596
19	-309.720734
2928	-324.540084
2576	-306.418503
438	-381.565482
3135	-272.569212
1387	-361.698635
2048	-235.699029
832	-308.470270
1137	-271.622539
3200	-265.433051
419	-312.128001
3038	-288.542113
3472	-340.657197
2	-324.551643
2483	-322.158791
335	-361.729115
1740	-376.599676
1007	-235.694216
2804	-344.433943
2409	-324.595526
856	-324.568212
153	-347.466594
1232	-336.811744
2922	-352.890573
2135	-346.861074
2951	-308.569129
695	-345.700085
3781	-274.984614
595	-340.652012
2112	-304.729640
1331	-310.941319
1	-360.499843
530	-360.503506
1942	-382.751274
845	-40.478930
3574	-398.876124
1996	-356.687774
1352	-304.677606
71	-346.864282
3412	-335.628480
1611	-348.044714
943	-303.497783
396	-372.782655
864	-323.337623
1506	-339.437849
2796	-345.678871
2073	-345.600119
3519	-376.604739
573	-286.504534
2761	-309.696507
842	-360.514766
3331	-233.545899
974	-303.468081
583	-285.016369
2148	-309.718089
564	-272.569586
869	-327.026488
11	-356.688211
2176	-345.608670
1375	-345.645053
868	-312.124574
1812	-307.275809
3589	-324.543443
1744	-288.535621
1351	-309.733696
2994	-345.597078
3859	-308.499978
3206	-346.853173
3617	-345.608658
1636	-233.551389
1188	-306.054267
2173	-304.678340
2516	-309.661518
592	-307.614861
3510	-340.674744
3469	-356.686540
3159	-324.612512
2401	-263.280728
3564	-303.533472
3671	-326.941692
3167	-309.688639
3449	-297.510804
1009	-266.763445
703	-340.656580
623	-265.457424
3233	-304.691526
2149	-341.878745
1742	-288.583008
1358	-340.682075
1306	-288.682324
577	-343.087962
3812	-271.623066
927	-340.676668
16	-273.806874
3239	-361.708121
59	-248.430371
2817	-340.641240
3556	-276.202384
3797	-376.587519
1118	-306.032266
1870	-309.686187
576	-345.655968
224	-324.628594
1244	-345.616998
2398	-319.533364
907	-381.607752
2132	-377.826580
3557	-344.382663
1667	-323.323781
1348	-309.683859
1502	-340.679724
3726	-382.754967
1185	-324.558175
1668	-344.433140
353	-197.632222
3310	-309.721850
2334	-472.135006
318	-310.954514
551	-382.817123
3035	-344.404557
2944	-309.687280
2164	-304.744503
1908	-286.508233
1949	-340.674935
716	-325.758431
2866	-344.431605
268	-362.957295
596	-325.754527
1797	-194.267232
3816	-272.830720
2023	-317.402836
3530	-309.739069
930	-346.898838
908	-310.911406
1852	-309.685790
3747	-324.521162
2793	-306.384286
2868	-270.407057
1328	-376.531779
2477	-360.539944
1545	-308.468255
365	-361.740208
680	-325.806369
1259	-288.590804
1555	-324.529724
3638	-306.320806
2306	-287.354343
87	-490.834069
3771	-309.655144
3196	-297.530335
1815	-345.663783
2364	-360.507160
2718	-382.782995
507	-309.697879
2058	-356.710498
3198	-288.680991
1222	-325.805865
137	-287.440932
314	-233.255379
2262	-325.780603
980	-356.743821
3139	-344.437158
3486	-437.484875
1279	-377.837977
874	-271.611192
3160	-362.937857
760	-324.605411
445	-319.610687
25	-309.712046
2489	-250.583259
3511	-324.552260
1511	-271.315027
3060	-270.441145
2780	-272.545389
2896	-356.725069
3767	-324.568597
1779	-288.583563
1492	-310.927319
855	-271.614051
1261	-268.282665
1454	-288.652757
825	-340.536374
3131	-303.560907
669	-377.780670
3448	-324.634377
966	-339.467091
2931	-361.729140
290	-348.056024
1132	-310.938583
2175	-324.545475
1495	-286.516879
1334	-273.765782
1461	-346.899170
177	-362.872710
594	-325.809558
2512	-346.823548
33	-264.504487
2505	-344.440744
3927	-323.326298
3212	-360.575745
1770	-309.719198
2814	-325.804528
1885	-345.647670
3071	-273.789182
3603	-326.952955
2156	-346.827596
3315	-269.176979
3047	-285.293918
2859	-362.909074
3653	-309.763576
2867	-361.734339
3977	-288.552886
3498	-381.585231
1717	-345.603646
2457	-382.757134
3220	-273.806349
1756	-326.935440
2721	-271.401725
3258	-324.473847
1201	-224.944660
2211	-340.648620
152	-306.286325
3049	-324.610004
1916	-360.557411
2833	-248.375248
3101	-360.503577
3429	-274.987297
1642	-344.345376
3282	-362.972786
885	-324.623780
3140	-284.987905
360	-346.890881
2603	-341.863083
784	-377.848074
3568	-308.468418
1775	-306.353871
3116	-312.128429
1377	-325.768959
3064	-326.983087
1581	-345.660520
1976	-346.831692
3587	-322.421320
2890	-309.738198
2303	-309.719920
2468	-307.193849
1926	-273.773955
3389	-309.689740
2501	-232.377706
3046	-322.057728
3782	-262.035127
221	-310.917273
2835	-362.925466
522	-309.680641
647	-338.268974
2485	-392.676111
1590	-344.415609
489	-356.745773
2392	-272.551442
3575	-309.736328
1958	-340.595950
3905	-395.515911
2304	-286.431160
1020	-303.566436
513	-355.518342
694	-344.360007
1147	-304.755780
1735	-320.791360
791	-309.662433
931	-361.763293
238	-233.253760
2781	-288.581699
821	-307.566593
2062	-303.437471
3763	-344.416821
3284	-343.290242
1699	-272.541597
3793	-381.580932
3677	-307.571921
3	-346.838279
948	-336.827390
1061	-343.531666
2946	-345.649552
2369	-273.760271
1430	-361.720960
535	-248.416462
1905	-231.145151
2629	-356.679047
3445	-286.508374
2416	-344.406447
2654	-304.679740
1809	-324.559733
2320	-362.876210
2975	-345.579201
2514	-354.197108
3505	-274.983383
3916	-273.810780
260	-359.369049
1761	-376.622507
2007	-308.499105
2832	-250.585843
3084	-325.781161
655	-325.771459
2640	-398.880824
2864	-340.658990
3423	-308.555641
921	-325.682121
145	-310.929561
3883	-308.516508
3447	-270.389803
2193	-383.976576
1192	-326.947461
249	-306.347185
2380	-327.025010
1028	-360.421732
3091	-341.869641
2362	-305.134491
0	-351.615495
2903	-308.505951
3118	-236.917873
3663	-344.446747
1645	-324.477059
938	-331.411639
1191	-360.510716
3062	-381.573048
3236	-310.912270
2243	-340.673964
2124	-345.600825
3925	-325.718488
3734	-326.940196
1572	-322.170570
3965	-273.764529
3748	-376.556657
1073	-233.249538
1910	-326.978724
498	-273.791878
156	-288.654408
1535	-324.463541
2530	-345.673444
3250	-360.517106
3949	-359.301320
2709	-345.632155
1663	-232.351764
3041	-345.692143
195	-296.296482
1494	-345.654016
2902	-271.653205
809	-361.738091
1950	-232.331230
3105	-346.821661
456	-336.811524
2460	-345.631797
295	-320.770299
216	-307.283509
871	-309.680919
1180	-306.364186
2265	-360.469291
120	-323.345161
3890	-341.849730
649	-340.685408
735	-309.716570
1615	-287.344000
3598	-340.671493
285	-249.362379
3527	-309.716030
3897	-324.519277
3827	-270.435807
2621	-305.145002
1313	-324.502042
164	-340.675814
3053	-490.831786
1312	-381.612501
317	-325.797397
2985	-304.745635
2311	-193.034988
1307	-303.460433
2554	-345.649886
74	-310.918822
257	-324.569867
2494	-274.984732
3121	-344.419977
1519	-352.874613
154	-324.538764
2232	-56.525887
3910	-309.703111
3710	-308.565933
1241	-345.608395
1713	-323.381747
1456	-308.496384
84	-345.610574
1260	-270.417842
2442	-345.636611
2231	-346.825174
1988	-312.124451
2848	-339.419688
3942	-287.507193
2113	-344.391557
78	-270.472470
1655	-338.217210
1499	-320.779994
2101	-361.717364
1089	-344.451793
384	-343.291812
3392	-361.774979
1470	-272.542270
1479	-309.677142
2547	-323.328581
3539	-324.625415
2930	-310.906738
875	-376.554863
2152	-308.540101
109	-158.340943
932	-361.764881
1649	-346.868661
1710	-361.726166
2720	-231.102112
3623	-341.892484
2706	-345.667357
1854	-382.743932
1625	-320.776082
1060	-345.713205
2297	-322.412936
1718	-356.706262
479	-77.308427
3477	-348.046236
1092	-360.552974
2982	-325.722723
494	-345.611057
3422	-340.663929
1169	-346.819305
3966	-376.570141
3308	-381.582831
474	-281.476832
141	-287.734664
2634	-326.927446
1363	-355.525451
2724	-376.591176
3976	-273.765901
1704	-274.984793
1599	-304.689816
2034	-345.586124
2418	-304.734646
2450	-312.124760
2648	-325.728744
1771	-287.657053
466	-382.782183
3987	-324.506120
3522	-309.691414
3237	-303.553222
858	-340.661797
1994	-383.983835
3261	-232.025930
2770	-288.588657
1304	-356.679729
2422	-325.718957
2471	-288.628801
22	-324.575190
1097	-325.784473
3192	-313.554802
176	-308.554162
562	-456.105229
3978	-282.861121
2033	-310.919833
733	-345.660927
2229	-319.560814
936	-382.773457
2000	-309.736479
1283	-345.605635
386	-325.776001
333	-308.507517
2385	-310.911571
3599	-308.482454
1428	-265.391486
1848	-273.769835
567	-339.489014
3021	-360.495540
2966	-308.428791
767	-346.861463
1449	-308.507220
2141	-307.287454
1268	-344.411146
3821	-308.427345
2016	-308.569875
1091	-309.678344
1672	-336.831068
1439	-340.590431
2858	-346.862070
1184	-286.506282
3805	-309.680682
2061	-345.638357
229	-361.648305
967	-372.742461
1210	-340.641282
2497	-325.763216
906	-383.969892
1808	-356.676972
2596	-339.467484
2801	-310.932716
1071	-360.495618
368	-345.595021
2224	-307.568767
1656	-323.352987
298	-377.795528
3371	-286.517424
1369	-392.662003
510	-234.491176
3551	-345.646761
2068	-308.471269
76	-325.685245
2251	-430.448052
3329	-310.909123
2171	-359.346839
3328	-324.549529
407	-287.508781
3980	-372.708066
1324	-270.399280
1143	-367.635675
2057	-288.540318
2702	-309.685148
2642	-324.578146
3226	-339.491316
3450	-382.824468
2447	-323.330261
2399	-308.430606
356	-372.741729
1912	-310.915653
2187	-310.904927
3147	-338.530072
991	-345.602096
1218	-287.431740
692	-362.917261
2269	-308.452310
1724	-381.594558
371	-380.374978
3808	-345.614760
3514	-340.654233
2727	-271.330291
2036	-309.733888
903	-309.685872
2394	-355.446449
1036	-340.609236
2100	-343.199390
321	-324.604397
1821	-308.473320
92	-301.343578
1635	-360.520081
460	-360.488733
2681	-308.466840
1437	-376.547304
3779	-308.476903
3973	-356.659922
1010	-340.666160
2413	-345.604177
2581	-234.469389
2552	-340.624424
1388	-250.583643
2354	-387.558484
1606	-308.462382
3788	-361.725962
3103	-340.631134
3068	-306.015194
527	-324.629301
3745	-310.912788
3991	-372.765028
2247	-348.046805
1521	-323.665247
687	-346.841762
2929	-345.638912
2122	-348.040439
1062	-324.496997
2047	-286.246880
2092	-288.572051
1320	-340.656628
2502	-309.685960
1891	-323.382399
181	-412.528245
984	-248.443503
2606	-323.344105
110	-346.869123
3724	-324.573480
3840	-309.681264
1787	-325.795649
3272	-173.147782
3056	-269.180682
3294	-340.693392
1871	-306.406578
443	-325.754109
3951	-326.977685
1068	-308.470010
1333	-270.359564
3981	-249.257629
526	-344.430692
3509	-288.685117
1341	-301.373831
2857	-362.899149
334	-245.983375
3008	-323.359336
2607	-275.007113
2467	-325.805017
3652	-361.720088
364	-117.824798
3251	-306.056425
2353	-281.504579
1598	-308.471397
3336	-308.477672
1051	-346.860404
142	-307.594137
1393	-271.647465
3474	-309.730988
997	-361.688335
1299	-348.043466
911	-356.711832
1869	-269.207716
1359	-229.927277
271	-361.759779
2227	-356.712771
2235	-318.409670
1845	-302.309526
816	-356.748545
2948	-382.790431
1095	-324.603415
2440	-317.433049
3696	-308.474441
1228	-345.640969
1990	-281.482892
2775	-382.812383
1665	-336.802871
1236	-155.897345
3078	-383.966179
2945	-307.281910
2037	-345.620113
876	-325.807685
3178	-345.605421
1882	-273.764420
128	-303.785832
418	-324.565412
3715	-381.567301
3168	-323.614890
13	-360.526646
3592	-323.367866
1666	-289.872246
3219	-339.428557
1105	-302.306944
420	-362.950092
35	-343.197784
878	-308.466070
1379	-325.731549
815	-285.324641
2420	-340.625366
2666	-303.423742
1271	-310.902165
1130	-346.826923
2072	-344.431636
3597	-360.539435
3173	-325.791830
1544	-324.594826
1272	-308.486687
2365	-345.689766
447	-271.627826
1338	-320.793141
2809	-344.506029
3319	-376.604793
1783	-320.761312
2769	-376.563238
3651	-303.463214
1534	-340.632075
207	-285.281032
3518	-340.655390
2208	-286.486509
732	-327.023478
2434	-377.845502
2984	-362.935648
235	-270.375081
3152	-335.591582
3824	-302.288055
3853	-271.336383
1249	-272.543724
3624	-324.614194
1014	-301.385442
3164	-344.379764
3809	-310.902628
751	-361.724921
1144	-264.255612
3411	-286.134060
1344	-341.767606
1604	-347.456674
673	-345.680831
2179	-361.698233
3388	-271.606364
2729	-323.315925
2598	-308.508949
670	-324.618078
2553	-302.545562
1168	-308.454820
1472	-306.080007
1616	-272.539058
1531	-345.640098
75	-381.566310
60	-382.768883
1738	-273.759338
759	-398.888473
2617	-248.151318
762	-346.863396
3879	-339.483894
171	-361.745138
1220	-325.800532
823	-361.732840
351	-345.625747
3849	-360.531172
1897	-197.629387
834	-346.828689
2383	-324.593866
638	-345.695868
1984	-287.441165
3846	-318.393987
227	-377.805829
1878	-346.819711
3428	-288.564752
1290	-345.660459
3856	-306.313590
34	-306.355655
550	-319.568017
1862	-319.615129
3895	-325.808333
944	-320.766684
1694	-273.743311
3713	-325.748400
1751	-339.469166
3776	-320.773105
2785	-310.915445
1090	-272.500426
2567	-320.795216
2249	-392.653825
3099	-324.530718
3703	-287.697316
3446	-306.044918
3126	-360.523204
3719	-320.742924
1242	-308.508254
660	-271.630416
952	-325.717725
3772	-356.752251
1944	-325.796840
3932	-360.472117
3567	-309.693494
3975	-309.693760
3376	-273.775510
2218	-325.756157
1162	-309.684472
1799	-346.861635
3755	-341.874216
723	-361.717032
2830	-325.800699
3417	-354.292460
1660	-274.985107
937	-306.397642
3089	-327.025329
170	-340.667287
2862	-309.693471
2109	-321.219665
201	-308.561649
3517	-396.475511
3106	-273.735646
96	-375.359188
531	-226.107205
939	-344.481802
2699	-346.864540
3413	-308.440890
29	-344.425700
632	-361.705069
3752	-345.686524
3316	-264.261826
730	-336.821088
3738	-274.982053
1533	-309.671865
2799	-340.702898
1733	-322.169100
2302	-492.008892
1422	-361.728608
1039	-360.575277
710	-340.625597
1122	-345.601318
843	-308.437835
3506	-320.804155
1462	-312.136049
752	-324.557693
3826	-372.742383
699	-307.243079
909	-325.789320
2253	-325.818163
2959	-289.795007
528	-288.538806
2050	-362.937518
2402	-235.696227
559	-362.935404
1525	-345.608193
1904	-304.752598
303	-375.328197
3620	-359.351415
1753	-375.351387
1133	-308.517070
30	-325.717105
2725	-269.218553
999	-308.512721
828	-361.684892
3513	-340.637067
612	-397.697891
2680	-340.664901
127	-322.216227
872	-309.711438
3343	-320.735225
1767	-285.277900
867	-283.179781
2276	-309.679242
2261	-233.260156
2239	-346.823312
2765	-381.546975
3381	-309.731402
898	-305.906901
1719	-232.050342
2346	-310.909551
3374	-324.551244
3375	-324.594534
2677	-309.684577
1142	-309.702591
1721	-339.479764
2153	-309.673226
315	-302.472397
1001	-304.724431
125	-228.992613
1651	-273.809498
637	-360.557419
971	-324.624537
256	-308.741915
2127	-308.519863
2564	-325.789398
40	-344.338878
2712	-274.985024
3311	-344.433172
988	-341.827199
1045	-344.449852
1964	-309.726463
450	-235.729507
439	-288.690999
2504	-325.805550
3273	-288.589678
1647	-343.242553
1887	-361.696319
3684	-362.958208
820	-326.934229
1182	-304.738393
3158	-269.271320
719	-309.693538
953	-392.650949
1748	-288.688929
2456	-345.610758
1945	-361.754136
2886	-324.530742
119	-327.012568
1922	-248.132701
558	-344.464151
1107	-267.060326
619	-325.787161
3919	-304.721921
553	-271.666055
3783	-310.912792
2730	-286.492223
1115	-325.773014
56	-345.599154
1053	-340.610046
525	-273.812813
3337	-286.438448
3076	-247.198000
1339	-285.316421
683	-348.060054
3501	-318.409788
2188	-288.690060
2918	-271.326117
2161	-361.735863
1100	-380.373569
2257	-307.238509
1503	-327.014214
2186	-320.782523
1234	-325.796704
3161	-309.678595
2715	-345.709596
1600	-249.301818
653	-344.473681
1264	-324.536694
3778	-309.700675
2271	-310.916474
2194	-273.757530
2144	-324.574829
500	-308.452306
3658	-309.682445
273	-323.312375
1849	-324.547957
1486	-380.373644
3872	-340.691219
1392	-353.321142
1932	-310.911279
3753	-271.652242
1225	-196.409349
2432	-274.987245
1072	-272.554773
3531	-344.458268
765	-317.447668
3609	-269.176442
2882	-322.444150
2499	-376.539208
2962	-309.686114
1766	-270.387395
397	-288.630839
455	-340.664551
1974	-345.655745
610	-324.629068
1833	-302.579718
955	-345.632414
2851	-356.699504
949	-344.463502
554	-340.688787
2550	-271.628346
3528	-233.262752
3189	-324.510378
3909	-310.945132
614	-383.982605
2950	-360.498298
1703	-286.154755
1637	-343.503600
3110	-236.917458
1335	-283.156647
3621	-346.815715
650	-193.034094
2810	-273.763107
27	-324.573866
1238	-360.499088
114	-361.772743
38	-309.736982
3342	-153.787612
2464	-297.555801
3403	-339.424322
700	-310.938181
2258	-303.453218
1066	-375.344926
3869	-324.525580
2315	-273.793520
1723	-307.290176
1235	-265.447270
1693	-234.474613
2956	-360.528914
267	-345.641113
2988	-310.923406
3081	-302.557878
1728	-362.942862
339	-356.705991
361	-376.622353
1920	-361.714679
3946	-286.438084
505	-338.531538
2798	-307.259167
1896	-326.971392
2644	-320.786990
2298	-270.396464
1579	-288.589020
3854	-346.867382
2551	-325.792606
3276	-344.508729
2028	-346.821466
1747	-360.559076
168	-325.810050
1705	-286.218259
548	-233.555951
2926	-320.764569
2995	-381.584942
341	-273.735711
3244	-323.320332
3521	-342.324182
3661	-287.358011
2506	-307.526911
2965	-344.689237
448	-346.831139
1481	-376.634518
1065	-360.485823
782	-361.678341
1247	-325.770105
440	-307.226474
2436	-308.473229
458	-340.699868
2352	-288.589622
2819	-360.551444
3963	-271.323381
2990	-376.661483
1487	-345.665813
2275	-312.122563
402	-312.124533
3560	-286.463470
3326	-381.616196
2268	-302.558547
3464	-234.470922
947	-322.454079
2139	-381.581478
503	-355.514134
2451	-359.328735
3516	-324.634527
3893	-341.097446
3176	-432.852890
2313	-312.122262
3214	-344.426062
2932	-285.320198
1380	-288.625728
1164	-340.611734
3930	-338.542975
2845	-307.602080
435	-306.309029
2774	-310.910631
1141	-115.679136
2081	-273.775864
2893	-274.985796
112	-340.648166
2823	-309.730966
708	-306.313133
3969	-324.609784
3985	-324.548763
431	-361.712798
824	-310.952875
659	-326.976670
543	-310.937295
691	-361.734668
1789	-310.905299
1732	-269.170665
3678	-285.255880
3231	-380.446861
3034	-360.418556
1915	-361.705669
2656	-376.622509
234	-308.467880
3093	-334.424572
704	-235.696677
1880	-346.873992
2763	-272.548325
580	-360.537290
1892	-382.805933
661	-335.635079
387	-268.248806
2585	-249.269471
3269	-381.624381
865	-304.728720
1419	-344.350927
3070	-281.491976
3928	-377.799358
1082	-310.901659
2291	-286.514923
4	-270.439280
2376	-346.840597
3596	-285.328258
1552	-346.865957
3235	-339.416290
1564	-288.555332
2892	-325.728271
3662	-360.469577
3274	-196.407957
1252	-301.395982
1954	-226.144377
2324	-346.831385
2881	-345.594203
236	-325.758113
1618	-345.629039
1080	-288.570006
2970	-339.501361
180	-360.505528
2289	-325.766945
452	-324.575287
2637	-325.687098
3000	-309.688191
3867	-356.726146
2020	-272.514099
121	-361.711483
2405	-318.344936
398	-345.636145
106	-362.952198
10	-344.512001
1822	-344.395150
789	-324.581906
2430	-304.688809
463	-309.715058
2292	-343.246371
2713	-310.904631
2880	-346.831172
1664	-310.904974
3833	-324.559324
819	-276.204532
2157	-309.686797
574	-271.665153
2106	-286.476486
3542	-344.409533
544	-340.643340
2452	-344.424745
2827	-345.615042
2831	-356.723059
2332	-342.335241
1480	-324.584824
3616	-225.221461
2356	-323.346816
1233	-265.440660
2935	-297.516418
689	-341.818686
322	-346.832352
2782	-340.664407
1874	-416.367317
3075	-324.616343
1459	-306.320451
97	-286.495035
1075	-325.751822
640	-345.616264
323	-309.647349
2305	-376.633716
3100	-361.716824
48	-304.689512
1166	-324.576650
2624	-309.699280
1042	-305.904676
311	-287.724713
2652	-317.377404
3003	-325.798735
3950	-270.439135
1458	-288.648179
2927	-324.500425
3791	-360.491959
1043	-324.605875
658	-307.234503
2631	-380.316551
1569	-234.503085
2690	-231.093096
3483	-308.500974
1309	-287.723848
1697	-345.613396
412	-372.768039
1111	-335.656557
983	-341.851447
3815	-288.574763
1173	-344.465017
3305	-310.955141
2897	-346.825923
86	-190.624631
1194	-381.612648
1617	-355.508183
2665	-348.031230
2411	-193.075202
1919	-407.364323
1601	-345.646864
3419	-335.590859
2993	-346.825502
3792	-360.525610
1780	-345.606551
1157	-309.691584
1532	-309.731599
1400	-306.067385
2019	-340.659620
150	-309.732713
1811	-346.855968
2519	-323.585680
3533	-232.036378
2942	-325.778444
3584	-281.484877
3372	-309.705858
3491	-361.750275
3860	-308.505267
104	-360.574432
1256	-312.119596
3664	-269.219315
2162	-340.613712
346	-307.586014
3246	-340.652252
1931	-310.900102
3335	-275.020322
3552	-325.793166
483	-309.705795
3312	-323.647099
1298	-308.505512
3132	-309.670613
2479	-271.622821
3352	-272.834623
1902	-324.615795
149	-380.415966
1436	-375.359407
2286	-309.728265
3974	-323.433262
2953	-348.047609
652	-345.620593
1405	-361.711854
1193	-324.550139
646	-323.641347
2653	-361.749428
255	-309.672030
3722	-308.759135
3266	-287.736841
618	-308.467888
113	-360.478880
3351	-285.306999
349	-309.687623
3681	-310.914919
1257	-346.855622
2280	-359.345792
1872	-272.566631
115	-356.682218
3635	-308.475489
624	-312.119017
250	-360.538828
3291	-362.911941
3187	-272.591906
746	-273.802095
2325	-273.732431
183	-362.962787
2753	-310.904304
231	-346.860243
956	-230.183076
1224	-308.420805
3740	-356.684693
1677	-344.412416
3570	-272.514475
2829	-340.622886
3787	-381.580675
462	-234.474088
3347	-286.510514
3807	-361.706503
1513	-306.368494
3494	-324.573795
841	-361.736259
2768	-340.690205
3709	-340.613243
863	-285.288405
2339	-326.954728
1057	-391.518453
157	-376.519880
678	-308.506580
3912	-308.435951
382	-344.494711
2818	-335.618370
3404	-309.733988
1763	-325.799404
2293	-269.216495
2309	-272.583285
2473	-324.497671
3063	-317.413890
1389	-272.510742
2147	-382.781806
3877	-340.623773
272	-322.161948
3750	-346.838572
2183	-339.459869
428	-324.570042
3785	-348.045948
2338	-268.888303
399	-304.735224
2344	-305.915175
1804	-324.542706
2038	-348.056093
49	-396.507540
3637	-309.764115
2521	-361.728609
3015	-359.362011
696	-356.709466
1367	-325.812267
1285	-346.860450
1956	-308.461475
3229	-271.614305
355	-273.761263
1560	-340.645686
230	-271.617434
1310	-307.529289
2255	-360.513163
2686	-340.697732
1245	-310.907810
1918	-319.573117
2616	-272.542567
2792	-362.944759
253	-305.838224
1208	-345.608535
3440	-322.135917
887	-361.720206
3004	-288.652346
3027	-336.811099
977	-285.160699
1214	-341.865386
3837	-343.468335
1337	-286.498779
2741	-297.520999
3354	-360.529236
750	-344.384630
469	-325.775843
1102	-116.609549
2017	-310.940345
3394	-376.613178
1823	-340.656176
2496	-326.954795
3666	-309.735874
1670	-269.230258
2664	-348.047695
994	-323.428670
2374	-285.279236
441	-380.414967
91	-275.011437
590	-346.857871
3421	-324.571081
741	-344.434318
2335	-346.825562
3023	-323.343769
305	-346.859213
2445	-324.576679
3923	-309.737951
1782	-308.555419
130	-274.988525
1370	-242.180146
3736	-355.517745
722	-310.935212
755	-324.568345
1909	-345.630398
3586	-287.506415
2571	-309.686348
1381	-303.795699
1330	-324.575010
1623	-229.615446
917	-323.320690
509	-307.238995
3894	-322.469844
172	-282.667163
3111	-318.340705
2746	-247.190194
188	-339.406341
3648	-324.631468
537	-361.731930
3339	-356.699649
998	-302.306196
2748	-321.271406
1736	-273.764207
1695	-344.411060
3529	-341.843027
591	-325.760915
2359	-360.468392
2077	-309.736028
2732	-324.579850
77	-348.062001
3177	-287.662612
2358	-322.169697
942	-325.715957
1311	-288.545722
2783	-272.537685
668	-267.103350
3011	-310.902708
2083	-322.434119
1594	-323.433551
3313	-360.526364
1714	-132.718150
3127	-327.010419
2407	-377.829134
1056	-271.618179
3281	-309.716743
1293	-271.369084
251	-265.386781
2084	-361.708021
1300	-324.595031
3318	-308.513124
797	-278.075775
132	-308.469258
2331	-308.516808
232	-490.793044
3921	-343.218379
679	-340.668108
208	-270.399081
370	-356.698196
3573	-325.730390
3741	-169.860788
3238	-340.667053
1424	-212.438188
2710	-361.773017
2669	-309.763785
2011	-270.099401
2901	-318.323005
2679	-312.130526
656	-376.605347
1967	-288.573475
2661	-323.448833
1778	-305.036659
3700	-361.717469
111	-344.470970
2351	-304.614169
2091	-346.904050
3268	-324.562156
2991	-272.841336
3418	-308.467120
1394	-396.500849
3634	-340.646592
2872	-288.581144
702	-379.000257
2762	-306.370119
3133	-356.679691
806	-308.768073
721	-185.648533
3583	-325.721011
467	-273.793804
3234	-287.349937
5	-351.628383
2958	-324.580268
2820	-308.557865
2041	-346.821470
3353	-324.514429
3396	-273.815873
2613	-338.214346
2130	-271.612772
2373	-302.564379
2511	-250.500016
1120	-353.283458
844	-324.606050
602	-275.010289
2357	-325.754267
2647	-262.017735
3952	-269.175627
2078	-324.575989
1378	-346.867789
786	-307.544728
1842	-362.894239
2620	-324.587670
1496	-268.248371
1003	-308.516378
306	-307.335530
2630	-282.871678
1067	-273.762417
2441	-310.909223
3493	-232.333258
2578	-324.576080
2974	-396.486691
2120	-381.630205
193	-307.285557
1701	-344.428649
124	-271.621961
3359	-325.733758
2662	-345.635068
2500	-286.498235
3508	-309.675176
2509	-344.380267
2821	-308.511516
1174	-345.614442
1031	-304.643927
1847	-325.753767
1447	-469.758395
1156	-154.972731
3935	-289.875063
3708	-270.397474
28	-324.630221
2687	-377.816463
1414	-377.797879
1237	-360.542541
873	-273.763068
200	-345.625804
1186	-359.296697
664	-335.632054
1155	-272.838189
2006	-339.486095
3377	-360.549337
2980	-274.983908
3369	-158.342346
2595	-303.465315
804	-248.395289
1817	-339.459612
1682	-269.215705
3267	-320.776472
1639	-345.640072
1515	-360.502298
241	-309.718177
501	-345.630685
518	-289.791234
910	-270.384937
2638	-309.688194
582	-325.833302
1602	-318.339586
3983	-322.115604
1577	-355.468067
1087	-324.508933
1063	-265.440996
1725	-360.495137
1112	-287.644079
899	-321.230055
965	-323.329385
422	-288.692943
1396	-346.886411
1114	-302.353948
1052	-361.770383
848	-309.744522
2622	-346.829131
3577	-361.716705
1033	-339.482903
2435	-229.013797
1460	-309.684108
103	-291.024232
2822	-310.902197
1478	-309.691634
2717	-309.726244
547	-360.540793
2803	-327.013853
575	-272.582834
950	-324.580266
1159	-325.779568
2333	-338.234590
3744	-339.414779
1796	-307.536544
275	-344.442225
1025	-324.520219
978	-324.545574
2049	-344.463291
846	-270.434394
1508	-308.462196
1943	-325.729335
2659	-324.461004
2003	-324.579943
1011	-310.942660
2759	-393.905418
263	-341.853650
1262	-356.712023
1128	-361.695007
2158	-340.663379
3443	-346.866543
3042	-269.468415
3608	-372.729173
981	-303.499320
3865	-362.899954
3478	-343.296547
3174	-272.844804
1900	-309.689410
2222	-340.678668
552	-340.639366
964	-291.014970
1302	-339.445855
2328	-320.732586
243	-323.389193
3971	-360.530885
773	-309.674485
1386	-362.967171
328	-310.911163
826	-248.137789
223	-339.501781
3113	-324.531139
890	-344.458979
852	-361.731511
3633	-380.412093
3378	-325.831718
1023	-309.663477
517	-344.434827
1765	-285.335887
252	-305.913756
89	-249.259410
214	-348.052027
1357	-375.307060
3901	-346.822424
3345	-312.120708
620	-346.820834
3992	-319.576017
254	-285.284456
1084	-309.711894
627	-359.304956
2545	-324.614082
446	-305.831164
524	-308.507004
2294	-341.831947
663	-323.347275
1463	-362.938449
3680	-305.904722
1980	-345.680616
392	-345.637570
3363	-345.658313
2052	-325.809179
1720	-309.692095
771	-346.903261
1903	-309.678054
1962	-382.756724
68	-286.519735
757	-345.678211
485	-250.585183
262	-345.647032
3195	-274.982322
66	-337.302324
1514	-320.781098
3943	-376.602183
2549	-375.410333
2865	-342.307696
1296	-345.612257
959	-492.026657
496	-377.794221
836	-324.606601
2954	-305.915530
1977	-312.131398
975	-357.171724
1109	-333.411326
2278	-345.650717
3765	-453.654335
3801	-310.937414
1646	-340.684749
1407	-235.694798
2691	-308.505543
2209	-382.781841
3007	-319.573727
1374	-322.175807
3309	-274.989422
3430	-341.828533
337	-312.123120
3458	-345.693035
636	-382.818623
3625	-326.948771
1970	-362.897428
2190	-324.574822
6	-345.687671
1843	-362.899677
2277	-383.973315
1489	-266.777425
2920	-326.952797
135	-301.341304
2129	-356.722498
2110	-341.867094
3114	-309.692389
1838	-356.685238
3334	-325.800680
2355	-336.816043
643	-345.663386
2245	-308.434866
1764	-304.725676
1749	-302.579654
3891	-346.821929
2414	-382.803358
3545	-310.915918
1999	-233.547877
1549	-340.689515
2474	-357.944802
2181	-340.656656
1968	-324.538807
2587	-376.609234
2684	-310.940657
3166	-326.949535
916	-345.608831
667	-360.533083
811	-304.567859
1167	-309.729139
763	-308.429953
2004	-346.839235
2301	-324.616647
3488	-340.672417
1563	-376.575382
3134	-271.319942
1202	-361.725394
1267	-341.841438
2241	-346.857051
1216	-308.465534
2764	-195.179738
41	-345.649146
2043	-344.484341
1305	-319.621560
2119	-323.665987
905	-360.513668
3960	-336.825944
378	-356.705084
3926	-325.748612
3984	-344.418857
3077	-336.822591
813	-361.733052
1626	-345.619567
1209	-392.612820
495	-342.297848
1050	-304.643392
2035	-249.294409
3986	-355.516778
1406	-375.394844
1408	-379.527030
497	-287.470402
284	-360.500454
2934	-324.462733
2263	-274.983122
3692	-281.505078
520	-309.720011
715	-285.275928
3770	-272.544060
1342	-361.712098
350	-320.793580
3098	-345.658421
3350	-339.431591
3033	-325.785262
490	-231.142581
425	-289.769718
2605	-346.869041
2438	-392.565188
1183	-325.750970
1211	-286.498633
1425	-288.648476
2586	-191.810916
611	-248.364357
1034	-356.732791
15	-288.542593
63	-287.377993
2475	-381.524347
3466	-325.794624
1258	-344.472090
47	-247.225618
532	-344.369744
2217	-344.408081
775	-344.469204
1427	-340.646339
3839	-231.155780
2095	-348.034975
2115	-266.626759
1074	-304.697680
330	-286.408473
1017	-308.419735
1198	-308.449457
2463	-288.576502
385	-305.159206
81	-318.390876
1894	-360.532510
3031	-270.411205
1652	-301.316399
3444	-289.794376
1963	-325.761942
2670	-326.934805
1884	-307.577822
3489	-308.508824
1372	-381.574124
363	-320.778723
3831	-451.528971
1094	-304.696023
3515	-346.852204
3566	-325.830752
116	-346.831175
1911	-272.582516
219	-307.221351
693	-234.520624
2548	-340.654465
3225	-362.875945
3471	-416.384141
2123	-327.010026
2599	-355.457663
433	-396.498209
3955	-323.391458
777	-307.544712
423	-304.694187
657	-270.392759
1592	-271.616430
42	-376.564691
1391	-323.317575
2795	-379.572458
2790	-287.732329
417	-344.440065
1008	-248.448467
1814	-360.537947
1488	-320.766344
877	-359.317823
2705	-270.384180
3373	-271.613890
3014	-269.263802
144	-271.323089
2121	-324.619773
3435	-361.728293
3048	-381.616883
2322	-355.508682
3694	-338.246643
608	-309.688960
3224	-286.504546
2588	-376.538277
1746	-396.470299
990	-309.684377
3297	-360.526636
3409	-356.696744
2250	-339.462492
24	-345.608180
199	-309.673895
3112	-327.021680
838	-361.709679
3169	-310.902849
2841	-360.524422
3245	-327.024699
827	-303.556664
628	-325.726991
2228	-308.518356
301	-324.570823
1117	-345.566120
1864	-312.133063
139	-338.257996
2150	-324.570860
798	-208.842347
2722	-344.423318
1346	-308.542644
245	-340.656722
3357	-361.779217
2646	-325.800095
1288	-324.635136
1276	-340.667317
3657	-312.124380
2584	-360.567154
415	-309.692626
2360	-340.636727
197	-233.549368
734	-233.242250
3290	-341.859618
726	-346.870614
1280	-356.683566
1754	-269.221561
918	-310.917344
1493	-335.643923
772	-381.599310
676	-272.584377
780	-308.769557
3825	-93.411888
117	-211.295163
1755	-304.686811
2837	-325.730097
1297	-345.621773
1591	-249.397368
1790	-345.664882
2700	-304.687547
570	-275.012535
1195	-285.287913
839	-302.254301
1491	-344.421383
744	-249.332005
1421	-360.526142
2082	-302.567313
2372	-322.217569
3148	-324.567513
2909	-361.687451
1825	-271.656372
3179	-270.408713
3888	-323.359825
3032	-360.508895
2534	-362.960595
1605	-345.703157
516	-312.134532
1347	-359.361259
160	-309.685140
3714	-265.398572
2063	-344.402806
768	-193.039603
957	-360.490486
3729	-376.562796
2454	-288.578155
1411	-327.023352
1692	-362.862736
1582	-361.735290
3735	-360.522940
3358	-326.934987
347	-309.687405
2510	-325.797299
729	-343.084333
1938	-341.826148
1219	-306.334850
3457	-324.559213
621	-310.899323
198	-303.934323
929	-272.832690
3749	-249.363949
2618	-361.768020
829	-310.909285
2536	-273.758980
1888	-276.201993
2225	-324.612179
2074	-285.300440
3040	-360.506446
3967	-273.758273
1229	-288.582662
1384	-361.755719
3896	-307.280331
3006	-308.470648
1929	-324.551800
2165	-319.567241
202	-226.160842
2018	-286.492357
3109	-324.582824
1231	-324.569596
2168	-310.899911
2794	-304.681399
2852	-274.986857
774	-395.551843
1399	-341.826906
129	-308.512092
410	-325.835955
3862	-271.646263
1810	-288.653294
1859	-324.577613
2541	-341.834413
2850	-288.580309
1012	-266.609146
2527	-297.554699
239	-270.446608
2379	-361.769162
3868	-360.526225
2342	-309.680487
3366	-323.268818
3693	-273.779498
3151	-362.873906
3069	-346.878430
3631	-303.560350
1583	-345.655509
3569	-272.588302
3760	-280.314080
2270	-355.497046
2996	-324.566568
266	-308.477155
1282	-346.860539
923	-322.135797
3507	-376.594067
3604	-273.812100
53	-285.330157

file identifier 	 test data 	 predicted
3207	-355.520098	-261.159327
1835	-376.631067	-306.834965
491	-287.737498	-169.303000
615	-345.676743	-278.826272
3468	-345.710017	-282.590494
2825	-360.576433	-287.498272
1360	-362.941781	-291.339688
3742	-271.272557	-203.141990
304	-322.464725	-256.234147
2105	-335.635972	-262.407773
31	-359.310420	-285.598138
1612	-310.902795	-217.227644
1985	-339.481708	-224.028045
2658	-308.461040	-215.491971
2424	-273.764093	-199.946240
319	-352.845678	-296.991127
1881	-361.772040	-288.020320
2040	-317.409527	-230.056348
1140	-304.683966	-205.256189
2488	-363.508158	-302.777468
3210	-336.808333	-266.858685
2842	-308.450204	-219.283654
989	-272.839582	-168.397113
1853	-359.314227	-281.026391
1986	-344.459234	-280.387433
381	-341.835557	-226.707264
1566	-380.438011	-336.605763
2692	-356.663387	-264.924213
1680	-377.842223	-307.507595
2941	-340.635024	-222.423832
2562	-375.357530	-306.071824
2738	-324.555069	-202.183550
946	-324.577279	-196.808830
99	-336.813559	-264.152418
134	-308.516376	-219.977453
3296	-345.650105	-280.074307
1426	-381.607770	-335.215873
3360	-382.810709	-337.746071
3018	-345.638117	-279.700332
1860	-308.507458	-217.926429
1978	-281.485530	-195.871880
1083	-309.726295	-216.697716
2936	-324.504178	-196.236013
3157	-335.619981	-262.018076
2246	-287.318502	-197.097708
2069	-346.855971	-281.251030
228	-346.859384	-282.072027
613	-309.689486	-216.073567
3270	-273.788787	-202.814975
2024	-306.349032	-241.859513
900	-288.561991	-196.657602
2371	-307.253245	-220.070747
3058	-247.214450	-137.558901
3990	-303.459637	-203.827495
3938	-345.645388	-279.570970
1163	-397.709232	-352.243714
2045	-324.495988	-197.975472
1813	-307.550360	-244.138875
3643	-309.660190	-219.125827
833	-325.761605	-197.778383
814	-308.509272	-217.670141
783	-273.806375	-202.565406
1586	-272.837559	-165.035508
2202	-324.602888	-197.495903
2938	-346.875201	-279.236953
3277	-354.254979	-262.226372
493	-336.819674	-262.969821
1541	-310.912991	-217.013377
2513	-345.631685	-281.417305
1490	-309.691591	-217.991728
1654	-360.518768	-292.124875
291	-304.683134	-204.630855
1824	-336.855265	-263.702806
2756	-153.742562	-66.971228
79	-324.605178	-199.831922
2847	-307.566260	-246.239832
1614	-325.736331	-198.539472
1707	-288.590006	-196.846705
1366	-345.633122	-281.451276
3830	-346.817778	-282.270879
1633	-247.201165	-139.604366
2408	-356.708234	-258.385833
2472	-209.159302	-110.648847
1323	-289.811983	-196.595507
2869	-306.113519	-214.748421
571	-339.423497	-222.607697
3044	-363.519194	-302.325890
2685	-344.426408	-280.383204
2323	-310.954565	-217.139254
3874	-323.344889	-200.999430
862	-361.764434	-288.056869
2838	-324.547436	-198.136103
1432	-324.522792	-197.579240
2417	-336.838171	-265.067959
1500	-345.609230	-283.536450
3855	-304.746925	-205.930944
1349	-286.542391	-165.403803
2393	-324.608961	-196.804234
1837	-381.574917	-334.923299
3547	-324.582904	-198.893840
338	-272.544500	-200.817936
2443	-288.547509	-196.899998
2118	-324.560961	-196.758956
1442	-308.465594	-213.781587
720	-381.594735	-337.481483
2933	-360.538112	-286.293178
3810	-372.726782	-301.517003
1868	-326.949224	-198.453888
1136	-271.296056	-200.109976
2237	-325.784144	-202.486367
764	-233.560626	-131.610530
1795	-356.736238	-262.725729
3314	-305.846541	-206.098477
1554	-320.728167	-227.620817
484	-351.639205	-293.880886
126	-274.991042	-202.962811
3137	-272.533448	-203.123041
2861	-288.654312	-197.001988
206	-309.688611	-213.949076
502	-306.349558	-243.507403
281	-322.479769	-251.677661
2916	-340.655601	-224.729328
2643	-372.711859	-299.476549
277	-302.288351	-205.955250
1777	-265.408147	-167.798444
2459	-273.761223	-201.347965
3455	-270.401061	-163.502238
3383	-360.602876	-282.781420
504	-356.680129	-261.372217
3669	-285.267165	-164.606793
3180	-323.669200	-256.004555
555	-361.677945	-290.919253
3727	-285.317454	-167.146678
2498	-288.539500	-196.228508
2543	-376.588479	-305.238697
3775	-324.576188	-201.728716
1189	-287.322957	-193.937949
672	-345.661057	-281.710254
3117	-346.824942	-278.287020
2523	-344.512144	-280.805117
3687	-325.793945	-203.668407
1589	-324.608694	-198.141361
3632	-340.612805	-223.111530
72	-325.720699	-197.932421
1248	-304.732336	-205.915249
534	-324.575799	-196.733412
705	-362.953848	-286.878183
1416	-308.514570	-216.262154
644	-376.595314	-303.697706
3218	-325.743746	-199.976733
2014	-371.537915	-298.556019
451	-362.932378	-281.842367
2264	-346.831590	-279.866456
2983	-346.833689	-282.085468
2288	-345.612787	-281.838361
2876	-360.574465	-286.354492
400	-376.570473	-305.267345
1254	-325.753541	-199.615962
1793	-325.725688	-200.008708
108	-345.614707	-280.071380
3010	-361.720579	-287.669988
54	-195.186228	-106.829718
3795	-310.908453	-218.326704
3845	-344.454717	-281.110685
3029	-285.281493	-167.611722
1593	-335.598739	-263.276612
3550	-341.825957	-226.299246
2742	-348.048844	-280.156008
1403	-308.462299	-215.691167
1658	-287.337578	-198.481859
2001	-346.833365	-282.359250
2419	-287.353473	-194.016940
928	-345.665412	-282.044160
3732	-320.774305	-230.320782
3288	-348.045786	-283.462069
2579	-273.765811	-200.764768
369	-361.733362	-285.409342
1687	-344.407598	-283.754462
542	-382.793238	-336.237982
3814	-361.745554	-281.898263
151	-270.397623	-165.652593
1154	-310.937644	-218.524329
2386	-352.829520	-299.188521
3639	-345.680996	-279.161231
3057	-301.381127	-196.958563
1239	-356.710448	-264.226545
2138	-340.684371	-225.891832
1131	-324.580815	-198.313572
1016	-305.129953	-237.698466
1077	-326.938562	-200.398438
1567	-356.714706	-262.178130
2368	-325.804686	-200.812292
894	-338.247875	-221.917472
2895	-273.764673	-201.906180
3654	-307.541973	-245.123837
849	-360.532987	-283.898920
3544	-312.133269	-217.165104
2977	-310.909944	-218.385239
736	-325.799293	-201.392441
1294	-345.612830	-280.181747
581	-287.683128	-169.500877
629	-309.712115	-220.712002
343	-360.502305	-291.234354
1509	-345.612220	-281.920398
3850	-308.528193	-218.335506
101	-324.507184	-197.150731
85	-272.550580	-198.684935
995	-360.542928	-287.045276
2849	-355.442748	-261.556568
539	-341.886521	-227.092632
1106	-231.106310	-128.338429
3947	-382.782251	-337.832468
2206	-312.126404	-218.202822
538	-324.494520	-200.021041
1526	-269.267574	-165.186149
1274	-309.686648	-213.987859
3043	-196.405320	-108.194195
461	-273.773506	-199.361607
3798	-310.941861	-217.232730
1836	-268.273739	-211.862960
1504	-360.489720	-287.626606
3005	-249.248680	-146.336291
2341	-377.784360	-305.101869
2384	-281.469893	-197.806018
1468	-345.650338	-277.959935
1898	-360.497612	-290.461928
1295	-346.829652	-280.010924
1505	-308.487195	-214.911343
2002	-286.504040	-166.863415
993	-317.364547	-233.322371
3073	-309.734862	-217.136011
1879	-288.594527	-193.612346
184	-322.436757	-249.497362
2608	-306.369631	-241.757594
37	-381.587333	-337.488826
1093	-325.718074	-198.391860
2005	-305.155985	-243.562947
3188	-325.807242	-202.585958
2370	-360.496984	-284.094291
2094	-325.812885	-198.597090
2904	-302.545112	-193.223144
336	-308.524858	-218.336629
3817	-288.554600	-197.189686
308	-303.428586	-203.995553
666	-381.593528	-333.864330
2134	-344.433965	-279.792668
2345	-342.329232	-301.041958
2448	-346.833271	-278.048449
3500	-323.345473	-197.935068
3774	-305.130184	-240.438466
3780	-323.320574	-196.056040
1819	-249.292101	-146.436490
1376	-348.053064	-284.075706
2754	-309.674575	-218.709195
545	-356.698773	-257.304664
1135	-310.903412	-217.565373
2572	-360.495461	-281.104655
586	-376.582598	-310.805870
2887	-345.641890	-275.828841
3260	-345.595084	-283.760676
465	-266.553159	-168.828472
3718	-195.186772	-107.069098
795	-246.023231	-137.342952
986	-347.459586	-281.195697
2657	-308.451299	-219.361131
2025	-249.363808	-147.675851
1769	-324.569009	-196.918329
924	-324.528533	-199.504078
2281	-345.643890	-279.389006
1301	-309.679190	-217.219620
1917	-325.790782	-198.176356
2784	-273.803873	-202.263544
1542	-370.291993	-298.511958
3141	-345.651109	-280.297749
3800	-346.862839	-286.768018
1661	-322.148261	-197.615683
1846	-344.370966	-281.511940
675	-346.827397	-280.395515
941	-340.652570	-227.655936
3706	-345.687338	-278.424390
1969	-360.529678	-284.907026
2347	-308.476587	-214.429005
1005	-273.786179	-203.577265
320	-232.333410	-130.523908
2894	-309.717750	-215.559856
739	-309.678703	-218.016758
3796	-341.875439	-226.194495
970	-310.911364	-218.843882
1573	-233.255259	-155.042573
616	-345.676243	-280.993123
1648	-345.660642	-279.457961
1153	-325.764669	-199.045736
1750	-287.645651	-169.117645
1435	-193.963318	-106.271077
1785	-273.751900	-202.773876
486	-288.678720	-194.553717
1575	-334.447259	-261.440388
1679	-288.576381	-193.311435
1291	-285.276634	-165.689341
212	-324.605613	-202.201766
1690	-339.426816	-224.665569
3382	-341.145624	-301.413491
560	-344.385047	-280.312694
1145	-312.129019	-220.045355
3739	-324.566515	-197.955692
1076	-361.656187	-285.106301
3002	-269.479234	-208.087759
3136	-340.660061	-224.289794
1979	-308.462923	-214.920324
785	-273.796695	-202.807339
3811	-274.982348	-202.111124
1316	-361.652250	-283.898569
3761	-352.866322	-296.747066
3085	-322.130736	-199.172774
840	-289.871520	-196.972452
3642	-324.565306	-197.722679
766	-312.133805	-219.249594
3676	-346.840522	-282.709328
258	-371.546126	-299.150354
3944	-381.563295	-335.079135
3201	-346.845480	-285.348729
1151	-392.620909	-334.934544
2254	-359.388326	-281.370057
707	-381.585428	-336.417024
1936	-360.564423	-287.254608
3904	-356.716094	-260.874882
870	-345.646965	-281.160308
2964	-362.945907	-285.565851
2574	-273.812881	-201.951179
2905	-307.206439	-214.899096
1609	-210.001565	-110.813142
1081	-310.912796	-217.982299
2055	-304.724717	-207.562888
1556	-340.659506	-226.227163
3052	-291.017787	-194.967292
1152	-308.448572	-219.627832
3917	-274.985822	-203.095720
1889	-361.731388	-284.457966
2772	-343.232602	-276.509928
166	-325.729970	-203.101377
3903	-340.636306	-224.173772
1791	-272.554824	-202.485185
3571	-309.676719	-218.284165
3959	-305.831035	-205.420217
3601	-308.749822	-242.714415
987	-273.765811	-202.699666
391	-345.584667	-283.176884
270	-372.752005	-297.381634
3143	-286.432042	-166.621705
3431	-323.229212	-199.570567
329	-380.402442	-335.581865
3271	-454.878708	-433.426092
2986	-340.629609	-226.673352
3563	-227.798785	-168.072942
2316	-306.361448	-243.934410
3820	-340.655117	-223.986070
1278	-362.942040	-283.937474
264	-339.450073	-225.882288
2348	-285.253877	-165.608996
3301	-371.491061	-298.742478
1086	-272.587059	-201.954075
3866	-341.882531	-225.932631
902	-310.940195	-215.545271
3885	-304.728655	-207.828311
93	-340.615011	-231.463082
3279	-356.732861	-261.975383
205	-269.465281	-208.834594
1064	-276.202311	-202.338823
2012	-382.788561	-335.013438
3216	-344.380260	-281.736579
3579	-356.677429	-262.936813
3626	-310.902465	-216.622639
1404	-346.883049	-281.495033
2478	-339.450173	-222.257384
1165	-309.706371	-219.601497
3907	-291.017966	-194.828014
3384	-357.949026	-261.433565
3818	-308.470796	-219.690040
1266	-324.582035	-200.438346
3115	-340.620294	-229.565112
529	-309.725786	-216.989203
3453	-321.254976	-254.221078
3465	-324.548021	-202.144670
3835	-309.693085	-219.267854
332	-304.692914	-205.014676
222	-412.548009	-365.077316
1675	-271.277972	-202.360185
857	-245.711897	-144.844096
1689	-336.823026	-262.066346
2104	-379.006904	-306.537402
2978	-340.669862	-230.594568
2695	-346.871133	-279.879079
1538	-348.050463	-283.445826
3456	-276.206318	-200.939534
2573	-307.303421	-217.709323
2207	-301.330754	-195.781510
2503	-345.653983	-280.698289
2308	-324.460752	-199.496008
2580	-309.722373	-215.939407
3436	-361.762744	-283.574879
1768	-289.789940	-195.481243
17	-345.612580	-279.967958
2170	-274.987123	-203.050057
3256	-153.459846	-68.940287
1356	-271.372094	-199.253230
345	-309.704732	-220.342742
1989	-287.426977	-194.271740
1113	-234.484521	-154.381439
598	-193.088340	-98.654907
2053	-320.769272	-230.096773
951	-307.548619	-242.438113
3611	-324.577560	-201.290690
1934	-341.769746	-225.834554
297	-325.833945	-199.614669
2098	-327.020807	-200.160571
728	-309.678404	-219.443933
690	-375.420808	-307.447274
2060	-362.945811	-283.605557
3593	-304.614300	-206.308994
65	-312.125621	-218.096108
3843	-309.717869	-215.922652
2960	-271.360631	-199.271278
436	-360.521191	-287.381825
20	-270.370102	-166.912270
597	-309.683901	-219.056715
1774	-324.585556	-198.203333
2200	-344.426799	-274.744746
3972	-359.339915	-286.238115
2233	-319.556235	-226.378090
1362	-249.387499	-145.073353
217	-271.648392	-166.039698
3119	-301.090914	-201.677044
2039	-360.553317	-285.895200
1607	-303.462115	-204.510671
100	-361.702143	-287.329208
1110	-325.781398	-203.020831
376	-309.732528	-216.858470
1584	-251.727102	-146.447287
2397	-308.772292	-245.575297
2834	-325.699665	-198.470146
373	-379.522177	-326.753898
2221	-308.512137	-217.568400
300	-324.602433	-195.760803
1634	-324.563073	-198.081896
3922	-270.394284	-166.303045
1907	-346.819476	-283.809425
3393	-359.297522	-288.519036
3408	-287.661454	-167.410358
2969	-286.484904	-165.588235
2540	-211.295796	-112.408949
3191	-284.360325	-217.745192
3725	-309.710255	-221.075022
244	-346.835129	-280.614824
634	-154.960361	-67.478281
2641	-270.394309	-166.104266
3175	-309.649998	-219.639914
3439	-301.389192	-194.796063
566	-303.472917	-203.024872
3349	-207.916786	-108.347215
1345	-376.540686	-307.568102
1038	-267.106213	-207.755761
3711	-303.469034	-204.653578
2103	-346.834331	-282.233411
3300	-344.499155	-281.169515
3773	-345.602641	-280.111727
2531	-157.115484	-71.920018
492	-305.904760	-205.674479
2046	-286.493052	-168.214236
2439	-324.485913	-199.915443
1452	-308.467331	-220.108299
1698	-325.800949	-200.226128
3933	-307.569255	-248.603439
88	-345.655534	-280.228727
3249	-325.739818	-199.778284
2900	-272.554670	-199.959527
1676	-296.285473	-229.610617
913	-352.855499	-297.461021
3660	-288.651313	-196.858714
2675	-303.787203	-198.531784
2615	-360.501085	-281.399834
167	-310.912077	-217.769258
3289	-270.437636	-165.929275
1925	-309.677276	-219.249502
1485	-309.731369	-219.544472
3913	-308.551230	-215.655873
2260	-271.351786	-196.443167
1928	-326.927990	-200.229939
934	-345.650323	-281.451563
2425	-322.435505	-252.265589
1562	-309.676327	-217.764928
3610	-360.476593	-289.415393
748	-324.572987	-201.475708
3204	-306.313706	-239.050086
2274	-308.463553	-217.972895
3848	-324.564634	-197.667980
2484	-344.359905	-281.265082
2998	-246.027383	-137.867745
3172	-274.982310	-202.688846
3953	-325.792503	-200.413402
2021	-346.818246	-280.532932
2627	-235.695309	-156.966185
3847	-356.693135	-262.971722
1314	-324.460304	-199.620861
1390	-340.660793	-226.884067
3543	-287.318584	-197.141578
1883	-346.839066	-282.405424
1624	-340.670034	-227.360419
1134	-343.068226	-229.431699
213	-249.281074	-144.793518
178	-188.042067	-103.885304
2256	-303.503801	-204.228689
3627	-323.347112	-197.444300
375	-346.857432	-280.741728
1371	-288.596392	-193.882422
3217	-306.392828	-242.504305
2703	-309.722894	-219.060189
2067	-280.248350	-195.256353
712	-294.081616	-232.031928
3900	-308.465445	-214.156022
1047	-346.836177	-281.509284
2350	-341.853951	-226.648227
1423	-344.413850	-280.622059
3051	-192.736096	-104.987738
414	-192.762455	-105.021399
2013	-343.195410	-277.028654
1826	-285.242094	-169.049580
9	-344.468531	-284.410617
1123	-375.393636	-308.028810
2377	-236.916033	-157.620037
3524	-308.455477	-215.904809
1585	-360.545832	-286.404641
2619	-326.939536	-201.883403
2214	-245.994065	-139.780512
709	-286.134079	-192.352627
354	-285.174014	-166.677989
3920	-319.574905	-227.181722
2461	-269.170508	-164.053769
2375	-360.564233	-286.938030
1863	-381.631601	-337.225781
3259	-359.368793	-287.825887
3385	-324.583090	-198.230969
2532	-301.405558	-195.618537
2800	-287.478272	-196.883621
2707	-310.915408	-218.871989
2010	-323.385837	-198.895961
3794	-317.361117	-235.337157
1877	-287.407788	-198.017607
1059	-303.436180	-204.515423
3578	-286.432515	-164.572951
514	-309.685045	-218.786675
1054	-323.427722	-196.657002
2952	-308.511290	-212.107602
424	-309.717380	-219.510525
3857	-340.686134	-225.743416
1659	-487.002792	-375.027601
568	-303.458583	-202.677674
3364	-305.057353	-246.430781
1855	-360.497728	-288.462103
2537	-317.434422	-229.887530
3784	-344.450127	-280.621114
671	-310.897268	-217.227303
2154	-360.512793	-292.821056
2524	-392.642251	-333.195569
1126	-270.392715	-164.797642
1116	-356.691214	-260.249586
1669	-287.426878	-198.153095
3682	-291.017820	-195.836933
2199	-377.815601	-310.273239
2752	-381.632242	-337.372057
2340	-310.899612	-217.104886
2486	-307.239887	-212.034819
631	-371.449232	-301.218619
2403	-326.955365	-200.882533
1559	-380.372123	-335.407971
3554	-309.689751	-218.673916
2600	-307.237880	-212.497143
3194	-301.367422	-197.125673
802	-359.306313	-283.214078
1446	-319.575102	-227.187945
1730	-345.663299	-286.207118
3878	-360.554015	-285.752377
3247	-360.531175	-283.544241
215	-356.645883	-265.406149
880	-345.648463	-280.626204
2330	-287.681216	-167.527953
471	-324.532283	-197.447281
409	-306.383308	-240.877936
1002	-287.689262	-170.613363
2051	-325.790442	-198.829094
1501	-288.653529	-197.634435
449	-325.753993	-197.086407
192	-310.897684	-216.975604
1613	-346.890723	-283.547830
2131	-320.777849	-229.938795
2487	-361.694757	-283.156957
411	-397.680771	-346.095423
2059	-345.674176	-276.267804
1653	-157.116735	-71.602748
1035	-284.385189	-222.391230
138	-362.875317	-285.538382
3321	-251.726162	-146.519704
1197	-308.462932	-218.749306
508	-325.801512	-199.942703
3548	-79.764152	-6.729657
3549	-323.437779	-196.892213
3467	-308.494487	-216.570076
1568	-324.555249	-202.723813
3733	-309.678068	-218.684005
80	-392.672883	-335.084502
2889	-341.871347	-226.325337
1858	-343.238086	-278.299797
3330	-323.360126	-196.305418
3344	-325.748658	-199.592152
1820	-324.522751	-197.659989
2589	-361.718361	-286.939660
2431	-309.684774	-214.898977
3685	-381.602419	-334.366074
3948	-340.614465	-225.683972
1353	-359.297643	-285.144094
1803	-270.394458	-165.927259
3255	-345.578846	-281.696537
626	-288.653249	-197.131258
1455	-381.570969	-336.284250
1924	-340.591587	-226.527905
1841	-325.788368	-202.507355
2259	-361.734611	-287.569640
179	-362.928160	-285.811088
2667	-308.455402	-219.991681
123	-269.263476	-164.583245
2971	-312.131841	-219.174799
2874	-309.725707	-217.208298
904	-345.608456	-274.250534
2319	-271.316064	-198.097653
962	-376.587043	-306.245457
1886	-302.286171	-205.996823
1032	-346.816694	-280.432160
3400	-289.799552	-196.822637
1318	-310.897519	-218.699898
3532	-344.464356	-277.441152
2879	-265.401151	-167.140906
3961	-308.561152	-216.147010
2212	-346.837271	-280.319160
3087	-392.563319	-338.283369
1041	-371.504707	-298.489047
1212	-304.733723	-208.002511
3645	-304.681903	-204.460452
3094	-324.601619	-200.576167
2733	-310.940764	-217.019694
326	-236.917664	-156.950105
427	-382.798099	-338.726682
2558	-472.145935	-449.437859
883	-340.647778	-226.373880
685	-320.029854	-249.103580
711	-341.849127	-229.065691
2999	-307.237456	-215.296722
470	-303.460335	-203.936074
2563	-247.215049	-139.195553
3230	-344.454591	-278.388781
3211	-310.908555	-217.378014
3480	-286.460642	-166.626348
366	-324.576206	-197.613486
979	-309.713440	-219.416740
1287	-355.515622	-256.532907
2565	-345.591597	-280.113190
3332	-376.610619	-304.621774
2566	-346.832253	-280.992648
3537	-346.860694	-281.873501
3144	-308.472241	-220.819606
2569	-281.476967	-197.882264
2968	-310.909942	-217.931393
633	-325.759393	-197.758311
3731	-310.913156	-219.284723
3232	-345.686487	-278.310639
2507	-291.014750	-195.368767
2755	-381.595252	-338.429925
1678	-310.955296	-216.460048
2079	-363.517297	-302.713815
3958	-291.015785	-196.236018
2719	-286.477365	-165.130510
1281	-308.457113	-217.672594
2136	-263.278851	-164.451016
2791	-194.254127	-101.115290
3526	-249.285024	-145.002831
1578	-233.217482	-158.157145
2108	-267.944278	-162.084860
1397	-271.624640	-165.435742
1627	-301.363590	-195.646566
220	-276.205821	-203.237089
1527	-271.621836	-165.821095
2749	-340.645995	-226.518248
3156	-362.941094	-284.411114
3054	-269.129580	-165.909234
724	-320.775720	-229.988202
2683	-309.686061	-218.805565
1440	-270.441325	-165.240929
1417	-381.586740	-336.291286
742	-272.588370	-201.692495
958	-302.599262	-196.344704
3142	-376.617653	-307.629292
563	-345.644179	-279.000424
604	-320.777491	-229.752470
1832	-309.737802	-217.895353
1781	-324.582445	-199.543448
2575	-308.759090	-242.613047
3690	-346.829378	-279.433547
1608	-361.758032	-284.191391
1127	-345.659797	-285.656243
2388	-309.695742	-213.728818
1951	-317.408548	-230.320565
3441	-372.686714	-301.219265
2466	-325.785959	-198.495660
1441	-303.469082	-203.359774
2337	-324.588418	-199.679473
681	-312.126544	-217.911002
2544	-381.632480	-336.835132
3536	-352.836930	-296.891685
1476	-308.455419	-215.109634
3743	-325.726182	-199.525576
3641	-360.485033	-286.400313
3523	-325.728070	-202.420991
3882	-194.261089	-98.930473
3293	-360.535142	-281.239272
2295	-305.898313	-205.590396
265	-236.916125	-156.989390
2453	-268.273240	-206.660080
1160	-286.467220	-169.672683
3819	-397.692021	-347.377113
3813	-340.620847	-226.177919
2786	-327.009009	-198.657952
390	-306.070291	-209.972767
686	-391.370332	-332.935087
1828	-284.993731	-192.608562
2840	-284.048718	-165.791437
2415	-340.676441	-224.686142
1512	-346.839595	-282.802631
3911	-345.639354	-284.182329
3263	-285.326726	-167.233739
1420	-286.516174	-168.611570
3861	-234.486176	-154.814006
2145	-346.844016	-281.368069
1700	-320.782427	-230.154884
2284	-359.298380	-286.213348
3844	-308.450468	-219.243550
2242	-362.870426	-281.864708
2526	-340.601771	-224.610972
3487	-210.101789	-110.540563
2907	-344.466563	-280.142003
1326	-266.616319	-168.260116
2009	-273.812948	-203.869290
2777	-336.817321	-262.948704
1960	-345.602645	-280.113338
1448	-372.747155	-297.329424
3934	-381.630276	-338.311684
45	-266.615452	-168.608954
2248	-377.773452	-304.843635
39	-340.687222	-223.675069
2491	-381.634033	-337.808036
1204	-361.704371	-283.333391
2267	-291.016020	-194.627945
3190	-232.325947	-131.066672
344	-343.305175	-276.747836
70	-346.874234	-279.227546
3182	-287.440436	-194.259326
2462	-325.752244	-197.332680
922	-272.844560	-165.110807
3823	-303.527274	-203.473815
3979	-345.651111	-278.507079
1226	-195.226072	-107.678403
1273	-355.513035	-259.576332
1840	-360.536972	-281.312439
2676	-325.784384	-203.588803
2906	-340.657508	-223.167823
1250	-309.686189	-219.148870
3107	-281.504745	-197.352910
73	-233.293627	-157.167836
437	-309.705971	-220.003587
395	-234.447743	-158.083330
593	-303.525517	-203.062685
960	-310.940611	-215.581399
2701	-326.942959	-200.943593
1030	-309.683546	-217.175633
1865	-345.609914	-281.218085
233	-301.382062	-192.905406
2272	-324.528642	-200.193784
818	-387.475673	-327.350099
2979	-320.767064	-228.360936
1125	-285.292217	-168.047247
2739	-362.946034	-292.441399
3434	-360.560766	-286.764493
3636	-324.624318	-197.756127
2111	-348.048744	-283.272352
2555	-287.427764	-194.967621
1443	-346.867442	-287.071362
1530	-272.549380	-202.431019
2925	-301.394865	-193.704253
603	-346.867624	-283.156091
2708	-308.512758	-217.253220
1138	-308.444609	-219.279205
3067	-271.304881	-203.663840
1085	-231.092208	-130.135810
3088	-308.459859	-218.866950
639	-270.405973	-163.027115
1940	-334.429558	-260.066798
1610	-196.406419	-108.335626
2912	-346.883119	-281.634633
2008	-336.802659	-266.558807
1548	-306.308471	-245.047355
1731	-381.565314	-336.671565
1049	-323.336196	-200.359435
1952	-344.408452	-279.166548
3822	-309.665941	-219.656006
2883	-308.757991	-240.883127
2919	-340.635773	-228.932417
2216	-308.505718	-218.035663
2064	-309.687401	-218.984028
2976	-356.737615	-263.266465
1431	-344.392695	-280.846285
2044	-373.173910	-319.289358
1893	-344.385273	-278.061332
2317	-308.503515	-218.266123
963	-345.645239	-279.263288
3834	-324.589539	-198.574123
1998	-324.536830	-201.603862
600	-268.859550	-195.926424
3221	-308.477915	-214.204647
2937	-324.573883	-199.354105
740	-344.452972	-281.330356
3982	-324.592116	-201.566258
2612	-345.627545	-284.225844
3013	-346.883127	-281.721206
3600	-325.781571	-198.127413
1752	-296.265627	-231.277381
1223	-324.586663	-201.713745
279	-306.012858	-213.471265
2189	-325.762375	-198.071287
1464	-381.610550	-335.497477
2591	-325.773278	-198.093721
2307	-346.859945	-285.617438
1230	-323.396217	-199.633211
3698	-360.508088	-286.820658
3968	-287.425634	-197.881963
1831	-323.386306	-199.864237
793	-326.950540	-198.886500
888	-323.328290	-195.709124
3130	-270.427802	-163.554956
601	-324.603558	-199.350585
945	-264.243028	-166.149245
2771	-310.910278	-217.130827
3898	-356.700248	-264.691467
3989	-272.542369	-203.569574
248	-339.489875	-224.149546
107	-307.580090	-243.765865
2429	-306.081547	-209.824108
1875	-242.186010	-165.098610
1866	-310.940708	-214.326768
1596	-492.022084	-469.405573
276	-380.379743	-337.155657
3880	-357.942023	-260.903874
359	-346.832402	-278.907123
3037	-288.567911	-196.839239
246	-313.537245	-266.693933
2639	-302.580808	-194.922165
173	-396.486463	-345.498461
2557	-273.774103	-198.670659
1409	-285.282853	-166.831522
393	-323.334482	-201.579637
3415	-308.495275	-217.031804
1150	-308.551121	-215.436601
2636	-306.112153	-214.008364
1037	-306.397746	-244.463337
3086	-360.507527	-283.013143
3613	-308.483617	-219.944260
3572	-322.172641	-198.631761
3688	-322.476720	-254.049767
3170	-271.626697	-167.475401
331	-309.734363	-217.976542
1433	-325.729800	-200.802211
727	-272.562906	-202.817575
1368	-288.584029	-194.113604
1551	-324.575851	-200.370987
404	-324.595399	-197.284915
3956	-345.698757	-282.638218
2312	-344.416076	-279.247698
1641	-340.647224	-227.973555
2391	-310.927566	-218.981590
3614	-288.627505	-196.573311
209	-308.493663	-219.149372
2812	-381.619786	-336.271734
2381	-346.856604	-282.988484
1520	-309.728493	-217.141475
3762	-351.646368	-293.849414
3387	-309.727603	-215.873378
383	-361.702346	-287.815613
3674	-309.731169	-217.956388
2314	-345.658870	-278.921374
2310	-338.194242	-226.332534
2805	-272.587161	-201.929985
546	-306.365166	-244.639664
1895	-324.551432	-199.801247
3918	-289.794194	-196.103902
1685	-338.273553	-224.523123
2178	-339.455981	-226.483630
426	-362.933001	-289.971832
3213	-339.438949	-224.585173
717	-380.401348	-337.219154
3495	-288.563768	-196.898740
3525	-340.662316	-225.193105
835	-320.740782	-228.150350
2336	-344.433499	-276.452066
3504	-308.561061	-216.817330
3667	-249.293044	-145.154488
3644	-345.587398	-283.092159
2671	-344.377098	-283.380259
1739	-303.454720	-204.501321
3451	-319.606765	-227.841995
1834	-381.615289	-334.783518
2678	-285.255563	-168.760072
3929	-321.233569	-250.131672
289	-321.949791	-228.758880
2854	-325.810616	-203.480018
1543	-323.360471	-198.226756
2455	-344.431301	-274.850130
1000	-339.452428	-224.502218
540	-346.830523	-278.697500
1539	-382.755486	-337.177964
2871	-308.460407	-215.517141
2672	-355.556836	-260.805693
1802	-361.715983	-286.841719
1681	-310.908780	-216.847122
3689	-308.467642	-215.725571
64	-362.945802	-288.629990
453	-375.430225	-302.507744
886	-304.728323	-207.824490
2694	-317.396153	-230.166551
3338	-308.466631	-216.538985
1364	-267.963366	-161.143787
3924	-270.393737	-166.254450
1336	-334.362330	-262.654788
2076	-274.982287	-200.731764
2594	-335.586914	-261.937202
102	-307.230370	-215.665048
3020	-287.430903	-197.889234
1451	-348.052763	-278.815203
3622	-304.726439	-207.946932
882	-169.557758	-79.888488
976	-382.776658	-337.282249
2737	-322.442708	-252.554624
3380	-345.606939	-280.885578
1688	-324.567893	-202.984446
1671	-309.708282	-219.096486
2649	-381.581036	-336.814920
2490	-343.078368	-228.640561
1657	-338.273162	-224.622162
3576	-325.729906	-203.009318
3341	-291.021228	-196.188628
3758	-272.557350	-202.362863
3155	-376.605641	-306.641169
3424	-348.051118	-283.894654
2180	-340.665904	-223.162569
3723	-345.597175	-280.293845
1529	-354.275774	-260.153453
2757	-346.855643	-281.357501
2891	-308.511094	-216.166252
1997	-271.666841	-165.663154
3695	-309.651827	-218.868240
1899	-308.478846	-219.281935
1327	-320.768458	-228.338199
2492	-396.477101	-351.143298
1992	-325.723538	-200.499568
2744	-288.573110	-196.943972
155	-324.571682	-199.575987
912	-323.344400	-198.382813
3065	-344.486202	-281.502250
3425	-324.547564	-197.097559
3036	-310.907823	-217.328782
1176	-288.584832	-197.583276
3416	-320.770681	-229.731357
69	-265.441614	-168.195338
162	-232.324966	-129.706889
901	-270.446915	-164.274976
1839	-355.496901	-260.779044
3185	-348.053386	-279.806061
190	-354.290746	-260.378931
561	-264.226909	-169.538156
879	-303.556846	-204.815228
2117	-346.839895	-281.024164
1058	-324.585402	-198.670294
325	-345.637577	-281.781168
605	-456.103432	-435.940684
3295	-231.069318	-130.827061
589	-340.604189	-230.954771
1510	-322.425235	-250.616462
429	-288.570364	-193.545676
