no_training:3000	no_test:993file identifier	 training data
83	-344.434906
1450	-273.757658
2011	-270.099401
3127	-327.010419
2519	-323.585680
2065	-340.537496
2842	-308.450204
365	-361.740208
3042	-269.468415
3155	-376.605641
3214	-344.426062
3810	-372.726782
3504	-308.561061
1030	-309.683546
352	-288.557016
848	-309.744522
3863	-346.804974
2518	-360.566272
2454	-288.578155
3100	-361.716824
2815	-324.570906
1254	-325.753541
1949	-340.674935
2770	-288.588657
1264	-324.536694
3717	-275.014300
3706	-345.687338
1840	-360.536972
949	-344.463502
3817	-288.554600
778	-324.573162
3101	-360.503577
1750	-287.645651
2689	-309.673807
2265	-360.469291
2306	-287.354343
566	-303.472917
3630	-287.660591
1635	-360.520081
2060	-362.945811
3391	-306.403144
1232	-336.811744
381	-341.835557
1708	-324.502429
2088	-362.871515
2753	-310.904304
3212	-360.575745
2998	-246.027383
939	-344.481802
2197	-309.684327
1513	-306.368494
1634	-324.563073
2477	-360.539944
3168	-323.614890
3121	-344.419977
3494	-324.573795
3575	-309.736328
193	-307.285557
303	-375.328197
2707	-310.915408
2351	-304.614169
872	-309.711438
2903	-308.505951
1678	-310.955296
2755	-381.595252
3989	-272.542369
3491	-361.750275
471	-324.532283
1810	-288.653294
1874	-416.367317
2982	-325.722723
2848	-339.419688
903	-309.685872
3935	-289.875063
880	-345.648463
1617	-355.508183
2349	-301.357553
2104	-379.006904
1581	-345.660520
2692	-356.663387
104	-360.574432
3859	-308.499978
2825	-360.576433
2475	-381.524347
824	-310.952875
901	-270.446915
3823	-303.527274
750	-344.384630
2663	-361.722327
3617	-345.608658
2768	-340.690205
1948	-195.158734
2024	-306.349032
2857	-362.899149
1462	-312.136049
877	-359.317823
1050	-304.643392
451	-362.932378
2117	-346.839895
1287	-355.515622
533	-287.720383
708	-306.313133
1870	-309.686187
947	-322.454079
2085	-309.695312
2054	-302.588564
2368	-325.804686
3194	-301.367422
447	-271.627826
3466	-325.794624
2776	-313.573888
1829	-382.804482
647	-338.268974
2438	-392.565188
3652	-361.720088
767	-346.861463
3392	-361.774979
1318	-310.897519
741	-344.434318
2192	-307.232824
2816	-310.905786
315	-302.472397
986	-347.459586
2874	-309.725707
1552	-346.865957
2913	-361.630982
360	-346.890881
2145	-346.844016
3732	-320.774305
2954	-305.915530
1139	-270.382725
2984	-362.935648
3497	-392.627857
1454	-288.652757
3026	-250.478855
3264	-307.260972
1693	-234.474613
2208	-286.486509
740	-344.452972
801	-273.763117
1906	-324.613156
1288	-324.635136
427	-382.798099
2112	-304.729640
2001	-346.833365
1284	-320.761539
3540	-321.236907
2139	-381.581478
1792	-363.504227
2379	-361.769162
3234	-287.349937
98	-303.553222
316	-341.858490
821	-307.566593
1989	-287.426977
2169	-356.733974
1809	-324.559733
1731	-381.565314
1224	-308.420805
37	-381.587333
1283	-345.605635
1107	-267.060326
883	-340.647778
900	-288.561991
1683	-346.829154
3902	-382.757521
2262	-325.780603
2835	-362.925466
3252	-340.610842
291	-304.683134
2276	-309.679242
3531	-344.458268
703	-340.656580
3675	-360.534222
1855	-360.497728
3231	-380.446861
1952	-344.408452
2178	-339.455981
1584	-251.727102
1940	-334.429558
1703	-286.154755
3309	-274.989422
3479	-265.289023
3347	-286.510514
208	-270.399081
1498	-340.654582
3952	-269.175627
1256	-312.119596
727	-272.562906
1714	-132.718150
1996	-356.687774
2822	-310.902197
3360	-382.810709
2158	-340.663379
411	-397.680771
2901	-318.323005
3733	-309.678068
1890	-371.608385
1794	-325.712420
2870	-289.872470
2348	-285.253877
3786	-308.759185
3341	-291.021228
3104	-310.941183
347	-309.687405
1459	-306.320451
3793	-381.580932
423	-304.694187
773	-309.674485
3071	-273.789182
3443	-346.866543
2854	-325.810616
3299	-325.725069
2639	-302.580808
817	-345.619715
3567	-309.693494
3354	-360.529236
1421	-360.526142
252	-305.913756
3749	-249.363949
3302	-324.577047
3590	-340.660106
3487	-210.101789
770	-381.612946
3764	-308.483519
3311	-344.433172
3359	-325.733758
2687	-377.816463
3679	-320.794248
1898	-360.497612
2881	-345.594203
2037	-345.620113
2156	-346.827596
702	-379.000257
2150	-324.570860
805	-309.658574
1858	-343.238086
2990	-376.661483
3877	-340.623773
3596	-285.328258
3224	-286.504546
898	-305.906901
2435	-229.013797
1969	-360.529678
286	-324.563745
1871	-306.406578
175	-361.754326
3791	-360.491959
687	-346.841762
3559	-309.721434
1786	-325.785038
1601	-345.646864
3103	-340.631134
1742	-288.583008
3235	-339.416290
74	-310.918822
771	-346.903261
319	-352.845678
2300	-453.655583
2280	-359.345792
3339	-356.699649
433	-396.498209
392	-345.637570
2873	-307.545713
2937	-324.573883
3047	-285.293918
1588	-323.678800
222	-412.548009
3020	-287.430903
1196	-346.840727
431	-361.712798
3005	-249.248680
3456	-276.206318
2106	-286.476486
3973	-356.659922
26	-301.359287
3881	-357.951284
1380	-288.625728
962	-376.587043
3516	-324.634527
1712	-345.612640
886	-304.728323
1375	-345.645053
1326	-266.616319
2681	-308.466840
2277	-383.973315
3260	-345.595084
818	-387.475673
2849	-355.442748
682	-302.303791
3445	-286.508374
1892	-382.805933
957	-360.490486
1769	-324.569009
3179	-270.408713
1235	-265.447270
2459	-273.761223
3052	-291.017787
928	-345.665412
2900	-272.554670
1400	-306.067385
3427	-325.793904
689	-341.818686
1134	-343.068226
2916	-340.655601
2140	-325.715372
2974	-396.486691
177	-362.872710
1389	-272.510742
1706	-382.777508
2516	-309.661518
1053	-340.610046
863	-285.288405
2315	-273.793520
112	-340.648166
589	-340.604189
33	-264.504487
3037	-288.567911
2965	-344.689237
1018	-354.272548
3915	-309.687698
2533	-265.438520
30	-325.717105
1668	-344.433140
525	-273.812813
1597	-336.805704
3806	-309.676410
1624	-340.670034
2346	-310.909551
759	-398.888473
809	-361.738091
2462	-325.752244
3080	-344.436248
2128	-308.504896
2709	-345.632155
2699	-346.864540
3280	-344.483775
2577	-381.600777
1520	-309.728493
3003	-325.798735
1626	-345.619567
2456	-345.610758
3150	-310.942587
2355	-336.816043
1534	-340.632075
3480	-286.460642
765	-317.447668
1336	-334.362330
2047	-286.246880
1148	-284.062954
1695	-344.411060
1609	-210.001565
3374	-324.551244
535	-248.416462
2845	-307.602080
256	-308.741915
3668	-309.700336
1877	-287.407788
88	-345.655534
1238	-360.499088
506	-234.516241
1101	-307.244627
2723	-324.554067
469	-325.775843
170	-340.667287
2164	-304.744503
3782	-262.035127
484	-351.639205
2565	-345.591597
1836	-268.273739
1505	-308.487195
2266	-289.766576
1276	-340.667317
1191	-360.510716
3148	-324.567513
569	-376.620836
1842	-362.894239
3556	-276.202384
3681	-310.914919
209	-308.493663
3712	-300.148891
1010	-340.666160
3108	-361.653332
1937	-287.438379
32	-287.509315
783	-273.806375
2603	-341.863083
1735	-320.791360
2892	-325.728271
3955	-323.391458
1482	-312.132386
839	-302.254301
1487	-345.665813
1408	-379.527030
3528	-233.262752
1872	-272.566631
478	-119.052475
3303	-272.589883
1350	-343.076530
3414	-285.313674
621	-310.899323
598	-193.088340
2624	-309.699280
3807	-361.706503
1037	-306.397746
2844	-301.377995
3407	-343.517848
2433	-324.552283
1935	-361.677841
1909	-345.630398
1844	-325.808754
51	-283.168740
2821	-308.511516
2279	-309.711101
300	-324.602433
2711	-322.460671
3253	-281.476938
333	-308.507517
1187	-264.235803
3332	-376.610619
993	-317.364547
1560	-340.645686
644	-376.595314
1919	-407.364323
3920	-319.574905
1910	-326.978724
509	-307.238995
1080	-288.570006
2308	-324.460752
2696	-353.269456
3039	-341.851538
377	-360.527122
3063	-317.413890
2579	-273.765811
241	-309.718177
2131	-320.777849
3091	-341.869641
1509	-345.612220
2536	-273.758980
1202	-361.725394
1831	-323.386306
3024	-251.729571
3648	-324.631468
3463	-304.735360
2193	-383.976576
3956	-345.698757
3506	-320.804155
2152	-308.540101
1425	-288.648476
2360	-340.636727
3317	-269.177232
3844	-308.450468
2488	-363.508158
1593	-335.598739
1833	-302.579718
2823	-309.730966
1205	-304.682331
2792	-362.944759
3980	-372.708066
3943	-376.602183
3777	-339.431092
3092	-340.610697
113	-360.478880
3468	-345.710017
1849	-324.547957
230	-271.617434
950	-324.580266
2420	-340.625366
2205	-318.391203
1468	-345.650338
1332	-209.144909
2428	-309.682996
3814	-361.745554
596	-325.754527
3472	-340.657197
2971	-312.131841
1625	-320.776082
3761	-352.866322
1113	-234.484521
2777	-336.817321
2702	-309.685148
2287	-310.905485
1807	-344.469516
1550	-301.345683
1068	-308.470010
3271	-454.878708
296	-345.688916
3805	-309.680682
3462	-272.538255
684	-361.753989
2297	-322.412936
1567	-356.714706
3969	-324.609784
2320	-362.876210
3655	-287.379629
3002	-269.479234
1648	-345.660642
1506	-339.437849
1575	-334.447259
160	-309.685140
1042	-305.904676
899	-321.230055
436	-360.521191
2559	-319.571638
449	-325.753993
2928	-324.540084
735	-309.716570
2371	-307.253245
1659	-487.002792
2668	-310.906004
2991	-272.841336
3946	-286.438084
1676	-296.285473
3072	-340.671263
1733	-322.169100
3951	-326.977685
2354	-387.558484
1388	-250.583643
2550	-271.628346
1328	-376.531779
462	-234.474088
2217	-344.408081
3470	-416.814878
891	-325.767721
2607	-275.007113
1269	-307.563525
2872	-288.581144
3842	-376.587741
1140	-304.683966
1677	-344.412416
879	-303.556846
3151	-362.873906
3602	-361.683811
3688	-322.476720
2780	-272.545389
3136	-340.660061
2496	-326.954795
397	-288.630839
517	-344.434827
2566	-346.832253
943	-303.497783
2714	-398.878264
146	-377.813815
403	-272.843742
1352	-304.677606
1675	-271.277972
672	-345.661057
2413	-345.604177
3637	-309.764115
979	-309.713440
820	-326.934229
1537	-309.692993
1355	-361.727678
2234	-272.580839
2961	-348.061993
1393	-271.647465
1387	-361.698635
282	-325.714378
977	-285.160699
1463	-362.938449
2604	-304.743934
3834	-324.589539
3499	-309.702237
3137	-272.533448
3660	-288.651313
594	-325.809558
3597	-360.539435
2767	-340.635968
3873	-348.051405
3917	-274.985822
1806	-324.610229
1500	-345.609230
3923	-309.737951
3716	-361.720799
782	-361.678341
709	-286.134079
2684	-310.940657
2278	-345.650717
2530	-345.673444
164	-340.675814
1282	-346.860539
1475	-362.957353
9	-344.468531
3032	-360.508895
3340	-229.879598
1774	-324.585556
1245	-310.907810
1422	-361.728608
3046	-322.057728
593	-303.525517
2423	-338.238743
1932	-310.911279
477	-265.399968
768	-193.039603
3798	-310.941861
2618	-361.768020
695	-345.700085
852	-361.731511
2434	-377.845502
516	-312.134532
2248	-377.773452
3126	-360.523204
2616	-272.542567
3292	-326.937372
1930	-341.835805
3977	-288.552886
1995	-362.946041
3824	-302.288055
2899	-310.930659
53	-285.330157
651	-232.334436
1471	-346.857623
2466	-325.785959
679	-340.668108
2752	-381.632242
2044	-373.173910
3122	-232.329070
1974	-345.655745
4	-270.439280
945	-264.243028
2215	-289.795079
1559	-380.372123
1986	-344.459234
1214	-341.865386
3759	-270.393902
1722	-362.946707
2951	-308.569129
562	-456.105229
454	-265.283843
2885	-309.686862
3316	-264.261826
3175	-309.649998
529	-309.725786
3493	-232.333258
1399	-341.826906
2943	-340.654874
811	-304.567859
3650	-382.756764
1084	-309.711894
2886	-324.530742
1366	-345.633122
61	-308.462933
2268	-302.558547
3967	-273.758273
1228	-345.640969
3	-346.838279
3377	-360.549337
717	-380.401348
626	-288.653249
2796	-345.678871
380	-307.581989
832	-308.470270
2561	-325.778234
502	-306.349558
2312	-344.416076
3290	-341.859618
2858	-346.862070
2862	-309.693471
43	-319.572842
3741	-169.860788
3586	-287.506415
1057	-391.518453
2233	-319.556235
2964	-362.945907
3692	-281.505078
2441	-310.909223
2231	-346.825174
1977	-312.131398
2273	-324.579188
198	-303.934323
3848	-324.564634
3553	-346.830674
3638	-306.320806
3385	-324.583090
2029	-380.417684
2869	-306.113519
3132	-309.670613
311	-287.724713
13	-360.526646
2220	-272.538190
1325	-356.758284
3916	-273.810780
3255	-345.578846
556	-272.600604
603	-346.867624
2201	-452.728039
2602	-345.645491
271	-361.759779
3802	-356.724118
3841	-371.541704
1430	-361.720960
2505	-344.440744
2677	-309.684577
1145	-312.129019
2291	-286.514923
1043	-324.605875
796	-344.453746
2859	-362.909074
884	-276.202586
116	-346.831175
3820	-340.655117
3191	-284.360325
2075	-345.606444
133	-271.642927
1155	-272.838189
3188	-325.807242
369	-361.733362
1309	-287.723848
1785	-273.751900
89	-249.259410
3144	-308.472241
1672	-336.831068
1168	-308.454820
3457	-324.559213
2316	-306.361448
1090	-272.500426
730	-336.821088
3598	-340.671493
1689	-336.823026
2015	-308.518276
1207	-324.584396
3320	-310.952127
301	-324.570823
3352	-272.834623
1356	-271.372094
2888	-361.704536
1414	-377.797879
20	-270.370102
2463	-288.576502
3812	-271.623066
1554	-320.728167
2418	-304.734646
650	-193.034094
3145	-324.570872
1962	-382.756724
1141	-115.679136
3401	-338.175569
2051	-325.790442
1176	-288.584832
1801	-301.335636
1927	-361.739999
1295	-346.829652
1732	-269.170665
1271	-310.902165
3286	-361.731914
262	-345.647032
2285	-340.578657
2664	-348.047695
1819	-249.292101
2734	-309.719592
1417	-381.586740
1321	-234.472577
2258	-303.453218
948	-336.827390
2586	-191.810916
350	-320.793580
3099	-324.530718
2786	-327.009009
1738	-273.759338
246	-313.537245
1048	-286.495416
3752	-345.686524
2224	-307.568767
2718	-382.782995
121	-361.711483
1580	-271.339821
815	-285.324641
2715	-345.709596
3851	-326.998454
2953	-348.047609
2027	-376.585000
3369	-158.342346
2393	-324.608961
867	-283.179781
226	-360.556344
3321	-251.726162
969	-325.797425
3573	-325.730390
1704	-274.984793
1618	-345.629039
242	-340.623533
2576	-306.418503
1261	-268.282665
3237	-303.553222
2369	-273.760271
1631	-345.642285
182	-324.474954
988	-341.827199
3113	-324.531139
1988	-312.124451
3578	-286.432515
3898	-356.700248
1165	-309.706371
1576	-247.184334
3775	-324.576188
2629	-356.679047
1637	-343.503600
802	-359.306313
1055	-345.681183
3036	-310.907823
3307	-318.647923
2810	-273.763107
2059	-345.674176
578	-382.825717
1565	-325.735821
99	-336.813559
78	-270.472470
2993	-346.825502
3397	-356.702115
1799	-346.861635
279	-306.012858
3856	-306.313590
2073	-345.600119
3478	-343.296547
1517	-359.342366
3361	-324.558989
3870	-345.605387
2069	-346.855971
721	-185.648533
81	-318.390876
144	-271.323089
3568	-308.468418
2675	-303.787203
1656	-323.352987
3886	-270.388222
1908	-286.508233
34	-306.355655
3337	-286.438448
1628	-345.637174
601	-324.603558
2906	-340.657508
6	-345.687671
725	-325.725266
2378	-339.490841
255	-309.672030
125	-228.992613
2061	-345.638357
290	-348.056024
1437	-376.547304
2864	-340.658990
1674	-360.499243
766	-312.133805
2091	-346.904050
995	-360.542928
1528	-360.446475
862	-361.764434
3745	-310.912788
2543	-376.588479
1150	-308.551121
1343	-310.895432
2352	-288.589622
211	-357.939331
1103	-273.764642
2446	-361.740252
1959	-324.603913
3678	-285.255880
2182	-340.610000
910	-270.384937
3057	-301.381127
3068	-306.015194
2511	-250.500016
1885	-345.647670
3342	-153.787612
3404	-309.733988
1726	-381.506605
1915	-361.705669
2911	-289.871661
2364	-360.507160
3442	-381.635659
1461	-346.899170
2436	-308.473229
2186	-320.782523
1190	-377.830859
966	-339.467091
132	-308.469258
2135	-346.861074
2444	-318.641916
2077	-309.736028
3119	-301.090914
2087	-286.484121
683	-348.060054
2580	-309.722373
1825	-271.656372
3066	-345.688382
1925	-309.677276
2367	-361.723620
46	-372.766726
220	-276.205821
1720	-309.692095
1881	-361.772040
3897	-324.519277
1760	-326.940002
1144	-264.255612
2153	-309.673226
1302	-339.445855
2009	-273.812948
3010	-361.720579
1497	-251.731545
3547	-324.582904
3816	-272.830720
3142	-376.617653
1579	-288.589020
231	-346.860243
1499	-320.779994
3257	-308.472221
341	-273.735711
3699	-355.497878
91	-275.011437
3245	-327.024699
3161	-309.678595
2038	-348.056093
2199	-377.815601
2880	-346.831172
437	-309.705971
1151	-392.620909
281	-322.479769
2195	-289.873479
1901	-362.946498
2282	-375.368783
1186	-359.296697
1671	-309.708282
3603	-326.952955
2035	-249.294409
1485	-309.731369
3740	-356.684693
3226	-339.491316
3323	-232.335768
215	-356.645883
3670	-286.248451
3713	-325.748400
613	-309.689486
652	-345.620593
2211	-340.648620
1020	-303.566436
460	-360.488733
3896	-307.280331
3522	-309.691414
2827	-345.615042
1443	-346.867442
2066	-432.401755
1611	-348.044714
1240	-310.907666
3022	-234.455424
2856	-376.586976
1351	-309.733696
47	-247.225618
595	-340.652012
171	-361.745138
398	-345.636145
3469	-356.686540
1368	-288.584029
1135	-310.903412
1081	-310.912796
532	-344.369744
1544	-324.594826
3433	-308.465425
2889	-341.871347
401	-325.712603
317	-325.797397
2719	-286.477365
552	-340.639366
1680	-377.842223
2318	-348.039301
391	-345.584667
284	-360.500454
497	-287.470402
732	-327.023478
3067	-271.304881
1561	-325.749687
2401	-263.280728
2375	-360.564233
3050	-303.940271
2422	-325.718957
1942	-382.751274
277	-302.288351
2129	-356.722498
2377	-236.916033
2686	-340.697732
636	-382.818623
3910	-309.703111
1486	-380.373644
2813	-232.063900
1642	-344.345376
715	-285.275928
2333	-338.234590
3826	-372.742383
1337	-286.498779
3133	-356.679691
1319	-308.560759
3116	-312.128429
326	-236.917664
3589	-324.543443
473	-346.828378
2403	-326.955365
1973	-340.637231
308	-303.428586
323	-309.647349
3055	-285.313284
1100	-380.373569
2738	-324.555069
1902	-324.615795
3384	-357.949026
1369	-392.662003
1138	-308.444609
2260	-271.351786
265	-236.916125
669	-377.780670
982	-307.235414
2310	-338.194242
247	-304.688358
2017	-310.940345
2667	-308.455402
2697	-360.495788
3190	-232.325947
1348	-309.683859
752	-324.557693
197	-233.549368
1599	-304.689816
195	-296.296482
2028	-346.821466
2246	-287.318502
2070	-114.483613
2648	-325.728744
264	-339.450073
3098	-345.658421
3169	-310.902849
358	-272.544323
1173	-344.465017
238	-233.253760
3502	-376.564063
1218	-287.431740
3405	-269.206920
3654	-307.541973
15	-288.542593
1987	-325.775071
667	-360.533083
1595	-309.686571
1251	-322.482659
174	-229.928448
1203	-261.802956
1372	-381.574124
600	-268.859550
2674	-342.352279
1147	-304.755780
1522	-324.485746
1523	-340.646229
2319	-271.316064
2036	-309.733888
678	-308.506580
1160	-286.467220
107	-307.580090
1957	-206.721858
2973	-324.604156
3867	-356.726146
2672	-355.556836
1673	-309.733829
2187	-310.904927
2611	-346.824672
1257	-346.855622
2704	-320.786981
712	-294.081616
1697	-345.613396
450	-235.729507
2261	-233.260156
2175	-324.545475
18	-309.719641
3888	-323.359825
382	-344.494711
3223	-341.794931
3932	-360.472117
1745	-264.171923
143	-302.355005
936	-382.773457
1177	-325.808092
3023	-323.343769
2242	-362.870426
3205	-341.842686
2016	-308.569875
1230	-323.396217
1518	-309.683200
3273	-288.589678
1771	-287.657053
3624	-324.614194
232	-490.793044
361	-376.622353
3521	-342.324182
2103	-346.834331
2057	-288.540318
1954	-226.144377
2818	-335.618370
340	-273.789697
2284	-359.298380
2222	-340.678668
313	-361.721849
363	-320.778723
2341	-377.784360
1614	-325.736331
3827	-270.435807
2750	-268.301176
3216	-344.380260
751	-361.724921
1788	-345.646841
584	-309.681686
1791	-272.554824
1926	-273.773955
513	-355.518342
1474	-340.654517
1573	-233.255259
724	-320.775720
2480	-344.385369
1445	-396.491525
845	-40.478930
3949	-359.301320
3229	-271.614305
3839	-231.155780
2116	-340.646768
3526	-249.285024
1179	-343.195060
3919	-304.721921
1181	-323.657279
761	-312.126820
2800	-287.478272
1710	-361.726166
2896	-356.725069
3213	-339.438949
1756	-326.935440
745	-344.464270
3283	-287.404397
3315	-269.176979
1711	-345.611239
3930	-338.542975
1114	-302.353948
2196	-338.559964
3525	-340.662316
3011	-310.902708
2948	-382.790431
764	-233.560626
797	-278.075775
677	-324.594116
1578	-233.217482
3890	-341.849730
3541	-379.527167
1857	-307.540766
2716	-303.464433
3880	-357.942023
2219	-265.437885
3976	-273.765901
1338	-320.793141
3262	-235.693825
3029	-285.281493
1540	-285.217962
441	-380.414967
399	-304.735224
1281	-308.457113
3195	-274.982322
3482	-281.480993
1551	-324.575851
235	-270.375081
3697	-312.119261
3246	-340.652252
1570	-325.783642
1589	-324.608694
292	-308.517192
2252	-382.779570
3446	-306.044918
2034	-345.586124
1083	-309.726295
3189	-324.510378
3291	-362.911941
2416	-344.406447
787	-360.525379
383	-361.702346
2412	-310.904086
1119	-304.733360
1465	-382.796989
1212	-304.733723
2290	-343.224836
3719	-320.742924
2802	-325.804486
1490	-309.691591
2137	-324.588239
826	-248.137789
1396	-346.886411
2203	-310.911529
1472	-306.080007
3417	-354.292460
1860	-308.507458
1298	-308.505512
2336	-344.433499
568	-303.458583
1784	-324.497693
512	-346.861026
3758	-272.557350
3722	-308.759135
421	-288.627624
3685	-381.602419
2447	-323.330261
638	-345.695868
1451	-348.052763
693	-234.520624
3790	-286.502445
3097	-309.716094
1059	-303.436180
987	-273.765811
649	-340.685408
707	-381.585428
1753	-375.351387
82	-309.701458
2789	-340.629283
2759	-393.905418
1707	-288.590006
3079	-270.401391
1516	-249.358446
443	-325.754109
633	-325.759393
3904	-356.716094
942	-325.715957
1716	-325.784331
1007	-235.694216
172	-282.667163
3312	-323.647099
1744	-288.535621
339	-356.705991
1175	-361.742598
1826	-285.242094
2270	-355.497046
1739	-303.454720
2593	-321.252793
41	-345.649146
794	-248.143861
2969	-286.484904
1651	-273.809498
2773	-325.684055
1358	-340.682075
3620	-359.351415
1873	-346.842529
3220	-273.806349
803	-325.789564
762	-346.863396
2531	-157.115484
2957	-323.644468
2626	-305.900638
2386	-352.829520
3313	-360.526364
199	-309.673895
407	-287.508781
2478	-339.450173
1780	-345.606551
2292	-343.246371
3992	-319.576017
1455	-381.570969
1853	-359.314227
622	-341.886905
3500	-323.345473
111	-344.470970
2724	-376.591176
3884	-323.333263
2030	-273.804223
757	-345.678211
191	-307.610450
3645	-304.681903
2013	-343.195410
661	-335.635079
273	-323.312375
3990	-303.459637
1333	-270.359564
414	-192.762455
941	-340.652570
1185	-324.558175
3628	-272.509064
3297	-360.526636
843	-308.437835
2832	-250.585843
1031	-304.643927
5	-351.628383
3639	-345.680996
3180	-323.669200
3096	-338.175960
1694	-273.743311
72	-325.720699
3044	-363.519194
2613	-338.214346
1983	-320.792773
865	-304.728720
14	-302.238859
379	-391.337881
2633	-324.627681
158	-308.540079
1727	-324.606977
2728	-304.742823
3076	-247.198000
2623	-235.700285
914	-361.707841
1778	-305.036659
1895	-324.551432
440	-307.226474
3539	-324.625415
3641	-360.485033
776	-325.781815
3950	-270.439135
3908	-272.847530
3266	-287.736841
2879	-265.401151
528	-288.538806
3346	-318.327053
559	-362.935404
1278	-362.942040
1815	-345.663783
823	-361.732840
1411	-327.023352
2771	-310.910278
154	-324.538764
21	-278.059333
2642	-324.578146
106	-362.952198
1718	-356.706262
1391	-323.317575
188	-339.406341
553	-271.666055
2119	-323.665987
1981	-306.313924
3748	-376.556657
3563	-227.798785
2228	-308.518356
2461	-269.170508
3430	-341.828533
1797	-194.267232
3968	-287.425634
1980	-345.680616
545	-356.698773
3593	-304.614300
2977	-310.909944
2661	-323.448833
1402	-286.203815
1620	-270.431243
892	-288.621895
754	-361.718210
691	-361.734668
2746	-247.190194
2930	-310.906738
3490	-359.315205
3017	-271.339346
2032	-287.663174
295	-320.770299
611	-248.364357
7	-309.722879
2798	-307.259167
1653	-157.116735
2272	-324.528642
1702	-251.727632
3523	-325.728070
2189	-325.762375
3763	-344.416821
180	-360.505528
356	-372.741729
3403	-339.424322
1480	-324.584824
1623	-229.615446
1154	-310.937644
2556	-321.958604
968	-308.470667
1684	-320.783029
456	-336.811524
1170	-310.895183
2945	-307.281910
3209	-346.834502
3843	-309.717869
2564	-325.789398
3367	-269.216969
2601	-333.464063
3542	-344.409533
658	-307.234503
3250	-360.517106
2855	-268.917900
2296	-309.691365
2529	-229.969129
918	-310.917344
1434	-344.482088
263	-341.853650
1621	-346.884834
3836	-346.833711
1036	-340.609236
485	-250.585183
3579	-356.677429
2253	-325.818163
1006	-336.843788
3591	-273.762889
1501	-288.653529
624	-312.119017
3866	-341.882531
1657	-338.273162
3581	-319.540355
1142	-309.702591
2006	-339.486095
2240	-381.627040
3560	-286.463470
1728	-362.942862
1247	-325.770105
3402	-234.522504
858	-340.661797
2293	-269.216495
3756	-326.943546
3948	-340.614465
3882	-194.261089
3701	-248.211932
934	-345.650323
1354	-382.790027
2932	-285.320198
2597	-412.494644
2614	-232.164586
558	-344.464151
2554	-345.649886
1061	-343.531666
3601	-308.749822
2064	-309.687401
2814	-325.804528
3536	-352.836930
612	-397.697891
2578	-324.576080
1835	-376.631067
2294	-341.831947
212	-324.605613
1087	-324.508933
676	-272.584377
1795	-356.736238
1887	-361.696319
1645	-324.477059
266	-308.477155
775	-344.469204
1685	-338.273553
508	-325.801512
1764	-304.725676
1479	-309.677142
3666	-309.735874
1428	-265.391486
3060	-270.441145
3185	-348.053386
643	-345.663386
3474	-309.730988
1022	-310.902683
1127	-345.659797
2545	-324.614082
3270	-273.788787
2665	-348.031230
394	-344.385642
55	-335.683118
1395	-375.348487
181	-412.528245
1464	-381.610550
267	-345.641113
3505	-274.983383
871	-309.680919
3619	-325.779372
628	-325.726991
3633	-380.412093
550	-319.568017
3305	-310.955141
1519	-352.874613
3854	-346.867382
905	-360.513668
3400	-289.799552
799	-310.910909
410	-325.835955
1386	-362.967171
1613	-346.890723
2121	-324.619773
1851	-361.717868
3501	-318.409788
2174	-324.606491
3301	-371.491061
2503	-345.653983
3983	-322.115604
408	-208.863267
3351	-285.306999
2841	-360.524422
3386	-309.684862
3933	-307.569255
2891	-308.511094
2979	-320.767064
2678	-285.255563
114	-361.772743
726	-346.870614
3530	-309.739069
1123	-375.393636
76	-325.685245
368	-345.595021
912	-323.344400
3768	-227.338075
1377	-325.768959
1837	-381.574917
3876	-304.574737
3912	-308.435951
207	-285.281032
869	-327.026488
719	-309.693538
1632	-340.673967
120	-323.345161
2793	-306.384286
2933	-360.538112
2926	-320.764569
2713	-310.904631
539	-341.886521
3186	-346.829695
2470	-309.688189
1841	-325.788368
3518	-340.655390
2406	-306.386594
1364	-267.963366
2339	-326.954728
1012	-266.609146
1404	-346.883049
1504	-360.489720
2966	-308.428791
666	-381.593528
580	-360.537290
2247	-348.046805
2314	-345.658870
1248	-304.732336
3199	-273.811544
2324	-346.831385
2570	-324.626187
2970	-339.501361
372	-337.283890
2399	-308.430606
1014	-301.385442
2739	-362.946034
1530	-272.549380
3083	-381.591448
3544	-312.133269
551	-382.817123
3118	-236.917873
57	-345.635513
1314	-324.460304
2553	-302.545562
3247	-360.531175
234	-308.467880
604	-320.777491
3285	-247.192524
2407	-377.829134
1998	-324.536830
3765	-453.654335
2669	-309.763785
3006	-308.470648
2025	-249.363808
1804	-324.542706
1583	-345.655509
788	-324.467888
2396	-307.546144
353	-197.632222
2236	-235.698987
2298	-270.396464
2267	-291.016020
1340	-271.616723
2049	-344.463291
2144	-324.574829
2245	-308.434866
1802	-361.715983
186	-340.606711
851	-270.117027
3460	-288.678290
1306	-288.682324
1062	-324.496997
3879	-339.483894
3960	-336.825944
202	-226.160842
1880	-346.873992
793	-326.950540
3115	-340.620294
510	-234.491176
424	-309.717380
2980	-274.983908
2421	-249.395323
406	-359.295180
1003	-308.516378
1532	-309.731599
2414	-382.803358
2860	-345.600676
1817	-339.459612
3702	-362.951503
1423	-344.413850
3379	-273.761967
1633	-247.201165
331	-309.734363
2241	-346.857051
3857	-340.686134
3921	-343.218379
3202	-310.908741
3088	-308.459859
3538	-271.350701
896	-323.312767
1180	-306.364186
1345	-376.540686
952	-325.717725
2514	-354.197108
2941	-340.635024
3963	-271.323381
2817	-340.641240
694	-344.360007
2063	-344.402806
3978	-282.861121
3845	-344.454717
251	-265.386781
1882	-273.764420
2363	-324.610150
3914	-325.805781
2483	-322.158791
1182	-304.738393
2829	-340.622886
324	-307.534482
504	-356.680129
3358	-326.934987
2635	-323.324700
2657	-308.451299
784	-377.848074
1028	-360.421732
1629	-272.526778
283	-355.460155
3021	-360.495540
1085	-231.092208
1701	-344.428649
3263	-285.326726
3153	-340.622406
1118	-306.032266
2138	-340.684371
2180	-340.665904
1200	-346.908492
713	-308.484017
178	-188.042067
2452	-344.424745
12	-377.816587
1654	-360.518768
1834	-381.615289
2513	-345.631685
2372	-322.217569
1412	-242.195730
2419	-287.353473
1002	-287.689262
370	-356.698196
3334	-325.800680
1078	-309.738888
1562	-309.676327
3577	-361.716705
3242	-397.707881
3669	-285.267165
3174	-272.844804
459	-348.056615
2366	-286.466852
1610	-196.406419
11	-356.688211
280	-271.324234
2693	-340.638326
1846	-344.370966
3473	-360.527434
1440	-270.441325
1268	-344.411146
3117	-346.824942
1492	-310.927319
2166	-343.239068
2391	-310.927566
1027	-360.529992
2500	-286.498235
3287	-271.458576
1640	-304.583737
1928	-326.927990
3662	-360.469577
147	-345.615452
3267	-320.776472
3366	-323.268818
3240	-338.234966
2636	-306.112153
3453	-321.254976
1630	-323.431776
395	-234.447743
1192	-326.947461
2582	-320.773768
109	-158.340943
3735	-360.522940
412	-372.768039
777	-307.544712
3622	-304.726439
3084	-325.781161
819	-276.204532
716	-325.758431
3410	-271.316922
3781	-274.984614
1770	-309.719198
3394	-376.613178
3418	-308.467120
268	-362.957295
714	-356.669324
3086	-360.507527
3939	-317.386479
3975	-309.693760
925	-307.567279
3686	-344.462681
3672	-309.689612
2458	-361.683558
3225	-362.875945
2159	-324.581067
2501	-232.377706
3918	-289.794194
221	-310.917273
1210	-340.641282
1663	-232.351764
1198	-308.449457
1862	-319.615129
537	-361.731930
1933	-270.396100
94	-362.955075
2799	-340.702898
3208	-288.572843
304	-322.464725
2286	-309.728265
3365	-396.458774
346	-307.586014
386	-325.776001
3972	-359.339915
1647	-343.242553
217	-271.648392
1991	-285.282532
3077	-336.822591
698	-274.985880
2736	-310.922181
690	-375.420808
1963	-325.761942
1946	-346.841836
585	-229.918003
2992	-343.202564
614	-383.982605
1457	-288.573089
1717	-345.603646
499	-340.611683
2670	-326.934805
2050	-362.937518
3170	-271.626697
2785	-310.915445
1879	-288.594527
536	-323.348544
1515	-360.502298
3754	-324.570035
3569	-272.588302
2072	-344.431636
3551	-345.646761
3411	-286.134060
1088	-291.017433
184	-322.436757
448	-346.831139
1415	-338.156727
3767	-324.568597
2682	-324.528297
699	-307.243079
2875	-344.475122
527	-324.629301
3146	-289.872162
3163	-319.610683
3106	-273.735646
2350	-341.853951
2141	-307.287454
2732	-324.579850
3261	-232.025930
1342	-361.712098
2323	-310.954565
1312	-381.612501
2340	-310.899612
1294	-345.612830
3128	-341.867138
1046	-271.618580
2919	-340.635773
2448	-346.833271
2479	-271.622821
1122	-345.601318
2053	-320.769272
2394	-355.446449
3695	-309.651827
3166	-326.949535
3211	-310.908555
2171	-359.346839
2003	-324.579943
2893	-274.985796
1040	-268.307873
3909	-310.945132
2843	-308.509454
1990	-281.482892
2255	-360.513163
1250	-309.686189
1320	-340.656628
1125	-285.292217
1775	-306.353871
3492	-345.645245
1759	-305.906809
2188	-288.690060
2730	-286.492223
2283	-231.111403
1420	-286.516174
3872	-340.691219
63	-287.377993
1603	-232.363630
3436	-361.762744
1102	-116.609549
3621	-346.815715
2917	-267.068488
385	-305.159206
2541	-341.834413
1156	-154.972731
1152	-308.448572
1316	-361.652250
2086	-308.486338
3355	-345.648365
885	-324.623780
3033	-325.785262
322	-346.832352
1821	-308.473320
1687	-344.407598
2837	-325.730097
1242	-308.508254
1362	-249.387499
486	-288.678720
1157	-309.691584
1277	-309.706892
2791	-194.254127
491	-287.737498
1592	-271.616430
2645	-362.923114
2411	-193.075202
1246	-318.406529
3737	-361.714817
3089	-327.025329
1032	-346.816694
1555	-324.529724
3760	-280.314080
3140	-284.987905
2113	-344.391557
3729	-376.562796
1866	-310.940708
3513	-340.637067
1863	-381.631601
3062	-381.573048
3338	-308.466631
1199	-377.813742
1274	-309.686648
3239	-361.708121
1549	-340.689515
731	-355.501990
2549	-375.410333
3061	-392.552088
915	-304.734226
2774	-310.910631
951	-307.548619
1136	-271.296056
530	-360.503506
2606	-323.344105
2632	-306.344083
54	-195.186228
2168	-310.899911
2671	-344.377098
2853	-325.794835
3093	-334.424572
2797	-345.646914
3555	-360.547370
60	-382.768883
1713	-323.381747
3682	-291.017820
425	-289.769718
3353	-324.514429
2658	-308.461040
685	-320.029854
1529	-354.275774
159	-273.773408
3488	-340.672417
1893	-344.385273
2204	-310.904876
1133	-308.517070
3087	-392.563319
2927	-324.500425
2940	-339.418028
3295	-231.069318
330	-286.408473
1664	-310.904974
2108	-267.944278
2634	-326.927446
3840	-309.681264
118	-352.905052
1279	-377.837977
3961	-308.561152
1867	-324.583096
2491	-381.634033
3958	-291.015785
1861	-235.696852
2090	-308.473428
2332	-342.335241
3082	-272.586248
2641	-270.394309
2918	-271.326117
1883	-346.839066
2703	-309.722894
461	-273.773506
2865	-342.307696
3511	-324.552260
2487	-361.694757
1201	-224.944660
2769	-376.563238
137	-287.440932
2328	-320.732586
2584	-360.567154
3393	-359.297522
3858	-308.459001
3200	-265.433051
3979	-345.651111
302	-340.632285
1582	-361.735290
3707	-271.620156
1293	-271.369084
2883	-308.757991
243	-323.389193
3278	-298.952950
2376	-346.840597
3204	-306.313706
2154	-360.512793
3228	-381.648857
692	-362.917261
2742	-348.048844
1444	-304.691748
1557	-322.456250
445	-319.610687
2807	-269.176124
940	-325.787515
1159	-325.779568
3344	-325.748658
3158	-269.271320
505	-338.531538
2264	-346.831590
3674	-309.731169
565	-356.730212
665	-288.571762
69	-265.441614
856	-324.568212
359	-346.832402
3661	-287.358011
1824	-336.855265
2726	-324.475651
2216	-308.505718
2934	-324.462733
893	-232.317400
1347	-359.361259
2244	-414.351653
254	-285.284456
2599	-355.457663
1598	-308.471397
274	-272.539126
1719	-232.050342
2595	-303.465315
1357	-375.307060
3632	-340.612805
250	-360.538828
2662	-345.635068
3038	-288.542113
1303	-345.676156
3865	-362.899954
3653	-309.763576
789	-324.581906
3370	-396.486664
2067	-280.248350
564	-272.569586
3364	-305.057353
2468	-307.193849
1433	-325.729800
1237	-360.542541
127	-322.216227
2794	-304.681399
3069	-346.878430
935	-269.154939
2760	-155.908941
400	-376.570473
1184	-286.506282
1317	-344.393241
846	-270.434394
2824	-304.720708
810	-269.144656
1405	-361.711854
3736	-355.517745
3855	-304.746925
2095	-348.034975
2388	-309.695742
2583	-346.859078
1019	-327.016183
1832	-309.737802
838	-361.709679
3517	-396.475511
1526	-269.267574
2907	-344.466563
169	-309.688569
24	-345.608180
518	-289.791234
3331	-233.545899
2033	-310.919833
2163	-324.503356
888	-323.328290
1466	-340.657975
1533	-309.671865
519	-309.687078
312	-234.485640
1239	-356.710448
3846	-318.393987
464	-324.485629
2605	-346.869041
1442	-308.465594
3803	-287.351460
248	-339.489875
2569	-281.476967
3269	-381.624381
2653	-361.749428
416	-271.318448
1112	-287.644079
2772	-343.232602
2942	-325.778444
2467	-325.805017
2921	-310.904813
64	-362.945802
1813	-307.550360
3193	-320.725883
2235	-318.409670
1754	-269.221561
3356	-270.447268
2749	-340.645995
3387	-309.727603
723	-361.717032
3471	-416.384141
3413	-308.440890
1762	-361.755551
3241	-319.515995
2432	-274.987245
3030	-324.500475
2426	-340.650391
3901	-346.822424
1891	-323.382399
2676	-325.784384
3572	-322.172641
3279	-356.732861
1111	-335.656557
1244	-345.616998
2685	-344.426408
1339	-285.316421
3818	-308.470796
3383	-360.602876
1608	-361.758032
729	-343.084333
1838	-356.685238
1266	-324.582035
3465	-324.548021
2630	-282.871678
3850	-308.528193
1563	-376.575382
1903	-309.678054
2532	-301.405558
28	-324.630221
3110	-236.917458
2380	-327.025010
1912	-310.915653
2071	-246.029150
3821	-308.427345
2698	-344.434438
1749	-302.579654
1215	-335.566430
1285	-346.860450
3788	-361.725962
3449	-297.510804
632	-361.705069
2383	-324.593866
3987	-324.506120
1960	-345.602645
588	-309.684571
2143	-288.628466
2955	-346.822341
542	-382.793238
2683	-309.686061
2863	-287.423372
1489	-266.777425
3049	-324.610004
3326	-381.616196
3221	-308.477915
1600	-249.301818
1067	-273.762417
1865	-345.609914
3244	-323.320332
2787	-324.505365
2931	-361.729140
897	-345.659998
3296	-345.650105
1820	-324.522751
3389	-309.689740
2437	-356.692640
675	-346.827397
3771	-309.655144
2804	-344.433943
2546	-248.018573
654	-309.727166
446	-305.831164
2370	-360.496984
2123	-327.010026
2311	-193.034988
3592	-323.367866
2552	-340.624424
183	-362.962787
2464	-297.555801
822	-336.845442
388	-340.594424
2986	-340.629609
162	-232.324966
3694	-338.246643
3165	-356.724041
2326	-320.768781
2600	-307.237880
3009	-307.265383
1725	-360.495137
167	-310.912077
673	-345.680831
1178	-382.751729
3124	-308.562031
1773	-304.696646
1098	-356.649302
855	-271.614051
1070	-361.752301
3986	-355.516778
3159	-324.612512
2978	-340.669862
2309	-272.583285
3000	-309.688191
960	-310.940611
1975	-341.829025
50	-357.934562
544	-340.643340
1604	-347.456674
1360	-362.941781
1496	-268.248371
1936	-360.564423
2808	-340.646073
1025	-324.520219
2107	-325.766177
617	-376.521083
1016	-305.129953
2725	-269.218553
2997	-380.371074
887	-361.720206
2831	-356.723059
2701	-326.942959
681	-312.126544
2585	-249.269471
2048	-235.699029
1365	-361.755045
3035	-344.404557
3398	-304.686259
3585	-308.497008
396	-372.782655
1920	-361.714679
2627	-235.695309
3138	-345.651520
176	-308.554162
2988	-310.923406
645	-308.540795
3134	-271.319942
2472	-209.159302
586	-376.582598
2781	-288.581699
194	-308.496245
3574	-398.876124
2257	-307.238509
1379	-325.731549
3862	-271.646263
3799	-291.018995
2740	-360.536920
3420	-306.358581
1477	-303.462312
417	-344.440065
3696	-308.474441
635	-324.578381
3230	-344.454591
2761	-309.696507
514	-309.685045
1894	-360.532510
2551	-325.792606
3631	-303.560350
2489	-250.583259
3484	-341.890999
711	-341.849127
466	-382.782183
1233	-265.440660
1291	-285.276634
3408	-287.661454
192	-310.897684
2523	-344.512144
1641	-340.647224
214	-348.052027
2876	-360.574465
875	-376.554863
288	-355.557059
343	-360.502305
616	-345.676243
2947	-355.510313
607	-301.373496
3028	-346.861640
2074	-285.300440
25	-309.712046
56	-345.599154
769	-271.361537
3130	-270.427802
1091	-309.678344
1371	-288.596392
2700	-304.687547
1577	-355.468067
3852	-361.710525
453	-375.430225
1267	-341.841438
742	-272.588370
306	-307.335530
1779	-288.583563
3007	-319.573727
1381	-303.795699
1772	-361.717972
1616	-272.539058
3284	-343.290242
3783	-310.912792
1467	-345.613895
2720	-231.102112
1106	-231.106310
2510	-325.797299
2563	-247.215049
2590	-340.650928
1223	-324.586663
3608	-372.729173
1296	-345.612257
3111	-318.340705
1665	-336.802871
3382	-341.145624
2209	-382.781841
1993	-339.504090
3683	-308.510782
2589	-361.718361
2615	-360.501085
3887	-242.196351
2591	-325.773278
151	-270.397623
415	-309.692626
1748	-288.688929
2515	-323.341413
981	-303.499320
720	-381.594735
2392	-272.551442
791	-309.662433
2045	-324.495988
1660	-274.985107
1510	-322.425235
3090	-287.362939
2147	-382.781806
95	-351.666551
2534	-362.960595
1004	-355.416555
3075	-324.616343
2250	-339.462492
2524	-392.642251
756	-325.798888
3665	-323.329494
763	-308.429953
1864	-312.133063
1052	-361.770383
3328	-324.549529
853	-76.404702
2779	-381.606362
2851	-356.699504
419	-312.128001
148	-345.629933
2410	-361.673369
2952	-308.511290
1569	-234.503085
2160	-345.674929
701	-265.396194
641	-322.439472
2238	-281.495234
3570	-272.514475
269	-325.729080
3125	-308.510840
908	-310.911406
1822	-344.395150
2102	-361.723581
2975	-345.579201
3721	-284.372483
1194	-381.612648
2097	-345.639692
2254	-359.388326
3800	-346.862839
2868	-270.407057
289	-321.949791
3613	-308.483617
534	-324.575799
362	-289.871990
165	-327.013034
554	-340.688787
474	-281.476832
3274	-196.407957
1324	-270.399280
3429	-274.987297
2000	-309.736479
3154	-309.714008
2959	-289.795007
1117	-345.566120
3218	-325.743746
2094	-325.812885
1438	-356.728392
2748	-321.271406
2083	-322.434119
1808	-356.676972
1038	-267.106213
1172	-357.927353
1449	-308.507220
390	-306.070291
2389	-361.728546
1453	-309.720334
1300	-324.595031
3636	-324.624318
1619	-340.600021
1094	-304.696023
1768	-289.789940
1816	-344.357220
2395	-297.523583
2179	-361.698233
3727	-285.317454
2449	-341.841190
293	-377.807580
2040	-317.409527
655	-325.771459
3659	-340.683837
3779	-308.476903
2625	-291.021574
2239	-346.823312
538	-324.494520
49	-396.507540
320	-232.333410
3447	-270.389803
3390	-309.736085
3439	-301.389192
930	-346.898838
2995	-381.584942
2925	-301.394865
3424	-348.051118
1848	-273.769835
3372	-309.705858
3787	-381.580675
2596	-339.467484
1382	-360.492675
1131	-324.580815
494	-345.611057
2610	-309.711468
620	-346.820834
1992	-325.723538
3795	-310.908453
1063	-265.440996
1335	-283.156647
2342	-309.680487
739	-309.678703
2688	-284.964138
240	-286.517094
605	-456.103432
2031	-269.170061
3519	-376.604739
413	-301.369263
1763	-325.799404
2912	-346.883119
1606	-308.462382
3440	-322.135917
442	-356.712228
3804	-324.573632
2910	-307.536915
2819	-360.551444
40	-344.338878
831	-346.867207
3635	-308.475489
351	-345.625747
432	-344.390227
1079	-287.347000
153	-347.466594
2020	-272.514099
1536	-324.492974
3938	-345.645388
1384	-361.755719
2010	-323.385837
964	-291.014970
3529	-341.843027
1115	-325.773014
2587	-376.609234
3454	-376.600944
854	-383.971058
2295	-305.898313
2486	-307.239887
804	-248.395289
1787	-325.795649
404	-324.595399
384	-343.291812
1900	-309.689410
3809	-310.902628
2660	-307.582044
3461	-320.776316
2445	-324.576679
1705	-286.218259
139	-338.257996
1280	-356.683566
1721	-339.479764
1213	-324.530103
1124	-271.651913
1313	-324.502042
1204	-361.704371
2620	-324.587670
2499	-376.539208
2465	-339.464024
294	-308.506421
84	-345.610574
62	-309.677968
3348	-304.715963
2762	-306.370119
2812	-381.619786
2481	-324.614891
3149	-372.694726
704	-235.696677
3634	-340.646592
224	-324.628594
680	-325.806369
3964	-336.853985
1446	-319.575102
2784	-273.803873
2592	-308.486071
2809	-344.506029
2307	-346.859945
3288	-348.045786
1045	-344.449852
3426	-307.387663
3847	-356.693135
573	-286.504534
3451	-319.606765
1568	-324.555249
2281	-345.643890
1193	-324.550139
3656	-310.918831
3725	-309.710255
2666	-303.423742
1209	-392.612820
1299	-348.043466
3147	-338.530072
961	-326.950279
3680	-305.904722
467	-273.793804
1507	-310.914024
3423	-308.555641
367	-360.491873
1226	-195.226072
2206	-312.126404
828	-361.684892
932	-361.764881
3743	-325.726182
2497	-325.763216
1015	-344.454928
2538	-344.417597
3514	-340.654233
1024	-302.535621
3476	-304.737418
2996	-324.566568
1044	-304.687053
1964	-309.726463
1854	-382.743932
2099	-288.573876
3081	-302.557878
2647	-262.017735
3477	-348.046236
705	-362.953848
3644	-345.587398
1638	-344.481904
1403	-308.462299
3306	-361.650084
3325	-341.836362
834	-346.828689
2299	-280.273691
3431	-323.229212
1796	-307.536544
2062	-303.437471
245	-340.656722
1013	-271.300649
3720	-308.561301
660	-271.630416
2656	-376.622509
2402	-235.696227
2055	-304.724717
3718	-195.186772
3217	-306.392828
3953	-325.792503
755	-324.568345
1146	-339.465889
3731	-310.913156
3690	-346.829378
3201	-346.845480
3294	-340.693392
1329	-309.710338
560	-344.385047
1984	-287.441165
2041	-346.821470
1543	-323.360471
3495	-288.563768
3766	-344.436564
1758	-271.616401
272	-322.161948
2356	-323.346816
1968	-324.538807
2142	-324.624987
3558	-339.464817
954	-324.612244
2431	-309.684774
3708	-270.397474
1427	-340.646339
3796	-341.875439
2557	-273.774103
68	-286.519735
609	-377.817369
1661	-322.148261
2127	-308.519863
3931	-288.683173
3730	-291.017996
455	-340.664551
3293	-360.535142
1737	-323.398064
1782	-308.555419
1566	-380.438011
816	-356.748545
1923	-287.427777
2512	-346.823548
965	-323.329385
1572	-322.170570
1761	-376.622507
1670	-269.230258
1	-360.499843
1047	-346.836177
2612	-345.627545
2118	-324.560961
1273	-355.513035
2506	-307.526911
1521	-323.665247
422	-288.692943
2198	-382.804255
944	-320.766684
3206	-346.853173
1323	-289.811983
42	-376.564691
1798	-312.126342
2359	-360.468392
258	-371.546126
3459	-346.831382
1241	-345.608395
1636	-233.551389
85	-272.550580
567	-339.489014
3751	-339.491316
2429	-306.081547
426	-362.933001
734	-233.242250
355	-273.761263
2327	-381.624797
3885	-304.728655
307	-302.239101
16	-273.806874
3869	-324.525580
2232	-56.525887
2782	-340.664407
1658	-287.337578
2155	-343.243883
989	-272.839582
65	-312.125621
3627	-323.347112
1525	-345.608193
830	-320.767103
2581	-234.469389
842	-360.514766
3549	-323.437779
3792	-360.525610
1132	-310.938583
1458	-288.648179
631	-371.449232
909	-325.789320
3611	-324.577560
3922	-270.394284
2046	-286.493052
131	-345.603479
2847	-307.566260
1766	-270.387395
1918	-319.573117
2575	-308.759090
452	-324.575287
3647	-325.794522
1961	-197.629416
579	-281.480583
1934	-341.769746
2547	-323.328581
2008	-336.802659
795	-246.023231
1374	-322.175807
2207	-301.330754
3829	-323.654114
743	-309.719124
376	-309.732528
2490	-343.078368
3738	-274.982053
2504	-325.805550
2861	-288.654312
1585	-360.545832
189	-322.167165
686	-391.370332
728	-309.678404
1448	-372.747155
93	-340.615011
2622	-346.829131
1331	-310.941319
1252	-301.395982
3441	-372.686714
2963	-287.651399
3625	-326.948771
200	-345.625804
2439	-324.485913
3143	-286.432042
3277	-354.254979
86	-190.624631
531	-226.107205
3114	-309.692389
2526	-340.601771
185	-361.726913
1000	-339.452428
123	-269.263476
3308	-381.582831
2680	-340.664901
2803	-327.013853
1255	-381.635881
3606	-310.906553
1137	-271.622539
1538	-348.050463
2256	-303.503801
3105	-346.821661
418	-324.565412
841	-361.736259
128	-303.785832
2269	-308.452310
38	-309.736982
2014	-371.537915
1978	-281.485530
1553	-323.448965
970	-310.911364
96	-375.359188
1747	-360.559076
3016	-309.730329
3464	-234.470922
3129	-361.692023
3281	-309.716743
2125	-310.908354
2251	-430.448052
2162	-340.613712
3868	-360.526225
779	-356.732185
3762	-351.646368
298	-377.795528
599	-343.312201
2936	-324.504178
1410	-273.759553
389	-271.336957
3900	-308.465445
3222	-344.494043
911	-356.711832
2640	-398.880824
1149	-325.796862
2650	-361.727711
0	-351.615495
3936	-326.951067
149	-380.415966
309	-309.718312
546	-306.365166
2788	-345.596027
3014	-269.263802
2259	-361.734611
926	-345.680086
2902	-271.653205
2471	-288.628801
1527	-271.621836
253	-305.838224
3164	-344.379764
228	-346.859384
1310	-307.529289
2508	-324.574476
710	-340.625597
1035	-284.385189
1951	-317.408548
1217	-325.773675
1982	-345.609374
2939	-352.864008
2249	-392.653825
619	-325.787161
225	-346.842403
1652	-301.316399
2313	-312.122262
747	-359.350089
244	-346.835129
1077	-326.938562
2289	-325.766945
163	-319.624414
2729	-323.315925
2836	-345.652670
276	-380.379743
2004	-346.839235
2494	-274.984732
1409	-285.282853
967	-372.742461
150	-309.732713
634	-154.960361
3182	-287.440436
1917	-325.790782
2757	-346.855643
3755	-341.874216
1911	-272.582516
3483	-308.500974
2905	-307.206439
3458	-345.693035
2944	-309.687280
483	-309.705795
314	-233.255379
1071	-360.495618
2151	-289.802108
1524	-272.550818
1221	-344.436348
2288	-345.612787
1429	-288.579114
2408	-356.708234
2098	-327.020807
1800	-212.439286
2878	-285.336744
2764	-195.179738
1174	-345.614442
1967	-288.573475
1394	-396.500849
3275	-308.757315
543	-310.937295
3543	-287.318584
1535	-324.463541
2007	-308.499105
1823	-340.656176
3227	-348.043668
2474	-357.944802
3160	-362.937857
3607	-325.801523
781	-362.918463
2763	-272.548325
1924	-340.591587
1602	-318.339586
1183	-325.750970
1270	-307.571937
835	-320.740782
2469	-270.392444
3512	-340.641866
1452	-308.467331
2972	-320.764992
157	-376.519880
933	-270.430832
3330	-323.360126
3276	-344.508729
1153	-325.764669
239	-270.446608
409	-306.383308
1781	-324.582445
3614	-288.627505
1367	-325.812267
465	-266.553159
3784	-344.450127
2652	-317.377404
515	-287.727890
3452	-361.758902
1541	-310.912991
2450	-312.124760
1258	-344.472090
2019	-340.659620
3889	-360.533387
3773	-345.602641
2562	-375.357530
223	-339.501781
2999	-307.237456
1691	-272.595294
1639	-345.640072
2149	-341.878745
3780	-323.320574
2134	-344.433965
748	-324.572987
798	-208.842347
1852	-309.685790
3171	-345.599912
3861	-234.486176
2194	-273.757530
3687	-325.793945
868	-312.124574
1574	-245.997884
1076	-361.656187
1869	-269.207716
130	-274.988525
3907	-291.017966
2476	-346.865438
140	-309.676929
1715	-286.486570
1736	-273.764207
3056	-269.180682
90	-327.017113
3988	-309.707600
2756	-153.742562
3924	-270.393737
3557	-344.382663
997	-361.688335
1353	-359.297643
1171	-325.721867
972	-341.869909
1206	-342.315546
1275	-310.936083
1158	-268.251114
1827	-343.492484
1508	-308.462196
1074	-304.697680
1064	-276.202311
3954	-271.611366
2076	-274.982287
3583	-325.721011
3065	-344.486202
229	-361.648305
1955	-339.498757
3406	-286.459793
79	-324.605178
3604	-273.812100
2361	-304.727460
1897	-197.629387
3381	-309.731402
2567	-320.795216
3582	-344.436500
1208	-345.608535
836	-324.606601
913	-352.855499
493	-336.819674
906	-383.969892
3643	-309.660190
2594	-335.586914
2185	-344.343476
3970	-305.897998
2124	-345.600825
1432	-324.522792
2828	-232.030352
1542	-370.291993
3728	-234.474951
3008	-323.359336
278	-397.667072
3343	-320.735225
2167	-309.681554
3673	-309.691463
3913	-308.551230
938	-331.411639
1220	-325.800532
2737	-322.442708
2946	-345.649552
2081	-273.775864
3509	-288.685117
3801	-310.937414
1095	-324.603415
3156	-362.941094
3623	-341.892484
1219	-306.334850
3629	-359.312853
354	-285.174014
374	-372.796889
3811	-274.982348
1690	-339.426816
1413	-247.214861
1041	-371.504707
2424	-273.764093
481	-307.573371
1790	-345.664882
3058	-247.214450
1777	-265.408147
1483	-309.723988
126	-274.991042
994	-323.428670
190	-354.290746
219	-307.221351
3053	-490.831786
1163	-397.709232
572	-356.752533
1494	-345.654016
1166	-324.576650
3503	-266.630629
3723	-345.597175
1051	-346.860404
866	-340.620625
3207	-355.520098
524	-308.507004
3233	-304.691526
168	-325.810050
3396	-273.815873
2525	-324.569051
921	-325.682121
364	-117.824798
102	-307.230370
920	-281.489179
3966	-376.570141
3548	-79.764152
2409	-324.595526
2317	-308.503515
786	-307.544728
937	-306.397642
3537	-346.860694
3927	-323.326298
3710	-308.565933
3925	-325.718488
1814	-360.537947
963	-345.645239
917	-323.320690
3965	-273.764529
2226	-276.206257
348	-196.432825
2202	-324.602888
336	-308.524858
3871	-346.859809
2373	-302.564379
3094	-324.601619
3043	-196.405320
1308	-341.814212
108	-345.614707
3746	-309.736797
1907	-346.819476
1105	-302.306944
285	-249.362379
2210	-325.710772
2765	-381.546975
1301	-309.679190
1622	-346.869712
1730	-345.663299
2733	-310.940764
3314	-305.846541
2987	-271.618137
2271	-310.916474
618	-308.467888
608	-309.688960
3373	-271.613890
664	-335.632054
3215	-320.793270
2949	-346.838702
827	-303.556664
3657	-312.124380
66	-337.302324
141	-287.734664
318	-310.954514
1231	-324.569596
780	-308.769557
492	-305.904760
3594	-272.544482
980	-356.743821
3152	-335.591582
648	-287.422111
2415	-340.676441
1970	-362.897428
329	-380.402442
3243	-377.816466
305	-346.859213
3527	-309.716030
105	-309.727110
674	-346.879260
2275	-312.122563
507	-309.697879
922	-272.844560
1751	-339.469166
790	-341.836780
2968	-310.909942
2122	-348.040439
3259	-359.368793
2628	-359.341296
2191	-359.317050
907	-381.607752
3928	-377.799358
1315	-288.533780
501	-345.630685
2329	-324.557240
2573	-307.303421
3102	-310.903589
3940	-308.464824
498	-273.791878
3388	-271.606364
646	-323.641347
3640	-309.692577
1060	-345.713205
2994	-345.597078
1262	-356.712023
3944	-381.563295
2766	-285.279992
1253	-312.126356
2212	-346.837271
587	-307.283919
1126	-270.392715
1334	-273.765782
1419	-344.350927
468	-322.150234

file identifier 	 test data 	 predicted
434	-338.195462	-319.114068
3258	-324.473847	-307.396058
206	-309.688611	-291.583569
549	-372.785072	-356.300125
2571	-309.686348	-289.681897
327	-324.607903	-311.031736
1740	-376.599676	-356.354906
3864	-288.639421	-270.672031
3254	-287.469473	-270.605451
337	-312.123120	-294.804684
1307	-303.460433	-277.254437
1065	-360.485823	-339.294406
155	-324.571682	-311.409071
115	-356.682218	-332.110438
216	-307.283509	-291.622297
1899	-308.478846	-290.255463
236	-325.758113	-309.670451
670	-324.618078	-301.036216
3350	-339.431591	-327.418880
2146	-310.932540	-295.566992
2385	-310.911571	-293.983782
808	-320.774349	-305.108463
974	-303.468081	-290.726742
3450	-382.824468	-364.447150
2871	-308.460407	-292.173483
237	-268.287661	-255.194318
142	-307.594137	-290.995413
1818	-371.535911	-352.304214
3109	-324.582824	-304.298944
3157	-335.619981	-318.247336
1845	-302.309526	-291.182347
785	-273.796695	-257.509128
2101	-361.717364	-346.393999
2078	-324.575989	-305.921708
3013	-346.883127	-329.515829
2967	-305.841708	-292.323336
3425	-324.547564	-306.264083
2484	-344.359905	-319.031575
2229	-319.560814	-305.147821
2397	-308.772292	-292.093282
3415	-308.495275	-289.889358
1752	-296.265627	-286.118996
2425	-322.435505	-305.945273
3709	-340.613243	-324.759734
3031	-270.411205	-256.560598
1941	-286.206129	-271.224177
2002	-286.504040	-271.674749
3510	-340.674744	-314.988138
110	-346.869123	-320.813444
1116	-356.691214	-340.151907
1666	-289.872246	-275.726160
696	-356.709466	-334.873035
435	-306.309029	-282.929650
134	-308.516376	-292.504153
1169	-346.819305	-324.339890
2646	-325.800095	-302.609495
472	-273.761356	-261.583413
597	-309.683901	-291.039850
3345	-312.120708	-296.913166
733	-345.660927	-318.075067
1188	-306.054267	-291.268842
2706	-345.667357	-319.208669
27	-324.573866	-307.321345
3618	-309.731536	-291.154427
1390	-340.660793	-318.661810
874	-271.611192	-256.965151
3335	-275.020322	-261.398846
3085	-322.130736	-309.427795
1556	-340.659506	-320.604635
774	-395.551843	-370.016874
813	-361.733052	-338.046320
2451	-359.328735	-340.432795
1776	-325.785476	-297.744733
1289	-344.439723	-317.383228
3498	-381.585231	-364.999625
117	-211.295163	-199.980089
2173	-304.678340	-287.711551
3141	-345.651109	-320.444387
3078	-383.966179	-366.637124
2890	-309.738198	-293.456411
1378	-346.867789	-332.743558
187	-341.842120	-318.490320
1346	-308.542644	-290.514416
1546	-318.321510	-302.518660
438	-381.565482	-366.868052
1605	-345.703157	-320.852974
3173	-325.791830	-302.573956
3571	-309.676719	-289.385553
2243	-340.673964	-318.833654
1311	-288.545722	-269.875340
3605	-372.755216	-351.581802
2430	-304.688809	-286.199418
3318	-308.513124	-291.154156
2417	-336.838171	-316.458926
1099	-231.975652	-221.031320
1850	-323.407987	-301.261634
3368	-308.496367	-291.835172
2673	-345.652182	-319.528613
3319	-376.604793	-357.177508
1033	-339.482903	-321.639740
1234	-325.796704	-306.505207
2758	-309.696640	-293.343830
1646	-340.684749	-319.961082
3981	-249.257629	-236.265526
1216	-308.465534	-293.142241
124	-271.621961	-255.819006
3612	-309.738513	-292.150082
2453	-268.273240	-251.015086
2805	-272.587161	-260.819888
2790	-287.732329	-272.307403
1502	-340.679724	-321.798461
1418	-325.725274	-307.556950
996	-307.544316	-290.207034
3324	-345.641848	-326.200843
2522	-307.545457	-293.066473
1615	-287.344000	-268.966813
2830	-325.800699	-305.076425
929	-272.832690	-256.045249
3937	-361.713179	-341.131852
179	-362.928160	-344.291210
1545	-308.468255	-289.631180
3599	-308.482454	-289.805894
1939	-242.205627	-229.359662
895	-356.728690	-341.055984
3776	-320.773105	-304.799423
1495	-286.516879	-266.897052
1005	-273.786179	-256.918456
344	-343.305175	-327.897736
3131	-303.560907	-284.131726
3587	-322.421320	-306.980685
3609	-269.176442	-253.548099
2161	-361.735863	-335.750844
1514	-320.781098	-300.209079
2227	-356.712771	-337.433193
1904	-304.752598	-284.677668
984	-248.443503	-235.607078
2080	-325.793131	-308.903004
1272	-308.486687	-289.172628
1876	-251.732828	-237.838210
2427	-339.474134	-318.020943
3178	-345.605421	-324.340325
2455	-344.431301	-330.773139
2365	-345.689766	-319.659641
2908	-271.620997	-255.733066
2079	-363.517297	-343.694576
2935	-297.516418	-284.334745
870	-345.646965	-325.907136
1539	-382.755486	-364.948943
1929	-324.551800	-306.494622
1679	-288.576381	-268.039110
744	-249.332005	-234.875994
3911	-345.639354	-323.067679
3045	-310.906568	-291.785994
1734	-359.354596	-339.815422
737	-336.836792	-316.632680
2989	-287.317913	-267.212310
2631	-380.316551	-363.621630
2130	-271.612772	-256.086098
1130	-346.826923	-326.532921
3899	-337.265273	-327.308820
1512	-346.839595	-321.863259
19	-309.720734	-292.123132
1109	-333.411326	-325.157711
2914	-270.422403	-255.493282
135	-301.341304	-287.728785
1227	-322.155306	-307.530902
1503	-327.014214	-308.576251
610	-324.629068	-298.843805
1884	-307.577822	-294.899341
259	-309.735245	-293.546097
3183	-345.642870	-327.898481
890	-344.458979	-315.269292
429	-288.570364	-273.563350
3744	-339.414779	-323.678462
2325	-273.732431	-256.236935
1436	-375.359407	-358.729292
1058	-324.585402	-306.400310
2111	-348.048744	-326.926622
668	-267.103350	-254.908422
1913	-310.912131	-293.773448
3416	-320.770681	-305.397024
3496	-302.303890	-282.114456
576	-345.655968	-328.617680
3894	-322.469844	-307.639639
2708	-308.512758	-289.597798
3561	-343.190300	-313.002757
1086	-272.587059	-255.977380
3333	-361.709769	-343.986595
22	-324.575190	-305.531342
2712	-274.985024	-261.813908
3584	-281.484877	-265.865768
656	-376.605347	-354.809322
3726	-382.754967	-363.889055
2343	-325.781464	-310.422671
2568	-325.718022	-307.486878
3192	-313.554802	-302.118989
495	-342.297848	-328.174665
3380	-345.606939	-324.487576
2089	-308.469081	-291.353266
3785	-348.045948	-322.826642
3734	-326.940196	-308.183795
2176	-345.608670	-324.848499
233	-301.382062	-288.280463
520	-309.720011	-290.428179
487	-307.223588	-294.725607
332	-304.692914	-288.581625
3535	-323.235679	-306.274305
1686	-288.648208	-273.668144
3750	-346.838572	-324.328653
2608	-306.369631	-291.569352
2482	-268.321270	-252.915536
1493	-335.643923	-319.218982
3703	-287.697316	-270.238411
2473	-324.497671	-298.474252
2705	-270.384180	-255.983524
71	-346.864282	-323.037767
3018	-345.638117	-319.860392
1484	-273.817328	-254.911797
1921	-310.904960	-296.215078
39	-340.687222	-321.016518
1305	-319.621560	-302.709634
1743	-346.856186	-330.162254
2183	-339.459869	-321.950599
1189	-287.322957	-270.065975
458	-340.699868	-320.162099
1344	-341.767606	-325.712304
161	-285.276468	-263.846989
2866	-344.431605	-319.776062
1001	-304.724431	-281.650705
1723	-307.290176	-288.989355
3027	-336.811099	-314.741025
1056	-271.618179	-257.728209
2223	-288.657055	-274.785912
1596	-492.022084	-459.602828
581	-287.683128	-273.629797
3349	-207.916786	-198.375473
3711	-303.469034	-285.658170
1859	-324.577613	-308.760731
3219	-339.428557	-315.563354
3878	-360.554015	-340.309941
3667	-249.293044	-235.863682
2644	-320.786990	-306.095074
521	-262.065493	-244.189550
1392	-353.321142	-337.707098
1696	-320.785074	-304.927904
806	-308.768073	-291.391848
3534	-320.785748	-302.181073
2555	-287.427764	-269.749287
1767	-285.277900	-273.705553
2357	-325.754267	-307.303643
1889	-361.731388	-339.565921
2884	-324.471313	-300.981086
2120	-381.630205	-361.600418
1093	-325.718074	-306.483869
807	-340.681309	-318.563980
3422	-340.663929	-322.494471
2404	-323.340989	-305.328172
1008	-248.448467	-233.884754
1586	-272.837559	-259.668810
2190	-324.574822	-309.511777
657	-270.392759	-256.747445
2334	-472.135006	-451.969182
1225	-196.409349	-183.764955
1765	-285.335887	-270.589704
3329	-310.909123	-291.815695
2321	-381.536295	-365.485584
3895	-325.808333	-307.351311
1075	-325.751822	-302.729933
2638	-309.688194	-293.043613
2535	-272.835594	-261.627084
1958	-340.595950	-317.930831
3051	-192.736096	-183.551562
457	-380.372151	-358.270481
2301	-324.616647	-306.998905
1558	-270.389386	-256.484042
2537	-317.434422	-306.067824
2230	-262.056533	-252.638685
2775	-382.812383	-365.804723
2574	-273.812881	-256.371902
1649	-346.868661	-324.165049
1667	-323.323781	-307.444868
3409	-356.696744	-335.002334
983	-341.851447	-321.443403
1531	-345.640098	-324.965472
490	-231.142581	-218.880568
2507	-291.014750	-273.729216
592	-307.614861	-288.954987
1361	-346.840635	-325.923188
1249	-272.543724	-254.861796
1359	-229.927277	-219.943461
2721	-271.401725	-260.561143
1286	-310.906869	-294.195101
1476	-308.455419	-290.345841
3438	-312.132858	-296.926602
1979	-308.462923	-289.757172
2237	-325.784144	-307.741946
3778	-309.700675	-296.017104
2177	-346.868453	-327.756138
3552	-325.793166	-300.068514
3298	-345.599182	-324.048218
976	-382.776658	-365.146840
2850	-288.580309	-271.601095
3813	-340.620847	-321.621889
2659	-324.461004	-300.100799
92	-301.343578	-289.040948
1236	-155.897345	-148.170039
2374	-285.279236	-269.203619
3272	-173.147782	-166.191786
3837	-343.468335	-327.718808
671	-310.897268	-292.856473
3610	-360.476593	-338.701386
1401	-307.265351	-286.241645
3437	-288.585212	-271.698333
3700	-361.717469	-344.516948
577	-343.087962	-325.224852
428	-324.570042	-305.092764
3001	-270.386138	-255.552078
103	-291.024232	-272.663839
2114	-307.528446	-291.508529
1398	-234.469383	-220.220466
1839	-355.496901	-336.873648
523	-345.565792	-327.851699
1811	-346.855968	-326.244323
1965	-288.555445	-271.203056
3435	-361.728293	-340.692362
1243	-323.582949	-303.095702
3120	-309.689111	-295.010499
1997	-271.666841	-257.654038
1069	-375.370023	-363.862590
405	-273.804251	-253.578656
3507	-376.594067	-358.627128
3167	-309.688639	-289.248442
2043	-344.484341	-327.252630
1803	-270.394458	-254.282952
3600	-325.781571	-307.454642
840	-289.871520	-275.392648
3070	-281.491976	-269.748801
357	-307.245430	-292.468972
1021	-232.328175	-219.907769
2598	-308.508949	-292.652318
3693	-273.779498	-258.051134
129	-308.512092	-291.038386
3985	-324.548763	-302.349721
2502	-309.685960	-289.482343
859	-308.468407	-292.070697
1097	-325.784473	-306.433194
2950	-360.498298	-340.997464
3485	-324.614459	-300.168377
3112	-327.021680	-307.771167
2056	-325.729141	-304.145877
2544	-381.632480	-359.705557
3905	-395.515911	-371.706237
2132	-377.826580	-352.716822
1692	-362.862736	-336.104984
2021	-346.818246	-319.227562
2005	-305.155985	-289.795581
3238	-340.667053	-319.946787
3595	-345.600227	-325.432537
378	-356.705084	-335.866495
387	-268.248806	-254.863396
992	-377.811306	-359.543612
985	-320.770329	-305.422484
3984	-344.418857	-324.401440
637	-360.557419	-337.387324
1947	-303.533559	-292.334046
1265	-227.324775	-212.666361
3616	-225.221461	-210.042910
2539	-321.276274	-303.786635
119	-327.012568	-310.144392
136	-343.240623	-317.463874
1976	-346.831692	-325.246202
1026	-325.765414	-302.575637
1688	-324.567893	-298.419681
371	-380.374978	-362.357292
3649	-343.292778	-323.973362
1009	-266.763445	-253.707386
402	-312.124533	-295.735561
2136	-263.278851	-245.727030
990	-309.684377	-291.908090
3580	-345.661657	-315.986370
1129	-340.618148	-319.392977
2655	-235.723792	-222.874246
2801	-310.932716	-290.525052
2387	-391.391111	-379.583297
2882	-322.444150	-307.016107
500	-308.452306	-291.152552
3322	-272.536448	-254.015555
1700	-320.782427	-307.520430
373	-379.522177	-358.479647
825	-340.536374	-321.514269
3012	-276.205920	-261.089894
1373	-324.557383	-308.644400
760	-324.605411	-303.180726
1547	-335.613384	-320.947430
1441	-303.469082	-285.507558
375	-346.857432	-318.477530
122	-339.419649	-319.538332
2904	-302.545112	-286.123015
23	-304.679494	-280.027456
80	-392.672883	-370.731377
3481	-357.941534	-338.234503
2405	-318.344936	-299.889069
3041	-345.692143	-319.083947
1349	-286.542391	-271.658632
602	-275.010289	-260.846151
606	-343.235457	-330.598891
3642	-324.565306	-306.294804
2039	-360.553317	-339.243551
3691	-352.852117	-329.240919
1878	-346.819711	-324.861325
173	-396.486463	-386.407868
700	-310.938181	-294.007420
1612	-310.902795	-292.227228
2962	-309.686114	-289.037602
1406	-375.394844	-355.531153
100	-361.702143	-343.494111
1167	-309.729139	-294.418312
3197	-309.714859	-291.725665
923	-322.135797	-301.573691
3025	-324.573338	-304.340346
1120	-353.283458	-341.335058
959	-492.026657	-485.278167
2983	-346.833689	-319.542257
3891	-346.821929	-326.289308
1755	-304.686811	-280.919342
3515	-346.852204	-326.224103
1729	-361.740062	-342.986408
3753	-271.652242	-257.447100
420	-362.950092	-343.205601
2165	-319.567241	-304.680124
3830	-346.817778	-321.980597
2560	-339.452794	-317.680050
2517	-308.462063	-291.848430
1950	-232.331230	-222.306782
1945	-361.754136	-335.621348
444	-340.665581	-319.448199
850	-271.623957	-256.132499
3942	-287.507193	-269.504394
882	-169.557758	-162.858117
138	-362.875317	-347.273221
629	-309.712115	-293.170962
2938	-346.875201	-327.667101
627	-359.304956	-336.128880
2840	-284.048718	-270.699906
2976	-356.737615	-333.872434
2960	-271.360631	-257.758253
3187	-272.591906	-252.944058
335	-361.729115	-340.824751
1470	-272.542270	-255.430086
2924	-348.045292	-323.404924
2304	-286.431160	-266.744563
325	-345.637577	-325.679402
2440	-317.433049	-301.089417
3455	-270.401061	-257.302548
1397	-271.624640	-256.722699
3982	-324.592116	-302.638983
3210	-336.808333	-320.402070
249	-306.347185	-282.119093
1699	-272.541597	-256.023184
67	-172.006141	-165.468455
2358	-322.169697	-299.965940
2741	-297.520999	-284.141165
2493	-346.822460	-327.394723
44	-309.735489	-292.423269
489	-356.745773	-340.002282
1195	-285.287913	-270.702622
3004	-288.652346	-272.320367
480	-325.760797	-303.768593
48	-304.689512	-287.136972
1066	-375.344926	-362.390124
1072	-272.554773	-252.969512
2527	-297.554699	-284.698631
1886	-302.286171	-283.911362
97	-286.495035	-271.371575
2735	-309.690179	-291.146047
541	-325.714161	-308.567851
3533	-232.036378	-221.871276
2621	-305.145002	-285.240913
1914	-288.576123	-275.822059
1292	-323.652284	-304.552498
2754	-309.674575	-292.925726
1128	-361.695007	-340.000315
2382	-380.343633	-362.620422
575	-272.582834	-255.013737
3074	-272.553250	-254.210928
1161	-308.513516	-288.699400
1263	-345.642008	-319.849537
812	-308.509197	-289.081936
2345	-342.329232	-325.319887
1896	-326.971392	-307.469192
1843	-362.899677	-343.379460
31	-359.310420	-341.125521
3772	-356.752251	-343.032133
1681	-310.908780	-294.762834
3615	-210.071468	-198.560905
3282	-362.972786	-340.472692
3588	-272.549011	-252.611549
1011	-310.942660	-291.642910
59	-248.430371	-235.822413
204	-287.353313	-269.763432
1385	-309.679840	-288.819374
476	-397.686127	-382.032686
2747	-301.332569	-283.441278
2344	-305.915175	-290.846906
3671	-326.941692	-313.629587
3444	-289.794376	-273.897639
3742	-271.272557	-254.696998
3054	-269.129580	-255.767546
2338	-268.888303	-257.602555
2691	-308.505543	-290.234055
393	-323.334482	-302.930826
975	-357.171724	-351.286538
758	-307.574899	-294.492512
2492	-396.477101	-387.570481
3378	-325.831718	-308.023825
2717	-309.726244	-291.360345
2347	-308.476587	-291.456747
958	-302.599262	-286.169224
488	-346.861837	-324.484519
3626	-310.902465	-293.921248
2744	-288.573110	-270.701066
3564	-303.533472	-291.507882
3658	-309.682445	-290.533264
3929	-321.233569	-305.967700
1089	-344.451793	-316.746516
1746	-396.470299	-377.281395
1994	-383.983835	-366.139149
3198	-288.680991	-266.407272
2651	-273.744309	-254.373531
321	-324.604397	-305.245362
2958	-324.580268	-306.874061
1943	-325.729335	-310.043782
3825	-93.411888	-90.104349
2923	-325.801905	-302.246787
349	-309.687623	-291.647850
873	-273.763068	-256.626842
3546	-233.219124	-218.921816
2398	-319.533364	-300.526107
3327	-348.059242	-327.209684
2778	-325.711441	-308.267658
366	-324.576206	-303.819200
2274	-308.463553	-290.102406
287	-307.560718	-291.619281
881	-234.470813	-223.183898
3705	-345.665479	-317.420813
3357	-361.779217	-341.237497
2042	-232.364952	-220.875796
973	-325.790444	-300.450642
482	-272.599303	-256.118393
746	-273.802095	-258.714319
3176	-432.852890	-430.820540
3434	-360.560766	-340.537949
3048	-381.616883	-362.049599
3203	-308.459279	-289.813318
1805	-344.380468	-321.901478
931	-361.763293	-342.733025
814	-308.509272	-291.279045
2148	-309.718089	-294.190282
847	-324.608363	-298.992376
1999	-233.547877	-223.059661
946	-324.577279	-306.599093
2852	-274.986857	-260.478224
1922	-248.132701	-234.767205
1108	-341.839596	-322.425477
2214	-245.994065	-233.702973
3714	-265.398572	-246.193434
1698	-325.800949	-302.750356
1571	-470.915515	-455.867425
1587	-322.133444	-298.187161
2093	-324.473588	-309.280380
1627	-301.363590	-283.100163
2221	-308.512137	-287.715153
1741	-345.629842	-325.317764
479	-77.308427	-74.542798
3704	-348.035847	-330.435909
555	-361.677945	-340.005189
1330	-324.575010	-301.403671
3268	-324.562156	-306.239257
1082	-310.901659	-292.326393
662	-341.843824	-323.294574
2654	-304.679740	-286.759320
2115	-266.626759	-255.036567
2026	-272.837907	-259.254651
1856	-321.958301	-302.733492
3819	-397.692021	-381.764279
1104	-287.315479	-266.708253
1607	-303.462115	-278.978012
3412	-335.628480	-320.266168
2022	-344.425164	-328.567414
430	-307.543210	-289.829474
3797	-376.587519	-359.744376
3676	-346.840522	-317.636505
1953	-308.457242	-288.695372
1669	-287.426878	-270.626616
1662	-377.834156	-357.689764
2572	-360.495461	-342.604587
1260	-270.417842	-251.458284
2826	-308.764658	-292.451987
2542	-326.951186	-305.883976
3853	-271.336383	-258.814394
1039	-360.575277	-340.278457
540	-346.830523	-323.757793
334	-245.983375	-233.254886
29	-344.425700	-318.510688
3959	-305.831035	-284.129402
2012	-382.788561	-363.902599
2795	-379.572458	-360.880519
2337	-324.588418	-305.072406
345	-309.704732	-294.297635
17	-345.612580	-318.320032
2100	-343.199390	-319.364064
1828	-284.993731	-275.418478
2172	-308.472272	-289.370330
2443	-288.547509	-269.630540
1793	-325.725688	-303.316400
3883	-308.516508	-289.317072
2981	-327.026688	-305.924768
1971	-362.906662	-343.700688
924	-324.528533	-305.220017
1049	-323.336196	-300.852089
1435	-193.963318	-184.594057
1830	-345.641862	-326.288160
736	-325.799293	-303.012799
876	-325.807685	-305.254381
3256	-153.459846	-147.391986
837	-360.512026	-342.304250
196	-341.759398	-325.607334
503	-355.514134	-340.209646
3554	-309.689751	-287.957106
953	-392.650949	-371.355577
1905	-231.145151	-218.360759
2548	-340.654465	-316.014959
1643	-310.910140	-292.175275
2521	-361.728609	-343.855612
3300	-344.499155	-322.000323
2558	-472.145935	-457.521346
3808	-345.614760	-326.802259
45	-266.615452	-247.574009
2806	-234.476081	-221.643038
2637	-325.687098	-309.871523
3774	-305.130184	-286.009659
3724	-324.573480	-306.962180
3251	-306.056425	-285.733558
1511	-271.315027	-256.270761
548	-233.555951	-220.685012
916	-345.608831	-325.233005
1297	-345.621773	-326.927550
625	-308.514390	-291.543544
653	-344.473681	-321.732030
2082	-302.567313	-286.708502
2218	-325.756157	-306.176585
2485	-392.676111	-371.084179
1491	-344.421383	-320.889187
1054	-323.427722	-304.036655
1092	-360.552974	-338.066072
3310	-309.721850	-292.407099
260	-359.369049	-342.521212
3715	-381.567301	-362.006598
659	-326.976670	-306.180435
2956	-360.528914	-337.786372
1259	-288.590804	-271.128965
1591	-249.397368	-237.585290
919	-272.589999	-252.961633
1407	-235.694798	-223.616568
2838	-324.547436	-306.312677
2922	-352.890573	-338.815241
1488	-320.766344	-295.860329
1650	-341.836348	-322.634892
3040	-360.506446	-340.507872
463	-309.715058	-288.564101
270	-372.752005	-352.249354
998	-302.306196	-283.317280
2783	-272.537685	-257.004708
3059	-363.508158	-345.362118
3664	-269.219315	-257.209743
3945	-304.737186	-281.443465
3833	-324.559324	-306.602560
2084	-361.708021	-342.171444
1481	-376.634518	-358.767794
3957	-307.291354	-290.646587
2877	-324.556404	-307.916373
857	-245.711897	-234.924048
3448	-324.634377	-305.030968
829	-310.909285	-291.291072
261	-310.905322	-294.153265
971	-324.624537	-306.745045
571	-339.423497	-319.457262
36	-344.382282	-320.501483
1812	-307.275809	-289.677722
275	-344.442225	-314.655150
3399	-307.229313	-291.714500
3520	-325.752207	-302.963541
3739	-324.566515	-303.854454
3123	-309.702150	-290.709366
3822	-309.665941	-290.573800
2920	-326.952797	-303.689687
3947	-382.782251	-366.208960
1972	-233.542445	-219.166528
1709	-326.941251	-311.069157
526	-344.430692	-315.309070
3651	-303.463214	-286.702796
2170	-274.987123	-264.059464
87	-490.834069	-489.101177
1162	-309.684472	-287.786127
688	-324.491475	-307.301916
583	-285.016369	-270.595159
297	-325.833945	-306.989575
3421	-324.571081	-302.856921
3565	-286.474509	-272.997594
574	-271.665153	-255.680027
1548	-306.308471	-283.360922
1426	-381.607770	-362.391879
1966	-302.558699	-289.409550
75	-381.566310	-360.330650
70	-346.874234	-330.790248
2727	-271.330291	-259.147751
3875	-309.655400	-290.528312
2679	-312.130526	-294.868859
213	-249.281074	-234.900776
3375	-324.594534	-301.912769
3831	-451.528971	-436.759346
3562	-360.524672	-340.458250
1888	-276.201993	-263.776701
861	-360.488871	-337.189828
8	-272.545439	-259.554913
2710	-361.773017	-339.531262
3432	-297.523580	-278.472675
166	-325.729970	-303.909362
1439	-340.590431	-323.794503
2068	-308.471269	-291.244620
1073	-233.249538	-219.348862
511	-320.778636	-298.916280
3467	-308.494487	-291.312366
2751	-273.787799	-257.439064
310	-308.480308	-292.664327
227	-377.805829	-358.624979
342	-323.351196	-306.656901
904	-345.608456	-329.618670
2023	-317.402836	-302.528363
3196	-297.530335	-284.386097
3475	-321.247305	-306.244390
2109	-321.219665	-308.724064
1121	-333.449362	-324.853840
2126	-270.399529	-255.931246
1096	-309.689595	-291.233100
2588	-376.538277	-358.756803
663	-323.347275	-309.576016
3838	-271.318933	-255.677227
2643	-372.711859	-361.130704
1783	-320.761312	-296.798146
3860	-308.505267	-290.072562
201	-308.561649	-291.288868
563	-345.644179	-328.534983
3663	-344.446747	-319.383754
2743	-234.516409	-218.901345
1431	-344.392695	-314.528119
2985	-304.745635	-285.141414
2400	-345.592410	-324.022491
3177	-287.662612	-270.526258
1322	-271.619912	-256.361596
2498	-288.539500	-270.937709
1363	-355.525451	-339.666084
2184	-360.501473	-335.549894
145	-310.929561	-289.985944
2105	-335.635972	-316.205760
2331	-308.516808	-292.291477
1724	-381.594558	-365.591927
1938	-341.826148	-321.894968
889	-272.539307	-258.680153
623	-265.457424	-249.783344
1416	-308.514570	-294.630901
522	-309.680641	-294.561044
2263	-274.983122	-259.471773
1868	-326.949224	-307.245280
2887	-345.641890	-329.986523
1197	-308.462932	-290.260983
3248	-322.477268	-303.414695
2200	-344.426799	-322.159660
591	-325.760915	-312.598181
2213	-287.433999	-271.219668
3034	-360.418556	-334.929018
2157	-309.686797	-292.470584
3181	-307.209274	-288.139159
3019	-301.357437	-280.901013
1655	-338.217210	-323.800587
1211	-286.498633	-271.528756
2540	-211.295796	-201.167652
3757	-281.482952	-268.667904
1847	-325.753767	-312.070063
2520	-307.284294	-289.835435
3747	-324.521162	-304.980325
2915	-344.371144	-316.606072
1447	-469.758395	-445.430967
2609	-322.351046	-301.221589
2509	-344.380267	-325.930849
2018	-286.492357	-270.472123
955	-345.632414	-327.144301
439	-288.690999	-272.601657
3971	-360.530885	-337.164599
1594	-323.433551	-306.854733
1034	-356.732791	-341.110081
800	-324.611571	-299.812114
2694	-317.396153	-300.865551
557	-312.122696	-293.170534
257	-324.569867	-308.626198
1164	-340.611734	-321.585558
561	-264.226909	-250.786241
3184	-308.439671	-287.874636
3371	-286.517424	-269.895483
3974	-323.433262	-310.853467
3232	-345.686487	-329.564088
1341	-301.373831	-287.231514
3684	-362.958208	-343.379871
3849	-360.531172	-339.390782
1478	-309.691634	-292.617475
3064	-326.983087	-305.119166
833	-325.761605	-311.645653
722	-310.935212	-291.319714
1944	-325.796840	-307.727132
73	-233.293627	-222.292162
2335	-346.825562	-319.856907
2058	-356.710498	-335.590771
1564	-288.555332	-272.092579
582	-325.833302	-306.135584
3524	-308.455477	-291.221829
2457	-382.757134	-362.041245
3362	-345.632413	-321.679315
3794	-317.361117	-302.536498
3926	-325.748612	-300.623228
2834	-325.699665	-306.824109
3135	-272.569212	-258.326095
640	-345.616264	-319.625146
3172	-274.982310	-256.086118
475	-304.691568	-286.951898
2322	-355.508682	-335.859658
2811	-326.944158	-307.333952
77	-348.062001	-329.954752
3893	-341.097446	-326.502643
3395	-248.436061	-236.042308
1304	-356.679729	-339.522411
2353	-281.504579	-269.222755
1424	-212.438188	-199.971444
2362	-305.134491	-281.143986
3376	-273.775510	-261.608362
2305	-376.633716	-357.804837
3236	-310.912270	-290.526045
1644	-325.774769	-309.115576
1456	-308.496384	-291.013385
2381	-346.856604	-320.282945
2690	-231.093096	-216.809038
2898	-310.940190	-294.089811
2460	-345.631797	-324.242393
210	-362.938898	-342.319339
749	-249.280474	-234.137634
3769	-304.586424	-290.336577
956	-230.183076	-222.737541
3698	-360.508088	-340.837184
547	-360.540793	-336.696924
1757	-285.313612	-266.543669
10	-344.512001	-319.311185
2867	-361.734339	-341.410990
902	-310.940195	-294.749112
1327	-320.768458	-298.922548
1473	-340.678945	-321.353532
590	-346.857871	-325.037652
2617	-248.151318	-234.894295
156	-288.654408	-273.512230
3139	-344.437158	-318.430742
2695	-346.871133	-329.105480
2303	-309.719920	-293.363923
1985	-339.481708	-323.309690
860	-397.697425	-376.184083
3677	-307.571921	-285.309010
927	-340.676668	-327.125700
615	-345.676743	-317.799332
2495	-307.596472	-287.469787
2649	-381.581036	-358.472589
2096	-345.661705	-319.440581
1017	-308.419735	-289.097601
894	-338.247875	-321.080836
2745	-322.118085	-305.777174
3991	-372.765028	-355.664036
697	-340.621200	-320.860805
2225	-324.612179	-305.241513
2839	-362.930315	-344.564051
1376	-348.053064	-321.537412
338	-272.544500	-257.205326
1383	-344.398797	-318.218235
470	-303.460335	-286.859113
3289	-270.437636	-257.199088
2846	-273.780933	-256.890375
2442	-345.636611	-325.890575
3428	-288.564752	-269.536848
2110	-341.867094	-322.799277
1229	-288.582662	-274.767903
58	-304.683044	-279.436164
3419	-335.590859	-318.797622
3962	-341.865856	-320.320529
3566	-325.830752	-306.814672
203	-340.663148	-318.364408
753	-361.710299	-342.124317
991	-345.602096	-317.194010
3903	-340.636306	-325.139118
849	-360.532987	-339.102716
3107	-281.504745	-266.145870
3689	-308.467642	-295.403851
2133	-323.338627	-303.133735
718	-392.601894	-379.480731
496	-377.794221	-361.175339
3489	-308.508824	-290.113317
772	-381.599310	-360.215877
328	-310.911163	-294.330572
1460	-309.684108	-289.610794
1590	-344.415609	-325.818805
2330	-287.681216	-276.655233
1110	-325.781398	-308.721860
2619	-326.939536	-305.641201
1023	-309.663477	-291.608974
844	-324.606050	-305.536996
1222	-325.805865	-306.744595
864	-323.337623	-304.474862
1956	-308.461475	-292.272383
2390	-270.097243	-261.380904
35	-343.197784	-330.255400
570	-275.012535	-259.095709
878	-308.466070	-291.462849
1143	-367.635675	-342.493210
1469	-324.444698	-303.378864
706	-303.481839	-285.542787
2929	-345.638912	-327.766859
52	-345.627428	-319.341597
2731	-272.836211	-262.202376
3770	-272.544060	-261.555711
3789	-273.762938	-261.985102
1029	-325.751230	-308.501385
1916	-360.557411	-338.228738
3832	-346.836423	-325.117250
3508	-309.675176	-291.160551
1931	-310.900102	-288.160998
205	-269.465281	-256.257937
3336	-308.477672	-290.156349
639	-270.405973	-257.821382
2052	-325.809179	-305.898825
792	-310.898648	-292.605574
630	-273.762561	-254.386491
3363	-345.658313	-320.788180
3576	-325.729906	-304.767311
152	-306.286325	-283.972032
2	-324.551643	-305.250288
2302	-492.008892	-467.111322
3828	-288.650589	-274.638176
738	-324.592221	-301.299400
3874	-323.344889	-305.188128
3550	-341.825957	-325.409272
2833	-248.375248	-235.136315
2897	-346.825923	-330.472824
999	-308.512721	-288.950598
1682	-269.215705	-254.992039
2820	-308.557865	-287.980428
1370	-242.180146	-231.417914
2092	-288.572051	-268.886410
3835	-309.693085	-294.215504
3249	-325.739818	-301.739497
3815	-288.574763	-272.690040
978	-324.545574	-301.626665
2722	-344.423318	-332.903360
1789	-310.905299	-293.719644
101	-324.507184	-302.127135
3073	-309.734862	-286.726268
3015	-359.362011	-340.511288
3906	-309.685651	-290.191589
1875	-242.186010	-231.486898
2384	-281.469893	-261.664152
642	-234.476516	-217.936144
2895	-273.764673	-256.045250
299	-195.196751	-186.359821
3304	-346.843297	-330.330318
3162	-324.546164	-308.145382
3532	-344.464356	-322.702204
2181	-340.656656	-318.803587
3941	-231.108368	-221.210325
3892	-271.608843	-255.951313
3646	-305.130313	-289.892105
3095	-339.431197	-321.379740
2894	-309.717750	-293.110519
3265	-324.569062	-305.387889
2528	-308.467760	-290.900943
3545	-310.915918	-292.561304
218	-285.311823	-267.073212
3486	-437.484875	-279.683025
3934	-381.630276	-362.084796
1290	-345.660459	-328.524742
2909	-361.687451	-343.490819
