no_training:1500	no_test:2493file identifier	 training data
585	-229.918003
3929	-321.233569
2411	-193.075202
2625	-291.021574
2524	-392.642251
1950	-232.331230
714	-356.669324
3433	-308.465425
403	-272.843742
390	-306.070291
1929	-324.551800
3401	-338.175569
950	-324.580266
370	-356.698196
1165	-309.706371
65	-312.125621
2572	-360.495461
1299	-348.043466
2592	-308.486071
690	-375.420808
1549	-340.689515
2737	-322.442708
2390	-270.097243
3882	-194.261089
3551	-345.646761
864	-323.337623
3456	-276.206318
1691	-272.595294
2023	-317.402836
2398	-319.533364
2288	-345.612787
3775	-324.576188
2399	-308.430606
3525	-340.662316
1288	-324.635136
2962	-309.686114
658	-307.234503
1347	-359.361259
893	-232.317400
3718	-195.186772
162	-232.324966
776	-325.781815
717	-380.401348
1589	-324.608694
3375	-324.594534
780	-308.769557
258	-371.546126
3328	-324.549529
561	-264.226909
2815	-324.570906
3938	-345.645388
2708	-308.512758
3723	-345.597175
1362	-249.387499
2044	-373.173910
2099	-288.573876
2442	-345.636611
766	-312.133805
764	-233.560626
2947	-355.510313
319	-352.845678
2106	-286.476486
280	-271.324234
740	-344.452972
2740	-360.536920
1749	-302.579654
867	-283.179781
554	-340.688787
757	-345.678211
1291	-285.276634
1331	-310.941319
3474	-309.730988
637	-360.557419
2793	-306.384286
424	-309.717380
3096	-338.175960
2798	-307.259167
869	-327.026488
3520	-325.752207
965	-323.329385
3102	-310.903589
3904	-356.716094
3974	-323.433262
2365	-345.689766
1352	-304.677606
161	-285.276468
1109	-333.411326
944	-320.766684
2220	-272.538190
517	-344.434827
283	-355.460155
3830	-346.817778
3621	-346.815715
2672	-355.556836
154	-324.538764
3573	-325.730390
328	-310.911163
357	-307.245430
3709	-340.613243
3218	-325.743746
3602	-361.683811
979	-309.713440
1626	-345.619567
1680	-377.842223
28	-324.630221
648	-287.422111
1230	-323.396217
2997	-380.371074
3146	-289.872162
2813	-232.063900
888	-323.328290
3885	-304.728655
2214	-245.994065
1582	-361.735290
442	-356.712228
141	-287.734664
632	-361.705069
2097	-345.639692
3957	-307.291354
1020	-303.566436
2802	-325.804486
1344	-341.767606
3128	-341.867138
2391	-310.927566
3947	-382.782251
711	-341.849127
719	-309.693538
3344	-325.748658
2729	-323.315925
2673	-345.652182
3549	-323.437779
1855	-360.497728
2019	-340.659620
1074	-304.697680
3038	-288.542113
30	-325.717105
3919	-304.721921
2395	-297.523583
1653	-157.116735
3361	-324.558989
2528	-308.467760
2179	-361.698233
563	-345.644179
2460	-345.631797
2831	-356.723059
2172	-308.472272
1365	-361.755045
3202	-310.908741
1612	-310.902795
3985	-324.548763
2914	-270.422403
3898	-356.700248
804	-248.395289
3572	-322.172641
3429	-274.987297
3449	-297.510804
3922	-270.394284
1094	-304.696023
686	-391.370332
1925	-309.677276
2075	-345.606444
3310	-309.721850
2187	-310.904927
2434	-377.845502
2134	-344.433965
79	-324.605178
2244	-414.351653
1193	-324.550139
2352	-288.589622
2014	-371.537915
643	-345.663386
634	-154.960361
218	-285.311823
173	-396.486463
1876	-251.732828
948	-336.827390
1026	-325.765414
3624	-324.614194
3596	-285.328258
622	-341.886905
3757	-281.482952
825	-340.536374
1556	-340.659506
470	-303.460335
1801	-301.335636
2297	-322.412936
2379	-361.769162
3733	-309.678068
1634	-324.563073
3243	-377.816466
3251	-306.056425
2446	-361.740252
4	-270.439280
1154	-310.937644
3477	-348.046236
2824	-304.720708
3534	-320.785748
2098	-327.020807
1442	-308.465594
633	-325.759393
3935	-289.875063
1149	-325.796862
1893	-344.385273
865	-304.728720
2589	-361.718361
2345	-342.329232
891	-325.767721
3753	-271.652242
337	-312.123120
3902	-382.757521
2091	-346.904050
852	-361.731511
1297	-345.621773
202	-226.160842
3893	-341.097446
2122	-348.040439
2028	-346.821466
395	-234.447743
1024	-302.535621
1724	-381.594558
1790	-345.664882
2615	-360.501085
1476	-308.455419
2804	-344.433943
1528	-360.446475
2976	-356.737615
1537	-309.692993
616	-345.676243
2341	-377.784360
3335	-275.020322
1618	-345.629039
1381	-303.795699
2982	-325.722723
2849	-355.442748
2949	-346.838702
2636	-306.112153
3866	-341.882531
1220	-325.800532
3438	-312.132858
877	-359.317823
2626	-305.900638
3688	-322.476720
3005	-249.248680
3175	-309.649998
3953	-325.792503
99	-336.813559
3151	-362.873906
2993	-346.825502
298	-377.795528
1629	-272.526778
2687	-377.816463
3910	-309.703111
91	-275.011437
2979	-320.767064
3190	-232.325947
1960	-345.602645
3750	-346.838572
477	-265.399968
1883	-346.839066
1248	-304.732336
2382	-380.343633
1410	-273.759553
1593	-335.598739
2137	-324.588239
1711	-345.611239
998	-302.306196
144	-271.323089
677	-324.594116
254	-285.284456
151	-270.397623
2508	-324.574476
1738	-273.759338
967	-372.742461
326	-236.917664
746	-273.802095
2488	-363.508158
767	-346.861463
1156	-154.972731
2415	-340.676441
2263	-274.983122
1773	-304.696646
68	-286.519735
1200	-346.908492
1636	-233.551389
623	-265.457424
3340	-229.879598
1399	-341.826906
3696	-308.474441
799	-310.910909
876	-325.807685
815	-285.324641
516	-312.134532
3623	-341.892484
88	-345.655534
1256	-312.119596
1392	-353.321142
1238	-360.499088
1015	-344.454928
176	-308.554162
3345	-312.120708
588	-309.684571
785	-273.796695
2185	-344.343476
1561	-325.749687
1254	-325.753541
101	-324.507184
133	-271.642927
223	-339.501781
1571	-470.915515
420	-362.950092
793	-326.950540
3641	-360.485033
260	-359.369049
3377	-360.549337
1071	-360.495618
2975	-345.579201
1909	-345.630398
295	-320.770299
2536	-273.758980
1983	-320.792773
1595	-309.686571
2027	-376.585000
1514	-320.781098
2784	-273.803873
1245	-310.907810
3770	-272.544060
3900	-308.465445
58	-304.683044
3308	-381.582831
2939	-352.864008
1058	-324.585402
2694	-317.396153
1162	-309.684472
2534	-362.960595
1720	-309.692095
1174	-345.614442
2539	-321.276274
568	-303.458583
411	-397.680771
3478	-343.296547
2057	-288.540318
3364	-305.057353
3104	-310.941183
72	-325.720699
3163	-319.610683
1552	-346.865957
3186	-346.829695
1519	-352.874613
1216	-308.465534
2074	-285.300440
2156	-346.827596
3415	-308.495275
126	-274.991042
3663	-344.446747
1490	-309.691591
388	-340.594424
2999	-307.237456
1276	-340.667317
2943	-340.654874
3235	-339.416290
21	-278.059333
1968	-324.538807
1756	-326.935440
1206	-342.315546
1772	-361.717972
1373	-324.557383
1815	-345.663783
1572	-322.170570
1423	-344.413850
2771	-310.910278
2609	-322.351046
2685	-344.426408
1397	-271.624640
3810	-372.726782
1474	-340.654517
89	-249.259410
2934	-324.462733
2348	-285.253877
432	-344.390227
3956	-345.698757
727	-272.562906
1995	-362.946041
2654	-304.679740
3587	-322.421320
1044	-304.687053
3528	-233.262752
1509	-345.612220
3823	-303.527274
503	-355.514134
3459	-346.831382
2870	-289.872470
1865	-345.609914
2603	-341.863083
1337	-286.498779
583	-285.016369
2885	-309.686862
3749	-249.363949
1050	-304.643392
2855	-268.917900
3648	-324.631468
3220	-273.806349
1073	-233.249538
1041	-371.504707
3694	-338.246643
209	-308.493663
600	-268.859550
2378	-339.490841
361	-376.622353
2224	-307.568767
3992	-319.576017
1535	-324.463541
3426	-307.387663
3444	-289.794376
290	-348.056024
155	-324.571682
2105	-335.635972
2548	-340.654465
2413	-345.604177
2620	-324.587670
3286	-361.731914
212	-324.605613
2455	-344.431301
1798	-312.126342
2317	-308.503515
115	-356.682218
3599	-308.482454
1213	-324.530103
3582	-344.436500
2546	-248.018573
518	-289.791234
1616	-272.539058
657	-270.392759
1859	-324.577613
80	-392.672883
1974	-345.655745
2340	-310.899612
3977	-288.552886
978	-324.545574
2396	-307.546144
190	-354.290746
640	-345.616264
479	-77.308427
2467	-325.805017
3374	-324.551244
1320	-340.656628
552	-340.639366
3736	-355.517745
1209	-392.612820
1067	-273.762417
2177	-346.868453
1705	-286.218259
1870	-309.686187
1085	-231.092208
1745	-264.171923
3114	-309.692389
1953	-308.457242
247	-304.688358
3367	-269.216969
1928	-326.927990
410	-325.835955
3465	-324.548021
2661	-323.448833
2830	-325.800699
1395	-375.348487
3320	-310.952127
2229	-319.560814
1940	-334.429558
2681	-308.466840
1723	-307.290176
1246	-318.406529
1367	-325.812267
1532	-309.731599
1393	-271.647465
1923	-287.427777
1005	-273.786179
2981	-327.026688
3294	-340.693392
3650	-382.756764
915	-304.734226
3125	-308.510840
1190	-377.830859
3926	-325.748612
241	-309.718177
421	-288.627624
3724	-324.573480
1448	-372.747155
3137	-272.533448
1372	-381.574124
6	-345.687671
3754	-324.570035
2210	-325.710772
56	-345.599154
879	-303.556846
3812	-271.623066
868	-312.124574
2900	-272.554670
3845	-344.454717
2747	-301.332569
285	-249.362379
468	-322.150234
609	-377.817369
2992	-343.202564
3869	-324.525580
755	-324.568345
214	-348.052027
3984	-344.418857
1637	-343.503600
1221	-344.436348
441	-380.414967
1892	-382.805933
1686	-288.648208
210	-362.938898
2227	-356.712771
3052	-291.017787
2400	-345.592410
3803	-287.351460
913	-352.855499
2860	-345.600676
607	-301.373496
3978	-282.861121
1900	-309.689410
3973	-356.659922
3737	-361.714817
181	-412.528245
494	-345.611057
2602	-345.645491
332	-304.692914
1677	-344.412416
1242	-308.508254
3373	-271.613890
3398	-304.686259
3821	-308.427345
3185	-348.053386
3142	-376.617653
3854	-346.867382
493	-336.819674
2715	-345.709596
344	-343.305175
2383	-324.593866
1204	-361.704371
2958	-324.580268
2669	-309.763785
1465	-382.796989
3242	-397.707881
3887	-242.196351
1051	-346.860404
3009	-307.265383
3134	-271.319942
2367	-361.723620
1126	-270.392715
1664	-310.904974
597	-309.683901
3131	-303.560907
205	-269.465281
2209	-382.781841
2111	-348.048744
255	-309.672030
811	-304.567859
1475	-362.957353
3058	-247.214450
2285	-340.578657
2037	-345.620113
2158	-340.663379
2427	-339.474134
3447	-270.389803
3435	-361.728293
1286	-310.906869
693	-234.520624
3802	-356.724118
3620	-359.351415
2532	-301.405558
3516	-324.634527
1521	-323.665247
553	-271.666055
206	-309.688611
2875	-344.475122
2375	-360.564233
3793	-381.580932
2607	-275.007113
3578	-286.432515
2461	-269.170508
2281	-345.643890
2459	-273.761223
1597	-336.805704
2119	-323.665987
912	-323.344400
777	-307.544712
2150	-324.570860
3064	-326.983087
3967	-273.758273
3293	-360.535142
2203	-310.911529
725	-325.725266
1140	-304.683966
2042	-232.364952
2986	-340.629609
436	-360.521191
2850	-288.580309
2862	-309.693471
3209	-346.834502
3486	-437.484875
814	-308.509272
3695	-309.651827
1639	-345.640072
3165	-356.724041
3062	-381.573048
3135	-272.569212
2262	-325.780603
3026	-250.478855
605	-456.103432
3631	-303.560350
1704	-274.984793
3087	-392.563319
3505	-274.983383
1293	-271.369084
2497	-325.763216
1111	-335.656557
1065	-360.485823
1391	-323.317575
2084	-361.708021
484	-351.639205
2213	-287.433999
3608	-372.729173
3888	-323.359825
2465	-339.464024
3055	-285.313284
1862	-319.615129
3069	-346.878430
3513	-340.637067
2780	-272.545389
3884	-323.333263
1843	-362.899677
1687	-344.407598
3779	-308.476903
3282	-362.972786
2372	-322.217569
559	-362.935404
1013	-271.300649
1833	-302.579718
3231	-380.446861
996	-307.544316
779	-356.732185
2405	-318.344936
871	-309.680919
3629	-359.312853
1421	-360.526142
1408	-379.527030
2305	-376.633716
239	-270.446608
1056	-271.618179
3354	-360.529236
3511	-324.552260
1136	-271.296056
164	-340.675814
1666	-289.872246
147	-345.615452
1389	-272.510742
3492	-345.645245
2897	-346.825923
78	-270.472470
1486	-380.373644
3265	-324.569062
172	-282.667163
1357	-375.307060
3787	-381.580675
2376	-346.840597
671	-310.897268
2963	-287.651399
3925	-325.718488
2931	-361.729140
3237	-303.553222
3348	-304.715963
189	-322.167165
1042	-305.904676
792	-310.898648
449	-325.753993
3225	-362.875945
2653	-361.749428
2556	-321.958604
3581	-319.540355
3118	-236.917873
3412	-335.628480
3370	-396.486664
3309	-274.989422
506	-234.516241
1075	-325.751822
2295	-305.898313
924	-324.528533
378	-356.705084
1802	-361.715983
1302	-339.445855
1416	-308.514570
3840	-309.681264
1447	-469.758395
1984	-287.441165
338	-272.544500
1813	-307.550360
2964	-362.945907
917	-323.320690
743	-309.719124
2511	-250.500016
1251	-322.482659
385	-305.159206
219	-307.221351
502	-306.349558
1277	-309.706892
2232	-56.525887
3590	-340.660106
510	-234.491176
2921	-310.904813
515	-287.727890
87	-490.834069
2782	-340.664407
2504	-325.805550
1172	-357.927353
3751	-339.491316
2677	-309.684577
2425	-322.435505
911	-356.711832
278	-397.667072
1985	-339.481708
3720	-308.561301
1077	-326.938562
3662	-360.469577
680	-325.806369
3321	-251.726162
3567	-309.693494
534	-324.575799
34	-306.355655
2050	-362.937518
1090	-272.500426
2853	-325.794835
1989	-287.426977
522	-309.680641
2206	-312.126404
3988	-309.707600
3326	-381.616196
208	-270.399081
3394	-376.613178
2584	-360.567154
3677	-307.571921
1982	-345.609374
2200	-344.426799
10	-344.512001
736	-325.799293
2402	-235.696227
418	-324.565412
3417	-354.292460
2325	-273.732431
3660	-288.651313
769	-271.361537
1546	-318.321510
907	-381.607752
2635	-323.324700
2911	-289.871661
1422	-361.728608
3109	-324.582824
1568	-324.555249
1978	-281.485530
3061	-392.552088
3969	-324.609784
3638	-306.320806
2559	-319.571638
1232	-336.811744
3952	-269.175627
2332	-342.335241
1280	-356.683566
1707	-288.590006
318	-310.954514
3530	-309.739069
1658	-287.337578
2512	-346.823548
528	-288.538806
2130	-271.612772
2047	-286.246880
952	-325.717725
2060	-362.945811
544	-340.643340
930	-346.898838
2485	-392.676111
2170	-274.987123
1673	-309.733829
1128	-361.695007
3222	-344.494043
2049	-344.463291
53	-285.330157
2656	-376.622509
2484	-344.359905
2861	-288.654312
3949	-359.301320
2125	-310.908354
1611	-348.044714
1912	-310.915653
457	-380.372151
2361	-304.727460
580	-360.537290
983	-341.851447
3643	-309.660190
1473	-340.678945
838	-361.709679
2633	-324.627681
3171	-345.599912
2966	-308.428791
1093	-325.718074
3933	-307.569255
918	-310.917344
1318	-310.897519
1283	-345.605635
2969	-286.484904
818	-387.475673
1622	-346.869712
2239	-346.823312
3110	-236.917458
1973	-340.637231
2695	-346.871133
3537	-346.860694
354	-285.174014
1522	-324.485746
1227	-322.155306
2389	-361.728546
890	-344.458979
3123	-309.702150
1791	-272.554824
1141	-115.679136
1786	-325.785038
1992	-325.723538
3606	-310.906553
3619	-325.779372
434	-338.195462
2889	-341.871347
783	-273.806375
2730	-286.492223
3339	-356.699649
744	-249.332005
2414	-382.803358
132	-308.469258
3909	-310.945132
3198	-288.680991
1307	-303.460433
1407	-235.694798
3826	-372.742383
2627	-235.695309
1633	-247.201165
93	-340.615011
1282	-346.860539
2159	-324.581067
655	-325.771459
1566	-380.438011
267	-345.641113
2080	-325.793131
1144	-264.255612
1630	-323.431776
2880	-346.831172
3710	-308.565933
1885	-345.647670
3715	-381.567301
182	-324.474954
3809	-310.902628
2441	-310.909223
3164	-344.379764
1150	-308.551121
977	-285.160699
377	-360.527122
1712	-345.612640
1223	-324.586663
2476	-346.865438
2598	-308.508949
1108	-341.839596
3734	-326.940196
2346	-310.909551
1518	-309.683200
322	-346.832352
2535	-272.835594
2867	-361.734339
901	-270.446915
2277	-383.973315
3359	-325.733758
878	-308.466070
1305	-319.621560
2355	-336.816043
951	-307.548619
2563	-247.215049
2749	-340.645995
1353	-359.297643
3584	-281.484877
423	-304.694187
3800	-346.862839
1690	-339.426816
845	-40.478930
2242	-362.870426
1536	-324.492974
203	-340.663148
3042	-269.468415
2307	-346.859945
1310	-307.529289
1295	-346.829652
3033	-325.785262
1826	-285.242094
1750	-287.645651
2118	-324.560961
3063	-317.413890
1415	-338.156727
3565	-286.474509
2113	-344.391557
3076	-247.198000
3493	-232.333258
2470	-309.688189
1654	-360.518768
3034	-360.418556
90	-327.017113
1998	-324.536830
3396	-273.815873
2061	-345.638357
1896	-326.971392
365	-361.740208
2083	-322.434119
311	-287.724713
1874	-416.367317
207	-285.281032
2612	-345.627545
1770	-309.719198
1406	-375.394844
3421	-324.571081
2561	-325.778234
1809	-324.559733
1494	-345.654016
2432	-274.987245
1010	-340.666160
3214	-344.426062
2152	-308.540101
706	-303.481839
2877	-324.556404
3832	-346.836423
3569	-272.588302
143	-302.355005
1429	-288.579114
3051	-192.736096
885	-324.623780
476	-397.686127
1118	-306.032266
1805	-344.380468
1721	-339.479764
1425	-288.648476
498	-273.791878
2133	-323.338627
3665	-323.329494
1092	-360.552974
2416	-344.406447
933	-270.430832
2712	-274.985024
1060	-345.713205
934	-345.650323
2115	-266.626759
279	-306.012858
2466	-325.785959
3329	-310.909123
3262	-235.693825
2806	-234.476081
2439	-324.485913
540	-346.830523
1426	-381.607770
2961	-348.061993
2639	-302.580808
816	-356.748545
3987	-324.506120
613	-309.689486
3420	-306.358581
3577	-361.716705
1516	-249.358446
82	-309.701458
1361	-346.840635
407	-287.508781
380	-307.581989
1674	-360.499243
2935	-297.516418
1163	-397.709232
2189	-325.762375
2478	-339.450173
3690	-346.829378
3680	-305.904722
527	-324.629301
3607	-325.801523
960	-310.940611
2358	-322.169697
2968	-310.909942
1082	-310.901659
892	-288.621895
3979	-345.651111
265	-236.916125
1343	-310.895432
2315	-273.793520
2616	-272.542567
2445	-324.576679
2918	-271.326117
3504	-308.561061
742	-272.588370
2349	-301.357553
3924	-270.393737
3097	-309.716094
3117	-346.824942
166	-325.729970
2045	-324.495988
1398	-234.469383
2128	-308.504896
2362	-305.134491
2667	-308.455402
1319	-308.560759
2394	-355.446449
1210	-340.641282
1917	-325.790782
1610	-196.406419
2417	-336.838171
2580	-309.722373
2550	-271.628346
1124	-271.651913
3001	-270.386138
3386	-309.684862
2724	-376.591176
3943	-376.602183
2980	-274.983908
3207	-355.520098
1321	-234.472577
1958	-340.595950
3801	-310.937414
721	-185.648533
74	-310.918822
3519	-376.604739
3303	-272.589883
1048	-286.495416
1918	-319.573117
1170	-310.895183
1358	-340.682075
2542	-326.951186
2503	-345.653983
343	-360.502305
1418	-325.725274
875	-376.554863
1504	-360.489720
724	-320.775720
688	-324.491475
445	-319.610687
3011	-310.902708
2909	-361.687451
1471	-346.857623
3200	-265.433051
2807	-269.176124
3506	-320.804155
1733	-322.169100
2717	-309.726244
31	-359.310420
2279	-309.711101
1355	-361.727678
2188	-288.690060
2808	-340.646073
1956	-308.461475
696	-356.709466
2668	-310.906004
512	-346.861026
1948	-195.158734
2720	-231.102112
342	-323.351196
3542	-344.409533
2041	-346.821470
3878	-360.554015
3611	-324.577560
560	-344.385047
3408	-287.661454
2760	-155.908941
2873	-307.545713
3721	-284.372483
50	-357.934562
504	-356.680129
3057	-301.381127
3067	-271.304881
1553	-323.448965
2812	-381.619786
900	-288.561991
3410	-271.316922
1103	-273.764642
3865	-362.899954
1643	-310.910140
364	-117.824798
3617	-345.608658
299	-195.196751
694	-344.360007
233	-301.382062
1565	-325.735821
123	-269.263476
2689	-309.673807
40	-344.338878
3789	-273.762938
3558	-339.464817
1853	-359.314227
2131	-320.777849
1880	-346.873992
860	-397.697425
2454	-288.578155
1301	-309.679190
1852	-309.685790
2519	-323.585680
1603	-232.363630
3651	-303.463214
3227	-348.043668
1580	-271.339821
2087	-286.484121
858	-340.661797
1659	-487.002792
1021	-232.328175
47	-247.225618
3905	-395.515911
41	-345.649146
3852	-361.710525
957	-360.490486
1000	-339.452428
1592	-271.616430
2910	-307.536915
15	-288.542593
3322	-272.536448
293	-377.807580
674	-346.879260
1934	-341.769746
854	-383.971058
1563	-376.575382
268	-362.957295
1613	-346.890723
3903	-340.636306
2290	-343.224836
2496	-326.954795
3407	-343.517848
638	-345.695868
29	-344.425700
320	-232.333410
413	-301.369263
3107	-281.504745
3247	-360.531175
435	-306.309029
481	-307.573371
526	-344.430692
3982	-324.592116
853	-76.404702
2493	-346.822460
848	-309.744522
1776	-325.785476
988	-341.827199
2283	-231.111403
1461	-346.899170
3395	-248.436061
2974	-396.486691
2978	-340.669862
303	-375.328197
1505	-308.487195
713	-308.484017
2898	-310.940190
697	-340.621200
1495	-286.516879
2645	-362.923114
1736	-273.764207
931	-361.763293
1069	-375.370023
2944	-309.687280
624	-312.119017
2697	-360.495788
11	-356.688211
3085	-322.130736
3082	-272.586248
1477	-303.462312
3037	-288.567911
148	-345.629933
3794	-317.361117
2228	-308.518356
3216	-344.380260
809	-361.738091
2719	-286.477365
3685	-381.602419
127	-322.216227
3291	-362.911941
2515	-323.341413
1192	-326.947461
954	-324.612244
3476	-304.737418
2743	-234.516409
2734	-309.719592
2996	-324.566568
3622	-304.726439
3432	-297.523580
723	-361.717032
2825	-360.576433
1460	-309.684108
3455	-270.401061
1197	-308.462932
1262	-356.712023
2686	-340.697732
3133	-356.679691
1215	-335.566430
1663	-232.351764
2245	-308.434866
2377	-236.916033
612	-397.697891
586	-376.582598
3849	-360.531172
1939	-242.205627
2558	-472.145935
772	-381.599310
2018	-286.492357
2456	-345.610758
3980	-372.708066
2132	-377.826580
1440	-270.441325
778	-324.573162
261	-310.905322
1281	-308.457113
1264	-324.536694
1886	-302.286171
404	-324.595399
2092	-288.572051
2183	-339.459869
2479	-271.622821
3966	-376.570141
1164	-340.611734
2193	-383.976576
401	-325.712603
1444	-304.691748
2716	-303.464433
1445	-396.491525
2013	-343.195410
230	-271.617434
2015	-308.518276
345	-309.704732
3022	-234.455424
2531	-157.115484
2186	-320.782523
274	-272.539126
3414	-285.313674
2613	-338.214346
1482	-312.132386
170	-340.667287
873	-273.763068
1375	-345.645053
3017	-271.339346
1179	-343.195060
1954	-226.144377
3144	-308.472241
3495	-288.563768
3600	-325.781571
3419	-335.590859
1999	-233.547877
3614	-288.627505
1678	-310.955296
3646	-305.130313
3890	-341.849730
3389	-309.689740
1964	-309.726463
839	-302.254301
3673	-309.691463
2753	-310.904304
1769	-324.569009
2429	-306.081547
3091	-341.869641
570	-275.012535
2596	-339.467484
1764	-304.725676
250	-360.538828
1942	-382.751274
3597	-360.539435
1360	-362.941781
2126	-270.399529
175	-361.754326
2619	-326.939536
1368	-288.584029
3679	-320.794248
3093	-334.424572
3959	-305.831035
450	-235.729507
483	-309.705795
985	-320.770329
3353	-324.514429
1462	-312.136049
367	-360.491873
1364	-267.963366
1632	-340.673967
1831	-323.386306
3150	-310.942587
2795	-379.572458
1994	-383.983835
2879	-265.401151
2431	-309.684774
2990	-376.661483
2359	-360.468392
3989	-272.542369
1006	-336.843788
3870	-345.605387
3928	-377.799358
770	-381.612946
2266	-289.766576
1481	-376.634518
269	-325.729080
2957	-323.644468
3120	-309.689111
3951	-326.977685
2683	-309.686061
195	-296.296482
1681	-310.908780
1324	-270.399280
1788	-345.646841
2854	-325.810616
1382	-360.492675
1676	-296.285473
775	-344.469204
2436	-308.473229
729	-343.084333
749	-249.280474
1076	-361.656187
1665	-336.802871
3755	-341.874216
937	-306.397642
604	-320.777491
1414	-377.797879
2833	-248.375248
3192	-313.554802
1226	-195.226072
594	-325.809558
1562	-309.676327
1014	-301.385442
3092	-340.610697
2892	-325.728271
2617	-248.151318
3390	-309.736085
2218	-325.756157
2709	-345.632155
652	-345.620593
3719	-320.742924
941	-340.652570
1034	-356.732791
3400	-289.799552
3480	-286.460642
2368	-325.804686
2302	-492.008892
3020	-287.430903
9	-344.468531
2591	-325.773278
2440	-317.433049
649	-340.685408
3777	-339.431092
3911	-345.639354
2624	-309.699280
3030	-324.500475
1328	-376.531779
217	-271.648392
2516	-309.661518
1388	-250.583643
488	-346.861837
1525	-345.608193
1332	-209.144909
186	-340.606711
2951	-308.569129
1850	-323.407987
513	-355.518342
581	-287.683128
76	-325.685245
1491	-344.421383
1016	-305.129953
2145	-346.844016
358	-272.544323
2072	-344.431636
1468	-345.650338
3217	-306.392828
2034	-345.586124
1578	-233.217482
3292	-326.937372
578	-382.825717
1517	-359.342366
1804	-324.542706
3471	-416.384141
2652	-317.377404
574	-271.665153
610	-324.629068
66	-337.302324
3790	-286.502445
3944	-381.563295
1854	-382.743932
3934	-381.630276
3275	-308.757315
1587	-322.133444
831	-346.867207
2608	-306.369631
3824	-302.288055
1404	-346.883049
1366	-345.633122
112	-340.648166
1263	-345.642008
107	-307.580090
83	-344.434906
1895	-324.551432
784	-377.848074
3316	-264.261826
582	-325.833302
1086	-272.587059
3655	-287.379629
2238	-281.495234
771	-346.903261
571	-339.423497
1195	-285.287913
849	-360.532987
3829	-323.654114
3195	-274.982322
2462	-325.752244
324	-307.534482
1289	-344.439723
535	-248.416462
1922	-248.132701
1147	-304.755780
1137	-271.622539
1550	-301.345683
1625	-320.776082
2337	-324.588418
2025	-249.363808
2759	-393.905418
3460	-288.678290
921	-325.682121
2336	-344.433499
3654	-307.541973
1713	-323.381747
3634	-340.646592
902	-310.940195
1743	-346.856186
2628	-359.341296
2310	-338.194242
763	-308.429953
3761	-352.866322
3636	-324.624318
2371	-307.253245
1317	-344.393241
86	-190.624631
683	-348.060054
3323	-232.335768
3861	-234.486176
795	-246.023231
525	-273.812813
2296	-309.691365
1574	-245.997884
3256	-153.459846
355	-273.761263
1979	-308.462923
3452	-361.758902
159	-273.773408
745	-344.464270
2001	-346.833365
1258	-344.472090
2919	-340.635773
1542	-370.291993
2569	-281.476967
1043	-324.605875
3512	-340.641866
2663	-361.722327
2437	-356.692640
661	-335.635079
2680	-340.664901
140	-309.676929
3045	-310.906568
302	-340.632285
1541	-310.912991
3552	-325.793166
2887	-345.641890
2270	-355.497046
1600	-249.301818
3547	-324.582904
539	-341.886521
3508	-309.675176
1017	-308.419735
1346	-308.542644
18	-309.719641
2841	-360.524422
3115	-340.620294
2838	-324.547436
1022	-310.902683
1820	-324.522751
546	-306.365166
3593	-304.614300
2576	-306.418503
2763	-272.548325
453	-375.430225
1146	-339.465889
180	-360.505528
946	-324.577279
32	-287.509315
1906	-324.613156
301	-324.570823
106	-362.952198
425	-289.769718
3313	-360.526364
1762	-361.755551
2463	-288.576502
3289	-270.437636
3833	-324.559324
3183	-345.642870
3312	-323.647099
3299	-325.725069
120	-323.345161
3781	-274.984614
566	-303.472917

file identifier 	 test data 	 predicted
2314	-345.658870	-346.637488
2423	-338.238743	-335.493424
1437	-376.547304	-383.093701
2109	-321.219665	-323.994670
3170	-271.626697	-272.016388
2893	-274.985796	-275.382876
399	-304.735224	-303.514154
3490	-359.315205	-362.752804
1971	-362.906662	-361.209122
2059	-345.674176	-344.210538
3046	-322.057728	-324.375424
3744	-339.414779	-342.736633
1789	-310.905299	-310.440007
3630	-287.660591	-286.641285
615	-345.676743	-346.444159
1252	-301.395982	-303.055981
221	-310.917273	-311.294937
3603	-326.952955	-325.651143
1544	-324.594826	-324.169088
1991	-285.282532	-287.459593
1596	-492.022084	-469.824018
1315	-288.533780	-287.829959
84	-345.610574	-347.204969
2644	-320.786990	-320.925030
2199	-377.815601	-379.195851
3413	-308.440890	-308.041082
198	-303.934323	-302.888399
2866	-344.431605	-345.334929
3105	-346.821661	-343.968363
27	-324.573866	-325.449136
1716	-325.784331	-325.051196
3950	-270.439135	-268.562124
2883	-308.757991	-304.531610
1503	-327.014214	-327.763002
2486	-307.239887	-308.706050
2063	-344.402806	-343.864208
3915	-309.687698	-307.119293
668	-267.103350	-266.812134
1672	-336.831068	-333.930504
859	-308.468407	-309.050766
3108	-361.653332	-361.459249
3675	-360.534222	-360.416722
168	-325.810050	-325.250215
548	-233.555951	-232.872110
1531	-345.640098	-343.825693
999	-308.512721	-308.682368
844	-324.606050	-323.368606
1412	-242.195730	-241.282476
2069	-346.855971	-343.559887
1383	-344.398797	-344.133851
1104	-287.315479	-287.421505
1694	-273.743311	-273.171245
2579	-273.765811	-274.549412
3618	-309.731536	-309.907919
1059	-303.436180	-302.049400
3981	-249.257629	-249.089531
1717	-345.603646	-343.652909
753	-361.710299	-356.704079
3637	-309.764115	-308.610242
3936	-326.951067	-325.701289
1605	-345.703157	-344.429801
2166	-343.239068	-342.598161
1688	-324.567893	-323.347129
1467	-345.613895	-346.395858
3050	-303.940271	-303.571937
994	-323.428670	-321.602287
314	-233.255379	-235.815299
2247	-348.046805	-347.711354
1539	-382.755486	-382.283048
2547	-323.328581	-321.939677
3341	-291.021228	-291.105254
3958	-291.015785	-291.056499
1746	-396.470299	-389.167365
482	-272.599303	-269.092539
109	-158.340943	-156.626403
3358	-326.934987	-324.384012
2319	-271.316064	-276.184697
64	-362.945802	-365.800296
1884	-307.577822	-308.361604
372	-337.283890	-338.655179
758	-307.574899	-307.687419
2767	-340.635968	-341.324825
2552	-340.624424	-342.830762
2764	-195.179738	-193.390246
3346	-318.327053	-318.530498
3246	-340.652252	-343.856812
213	-249.281074	-251.051082
1729	-361.740062	-362.983061
3945	-304.737186	-303.993731
1821	-308.473320	-309.129176
940	-325.787515	-325.118203
2960	-271.360631	-272.321803
1575	-334.447259	-333.238630
3160	-362.937857	-361.508622
2527	-297.554699	-299.707635
1247	-325.770105	-324.154542
1924	-340.591587	-344.407968
437	-309.705971	-308.991891
2482	-268.321270	-267.248440
2257	-307.238509	-306.039553
406	-359.295180	-357.215537
908	-310.911406	-310.925499
883	-340.647778	-340.412570
3544	-312.133269	-310.803982
3103	-340.631134	-339.067429
1601	-345.646864	-346.512566
200	-345.625804	-342.553281
3481	-357.941534	-354.697536
2085	-309.695312	-309.808300
2837	-325.730097	-326.195092
851	-270.117027	-265.810449
3031	-270.411205	-269.399989
1767	-285.277900	-286.030833
1683	-346.829154	-348.379964
2284	-359.298380	-361.167121
1631	-345.642285	-344.672340
297	-325.833945	-325.961519
3464	-234.470922	-234.880032
1548	-306.308471	-306.960601
3867	-356.726146	-357.649397
947	-322.454079	-323.343594
2006	-339.486095	-335.590321
1040	-268.307873	-264.998973
889	-272.539307	-272.060237
152	-306.286325	-306.067291
3405	-269.206920	-267.715183
1334	-273.765782	-274.421356
3983	-322.115604	-323.110653
3287	-271.458576	-272.860689
1887	-361.696319	-363.786065
1576	-247.184334	-247.912545
3538	-271.350701	-270.941030
650	-193.034094	-193.536416
1037	-306.397746	-307.013292
2765	-381.546975	-384.844177
46	-372.766726	-373.612352
1119	-304.733360	-303.746977
1817	-339.459612	-336.464929
235	-270.375081	-270.790095
2590	-340.650928	-339.753659
3562	-360.524672	-360.225470
3204	-306.313706	-302.663523
3295	-231.069318	-230.715573
1325	-356.758284	-356.825297
2107	-325.766177	-325.811919
3656	-310.918831	-311.975029
2823	-309.730966	-311.529395
1905	-231.145151	-230.053309
1079	-287.347000	-287.301952
2064	-309.687401	-311.024379
2374	-285.279236	-284.336842
3759	-270.393902	-269.905192
2278	-345.650717	-344.631082
3728	-234.474951	-235.659235
2483	-322.158791	-321.961157
2335	-346.825562	-348.498835
1235	-265.447270	-265.793950
2120	-381.630205	-370.775379
3783	-310.912792	-310.890012
119	-327.012568	-326.623358
1624	-340.670034	-339.831681
3613	-308.483617	-307.716911
1387	-361.698635	-353.428276
2748	-321.271406	-320.808492
426	-362.933001	-361.144415
3499	-309.702237	-308.800106
1579	-288.589020	-288.323635
1214	-341.865386	-337.472875
2033	-310.919833	-311.502992
124	-271.621961	-271.116285
1754	-269.221561	-266.791227
547	-360.540793	-357.550284
2271	-310.916474	-312.064314
3739	-324.566515	-322.695055
1555	-324.529724	-325.979883
3423	-308.555641	-309.066931
1269	-307.563525	-304.208089
1055	-345.681183	-347.794822
2079	-363.517297	-361.263017
366	-324.576206	-324.100817
1374	-322.175807	-324.996590
3331	-233.545899	-232.619434
1819	-249.292101	-248.721731
618	-308.467888	-307.412727
400	-376.570473	-377.451698
1131	-324.580815	-324.490381
1651	-273.809498	-275.243733
3594	-272.544482	-270.352627
726	-346.870614	-346.119371
704	-235.696677	-236.142642
2103	-346.834331	-348.241117
3672	-309.689612	-309.835895
3203	-308.459279	-307.900594
3862	-271.646263	-271.972470
156	-288.654408	-289.652188
2690	-231.093096	-230.265604
3730	-291.017996	-290.462750
1661	-322.148261	-324.517019
3179	-270.408713	-272.502376
2096	-345.661705	-343.348219
2282	-375.368783	-382.675083
1363	-355.525451	-353.304901
1196	-346.840727	-348.728859
3130	-270.427802	-268.841043
2036	-309.733888	-310.671951
3174	-272.844804	-271.268903
2674	-342.352279	-342.686683
2954	-305.915530	-306.839397
3039	-341.851538	-344.540965
331	-309.734363	-309.078042
1012	-266.609146	-269.243569
806	-308.768073	-308.235518
1311	-288.545722	-288.870537
1330	-324.575010	-324.439254
1351	-309.733696	-308.798408
1679	-288.576381	-288.989367
2289	-325.766945	-324.909244
1384	-361.755719	-362.005245
1502	-340.679724	-341.095219
1379	-325.731549	-325.978278
177	-362.872710	-361.710036
3021	-360.495540	-362.442766
2640	-398.880824	-403.412441
3054	-269.129580	-267.993307
2751	-273.787799	-272.340857
3073	-309.734862	-310.159101
995	-360.542928	-363.131049
2803	-327.013853	-326.346049
2255	-360.513163	-353.491366
2857	-362.899149	-363.735948
932	-361.764881	-358.891919
2260	-271.351786	-267.398109
1675	-271.277972	-272.468579
3263	-285.326726	-285.527307
821	-307.566593	-306.684810
226	-360.556344	-356.410162
1409	-285.282853	-285.070442
1268	-344.411146	-340.627639
2280	-359.345792	-358.333476
3843	-309.717869	-306.935712
2269	-308.452310	-308.465498
0	-351.615495	-350.727375
834	-346.828689	-345.703102
359	-346.832402	-344.573791
289	-321.949791	-323.167010
2623	-235.700285	-235.802657
1875	-242.186010	-243.293814
2959	-289.795007	-289.252030
820	-326.934229	-327.576080
916	-345.608831	-343.836852
1239	-356.710448	-362.023224
2736	-310.922181	-310.981840
1394	-396.500849	-391.076103
2895	-273.764673	-274.745139
569	-376.620836	-375.747956
3841	-371.541704	-365.546727
2004	-346.839235	-346.074951
1740	-376.599676	-375.669256
2370	-360.496984	-362.013385
3159	-324.612512	-323.063781
3210	-336.808333	-338.194938
990	-309.684377	-308.974010
2008	-336.802659	-337.023794
1961	-197.629416	-197.618430
2000	-309.736479	-310.522131
38	-309.736982	-311.178590
2928	-324.540084	-323.731161
1911	-272.582516	-272.510914
2081	-273.775864	-275.301266
211	-357.939331	-360.889561
1614	-325.736331	-325.592492
3899	-337.265273	-346.424771
2840	-284.048718	-285.884551
1064	-276.202311	-273.058467
2692	-356.663387	-358.918782
3023	-323.343769	-323.878271
681	-312.126544	-309.692001
2151	-289.802108	-288.821117
1812	-307.275809	-309.815326
572	-356.752533	-356.011482
2924	-348.045292	-347.604156
2287	-310.905485	-311.910093
3422	-340.663929	-341.063554
1814	-360.537947	-362.832709
2666	-303.423742	-304.102565
3448	-324.634377	-325.477491
3168	-323.614890	-324.706698
3094	-324.601619	-325.245978
3835	-309.693085	-310.003579
3575	-309.736328	-310.967791
1212	-304.733723	-302.389719
3814	-361.745554	-361.194575
2157	-309.686797	-308.534719
340	-273.789697	-273.143829
2491	-381.634033	-384.960935
1783	-320.761312	-320.815053
25	-309.712046	-309.800745
1030	-309.683546	-307.985614
822	-336.845442	-338.181547
3077	-336.822591	-334.132403
3962	-341.865856	-344.325158
2575	-308.759090	-305.063008
1846	-344.370966	-342.304444
2291	-286.514923	-285.510237
1129	-340.618148	-338.945483
579	-281.480583	-277.792431
1753	-375.351387	-380.953244
2731	-272.836211	-272.658180
914	-361.707841	-361.993210
667	-360.533083	-362.411345
627	-359.304956	-356.979204
2588	-376.538277	-377.237409
2585	-249.269471	-249.179806
1002	-287.689262	-286.965047
2017	-310.940345	-311.557890
111	-344.470970	-343.078232
2768	-340.690205	-341.817218
2035	-249.294409	-248.383693
3961	-308.561152	-308.023682
414	-192.762455	-193.991068
2998	-246.027383	-246.012770
691	-361.734668	-360.667278
1975	-341.829025	-337.925983
1903	-309.678054	-307.004322
765	-317.447668	-315.039479
3921	-343.218379	-344.133247
2163	-324.503356	-326.461645
3356	-270.447268	-271.542063
23	-304.679494	-300.845845
3296	-345.650105	-345.404486
2805	-272.587161	-273.836525
982	-307.235414	-306.181435
2758	-309.696640	-309.827328
1411	-327.023352	-326.525199
884	-276.202586	-274.946445
3678	-285.255880	-285.967833
3855	-304.746925	-303.526411
3391	-306.403144	-306.783748
3086	-360.507527	-359.437832
2502	-309.685960	-310.973218
1787	-325.795649	-327.493446
463	-309.715058	-307.811402
3667	-249.293044	-251.652600
2783	-272.537685	-273.386473
7	-309.722879	-309.082807
841	-361.736259	-360.797213
987	-273.765811	-273.176288
3954	-271.611366	-272.016939
1018	-354.272548	-354.536906
3016	-309.730329	-310.928655
2773	-325.684055	-326.903968
3369	-158.342346	-160.366547
52	-345.627428	-341.106047
2253	-325.818163	-324.503655
1182	-304.738393	-304.255613
2114	-307.528446	-306.312460
2912	-346.883119	-346.479184
3571	-309.676719	-306.150724
3259	-359.368793	-358.694342
1080	-288.570006	-290.273892
974	-303.468081	-304.547404
3844	-308.450468	-307.227321
2007	-308.499105	-309.138138
738	-324.592221	-324.122146
26	-301.359287	-300.757146
3245	-327.024699	-327.412248
1709	-326.941251	-327.283528
1839	-355.496901	-355.297433
1538	-348.050463	-348.793868
1155	-272.838189	-271.142402
438	-381.565482	-377.897111
2786	-327.009009	-325.209912
2354	-387.558484	-367.119304
376	-309.732528	-308.507891
2167	-309.681554	-310.160567
2124	-345.600825	-344.576915
870	-345.646965	-346.179479
475	-304.691568	-304.672460
1115	-325.773014	-327.457325
2796	-345.678871	-344.294692
805	-309.658574	-311.660674
737	-336.836792	-335.700504
2818	-335.618370	-335.007136
2916	-340.655601	-340.702574
3101	-360.503577	-358.656214
3383	-360.602876	-355.731379
3233	-304.691526	-307.290767
2237	-325.784144	-325.070069
3161	-309.678595	-308.616054
863	-285.288405	-283.000658
1101	-307.244627	-308.885340
2329	-324.557240	-324.574482
2250	-339.462492	-334.966519
3126	-360.523204	-362.895796
2839	-362.930315	-360.413375
2457	-382.757134	-381.593217
216	-307.283509	-308.445570
3853	-271.336383	-269.549632
1470	-272.542270	-274.979280
288	-355.557059	-357.526874
708	-306.313133	-308.807955
2419	-287.353473	-288.384102
3238	-340.667053	-339.740471
2776	-313.573888	-314.629824
3615	-210.071468	-210.169599
3372	-309.705858	-309.545741
1966	-302.558699	-303.880834
292	-308.517192	-309.158806
938	-331.411639	-323.690184
2872	-288.581144	-288.156798
1867	-324.583096	-325.663168
3735	-360.522940	-358.203868
2772	-343.232602	-345.551907
454	-265.283843	-265.736104
1511	-271.315027	-272.208351
1488	-320.766344	-321.495397
2369	-273.760271	-272.846531
460	-360.488733	-361.071864
2876	-360.574465	-359.566478
903	-309.685872	-309.971706
2698	-344.434438	-346.171527
3010	-361.720579	-358.951687
750	-344.384630	-346.192804
2913	-361.630982	-362.869960
2725	-269.218553	-265.688142
2243	-340.673964	-339.487178
3729	-376.562796	-380.102333
678	-308.506580	-308.957743
2231	-346.825174	-349.773611
3639	-345.680996	-348.300419
1808	-356.676972	-357.630716
306	-307.335530	-307.852436
1602	-318.339586	-318.411635
2136	-263.278851	-263.706807
798	-208.842347	-211.109805
3717	-275.014300	-274.804469
51	-283.168740	-284.940051
3616	-225.221461	-216.772060
1718	-356.706262	-356.623343
3167	-309.688639	-311.008732
532	-344.369744	-346.249463
2950	-360.498298	-362.070590
2543	-376.588479	-379.007829
3343	-320.735225	-320.804204
2490	-343.078368	-341.644162
577	-343.087962	-344.352141
2207	-301.330754	-299.082721
2334	-472.135006	-462.980504
335	-361.729115	-359.208896
2582	-320.773768	-320.861788
1459	-306.320451	-307.692839
1640	-304.583737	-304.806099
2679	-312.130526	-314.272742
3181	-307.209274	-309.161255
1656	-323.352987	-322.444505
3239	-361.708121	-351.862623
2420	-340.625366	-341.859963
3018	-345.638117	-346.904023
3443	-346.866543	-346.746940
3774	-305.130184	-307.932840
2473	-324.497671	-325.193214
2300	-453.655583	-461.716525
3873	-348.051405	-348.077460
2774	-310.910631	-313.085104
1035	-284.385189	-281.015564
2443	-288.547509	-288.401875
1466	-340.657975	-340.577154
2704	-320.786981	-321.445497
1458	-288.648179	-287.724269
2230	-262.056533	-264.157918
2219	-265.437885	-263.985955
587	-307.283919	-307.120850
3347	-286.510514	-287.281416
835	-320.740782	-318.972340
1335	-283.156647	-282.646067
3166	-326.949535	-328.104448
396	-372.782655	-370.169945
1847	-325.753767	-328.253059
1547	-335.613384	-334.430720
642	-234.476516	-236.524887
1967	-288.573475	-288.435043
1091	-309.678344	-311.500445
3336	-308.477672	-308.846953
1671	-309.708282	-308.182770
1097	-325.784473	-326.853539
2649	-381.581036	-373.520839
171	-361.745138	-359.936253
2360	-340.636727	-342.456619
1198	-308.449457	-308.076407
843	-308.437835	-306.997317
673	-345.680831	-346.818885
33	-264.504487	-265.701495
3546	-233.219124	-233.755257
3402	-234.522504	-235.769427
1106	-231.106310	-232.188118
1655	-338.217210	-338.339507
2173	-304.678340	-303.808144
943	-303.497783	-301.916245
3514	-340.654233	-340.064912
3931	-288.683173	-289.905114
3219	-339.428557	-337.025785
3937	-361.713179	-359.559452
1326	-266.616319	-267.375944
2342	-309.680487	-310.627548
492	-305.904760	-305.757875
1768	-289.789940	-289.956063
833	-325.761605	-326.932330
309	-309.718312	-312.141521
1168	-308.454820	-308.080134
1228	-345.640969	-342.795671
3483	-308.500974	-308.119373
2112	-304.729640	-304.457801
2468	-307.193849	-308.350364
409	-306.383308	-305.681228
1751	-339.469166	-333.953942
3554	-309.689751	-309.822072
2216	-308.505718	-309.951752
789	-324.581906	-324.911195
739	-309.678703	-308.450441
2942	-325.778444	-324.956584
3090	-287.362939	-286.896262
1584	-251.727102	-252.629336
3298	-345.599182	-345.400529
2952	-308.511290	-306.875938
2311	-193.034988	-193.311243
2797	-345.646914	-344.534515
2510	-325.797299	-323.029906
1898	-360.497612	-361.838346
125	-228.992613	-226.759804
387	-268.248806	-268.591838
369	-361.733362	-362.858835
3376	-273.775510	-269.862023
273	-323.312375	-322.890002
2350	-341.853951	-345.068014
67	-172.006141	-174.236316
3352	-272.834623	-270.605666
1585	-360.545832	-357.185046
1590	-344.415609	-345.091078
3404	-309.733988	-310.439930
1963	-325.761942	-324.672466
3253	-281.476938	-281.453284
2384	-281.469893	-280.707751
3609	-269.176442	-269.134377
452	-324.575287	-323.270871
1879	-288.594527	-290.320935
2762	-306.370119	-304.447158
735	-309.716570	-308.058294
3153	-340.622406	-341.412048
2501	-232.377706	-232.873677
2621	-305.145002	-304.427070
184	-322.436757	-323.369158
3610	-360.476593	-360.608955
731	-355.501990	-351.798099
1135	-310.903412	-310.245872
398	-345.636145	-345.683359
2426	-340.650391	-341.335864
2067	-280.248350	-284.503599
3191	-284.360325	-288.704437
2700	-304.687547	-308.026621
2082	-302.567313	-304.806857
2324	-346.831385	-344.565000
313	-361.721849	-360.442569
2039	-360.553317	-360.138998
3806	-309.676410	-309.634333
487	-307.223588	-304.632106
2863	-287.423372	-292.543385
222	-412.548009	-400.182982
1771	-287.657053	-286.726911
802	-359.306313	-357.597338
1385	-309.679840	-308.558228
2498	-288.539500	-287.456024
1185	-324.558175	-324.293975
3883	-308.516508	-307.742633
356	-372.741729	-373.249630
1419	-344.350927	-343.011426
1312	-381.612501	-385.955779
2401	-263.280728	-265.590044
3676	-346.840522	-348.218301
3098	-345.658421	-345.919694
3138	-345.651520	-341.909418
2600	-307.237880	-308.662156
1591	-249.397368	-248.853542
3758	-272.557350	-273.270049
2742	-348.048844	-348.188425
830	-320.767103	-319.931413
3860	-308.505267	-309.373550
1450	-273.757658	-273.084259
898	-305.906901	-306.512112
2678	-285.255563	-283.472626
507	-309.697879	-310.116537
1081	-310.912796	-311.445344
2233	-319.556235	-320.972737
3184	-308.439671	-307.417061
3640	-309.692577	-311.393345
639	-270.405973	-267.864087
70	-346.874234	-347.590954
2428	-309.682996	-305.252585
459	-348.056615	-345.807541
310	-308.480308	-310.492096
1083	-309.726295	-311.827321
1087	-324.508933	-323.157493
1025	-324.520219	-324.193932
2530	-345.673444	-341.094850
139	-338.257996	-337.441690
3706	-345.687338	-347.041976
1456	-308.496384	-306.053715
2836	-345.652670	-346.185961
1202	-361.725394	-361.167346
2727	-271.330291	-266.400455
286	-324.563745	-324.208332
2418	-304.734646	-304.176825
1159	-325.779568	-325.818801
781	-362.918463	-364.429257
3028	-346.861640	-348.079610
919	-272.589999	-272.409980
2181	-340.656656	-338.671168
363	-320.778723	-319.958996
3627	-323.347112	-323.435717
3776	-320.773105	-318.967476
754	-361.718210	-363.216095
2073	-345.600119	-344.558227
2184	-360.501473	-356.584523
1309	-287.723848	-285.764776
1951	-317.408548	-317.418048
3482	-281.480993	-282.050248
77	-348.062001	-348.944359
1479	-309.677142	-309.255372
294	-308.506421	-305.785219
351	-345.625747	-346.410654
2422	-325.718957	-327.827620
489	-356.745773	-356.214208
593	-303.525517	-304.700684
2755	-381.595252	-385.507719
3141	-345.651109	-345.682549
644	-376.595314	-377.072991
3349	-207.916786	-209.576063
3162	-324.546164	-325.038041
1033	-339.482903	-336.969907
2696	-353.269456	-343.037373
3836	-346.833711	-345.586411
2835	-362.925466	-362.267036
3576	-325.729906	-324.279413
2274	-308.463553	-307.519982
2956	-360.528914	-355.849668
1260	-270.417842	-269.434385
828	-361.684892	-359.632541
3669	-285.267165	-285.149538
3496	-302.303890	-300.621810
2994	-345.597078	-342.637733
3258	-324.473847	-326.078891
2010	-323.385837	-323.532001
42	-376.564691	-377.467445
3942	-287.507193	-288.919331
3302	-324.577047	-325.236861
2732	-324.579850	-325.783422
664	-335.632054	-330.570024
1759	-305.906809	-304.755199
3889	-360.533387	-358.543161
3241	-319.515995	-319.153831
3060	-270.441145	-273.190454
3916	-273.810780	-275.035538
1844	-325.808754	-325.917110
1173	-344.465017	-343.383760
1560	-340.645686	-341.554906
531	-226.107205	-226.292144
1501	-288.653529	-289.822823
3741	-169.860788	-165.759419
501	-345.630685	-341.986792
2745	-322.118085	-325.619300
353	-197.632222	-199.467436
2638	-309.688194	-308.749310
2492	-396.477101	-408.290382
3278	-298.952950	-294.406594
1907	-346.819476	-344.903384
3529	-341.843027	-341.767878
248	-339.489875	-339.770922
2192	-307.232824	-307.621412
3049	-324.610004	-323.651830
3561	-343.190300	-341.987848
3714	-265.398572	-267.269277
3732	-320.774305	-317.902233
1719	-232.050342	-233.820217
1054	-323.427722	-320.443019
368	-345.595021	-342.796713
2038	-348.056093	-347.599334
2647	-262.017735	-263.114782
1390	-340.660793	-340.273462
1731	-381.565314	-385.725296
2792	-362.944759	-360.547752
1526	-269.267574	-269.526297
2756	-153.742562	-153.378621
2821	-308.511516	-307.924656
3970	-305.897998	-306.155809
257	-324.569867	-322.931281
2554	-345.649886	-342.393245
3173	-325.791830	-324.788644
1266	-324.582035	-324.140160
1689	-336.823026	-336.601270
1830	-345.641862	-342.802109
2799	-340.702898	-340.541502
2574	-273.812881	-275.424594
1682	-269.215705	-270.380822
350	-320.793580	-322.060495
266	-308.477155	-307.984711
2604	-304.743934	-302.155817
3871	-346.859809	-345.163868
2941	-340.635024	-334.511809
3056	-269.180682	-270.048733
231	-346.860243	-347.325511
3189	-324.510378	-324.618950
465	-266.553159	-267.746034
3564	-303.533472	-306.454561
2670	-326.934805	-326.386374
656	-376.605347	-374.525901
348	-196.432825	-193.769749
1701	-344.428649	-346.380051
1303	-345.676156	-344.719620
1116	-356.691214	-355.861743
2464	-297.555801	-295.306039
3249	-325.739818	-323.579090
1386	-362.967171	-362.260941
692	-362.917261	-364.734479
1818	-371.535911	-367.073354
178	-188.042067	-195.164673
1533	-309.671865	-311.015973
1218	-287.431740	-289.365887
747	-359.350089	-357.983211
2915	-344.371144	-343.298545
3628	-272.509064	-269.618293
3252	-340.610842	-341.989277
1990	-281.482892	-279.714533
2995	-381.584942	-357.541516
2581	-234.469389	-230.003890
3213	-339.438949	-338.693068
19	-309.720734	-309.028442
3268	-324.562156	-325.067792
3350	-339.431591	-332.755242
81	-318.390876	-314.837572
1287	-355.515622	-364.874299
5	-351.628383	-349.470141
787	-360.525379	-361.953064
3229	-271.614305	-271.745108
3570	-272.514475	-272.685325
2387	-391.391111	-394.270988
1186	-359.296697	-355.769029
1796	-307.536544	-305.723773
3124	-308.562031	-308.641699
1993	-339.504090	-338.934853
3566	-325.830752	-324.885672
45	-266.615452	-269.475235
1970	-362.897428	-367.445518
1272	-308.486687	-309.585367
1835	-376.631067	-375.695696
801	-273.763117	-274.032307
12	-377.816587	-376.127837
993	-317.364547	-319.767816
1545	-308.468255	-310.400613
3524	-308.455477	-310.989033
2217	-344.408081	-343.303445
1598	-308.471397	-309.309543
3591	-273.762889	-269.420820
1497	-251.731545	-254.095418
193	-307.285557	-307.641896
2560	-339.452794	-338.839439
3645	-304.681903	-302.414852
1599	-304.689816	-304.518138
2933	-360.538112	-360.519539
312	-234.485640	-234.329267
1512	-346.839595	-348.923750
1700	-320.782427	-325.237480
3188	-325.807242	-326.640642
1243	-323.582949	-319.117676
3563	-227.798785	-221.835841
1781	-324.582445	-325.419623
2705	-270.384180	-271.971961
3479	-265.289023	-268.436303
3311	-344.433172	-345.064078
327	-324.607903	-326.341123
2306	-287.354343	-290.096992
1253	-312.126356	-307.900655
3497	-392.627857	-388.863377
1869	-269.207716	-269.216705
3029	-285.281493	-284.251014
1508	-308.462196	-309.078808
734	-233.242250	-234.561888
2785	-310.915445	-311.781405
1857	-307.540766	-306.677388
2521	-361.728609	-363.544073
2182	-340.610000	-340.731833
2693	-340.638326	-341.618855
2221	-308.512137	-309.122813
3592	-323.367866	-325.287608
2829	-340.622886	-340.453655
3327	-348.059242	-348.176194
455	-340.664551	-338.359783
2012	-382.788561	-380.491493
3653	-309.763576	-310.012713
2801	-310.932716	-312.069379
2226	-276.206257	-274.975022
1861	-235.696852	-236.008900
3797	-376.587519	-377.490197
472	-273.761356	-274.976197
2256	-303.503801	-304.664988
2787	-324.505365	-324.848236
1205	-304.682331	-304.754065
3088	-308.459859	-306.944762
3764	-308.483519	-307.011251
429	-288.570364	-288.983157
371	-380.374978	-384.146446
2800	-287.478272	-288.089805
3270	-273.788787	-274.337223
654	-309.727166	-309.173665
499	-340.611683	-345.252941
2691	-308.505543	-310.433817
2544	-381.632480	-371.357749
556	-272.600604	-270.562932
3553	-346.830674	-346.715930
602	-275.010289	-275.354768
1306	-288.682324	-287.208587
2215	-289.795079	-288.185515
2276	-309.679242	-308.998748
96	-375.359188	-376.031578
43	-319.572842	-318.952825
1102	-116.609549	-118.758318
2622	-346.829131	-349.490466
2901	-318.323005	-318.457246
1667	-323.323781	-324.260654
1822	-344.395150	-344.402489
551	-382.817123	-380.302871
3766	-344.436564	-344.685464
2388	-309.695742	-310.919806
2123	-327.010026	-325.765810
122	-339.419649	-341.827856
315	-302.472397	-299.459970
1996	-356.687774	-357.733886
2190	-324.574822	-326.506785
2450	-312.124760	-311.868968
1851	-361.717868	-357.683137
1699	-272.541597	-272.355115
1105	-302.306944	-302.026600
1181	-323.657279	-323.170532
3280	-344.483775	-343.233078
103	-291.024232	-291.084143
1710	-361.726166	-360.397618
24	-345.608180	-344.874996
3856	-306.313590	-304.401441
2002	-286.504040	-288.371247
321	-324.604397	-323.726188
1620	-270.431243	-269.680519
1540	-285.217962	-283.798944
2076	-274.982287	-272.470460
485	-250.585183	-252.848395
1148	-284.062954	-284.330912
1380	-288.625728	-287.856937
1652	-301.316399	-301.845005
1897	-197.629387	-198.340769
272	-322.161948	-324.197582
3366	-323.268818	-324.023504
1158	-268.251114	-269.867850
606	-343.235457	-339.149608
1965	-288.555445	-288.686311
1888	-276.201993	-275.502579
3121	-344.419977	-345.708985
2891	-308.511094	-309.077316
1945	-361.754136	-360.423260
2642	-324.578146	-324.970682
1175	-361.742598	-359.914111
137	-287.440932	-287.472306
2194	-273.757530	-272.999450
1189	-287.322957	-289.593595
3475	-321.247305	-314.553784
2648	-325.728744	-326.193810
1371	-288.596392	-289.429418
3003	-325.798735	-325.970708
2707	-310.915408	-312.735223
2258	-303.453218	-305.881114
2651	-273.744309	-273.781336
3782	-262.035127	-263.788748
1446	-319.575102	-315.084035
3731	-310.913156	-310.147174
1443	-346.867442	-346.063546
564	-272.569586	-271.667789
596	-325.754527	-326.955576
3960	-336.825944	-334.244129
2660	-307.582044	-310.505214
1275	-310.936083	-310.627202
2611	-346.824672	-344.792492
2236	-235.698987	-235.191206
1345	-376.540686	-375.738190
936	-382.773457	-381.185754
1607	-303.462115	-304.393738
2682	-324.528297	-324.857907
1417	-381.586740	-374.989424
796	-344.453746	-343.645413
1864	-312.133063	-312.284064
3850	-308.528193	-309.144921
768	-193.039603	-193.608151
1127	-345.659797	-344.342047
1265	-227.324775	-229.101916
2886	-324.530742	-323.875950
1279	-377.837977	-376.458768
94	-362.955075	-362.096991
3002	-269.479234	-271.910363
1910	-326.978724	-325.957268
1401	-307.265351	-300.975572
3378	-325.831718	-325.927798
1432	-324.522792	-324.008832
2272	-324.528642	-325.127984
2066	-432.401755	-410.322858
1715	-286.486570	-286.564878
3625	-326.948771	-324.224567
252	-305.913756	-305.962307
2761	-309.696507	-310.350249
3745	-310.912788	-311.994124
456	-336.811524	-335.959291
3687	-325.793945	-325.552174
1151	-392.620909	-378.909644
1915	-361.705669	-362.832753
1725	-360.495137	-358.727132
1949	-340.674935	-342.960798
2684	-310.940657	-311.162788
2540	-211.295796	-212.857538
896	-323.312767	-321.001160
179	-362.928160	-356.274586
3932	-360.472117	-359.838644
1806	-324.610229	-323.680636
676	-272.584377	-272.393596
1997	-271.666841	-271.788925
3886	-270.388222	-269.482471
1741	-345.629842	-342.826709
1832	-309.737802	-312.796698
963	-345.645239	-346.101638
3674	-309.731169	-310.777986
3847	-356.693135	-352.295390
722	-310.935212	-310.989311
118	-352.905052	-351.496793
520	-309.720011	-309.431619
157	-376.519880	-379.482102
3666	-309.735874	-312.147902
790	-341.836780	-344.875800
1583	-345.655509	-347.548097
3158	-269.271320	-269.171402
1703	-286.154755	-285.092233
1211	-286.498633	-286.344220
2024	-306.349032	-304.492432
174	-229.928448	-230.709391
1980	-345.680616	-344.926130
2410	-361.673369	-359.476538
3095	-339.431197	-341.801281
803	-325.789564	-324.054995
3068	-306.015194	-306.745488
2248	-377.773452	-378.449371
1157	-309.691584	-309.448652
2142	-324.624987	-322.336688
3658	-309.682445	-308.425858
964	-291.014970	-290.577318
1278	-362.942040	-362.788198
1117	-345.566120	-342.702953
1520	-309.728493	-309.969150
2557	-273.774103	-269.974317
3580	-345.661657	-346.950864
2864	-340.658990	-343.732095
3601	-308.749822	-306.478615
2699	-346.864540	-346.734634
128	-303.785832	-306.249611
1927	-361.739999	-357.370393
3008	-323.359336	-324.352654
1823	-340.656176	-337.449472
2447	-323.330261	-323.477839
2728	-304.742823	-304.211001
928	-345.665412	-345.653238
1457	-288.573089	-289.103563
2056	-325.729141	-324.761237
1028	-360.421732	-363.761366
603	-346.867624	-349.943745
2533	-265.438520	-266.054161
3428	-288.564752	-288.055399
1500	-345.609230	-345.710283
1617	-355.508183	-356.085546
631	-371.449232	-375.508768
1577	-355.468067	-355.306859
973	-325.790444	-325.010540
2448	-346.833271	-343.567805
508	-325.801512	-326.019415
3963	-271.323381	-268.316206
196	-341.759398	-338.297395
1356	-271.372094	-271.348674
2884	-324.471313	-326.400882
2032	-287.663174	-288.871634
3548	-79.764152	-79.894251
2703	-309.722894	-307.368851
684	-361.753989	-359.299063
3523	-325.728070	-321.917474
1271	-310.902165	-310.512868
1166	-324.576650	-324.241778
2738	-324.555069	-326.005143
232	-490.793044	-490.162708
1138	-308.444609	-307.204940
3106	-273.735646	-274.385760
3446	-306.044918	-308.706713
1231	-324.569596	-325.489149
3698	-360.508088	-360.967610
2327	-381.624797	-381.777662
872	-309.711438	-306.938742
1943	-325.729335	-325.154980
1706	-382.777508	-374.604392
2739	-362.946034	-360.050725
2121	-324.619773	-324.014558
3392	-361.774979	-364.911106
3859	-308.499978	-308.859742
1489	-266.777425	-264.870783
1098	-356.649302	-356.571306
2871	-308.460407	-309.839864
759	-398.888473	-396.331967
2407	-377.829134	-378.957770
2545	-324.614082	-325.301048
567	-339.489014	-339.465710
1977	-312.131398	-309.870935
2523	-344.512144	-343.281140
562	-456.105229	-461.876519
75	-381.566310	-378.499900
13	-360.526646	-360.746796
2201	-452.728039	-444.275265
2364	-360.507160	-360.943341
1236	-155.897345	-158.641735
1180	-306.364186	-306.201545
728	-309.678404	-309.190132
1396	-346.886411	-346.847663
3604	-273.812100	-274.840893
629	-309.712115	-309.648396
3877	-340.623773	-342.160232
761	-312.126820	-311.852125
1322	-271.619912	-270.437562
1431	-344.392695	-343.423658
228	-346.859384	-343.150240
2481	-324.614891	-325.451470
3811	-274.982348	-274.311891
3626	-310.902465	-310.131166
394	-344.385642	-340.913194
1142	-309.702591	-308.990282
333	-308.507517	-309.851999
8	-272.545439	-272.846749
1692	-362.862736	-361.986278
1274	-309.686648	-304.966902
3555	-360.547370	-359.095903
2537	-317.434422	-317.961390
2526	-340.601771	-339.314237
113	-360.478880	-361.198234
3257	-308.472221	-307.077933
3399	-307.229313	-306.277519
253	-305.838224	-306.606987
2299	-280.273691	-284.212751
3388	-271.606364	-270.433641
242	-340.623533	-340.244283
349	-309.687623	-310.908672
3384	-357.949026	-360.069840
1530	-272.549380	-271.207791
419	-312.128001	-311.647858
1298	-308.505512	-308.627177
63	-287.377993	-286.546462
500	-308.452306	-307.339804
2810	-273.763107	-272.524849
296	-345.688916	-347.152967
617	-376.521083	-380.339870
1760	-326.940002	-325.691952
3642	-324.565306	-325.156402
3300	-344.499155	-344.163666
2671	-344.377098	-343.104251
840	-289.871520	-289.720733
1543	-323.360471	-325.272226
2412	-310.904086	-311.066035
3772	-356.752251	-356.417064
1702	-251.727632	-255.834903
3686	-344.462681	-342.770414
1089	-344.451793	-343.363970
1641	-340.647224	-340.772089
1559	-380.372123	-381.925744
1586	-272.837559	-274.027228
427	-382.798099	-378.541106
2757	-346.855643	-343.168479
2149	-341.878745	-338.208583
2058	-356.710498	-355.166090
3342	-153.787612	-152.247266
2555	-287.427764	-289.380789
2139	-381.581478	-384.780742
167	-310.912077	-310.682454
281	-322.479769	-322.850971
3796	-341.875439	-344.642552
687	-346.841762	-346.646647
3762	-351.646368	-350.419762
760	-324.605411	-324.392576
97	-286.495035	-288.153993
3702	-362.951503	-361.265175
3072	-340.671263	-337.894847
2202	-324.602888	-322.813508
199	-309.673895	-308.235840
2811	-326.944158	-327.718714
756	-325.798888	-327.337742
2373	-302.564379	-307.963735
2538	-344.417597	-344.344899
2328	-320.732586	-317.012114
2363	-324.610150	-325.214723
2927	-324.500425	-323.151116
142	-307.594137	-308.664585
530	-360.503506	-364.134962
3659	-340.683837	-340.550614
497	-287.470402	-289.926735
2577	-381.600777	-376.248576
136	-343.240623	-343.141393
204	-287.353313	-290.580748
1199	-377.813742	-372.698923
1860	-308.507458	-309.396622
1134	-343.068226	-344.556005
2948	-382.790431	-379.731511
3540	-321.236907	-323.832365
748	-324.572987	-326.846721
929	-272.832690	-271.744985
942	-325.715957	-325.915967
832	-308.470270	-310.825990
336	-308.524858	-309.217343
1369	-392.662003	-382.870724
733	-345.660927	-347.354618
3403	-339.424322	-335.534364
3148	-324.567513	-324.409423
1304	-356.679729	-360.588574
1778	-305.036659	-304.892518
2646	-325.800095	-326.261807
3689	-308.467642	-309.327886
3891	-346.821929	-346.619001
2665	-348.031230	-335.785744
150	-309.732713	-310.085355
592	-307.614861	-308.288221
3693	-273.779498	-273.420507
1628	-345.637174	-345.155428
1891	-323.382399	-323.780098
647	-338.268974	-336.951339
1145	-312.129019	-312.448809
3804	-324.573632	-324.642852
2856	-376.586976	-375.217499
1208	-345.608535	-344.802748
466	-382.782183	-378.177037
360	-346.890881	-345.033831
35	-343.197784	-340.082761
2318	-348.039301	-341.039497
1594	-323.433551	-323.451897
1376	-348.053064	-346.265145
131	-345.603479	-342.188209
3439	-301.389192	-302.076684
1188	-306.054267	-307.104567
3276	-344.508729	-346.255904
1972	-233.542445	-230.929603
2176	-345.608670	-345.023254
1436	-375.359407	-382.813110
3250	-360.517106	-361.870932
3074	-272.553250	-270.751888
2162	-340.613712	-337.784997
412	-372.768039	-360.808940
576	-345.655968	-343.033314
2267	-291.016020	-294.230616
3264	-307.260972	-310.008819
2110	-341.867094	-341.803490
2469	-270.392444	-270.840246
3531	-344.458268	-339.536417
3838	-271.318933	-266.023152
3912	-308.435951	-307.947730
3434	-360.560766	-359.719132
3047	-285.293918	-284.959594
1827	-343.492484	-342.686699
3371	-286.517424	-285.732040
2630	-282.871678	-282.768117
2822	-310.902197	-307.040059
3498	-381.585231	-383.053878
791	-309.662433	-310.112194
3681	-310.914919	-310.791420
3440	-322.135917	-322.021020
2659	-324.461004	-325.524103
1487	-345.665813	-341.288472
2906	-340.657508	-342.118093
1807	-344.469516	-343.762648
2657	-308.451299	-307.023816
2438	-392.565188	-388.560551
3081	-302.557878	-302.192440
2016	-308.569875	-309.551442
1988	-312.124451	-310.517012
85	-272.550580	-273.009200
3863	-346.804974	-346.095936
2842	-308.450204	-308.982010
2601	-333.464063	-326.708362
1191	-360.510716	-357.768141
220	-276.205821	-276.614885
1169	-346.819305	-342.245426
1130	-346.826923	-344.370896
277	-302.288351	-302.377450
2127	-308.519863	-308.498706
14	-302.238859	-302.516728
827	-303.556664	-302.308196
304	-322.464725	-322.136867
3027	-336.811099	-339.844125
3411	-286.134060	-288.402553
641	-322.439472	-321.355351
3716	-361.720799	-359.671466
966	-339.467091	-336.762547
1161	-308.513516	-309.200280
1523	-340.646229	-341.146288
1638	-344.481904	-343.899050
2513	-345.631685	-343.395379
1122	-345.601318	-344.464579
752	-324.557693	-323.988044
3355	-345.648365	-346.427387
2610	-309.711468	-307.310614
1062	-324.496997	-323.360880
3333	-361.709769	-359.508588
1976	-346.831692	-347.169747
3178	-345.605421	-347.994646
2259	-361.734611	-360.719864
3765	-453.654335	-460.672784
3986	-355.516778	-356.686329
2595	-303.465315	-303.617759
2605	-346.869041	-348.001741
2031	-269.170061	-269.977084
3763	-344.416821	-344.931226
2567	-320.795216	-320.131844
2252	-382.779570	-384.288210
1708	-324.502429	-324.605984
1755	-304.686811	-303.235379
240	-286.517094	-285.710816
2408	-356.708234	-354.214677
3271	-454.878708	-464.479992
3473	-360.527434	-359.550159
701	-265.396194	-265.564114
3533	-232.036378	-231.782720
817	-345.619715	-344.563152
3075	-324.616343	-325.793924
2594	-335.586914	-338.696616
2790	-287.732329	-286.687780
881	-234.470813	-234.144710
1052	-361.770383	-360.125263
2089	-308.469081	-307.199924
2003	-324.579943	-325.611477
3083	-381.591448	-383.347939
1029	-325.751230	-325.216645
536	-323.348544	-324.894511
1430	-361.720960	-362.825331
3317	-269.177232	-270.298456
1838	-356.685238	-355.035769
2741	-297.520999	-297.439999
243	-323.389193	-324.411941
3920	-319.574905	-315.075409
3266	-287.736841	-287.042525
3541	-379.527167	-379.846360
741	-344.434318	-344.702828
2551	-325.792606	-324.740179
3816	-272.830720	-271.286694
3834	-324.589539	-325.703932
2009	-273.812948	-272.922272
389	-271.336957	-270.723071
882	-169.557758	-169.571768
1219	-306.334850	-302.259624
3559	-309.721434	-309.934759
1038	-267.106213	-265.459948
2046	-286.493052	-285.998841
1333	-270.359564	-270.192711
3815	-288.574763	-288.349120
1007	-235.694216	-233.382060
2393	-324.608961	-322.963575
129	-308.512092	-308.551339
880	-345.648463	-346.559618
2090	-308.473428	-307.414700
188	-339.406341	-342.549015
662	-341.843824	-342.149569
3468	-345.710017	-343.918600
1646	-340.684749	-338.795779
1455	-381.570969	-379.227885
1785	-273.751900	-273.576929
2077	-309.736028	-310.518544
2148	-309.718089	-309.362584
3224	-286.504546	-287.463267
2474	-357.944802	-360.740109
509	-307.238995	-308.600607
773	-309.674485	-307.120225
2632	-306.344083	-304.702036
2658	-308.461040	-308.145243
3697	-312.119261	-312.088491
1341	-301.373831	-299.781719
447	-271.627826	-271.715812
3502	-376.564063	-379.168503
1120	-353.283458	-349.849304
3261	-232.025930	-235.095000
1233	-265.440660	-265.222592
2606	-323.344105	-321.113004
160	-309.685140	-309.249955
707	-381.585428	-381.028810
474	-281.476832	-281.746678
1133	-308.517070	-307.413821
1496	-268.248371	-268.672513
284	-360.500454	-361.708735
61	-308.462933	-310.198942
3725	-309.710255	-311.452746
1908	-286.508233	-288.165913
3908	-272.847530	-271.875116
3612	-309.738513	-312.112425
2549	-375.410333	-378.290176
2116	-340.646768	-339.627944
1053	-340.610046	-340.580437
1698	-325.800949	-325.871721
1777	-265.408147	-267.668857
1110	-325.781398	-328.383139
986	-347.459586	-341.835616
2303	-309.719920	-309.308521
679	-340.668108	-341.669066
1493	-335.643923	-336.600135
1284	-320.761539	-320.386566
2938	-346.875201	-346.635888
3424	-348.051118	-348.114201
471	-324.532283	-324.820012
970	-310.911364	-309.011388
1644	-325.774769	-327.494938
1606	-308.462382	-309.501773
3379	-273.761967	-274.298645
3100	-361.716824	-355.671393
300	-324.602433	-322.908774
2404	-323.340989	-324.035194
2249	-392.653825	-386.437948
2055	-304.724717	-304.643315
1506	-339.437849	-337.910837
169	-309.688569	-310.094475
608	-309.688960	-310.620199
2309	-272.583285	-273.788493
2746	-247.190194	-247.762146
956	-230.183076	-228.372426
3080	-344.436248	-344.141654
1913	-310.912131	-310.639582
3338	-308.466631	-312.003023
2713	-310.904631	-310.044155
685	-320.029854	-320.754477
3437	-288.585212	-288.901509
2043	-344.484341	-345.676385
2386	-352.829520	-351.746643
1621	-346.884834	-344.794077
2489	-250.583259	-251.525749
3484	-341.890999	-341.179207
1726	-381.506605	-382.227556
3226	-339.491316	-339.491234
3	-346.838279	-346.116072
36	-344.382282	-345.143907
2477	-360.539944	-362.773141
3773	-345.602641	-344.146577
2293	-269.216495	-269.246474
3269	-381.624381	-381.308486
3176	-432.852890	-415.603342
3805	-309.680682	-309.032988
2129	-356.722498	-358.142679
3664	-269.219315	-268.701852
2593	-321.252793	-320.043483
810	-269.144656	-268.592560
927	-340.676668	-339.965294
2321	-381.536295	-387.938774
1794	-325.712420	-324.981185
1551	-324.575851	-323.415572
1608	-361.758032	-361.114814
2385	-310.911571	-311.240862
3940	-308.464824	-311.292178
1270	-307.571937	-308.006100
2920	-326.952797	-327.125538
244	-346.835129	-347.242751
2721	-271.401725	-272.463989
505	-338.531538	-334.340540
104	-360.574432	-359.031261
3897	-324.519277	-323.029594
1125	-285.292217	-285.872239
700	-310.938181	-311.386313
3895	-325.808333	-326.010719
2205	-318.391203	-315.901686
1513	-306.368494	-308.196698
1557	-322.456250	-322.883784
3223	-341.794931	-342.167073
3545	-310.915918	-310.060095
2065	-340.537496	-339.142879
227	-377.805829	-380.749830
2147	-382.781806	-384.094288
2356	-323.346816	-322.639847
886	-304.728323	-305.730334
2578	-324.576080	-323.113400
1099	-231.975652	-232.767080
2571	-309.686348	-310.606057
2101	-361.717364	-362.166694
2929	-345.638912	-339.009949
922	-272.844560	-272.413543
1492	-310.927319	-309.344143
3139	-344.437158	-340.731025
3036	-310.907823	-311.675930
895	-356.728690	-356.596724
2424	-273.764093	-276.045559
1045	-344.449852	-344.497929
2505	-344.440744	-343.720879
1498	-340.654582	-341.042363
17	-345.612580	-343.719035
1524	-272.550818	-268.223853
1377	-325.768959	-324.375451
2583	-346.859078	-345.726511
1063	-265.440996	-264.499274
1730	-345.663299	-345.096551
3070	-281.491976	-283.778590
1739	-303.454720	-302.483618
2710	-361.773017	-361.598344
3825	-93.411888	-90.598100
1342	-361.712098	-353.699323
1463	-362.938449	-358.450682
3065	-344.486202	-342.709939
3397	-356.702115	-355.904368
1797	-194.267232	-194.588031
543	-310.937295	-309.248412
3788	-361.725962	-360.678209
2444	-318.641916	-316.139576
1697	-345.613396	-345.741850
49	-396.507540	-397.335599
1834	-381.615289	-362.282368
573	-286.504534	-286.737363
669	-377.780670	-380.970089
659	-326.976670	-325.030179
972	-341.869909	-341.035522
2847	-307.566260	-307.646075
3711	-303.469034	-300.965356
2641	-270.394309	-269.040975
1292	-323.652284	-321.139875
699	-307.243079	-308.236796
3466	-325.794624	-325.790430
1472	-306.080007	-307.428755
2882	-322.444150	-323.324780
1001	-304.724431	-305.788997
1451	-348.052763	-347.369284
975	-357.171724	-364.794033
3140	-284.987905	-284.069355
3360	-382.810709	-377.160469
2264	-346.831590	-345.716544
3463	-304.735360	-304.577862
3743	-325.726182	-326.054976
866	-340.620625	-344.983060
2752	-381.632242	-382.070054
1737	-323.398064	-324.558880
3416	-320.770681	-321.534228
3708	-270.397474	-271.371222
236	-325.758113	-325.730013
1780	-345.606551	-346.462165
3196	-297.530335	-297.706905
2874	-309.725707	-311.875067
3059	-363.508158	-363.508104
3798	-310.941861	-311.809069
3066	-345.688382	-343.458943
3526	-249.285024	-250.237807
2430	-304.688809	-303.794208
3284	-343.290242	-339.649476
59	-248.430371	-247.863331
2347	-308.476587	-306.798157
3457	-324.559213	-324.850396
980	-356.743821	-354.026524
2353	-281.504579	-280.509384
1938	-341.826148	-342.037566
486	-288.678720	-287.230612
3560	-286.463470	-287.812707
3822	-309.665941	-311.264928
1449	-308.507220	-309.145392
589	-340.604189	-341.240050
2022	-344.425164	-344.261731
187	-341.842120	-340.122130
2171	-359.346839	-360.972081
2265	-360.469291	-357.941855
672	-345.661057	-346.832569
1957	-206.721858	-206.651681
2320	-362.876210	-363.383382
3503	-266.630629	-269.788279
1936	-360.564423	-361.042570
102	-307.230370	-308.067519
329	-380.402442	-380.473351
229	-361.648305	-362.163122
1359	-229.927277	-230.949489
3244	-323.320332	-324.582692
3700	-361.717469	-361.673357
3304	-346.843297	-348.577455
165	-327.013034	-326.557080
591	-325.760915	-325.811973
555	-361.677945	-353.690848
1657	-338.273162	-331.064819
1650	-341.836348	-340.508520
60	-382.768883	-384.443889
1684	-320.783029	-320.441998
2814	-325.804528	-326.322161
1645	-324.477059	-325.193436
3155	-376.605641	-374.010498
2029	-380.417684	-375.913633
3197	-309.714859	-308.526528
969	-325.797425	-327.088956
2744	-288.573110	-287.956021
1484	-273.817328	-273.004698
3387	-309.727603	-307.002087
446	-305.831164	-304.792887
3747	-324.521162	-324.249848
2048	-235.699029	-237.608940
1139	-270.382725	-269.090179
192	-310.897684	-311.818435
2062	-303.437471	-302.310321
3393	-359.297522	-359.230835
1510	-322.425235	-323.210708
2788	-345.596027	-345.268683
2522	-307.545457	-309.523789
1323	-289.811983	-288.932022
2472	-209.159302	-209.677895
989	-272.839582	-272.343701
153	-347.466594	-344.446936
1152	-308.448572	-307.991471
2899	-310.930659	-310.206316
2241	-346.857051	-345.574345
3279	-356.732861	-354.277424
1008	-248.448467	-247.584388
2068	-308.471269	-306.108852
3368	-308.496367	-306.478601
3236	-310.912270	-309.463180
3318	-308.513124	-310.329556
3232	-345.686487	-343.964210
3281	-309.716743	-309.241888
3084	-325.781161	-326.650181
2940	-339.418028	-341.616805
3894	-322.469844	-321.373342
2095	-348.034975	-344.790368
992	-377.811306	-378.313208
57	-345.635513	-345.822814
3808	-345.614760	-347.236976
1121	-333.449362	-332.702626
646	-323.641347	-323.596513
2844	-301.377995	-302.251098
2869	-306.113519	-303.298092
797	-278.075775	-280.953410
1849	-324.547957	-324.950114
95	-351.666551	-350.098299
2308	-324.460752	-325.306327
3013	-346.883127	-346.180935
3842	-376.587741	-372.814477
1112	-287.644079	-286.835332
341	-273.735711	-272.004879
480	-325.760797	-325.365617
905	-360.513668	-362.258746
3649	-343.292778	-341.004388
2070	-114.483613	-109.624779
352	-288.557016	-289.326584
3857	-340.686134	-341.040289
1327	-320.768458	-320.736534
2517	-308.462063	-310.189795
2791	-194.254127	-192.818419
2858	-346.862070	-343.246925
3489	-308.508824	-307.993172
529	-309.725786	-311.477775
910	-270.384937	-269.447968
2143	-288.628466	-289.255893
2409	-324.595526	-321.817397
2304	-286.431160	-285.560927
2714	-398.878264	-397.760721
1648	-345.660642	-344.596800
962	-376.587043	-379.864605
3837	-343.468335	-347.606052
837	-360.512026	-362.232440
3272	-173.147782	-175.095478
2568	-325.718022	-323.798948
2905	-307.206439	-307.758310
3254	-287.469473	-288.165673
1294	-345.612830	-345.274190
2989	-287.317913	-289.303722
3881	-357.951284	-361.134742
1100	-380.373569	-379.439366
2298	-270.396464	-269.786668
665	-288.571762	-287.805325
1761	-376.622507	-376.560127
3314	-305.846541	-306.458621
1829	-382.804482	-385.118855
2750	-268.301176	-270.702038
1171	-325.721867	-324.838577
1225	-196.409349	-196.097164
469	-325.775843	-324.739572
542	-382.793238	-383.144285
1011	-310.942660	-312.692793
1061	-343.531666	-344.520083
3041	-345.692143	-344.737869
2381	-346.856604	-349.487601
524	-308.507004	-306.044067
2894	-309.717750	-308.292011
3633	-380.412093	-388.780065
1402	-286.203815	-284.614148
698	-274.985880	-275.174615
2564	-325.789398	-325.100779
3699	-355.497878	-355.594936
259	-309.735245	-310.803202
3255	-345.578846	-345.672598
2586	-191.810916	-195.005051
1113	-234.484521	-234.114664
1267	-341.841438	-342.246937
3385	-324.583090	-324.534436
920	-281.489179	-280.411633
675	-346.827397	-347.556570
2985	-304.745635	-305.735661
565	-356.730212	-359.468729
1882	-273.764420	-274.612501
2926	-320.764569	-322.026366
69	-265.441614	-265.182033
1615	-287.344000	-287.127964
1241	-345.608395	-345.873563
663	-323.347275	-324.878697
3701	-248.211932	-249.126686
1308	-341.814212	-344.047599
1184	-286.506282	-288.848238
2878	-285.336744	-286.593038
874	-271.611192	-269.503824
1507	-310.914024	-312.407781
496	-377.794221	-375.043015
2222	-340.678668	-340.337670
3172	-274.982310	-274.554731
3451	-319.606765	-321.365107
282	-325.714378	-324.132614
3588	-272.549011	-266.033639
3260	-345.595084	-347.558974
3283	-287.404397	-288.243337
3494	-324.573795	-325.697810
850	-271.623957	-271.227411
703	-340.656580	-338.712579
3918	-289.794194	-289.095865
653	-344.473681	-341.025123
1554	-320.728167	-319.418612
3880	-357.942023	-359.603131
1987	-325.775071	-326.894505
1816	-344.357220	-342.379409
3579	-356.677429	-356.307213
391	-345.584667	-344.868982
3079	-270.401391	-270.556970
2234	-272.580839	-272.536910
3228	-381.648857	-384.680949
2212	-346.837271	-347.093362
1946	-346.841836	-348.017745
1662	-377.834156	-374.851305
224	-324.628594	-323.878767
3500	-323.345473	-328.095821
598	-193.088340	-190.747356
3012	-276.205920	-274.907768
621	-310.899323	-309.685953
2722	-344.423318	-342.099144
1483	-309.723988	-308.431034
461	-273.773506	-271.636063
3488	-340.672417	-339.274800
2991	-272.841336	-273.010871
782	-361.678341	-358.430013
3306	-361.650084	-359.443815
1647	-343.242553	-344.953830
2890	-309.738198	-311.734566
2925	-301.394865	-301.850303
813	-361.733052	-361.728883
3290	-341.859618	-342.519904
3453	-321.254976	-320.167800
2859	-362.909074	-361.529375
3521	-342.324182	-326.694613
2312	-344.416076	-341.197516
1766	-270.387395	-269.426443
2827	-345.615042	-343.366617
702	-379.000257	-383.716655
3657	-312.124380	-310.726018
1604	-347.456674	-343.132555
3827	-270.435807	-271.978685
2562	-375.357530	-381.103890
2292	-343.246371	-342.960783
405	-273.804251	-271.283368
3187	-272.591906	-269.924466
2005	-305.155985	-304.778853
2088	-362.871515	-361.442188
1285	-346.860450	-348.093942
3078	-383.966179	-381.166863
3430	-341.828533	-336.956352
3152	-335.591582	-337.968843
3726	-382.754967	-382.502696
2	-324.551643	-324.959206
1201	-224.944660	-225.444572
3470	-416.814878	-413.333927
1784	-324.497693	-322.897364
3004	-288.652346	-288.017568
183	-362.962787	-362.912084
862	-361.764434	-357.726531
191	-307.610450	-305.841799
2903	-308.505951	-308.941613
3707	-271.620156	-273.029949
3089	-327.025329	-326.160001
108	-345.614707	-347.374222
1933	-270.396100	-270.954319
2313	-312.122262	-312.023983
1049	-323.336196	-325.090597
3635	-308.475489	-309.415226
2225	-324.612179	-322.724633
2977	-310.909944	-311.982141
464	-324.485629	-324.436422
3780	-323.320574	-324.689079
194	-308.496245	-308.403305
422	-288.692943	-287.417800
3727	-285.317454	-284.621713
3760	-280.314080	-282.591249
2268	-302.558547	-307.473023
444	-340.665581	-338.889323
3330	-323.360126	-322.543814
1009	-266.763445	-265.818203
2723	-324.554067	-325.527736
1952	-344.408452	-341.917599
1841	-325.788368	-325.495002
533	-287.720383	-286.260179
237	-268.287661	-269.084752
1088	-291.017433	-291.766030
3365	-396.458774	-397.049073
1316	-361.652250	-363.556088
48	-304.689512	-305.955053
1693	-234.474613	-236.150233
135	-301.341304	-300.187096
3851	-326.998454	-325.895653
3445	-286.508374	-287.797679
788	-324.467888	-325.871135
715	-285.275928	-286.060069
794	-248.143861	-248.846849
2392	-272.551442	-269.778665
1921	-310.904960	-310.275235
1744	-288.535621	-287.772753
590	-346.857871	-346.043519
1937	-287.438379	-286.738436
1441	-303.469082	-304.852837
1962	-382.756724	-383.248068
3382	-341.145624	-343.545459
2475	-381.524347	-382.555087
1480	-324.584824	-324.323984
523	-345.565792	-346.152833
2676	-325.784384	-326.705732
2518	-360.566272	-360.816746
1573	-233.255259	-237.333055
538	-324.494520	-324.560012
3839	-231.155780	-230.851141
1735	-320.791360	-320.605407
2735	-309.690179	-310.478429
3199	-273.811544	-273.185996
3501	-318.409788	-309.986472
599	-343.312201	-342.963086
2834	-325.699665	-326.497582
1668	-344.433140	-345.525532
263	-341.853650	-344.400315
3527	-309.716030	-309.463445
959	-492.026657	-494.801651
3831	-451.528971	-430.661417
2711	-322.460671	-322.084428
305	-346.859213	-348.981713
1567	-356.714706	-355.693060
3509	-288.685117	-290.509451
549	-372.785072	-367.430050
1825	-271.656372	-270.572454
381	-341.835557	-346.829982
2922	-352.890573	-353.501636
138	-362.875317	-365.763293
3510	-340.674744	-339.214311
3305	-310.955141	-311.098337
3156	-362.941094	-361.479465
635	-324.578381	-324.601060
3990	-303.459637	-305.015105
855	-271.614051	-270.786887
1722	-362.946707	-361.533064
2936	-324.504178	-326.797729
2553	-302.545562	-304.800115
251	-265.386781	-266.535005
1234	-325.796704	-324.539984
786	-307.544728	-307.856283
3515	-346.852204	-347.123575
1902	-324.615795	-324.189765
1747	-360.559076	-359.738806
3467	-308.494487	-308.028276
1914	-288.576123	-290.863804
249	-306.347185	-303.968364
2828	-232.030352	-232.522431
2164	-304.744503	-305.328106
1066	-375.344926	-383.163773
1072	-272.554773	-272.106577
575	-272.582834	-272.324909
537	-361.731930	-360.831550
3647	-325.794522	-325.087270
2662	-345.635068	-341.811440
3000	-309.688191	-308.089411
271	-361.759779	-355.306181
991	-345.602096	-343.309834
1873	-346.842529	-344.898545
939	-344.481802	-349.190574
1534	-340.632075	-341.684696
3543	-287.318584	-287.984398
1019	-327.016183	-325.497118
2316	-306.361448	-307.028365
1339	-285.316421	-285.568021
1795	-356.736238	-358.720103
1800	-212.439286	-215.177964
3748	-376.556657	-379.072069
362	-289.871990	-289.370548
2198	-382.804255	-376.301560
2161	-361.735863	-360.265198
1183	-325.750970	-326.514094
2781	-288.581699	-289.942297
3032	-360.508895	-359.231180
2565	-345.591597	-345.742828
3147	-338.530072	-338.982496
2331	-308.516808	-308.196602
20	-270.370102	-270.025373
2509	-344.380267	-343.391487
2789	-340.629283	-340.629736
2343	-325.781464	-323.717380
3015	-359.362011	-363.465140
3315	-269.176979	-268.337556
2495	-307.596472	-305.010361
495	-342.297848	-342.328549
2380	-327.025010	-327.944329
71	-346.864282	-347.466644
3472	-340.657197	-338.978761
234	-308.467880	-308.316133
2449	-341.841190	-340.503629
3705	-345.665479	-343.010399
3879	-339.483894	-337.637474
1527	-271.621836	-270.470471
2246	-287.318502	-288.397209
2573	-307.303421	-309.810651
3807	-361.706503	-359.144971
887	-361.720206	-360.547418
3014	-269.263802	-269.384561
2983	-346.833689	-346.713385
1742	-288.583008	-289.514041
2917	-267.068488	-263.676028
1023	-309.663477	-310.251195
2086	-308.486338	-307.593231
1249	-272.543724	-272.713838
375	-346.857432	-341.803229
511	-320.778636	-315.708531
3976	-273.765901	-275.707874
514	-309.685045	-310.026009
1107	-267.060326	-263.395444
1354	-382.790027	-376.696113
3704	-348.035847	-342.819892
3267	-320.776472	-320.945214
3713	-325.748400	-325.429085
3868	-360.526225	-361.978221
428	-324.570042	-324.995631
1920	-361.714679	-361.647978
718	-392.601894	-393.928094
490	-231.142581	-230.167615
807	-340.681309	-339.084950
3043	-196.405320	-197.220550
3971	-360.530885	-352.329200
2851	-356.699504	-356.180789
100	-361.702143	-359.817649
339	-356.705991	-357.003019
1433	-325.729800	-324.801951
2155	-343.243883	-343.110486
384	-343.291812	-344.216471
37	-381.587333	-378.800860
550	-319.568017	-319.888014
670	-324.618078	-324.609031
3939	-317.386479	-319.776112
3769	-304.586424	-305.267387
158	-308.540079	-308.516643
439	-288.690999	-287.487192
374	-372.796889	-368.613716
2865	-342.307696	-342.980430
1569	-234.503085	-233.241901
3462	-272.538255	-272.868146
330	-286.408473	-286.995857
710	-340.625597	-340.670229
3792	-360.525610	-359.586042
1435	-193.963318	-195.160095
473	-346.828378	-344.015536
1032	-346.816694	-343.768965
2655	-235.723792	-235.945247
1955	-339.498757	-341.669740
3332	-376.610619	-384.016684
1588	-323.678800	-322.966666
3896	-307.280331	-308.951787
2908	-271.620997	-272.399837
3746	-309.736797	-312.076804
416	-271.318448	-271.619580
945	-264.243028	-265.685560
3892	-271.608843	-270.625540
287	-307.560718	-307.118544
1255	-381.635881	-382.858249
3357	-361.779217	-362.286323
904	-345.608456	-344.521098
392	-345.637570	-342.808249
3742	-271.272557	-272.524732
3157	-335.619981	-334.861271
379	-391.337881	-392.292903
16	-273.806874	-273.648079
2634	-326.927446	-327.744261
2597	-412.494644	-403.643275
2195	-289.873479	-290.762176
62	-309.677968	-308.351131
1570	-325.783642	-321.815221
1856	-321.958301	-321.743557
1931	-310.900102	-308.515791
620	-346.820834	-345.114854
415	-309.692626	-310.879718
3362	-345.632413	-344.451099
519	-309.687078	-306.428095
2955	-346.822341	-344.815833
1167	-309.729139	-308.265187
3522	-309.691414	-309.237652
1881	-361.772040	-364.356832
1123	-375.393636	-374.793404
1427	-340.646339	-339.171603
270	-372.752005	-367.276845
3154	-309.714008	-309.656099
2204	-310.904876	-311.385740
3517	-396.475511	-389.322835
857	-245.711897	-246.679836
2254	-359.388326	-358.280414
1070	-361.752301	-358.717652
2011	-270.099401	-271.429163
3425	-324.547564	-323.577938
1935	-361.677841	-358.856365
116	-346.831175	-346.877249
316	-341.858490	-341.433807
3132	-309.670613	-310.876228
1257	-346.855622	-345.671969
1413	-247.214861	-251.403980
1714	-132.718150	-132.880278
856	-324.568212	-324.911514
3876	-304.574737	-305.144026
2514	-354.197108	-355.106865
114	-361.772743	-359.102345
2848	-339.419688	-342.305453
3406	-286.459793	-286.479976
3461	-320.776316	-318.281273
276	-380.379743	-384.628044
1803	-270.394458	-271.645839
1609	-210.001565	-211.409021
2775	-382.812383	-384.178493
584	-309.681686	-309.910962
275	-344.442225	-344.471484
2570	-324.626187	-325.479431
3975	-309.693760	-307.185006
149	-380.415966	-380.465055
1047	-346.836177	-348.018599
981	-303.499320	-300.557391
3930	-338.542975	-338.256035
2294	-341.831947	-345.852244
3875	-309.655400	-308.660125
1132	-310.938583	-311.649311
145	-310.929561	-310.493599
601	-324.603558	-326.746177
3149	-372.694726	-369.884185
1919	-407.364323	-394.723534
2174	-324.606491	-326.507935
955	-345.632414	-343.546324
1068	-308.470010	-311.184642
1348	-309.683859	-309.679601
3923	-309.737951	-310.456787
408	-208.863267	-209.383849
308	-303.428586	-303.796973
451	-362.932378	-362.227048
2971	-312.131841	-312.303869
808	-320.774349	-322.840144
1837	-381.574917	-381.908823
3756	-326.943546	-328.264286
2675	-303.787203	-303.026065
1734	-359.354596	-360.147842
3712	-300.148891	-302.119390
1250	-309.686189	-310.056602
3518	-340.655390	-343.497398
1916	-360.557411	-360.520676
3684	-362.958208	-363.333501
923	-322.135797	-320.580742
2945	-307.281910	-308.413853
3122	-232.329070	-231.937876
836	-324.606601	-324.441075
3595	-345.600227	-346.523954
1757	-285.313612	-284.353338
2817	-340.641240	-343.165422
317	-325.797397	-323.551414
3297	-360.526636	-363.291435
478	-119.052475	-120.220864
3767	-324.568597	-324.718137
2587	-376.609234	-375.867156
1222	-325.805865	-326.042860
1114	-302.353948	-299.654219
1454	-288.652757	-288.763648
3507	-376.594067	-376.983839
2160	-345.674929	-346.233053
660	-271.630416	-270.167796
3206	-346.853173	-344.233839
2168	-310.899911	-311.855282
1177	-325.808092	-325.680005
595	-340.652012	-337.716021
3208	-288.572843	-287.170587
3040	-360.506446	-360.847576
3288	-348.045786	-348.930628
1926	-273.773955	-272.373923
3795	-310.908453	-312.613239
3668	-309.700336	-309.838846
3740	-356.684693	-358.800820
2451	-359.328735	-358.069480
541	-325.714161	-324.491117
1695	-344.411060	-340.444846
1176	-288.584832	-286.874679
2970	-339.501361	-341.758758
325	-345.637577	-346.730728
1452	-308.467331	-306.873409
2471	-288.628801	-288.687291
2240	-381.627040	-381.882627
626	-288.653249	-289.613689
2770	-288.588657	-286.727658
824	-310.952875	-312.943540
3586	-287.506415	-288.929764
1782	-308.555419	-309.882860
373	-379.522177	-378.058702
1877	-287.407788	-288.987003
2452	-344.424745	-343.957832
2326	-320.768781	-318.620784
2100	-343.199390	-343.970890
1378	-346.867789	-345.110915
245	-340.656722	-340.797459
1858	-343.238086	-342.724207
971	-324.624537	-325.242995
611	-248.364357	-249.531450
163	-319.624414	-317.606173
2323	-310.954565	-310.877162
2907	-344.466563	-343.918158
1244	-345.616998	-346.113903
819	-276.204532	-275.663134
3818	-308.470796	-306.495751
2618	-361.768020	-364.241798
323	-309.647349	-308.298367
1763	-325.799404	-326.147884
1207	-324.584396	-323.213601
3539	-324.625415	-326.195467
1774	-324.585556	-324.804452
382	-344.494711	-343.617717
3319	-376.604793	-377.076732
3703	-287.697316	-287.926435
3485	-324.614459	-325.741371
2135	-346.861074	-349.365660
2322	-355.508682	-351.992994
3858	-308.459001	-308.958014
2169	-356.733974	-356.851864
625	-308.514390	-309.716250
1660	-274.985107	-275.605190
1581	-345.660520	-345.707025
2965	-344.689237	-341.821855
2664	-348.047695	-345.805759
3799	-291.018995	-292.616907
823	-361.732840	-360.888737
2330	-287.681216	-286.883370
2487	-361.694757	-362.340355
1868	-326.949224	-327.354250
2339	-326.954728	-329.020654
2868	-270.407057	-268.123810
3574	-398.876124	-396.663418
976	-382.776658	-384.051034
2138	-340.684371	-342.618976
2286	-309.728265	-311.192255
3491	-361.750275	-360.978131
558	-344.464151	-344.572333
1400	-306.067385	-305.790844
3180	-323.669200	-323.964881
3035	-344.404557	-340.244777
2494	-274.984732	-274.306595
3248	-322.477268	-318.359912
1240	-310.907666	-310.576403
1728	-362.942862	-364.445900
1863	-381.631601	-382.632952
3785	-348.045948	-348.657813
1944	-325.796840	-325.919829
774	-395.551843	-391.289122
968	-308.470667	-307.730247
1901	-362.946498	-365.404463
3738	-274.982053	-273.177617
3828	-288.650589	-289.402977
2819	-360.551444	-359.255007
1932	-310.911279	-311.887305
3337	-286.438448	-288.245568
3535	-323.235679	-322.156491
926	-345.680086	-344.969547
3325	-341.836362	-341.957223
1273	-355.513035	-359.688798
2153	-309.673226	-308.561274
1057	-391.518453	-373.307628
1229	-288.582662	-289.130748
705	-362.953848	-362.972901
2778	-325.711441	-326.472295
3409	-356.696744	-355.830743
1031	-304.643927	-304.560108
1237	-360.542541	-364.629937
1810	-288.653294	-289.903589
2566	-346.832253	-344.394953
3234	-287.349937	-287.538132
3846	-318.393987	-310.318930
3955	-323.391458	-324.085099
521	-262.065493	-264.767663
3273	-288.589678	-289.021276
2175	-324.545475	-325.501426
2930	-310.906738	-311.356744
1499	-320.779994	-319.572129
1669	-287.426878	-289.443353
2972	-320.764992	-321.067352
462	-234.474088	-235.575186
3991	-372.765028	-369.188511
1930	-341.835805	-343.865619
720	-381.594735	-380.860980
2733	-310.940764	-311.746052
3536	-352.836930	-349.310981
2718	-382.782995	-383.374009
3652	-361.720088	-362.214596
2458	-361.683558	-361.099803
2988	-310.923406	-312.260488
958	-302.599262	-301.610829
1003	-308.516378	-310.056756
2852	-274.986857	-275.521905
2020	-272.514099	-271.040124
1649	-346.868661	-348.219471
3469	-356.686540	-357.058059
3583	-325.721011	-325.302029
1840	-360.536972	-358.607425
2053	-320.769272	-319.307246
2117	-346.839895	-347.309869
1438	-356.728392	-356.389585
3768	-227.338075	-228.621236
3914	-325.805781	-325.850483
2529	-229.969129	-227.848678
3752	-345.686524	-344.790686
1627	-301.363590	-301.874891
3532	-344.464356	-341.395174
2211	-340.648620	-340.165984
3550	-341.825957	-342.125042
2078	-324.575989	-325.846500
1036	-340.609236	-341.494143
3450	-382.824468	-381.585748
3778	-309.700675	-309.118711
2196	-338.559964	-338.978847
146	-377.813815	-372.549598
3307	-318.647923	-319.412196
3025	-324.573338	-324.969293
751	-361.724921	-359.128537
2102	-361.723581	-359.484446
762	-346.863396	-347.491577
2937	-324.573883	-329.695021
2366	-286.466852	-287.064259
3487	-210.101789	-209.860297
467	-273.793804	-273.352782
3692	-281.505078	-281.309662
906	-383.969892	-379.624283
2180	-340.665904	-337.807922
1453	-309.720334	-310.478720
2984	-362.935648	-361.794356
1899	-308.478846	-306.058850
3071	-273.789182	-273.714757
44	-309.735489	-309.731327
1866	-310.940708	-310.802363
3324	-345.641848	-346.850430
3194	-301.367422	-301.411306
1558	-270.389386	-269.874245
1748	-288.688929	-286.481231
1752	-296.265627	-295.824202
1635	-360.520081	-362.677759
2165	-319.567241	-321.088464
1405	-361.711854	-353.382946
2403	-326.955365	-326.862116
3019	-301.357437	-302.218977
1224	-308.420805	-308.073283
1338	-320.793141	-320.286514
1670	-269.230258	-269.746900
2144	-324.574829	-324.859937
2923	-325.801905	-324.669017
1469	-324.444698	-324.557214
682	-302.303791	-302.308026
925	-307.567279	-303.345190
3589	-324.543443	-325.727640
1160	-286.467220	-285.373819
2094	-325.812885	-325.776118
2435	-229.013797	-218.097911
894	-338.247875	-342.329786
1314	-324.460304	-324.902543
2223	-288.657055	-288.273787
117	-211.295163	-211.709621
1845	-302.309526	-305.765761
2902	-271.653205	-272.943569
3431	-323.229212	-327.168854
1340	-271.616723	-273.482160
3277	-354.254979	-356.229146
3683	-308.510782	-309.031814
3116	-312.128429	-312.012442
1370	-242.180146	-242.710447
3201	-346.845480	-348.208282
3874	-323.344889	-324.939194
2946	-345.649552	-345.964848
291	-304.683134	-303.586004
2650	-361.727711	-362.783080
386	-325.776001	-326.847464
935	-269.154939	-268.454890
1203	-261.802956	-256.948579
3632	-340.612805	-340.324704
557	-312.122696	-312.609106
2809	-344.506029	-342.728591
1696	-320.785074	-320.696499
1986	-344.459234	-344.172057
984	-248.443503	-249.540554
3006	-308.470648	-311.418361
2191	-359.317050	-360.972269
3682	-291.017820	-292.811578
1775	-306.353871	-305.643796
3722	-308.759135	-311.350796
2541	-341.834413	-341.500164
3418	-308.467120	-309.846547
134	-308.516376	-309.663504
1947	-303.533559	-306.160174
3786	-308.759185	-307.646596
645	-308.540795	-306.853732
1642	-344.345376	-341.099516
1329	-309.710338	-306.988972
3442	-381.635659	-383.741595
39	-340.687222	-342.689311
1004	-355.416555	-356.341321
2108	-267.944278	-269.381108
3917	-274.985822	-276.159616
2344	-305.915175	-305.595416
3048	-381.616883	-382.872849
3644	-345.587398	-344.371119
1941	-286.206129	-288.243487
2093	-324.473588	-323.185195
1464	-381.610550	-383.101290
2040	-317.409527	-317.075275
3351	-285.306999	-284.909851
2888	-361.704536	-362.456587
3820	-340.655117	-341.733696
1890	-371.608385	-356.022297
2967	-305.841708	-306.129120
847	-324.608363	-323.253260
1420	-286.516174	-286.347774
1793	-325.725688	-326.586415
3556	-276.202384	-277.713387
1178	-382.751729	-381.461821
997	-361.688335	-366.310624
800	-324.611571	-324.043398
2631	-380.316551	-379.477767
2726	-324.475651	-323.809223
3240	-338.234966	-336.876677
3941	-231.108368	-234.356461
2987	-271.618137	-271.713615
3334	-325.800680	-327.556288
2140	-325.715372	-325.910775
3111	-318.340705	-324.453369
2030	-273.804223	-275.650044
1564	-288.555332	-288.725867
2525	-324.569051	-324.959613
1842	-362.894239	-361.582773
334	-245.983375	-245.006146
3927	-323.326298	-322.709397
3129	-361.692023	-361.091799
2208	-286.486509	-287.340294
695	-345.700085	-347.183667
3119	-301.090914	-297.489023
2904	-302.545112	-300.667721
3965	-273.764529	-274.790361
3964	-336.853985	-334.666327
709	-286.134079	-288.008098
3813	-340.620847	-341.072251
2301	-324.616647	-324.546452
2794	-304.681399	-302.320324
619	-325.787161	-325.500917
55	-335.683118	-334.244690
2953	-348.047609	-344.884857
1336	-334.362330	-332.242094
3671	-326.941692	-329.620078
732	-327.023478	-324.708421
2973	-324.604156	-322.943426
2351	-304.614169	-304.963371
1619	-340.600021	-341.957311
1765	-285.335887	-285.256076
3024	-251.729571	-254.309249
1027	-360.529992	-358.744769
105	-309.727110	-310.322977
1779	-288.583563	-288.991827
636	-382.818623	-374.898166
1836	-268.273739	-267.726864
716	-325.758431	-324.931148
262	-345.647032	-347.158021
3145	-324.570872	-325.655856
1290	-345.660459	-347.657676
2051	-325.790442	-323.764327
730	-336.821088	-339.389424
92	-301.343578	-302.498740
1095	-324.603415	-325.315262
897	-345.659998	-346.906060
3901	-346.822424	-344.430464
1828	-284.993731	-285.767298
2766	-285.279992	-284.082705
2338	-268.888303	-266.997327
110	-346.869123	-346.312785
1959	-324.603913	-323.320555
2826	-308.764658	-308.689382
1434	-344.482088	-342.296361
3568	-308.468418	-307.683113
3427	-325.793904	-326.772372
2629	-356.679047	-359.754770
2480	-344.385369	-344.424016
1153	-325.764669	-327.203771
1428	-265.391486	-266.703423
1439	-340.590431	-341.921680
256	-308.741915	-306.032311
1046	-271.618580	-271.192836
3007	-319.573727	-319.775456
3771	-309.655144	-307.649233
1889	-361.731388	-361.661477
3691	-352.852117	-342.642941
246	-313.537245	-308.513786
264	-339.450073	-343.759887
829	-310.909285	-311.540705
2235	-318.409670	-311.357474
225	-346.842403	-343.287950
3205	-341.842686	-344.152925
2614	-232.164586	-233.844441
1096	-309.689595	-309.663731
2688	-284.964138	-287.050200
3948	-340.614465	-340.707984
712	-294.081616	-270.776671
443	-325.754109	-325.014017
2779	-381.606362	-383.518924
628	-325.726991	-325.061436
1758	-271.616401	-270.389388
630	-273.762561	-273.066960
402	-312.124533	-311.543881
347	-309.687405	-309.771225
3670	-286.248451	-285.141607
3972	-359.339915	-364.391418
1084	-309.711894	-307.809279
238	-233.253760	-234.099012
3436	-361.762744	-356.614117
651	-232.334436	-232.223009
3864	-288.639421	-285.898377
1894	-360.532510	-359.882604
1904	-304.752598	-300.910803
1799	-346.861635	-349.334975
2104	-379.006904	-375.436481
2506	-307.526911	-304.877800
1313	-324.502042	-325.194956
307	-302.239101	-302.350657
1424	-212.438188	-213.878856
1039	-360.575277	-363.081069
2433	-324.552283	-325.292585
949	-344.463502	-343.684640
3230	-344.454591	-344.414902
431	-361.712798	-358.398190
215	-356.645883	-357.754552
430	-307.543210	-307.134973
121	-361.711483	-360.769402
3127	-327.010419	-327.238864
909	-325.789320	-327.430086
1	-360.499843	-358.988204
1261	-268.282665	-269.235947
2643	-372.711859	-376.442933
3907	-291.017966	-290.121586
3274	-196.407957	-196.211042
812	-308.509197	-311.302682
861	-360.488871	-358.269177
2178	-339.455981	-340.352996
953	-392.650949	-388.288233
545	-356.698773	-361.591011
1194	-381.612648	-381.252986
2702	-309.685148	-309.256207
3598	-340.671493	-341.260648
2421	-249.395323	-248.823993
1217	-325.773675	-326.862094
1872	-272.566631	-270.151097
2397	-308.772292	-308.858112
1685	-338.273553	-333.418341
2453	-268.273240	-264.096863
2406	-306.386594	-306.858884
3169	-310.902849	-311.826023
383	-361.702346	-356.065319
1515	-360.502298	-364.712809
2499	-376.539208	-376.045244
2816	-310.905786	-312.338316
1878	-346.819711	-345.981430
3791	-360.491959	-363.894955
3211	-310.908555	-312.381978
3044	-363.519194	-365.367522
1485	-309.731369	-310.664955
1350	-343.076530	-345.243618
2599	-355.457663	-360.551608
1727	-324.606977	-325.786883
1811	-346.855968	-346.174726
2251	-430.448052	-390.310314
458	-340.699868	-338.733403
3913	-308.551230	-309.718694
961	-326.950279	-329.689118
1349	-286.542391	-286.211689
2333	-338.234590	-331.587890
2275	-312.122563	-310.192936
842	-360.514766	-361.854760
73	-233.293627	-234.125818
448	-346.831139	-344.701927
3585	-308.497008	-307.631473
2357	-325.754267	-326.105404
3817	-288.554600	-287.980004
2832	-250.585843	-250.109701
1187	-264.235803	-266.021159
197	-233.549368	-234.216556
3946	-286.438084	-284.361804
417	-344.440065	-341.380634
3968	-287.425634	-289.338286
1403	-308.462299	-310.449879
1871	-306.406578	-306.249338
3906	-309.685651	-311.249769
2845	-307.602080	-308.987458
1143	-367.635675	-348.048952
2154	-360.512793	-360.502920
130	-274.988525	-272.720258
3848	-324.564634	-324.419550
2846	-273.780933	-274.645649
3872	-340.691219	-338.202816
3212	-360.575745	-359.516419
2896	-356.725069	-358.680385
3177	-287.662612	-284.702768
3380	-345.606939	-343.798427
3301	-371.491061	-374.708580
3099	-324.530718	-324.842522
689	-341.818686	-340.489707
2071	-246.029150	-244.781144
397	-288.630839	-288.536067
3605	-372.755216	-368.110319
846	-270.434394	-268.278051
3193	-320.725883	-321.748505
3143	-286.432042	-285.380430
1969	-360.529678	-361.720487
1848	-273.769835	-273.110158
2146	-310.932540	-311.041264
98	-303.553222	-303.553117
899	-321.230055	-323.291247
2197	-309.684327	-310.761892
2026	-272.837907	-272.480255
2054	-302.588564	-302.612024
54	-195.186228	-193.604586
614	-383.982605	-386.307485
346	-307.586014	-307.487793
3112	-327.021680	-326.339390
1529	-354.275774	-354.317395
2932	-285.320198	-285.101351
2021	-346.818246	-347.099615
440	-307.226474	-307.912082
2769	-376.563238	-380.591980
826	-248.137789	-248.170649
3454	-376.600944	-377.842644
3784	-344.450127	-343.696931
3113	-324.531139	-325.451180
2820	-308.557865	-306.663690
3819	-397.692021	-397.799516
393	-323.334482	-321.725035
491	-287.737498	-287.936244
2843	-308.509454	-308.630449
666	-381.593528	-380.529663
201	-308.561649	-310.152910
3661	-287.358011	-287.803634
1792	-363.504227	-361.020985
2706	-345.667357	-340.676014
3182	-287.440436	-287.281751
3458	-345.693035	-345.609005
1824	-336.855265	-336.503649
2500	-286.498235	-285.771220
2052	-325.809179	-325.968268
1259	-288.590804	-288.935170
2261	-233.260156	-236.246217
433	-396.498209	-397.542636
1296	-345.612257	-345.303094
1623	-229.615446	-227.699077
2701	-326.942959	-329.670475
2520	-307.284294	-308.027518
1732	-269.170665	-269.311514
3441	-372.686714	-366.677247
1300	-324.595031	-324.682982
1478	-309.691634	-310.142167
2637	-325.687098	-326.727628
1078	-309.738888	-309.180227
3215	-320.793270	-319.403617
1981	-306.313924	-304.347550
2881	-345.594203	-342.470573
3221	-308.477915	-308.943162
3136	-340.660061	-338.960025
3363	-345.658313	-350.537587
2507	-291.014750	-291.720781
22	-324.575190	-322.975161
185	-361.726913	-360.936909
3285	-247.192524	-246.494983
2777	-336.817321	-336.485729
3053	-490.831786	-456.239303
3381	-309.731402	-311.132012
3557	-344.382663	-346.640827
2754	-309.674575	-304.563961
2273	-324.579188	-324.437743
2141	-307.287454	-308.817467
