no_training:3000	no_test:993file identifier	 training data
518	-289.791234
3395	-248.436061
210	-362.938898
3159	-324.612512
2274	-308.463553
664	-335.632054
3233	-304.691526
122	-339.419649
1854	-382.743932
3938	-345.645388
3258	-324.473847
130	-274.988525
630	-273.762561
2412	-310.904086
1041	-371.504707
2462	-325.752244
821	-307.566593
897	-345.659998
3253	-281.476938
3859	-308.499978
316	-341.858490
468	-322.150234
3580	-345.661657
3596	-285.328258
2206	-312.126404
29	-344.425700
127	-322.216227
3106	-273.735646
474	-281.476832
1901	-362.946498
2507	-291.014750
895	-356.728690
2106	-286.476486
3475	-321.247305
657	-270.392759
3282	-362.972786
1242	-308.508254
771	-346.903261
2646	-325.800095
3127	-327.010419
2422	-325.718957
3728	-234.474951
2402	-235.696227
1688	-324.567893
3150	-310.942587
3299	-325.725069
1510	-322.425235
2832	-250.585843
1753	-375.351387
1750	-287.645651
2191	-359.317050
508	-325.801512
2198	-382.804255
1677	-344.412416
2539	-321.276274
1886	-302.286171
2269	-308.452310
1579	-288.589020
2055	-304.724717
918	-310.917344
2493	-346.822460
1443	-346.867442
2535	-272.835594
2067	-280.248350
247	-304.688358
253	-305.838224
559	-362.935404
2956	-360.528914
3815	-288.574763
489	-356.745773
1770	-309.719198
836	-324.606601
536	-323.348544
2847	-307.566260
1791	-272.554824
70	-346.874234
2038	-348.056093
3023	-323.343769
250	-360.538828
809	-361.738091
2497	-325.763216
3897	-324.519277
2186	-320.782523
2172	-308.472272
117	-211.295163
3890	-341.849730
249	-306.347185
3458	-345.693035
1274	-309.686648
1777	-265.408147
47	-247.225618
1975	-341.829025
3487	-210.101789
2573	-307.303421
2024	-306.349032
1622	-346.869712
1837	-381.574917
3603	-326.952955
3394	-376.613178
386	-325.776001
390	-306.070291
246	-313.537245
1659	-487.002792
2365	-345.689766
3791	-360.491959
3922	-270.394284
3041	-345.692143
3931	-288.683173
1150	-308.551121
3485	-324.614459
1155	-272.838189
2215	-289.795079
3005	-249.248680
523	-345.565792
2543	-376.588479
796	-344.453746
3047	-285.293918
2665	-348.031230
3540	-321.236907
3867	-356.726146
608	-309.688960
3954	-271.611366
1087	-324.508933
824	-310.952875
309	-309.718312
502	-306.349558
2563	-247.215049
3273	-288.589678
3082	-272.586248
2082	-302.567313
446	-305.831164
3201	-346.845480
40	-344.338878
2368	-325.804686
727	-272.562906
3317	-269.177232
1771	-287.657053
3057	-301.381127
2437	-356.692640
963	-345.645239
82	-309.701458
2948	-382.790431
2247	-348.046805
1065	-360.485823
759	-398.888473
3756	-326.943546
2317	-308.503515
703	-340.656580
2314	-345.658870
402	-312.124533
937	-306.397642
1344	-341.767606
730	-336.821088
338	-272.544500
2127	-308.519863
3579	-356.677429
3122	-232.329070
2124	-345.600825
2336	-344.433499
955	-345.632414
1428	-265.391486
3956	-345.698757
266	-308.477155
2505	-344.440744
3312	-323.647099
3981	-249.257629
1181	-323.657279
3219	-339.428557
579	-281.480583
3672	-309.689612
2873	-307.545713
3566	-325.830752
677	-324.594116
1651	-273.809498
1217	-325.773675
862	-361.764434
3771	-309.655144
2448	-346.833271
428	-324.570042
1432	-324.522792
554	-340.688787
2159	-324.581067
3886	-270.388222
1794	-325.712420
1630	-323.431776
1445	-396.491525
2802	-325.804486
1705	-286.218259
1719	-232.050342
367	-360.491873
3844	-308.450468
2004	-346.839235
885	-324.623780
61	-308.462933
2155	-343.243883
62	-309.677968
3790	-286.502445
1136	-271.296056
3045	-310.906568
2990	-376.661483
2613	-338.214346
2010	-323.385837
3321	-251.726162
2979	-320.767064
923	-322.135797
3136	-340.660061
1560	-340.645686
748	-324.572987
224	-324.628594
3310	-309.721850
1631	-345.642285
2219	-265.437885
1290	-345.660459
2472	-209.159302
2015	-308.518276
2925	-301.394865
3268	-324.562156
2150	-324.570860
980	-356.743821
3782	-262.035127
3095	-339.431197
2989	-287.317913
647	-338.268974
763	-308.429953
330	-286.408473
2020	-272.514099
1876	-251.732828
152	-306.286325
2229	-319.560814
3189	-324.510378
1513	-306.368494
343	-360.502305
2415	-340.676441
1802	-361.715983
725	-325.725266
2693	-340.638326
2672	-355.556836
1204	-361.704371
982	-307.235414
1161	-308.513516
3309	-274.989422
2389	-361.728546
2001	-346.833365
2359	-360.468392
1576	-247.184334
3049	-324.610004
1354	-382.790027
2458	-361.683558
889	-272.539307
3307	-318.647923
642	-234.476516
260	-359.369049
1818	-371.535911
3752	-345.686524
3215	-320.793270
1895	-324.551432
2021	-346.818246
2340	-310.899612
1462	-312.136049
1028	-360.421732
519	-309.687078
1565	-325.735821
2264	-346.831590
3586	-287.506415
3619	-325.779372
648	-287.422111
48	-304.689512
3262	-235.693825
3304	-346.843297
1393	-271.647465
2635	-323.324700
173	-396.486463
3468	-345.710017
55	-335.683118
1478	-309.691634
3989	-272.542369
1967	-288.573475
2791	-194.254127
1785	-273.751900
2772	-343.232602
3436	-361.762744
3396	-273.815873
2817	-340.641240
1306	-288.682324
1649	-346.868661
2997	-380.371074
3419	-335.590859
2469	-270.392444
2023	-317.402836
2216	-308.505718
746	-273.802095
2697	-360.495788
3699	-355.497878
1037	-306.397746
2690	-231.093096
2016	-308.569875
1064	-276.202311
2356	-323.346816
1974	-345.655745
3606	-310.906553
1998	-324.536830
2910	-307.536915
262	-345.647032
3910	-309.703111
3976	-273.765901
336	-308.524858
1636	-233.551389
162	-232.324966
662	-341.843824
1331	-310.941319
1790	-345.664882
2197	-309.684327
265	-236.916125
3967	-273.758273
3633	-380.412093
1929	-324.551800
1323	-289.811983
2592	-308.486071
1788	-345.646841
604	-320.777491
105	-309.727110
3962	-341.865856
1711	-345.611239
3977	-288.552886
236	-325.758113
198	-303.934323
2273	-324.579188
2063	-344.402806
268	-362.957295
1549	-340.689515
1545	-308.468255
3302	-324.577047
1789	-310.905299
2410	-361.673369
932	-361.764881
1588	-323.678800
2071	-246.029150
3830	-346.817778
3063	-317.413890
3496	-302.303890
919	-272.589999
2333	-338.234590
2349	-301.357553
2226	-276.206257
1468	-345.650338
1406	-375.394844
3024	-251.729571
148	-345.629933
3799	-291.018995
2789	-340.629283
167	-310.912077
1399	-341.826906
3048	-381.616883
3128	-341.867138
628	-325.726991
1295	-346.829652
2281	-345.643890
1694	-273.743311
95	-351.666551
3131	-303.560907
2801	-310.932716
3725	-309.710255
1342	-361.712098
676	-272.584377
1285	-346.860450
1061	-343.531666
2025	-249.363808
3708	-270.397474
928	-345.665412
3379	-273.761967
791	-309.662433
1896	-326.971392
1297	-345.621773
1524	-272.550818
3681	-310.914919
3642	-324.565306
745	-344.464270
3415	-308.495275
2861	-288.654312
2039	-360.553317
1848	-273.769835
3645	-304.681903
2612	-345.627545
568	-303.458583
3175	-309.649998
3162	-324.546164
2795	-379.572458
2713	-310.904631
327	-324.607903
587	-307.283919
422	-288.692943
3748	-376.556657
3119	-301.090914
506	-234.516241
1113	-234.484521
1109	-333.411326
2998	-246.027383
2831	-356.723059
2126	-270.399529
2156	-346.827596
3983	-322.115604
242	-340.623533
3955	-323.391458
1371	-288.596392
2950	-360.498298
2987	-271.618137
1268	-344.411146
3279	-356.732861
3330	-323.360126
2478	-339.450173
284	-360.500454
1671	-309.708282
1742	-288.583008
429	-288.570364
2528	-308.467760
922	-272.844560
49	-396.507540
3375	-324.594534
926	-345.680086
2075	-345.606444
3971	-360.530885
2466	-325.785959
3463	-304.735360
1416	-308.514570
1470	-272.542270
3623	-341.892484
936	-382.773457
1623	-229.615446
2486	-307.239887
964	-291.014970
2650	-361.727711
985	-320.770329
3252	-340.610842
1446	-319.575102
1159	-325.779568
3084	-325.781161
739	-309.678703
3644	-345.587398
3668	-309.700336
3349	-207.916786
2480	-344.385369
1405	-361.711854
790	-341.836780
1163	-397.709232
1304	-356.679729
2680	-340.664901
3846	-318.393987
1607	-303.462115
1072	-272.554773
412	-372.768039
909	-325.789320
2524	-392.642251
2959	-289.795007
3191	-284.360325
2774	-310.910631
1864	-312.133063
956	-230.183076
866	-340.620625
1843	-362.899677
1532	-309.731599
3125	-308.510840
1597	-336.805704
2686	-340.697732
1383	-344.398797
1575	-334.447259
324	-307.534482
1168	-308.454820
199	-309.673895
3148	-324.567513
3187	-272.591906
1582	-361.735290
1360	-362.941781
3975	-309.693760
397	-288.630839
2558	-472.145935
3885	-304.728655
757	-345.678211
3921	-343.218379
3401	-338.175569
2622	-346.829131
2175	-324.545475
1952	-344.408452
3630	-287.660591
2042	-232.364952
1913	-310.912131
3809	-310.902628
3559	-309.721434
1430	-361.720960
2509	-344.380267
2190	-324.574822
354	-285.174014
1467	-345.613895
2053	-320.769272
2073	-345.600119
1916	-360.557411
2996	-324.566568
784	-377.848074
3190	-232.325947
3238	-340.667053
211	-357.939331
2937	-324.573883
3027	-336.811099
3228	-381.648857
1098	-356.649302
380	-307.581989
2302	-492.008892
383	-361.702346
453	-375.430225
2736	-310.922181
1866	-310.940708
852	-361.731511
288	-355.557059
2136	-263.278851
2154	-360.512793
438	-381.565482
1333	-270.359564
2890	-309.738198
2538	-344.417597
2946	-345.649552
100	-361.702143
1240	-310.907666
2651	-273.744309
742	-272.588370
371	-380.374978
3055	-285.313284
3034	-360.418556
2732	-324.579850
2371	-307.253245
2245	-308.434866
2440	-317.433049
3747	-324.521162
3183	-345.642870
1528	-360.446475
3821	-308.427345
1115	-325.773014
3968	-287.425634
2670	-326.934805
1016	-305.129953
1073	-233.249538
3643	-309.660190
1164	-340.611734
3234	-287.349937
1970	-362.897428
1421	-360.526142
1519	-352.874613
2351	-304.614169
3227	-348.043668
3534	-320.785748
140	-309.676929
92	-301.343578
1364	-267.963366
3618	-309.731536
1551	-324.575851
2475	-381.524347
875	-376.554863
3399	-307.229313
3685	-381.602419
2177	-346.868453
1104	-287.315479
2005	-305.155985
1932	-310.911279
1278	-362.942040
2609	-322.351046
473	-346.828378
2324	-346.831385
2876	-360.574465
1032	-346.816694
1170	-310.895183
2325	-273.732431
2148	-309.718089
541	-325.714161
3141	-345.651109
3372	-309.705858
1173	-344.465017
1695	-344.411060
1879	-288.594527
528	-288.538806
3428	-288.564752
3135	-272.569212
1633	-247.201165
1080	-288.570006
665	-288.571762
672	-345.661057
159	-273.773408
3117	-346.824942
2103	-346.834331
2035	-249.294409
3186	-346.829695
2132	-377.826580
3016	-309.730329
14	-302.238859
175	-361.754326
3864	-288.639421
212	-324.605613
3263	-285.326726
256	-308.741915
2054	-302.588564
818	-387.475673
2259	-361.734611
1506	-339.437849
1923	-287.427777
181	-412.528245
8	-272.545439
694	-344.360007
1336	-334.362330
1110	-325.781398
744	-249.332005
970	-310.911364
2305	-376.633716
32	-287.509315
3571	-309.676719
301	-324.570823
478	-119.052475
3120	-309.689111
1756	-326.935440
3988	-309.707600
3366	-323.268818
289	-321.949791
1203	-261.802956
1206	-342.315546
3479	-265.289023
1591	-249.397368
465	-266.553159
441	-380.414967
3345	-312.120708
348	-196.432825
1955	-339.498757
3937	-361.713179
3088	-308.459859
3925	-325.718488
3254	-287.469473
3866	-341.882531
3145	-324.570872
826	-248.137789
2284	-359.298380
1653	-157.116735
1131	-324.580815
3151	-362.873906
1123	-375.393636
720	-381.594735
2970	-339.501361
2812	-381.619786
3932	-360.472117
1311	-288.545722
3688	-322.476720
2969	-286.484904
2265	-360.469291
961	-326.950279
2982	-325.722723
735	-309.716570
3276	-344.508729
3884	-323.333263
3862	-271.646263
1120	-353.283458
2141	-307.287454
2903	-308.505951
1823	-340.656176
3515	-346.852204
3403	-339.424322
627	-359.304956
2017	-310.940345
3285	-247.192524
1127	-345.659797
723	-361.717032
2614	-232.164586
526	-344.430692
287	-307.560718
1283	-345.605635
2517	-308.462063
3350	-339.431591
3210	-336.808333
1472	-306.080007
2783	-272.537685
2087	-286.484121
2088	-362.871515
3472	-340.657197
3126	-360.523204
529	-309.725786
2442	-345.636611
1928	-326.927990
2716	-303.464433
84	-345.610574
1883	-346.839066
2936	-324.504178
3244	-323.320332
3698	-360.508088
2988	-310.923406
988	-341.827199
2717	-309.726244
3796	-341.875439
3325	-341.836362
1011	-310.942660
2193	-383.976576
1469	-324.444698
1102	-116.609549
2405	-318.344936
355	-273.761263
1722	-362.946707
1716	-325.784331
3526	-249.285024
2116	-340.646768
420	-362.950092
1728	-362.942862
1536	-324.492974
3858	-308.459001
3306	-361.650084
2200	-344.426799
3270	-273.788787
863	-285.288405
201	-308.561649
1246	-318.406529
1892	-382.805933
1781	-324.582445
570	-275.012535
2263	-274.983122
1680	-377.842223
1410	-273.759553
2653	-361.749428
2387	-391.391111
728	-309.678404
2100	-343.199390
3303	-272.589883
3666	-309.735874
2840	-284.048718
3319	-376.604793
3557	-344.382663
1590	-344.415609
3568	-308.468418
594	-325.809558
215	-356.645883
1233	-265.440660
1714	-132.718150
2906	-340.657508
2454	-288.578155
1043	-324.605875
3590	-340.660106
3923	-309.737951
524	-308.507004
2687	-377.816463
835	-320.740782
1987	-325.775071
1758	-271.616401
1381	-303.795699
2515	-323.341413
787	-360.525379
365	-361.740208
976	-382.776658
3182	-287.440436
819	-276.204532
3466	-325.794624
643	-345.663386
479	-77.308427
1516	-249.358446
2537	-317.434422
1081	-310.912796
22	-324.575190
437	-309.705971
418	-324.565412
2205	-318.391203
2850	-288.580309
816	-356.748545
67	-172.006141
1950	-232.331230
2383	-324.593866
2240	-381.627040
1476	-308.455419
3489	-308.508824
1058	-324.585402
3674	-309.731169
1279	-377.837977
2810	-273.763107
3945	-304.737186
456	-336.811524
459	-348.056615
2726	-324.475651
1179	-343.195060
3903	-340.636306
2644	-320.786990
1153	-325.764669
2301	-324.616647
2261	-233.260156
3797	-376.587519
1629	-272.526778
3587	-322.421320
3406	-286.459793
1351	-309.733696
1593	-335.598739
3969	-324.609784
1083	-309.726295
1448	-372.747155
1595	-309.686571
1135	-310.903412
2552	-340.624424
74	-310.918822
2862	-309.693471
1305	-319.621560
2826	-308.764658
2255	-360.513163
1089	-344.451793
3713	-325.748400
805	-309.658574
3578	-286.432515
171	-361.745138
1764	-304.725676
104	-360.574432
3073	-309.734862
1969	-360.529678
605	-456.103432
2918	-271.326117
2304	-286.431160
1605	-345.703157
273	-323.312375
3905	-395.515911
3965	-273.764529
1149	-325.796862
1051	-346.860404
3960	-336.825944
178	-188.042067
962	-376.587043
831	-346.867207
622	-341.886905
3482	-281.480993
505	-338.531538
1450	-273.757658
124	-271.621961
925	-307.567279
3501	-318.409788
2530	-345.673444
1564	-288.555332
2675	-303.787203
1267	-341.841438
3138	-345.651520
2895	-273.764673
87	-490.834069
1439	-340.590431
2887	-345.641890
2120	-381.630205
1379	-325.731549
1213	-324.530103
878	-308.466070
2796	-345.678871
1831	-323.386306
1269	-307.563525
2362	-305.134491
1191	-360.510716
2138	-340.684371
794	-248.143861
366	-324.576206
3202	-310.908741
1990	-281.482892
3620	-359.351415
2300	-453.655583
817	-345.619715
2406	-306.386594
2809	-344.506029
2816	-310.905786
1500	-345.609230
3661	-287.358011
710	-340.625597
2080	-325.793131
3004	-288.652346
3454	-376.600944
206	-309.688611
1340	-271.616723
3530	-309.739069
3459	-346.831382
581	-287.683128
3823	-303.527274
3450	-382.824468
3807	-361.706503
363	-320.778723
2654	-304.679740
666	-381.593528
3828	-288.650589
2450	-312.124760
2267	-291.016020
3043	-196.405320
1747	-360.559076
414	-192.762455
166	-325.729970
636	-382.818623
1130	-346.826923
2319	-271.316064
2610	-309.711468
1	-360.499843
2859	-362.909074
3237	-303.553222
3853	-271.336383
3178	-345.605421
2107	-325.766177
2166	-343.239068
225	-346.842403
2775	-382.812383
2341	-377.784360
3380	-345.606939
3777	-339.431092
2648	-325.728744
545	-356.698773
1800	-212.439286
782	-361.678341
1442	-308.465594
1389	-272.510742
1808	-356.676972
2888	-361.704536
1930	-341.835805
2421	-249.395323
671	-310.897268
3949	-359.301320
1985	-339.481708
1703	-286.154755
969	-325.797425
1664	-310.904974
722	-310.935212
1228	-345.640969
2482	-268.321270
3077	-336.822591
476	-397.686127
3700	-361.717469
2211	-340.648620
2099	-288.573876
2179	-361.698233
448	-346.831139
1596	-492.022084
1699	-272.541597
656	-376.605347
2853	-325.794835
2763	-272.548325
849	-360.532987
462	-234.474088
3569	-272.588302
318	-310.954514
967	-372.742461
97	-286.495035
2939	-352.864008
3839	-231.155780
431	-361.712798
3622	-304.726439
2084	-361.708021
580	-360.537290
1760	-326.940002
652	-345.620593
2130	-271.612772
1956	-308.461475
442	-356.712228
1341	-301.373831
157	-376.519880
75	-381.566310
851	-270.117027
2628	-359.341296
2495	-307.596472
2966	-308.428791
475	-304.691568
2698	-344.434438
3659	-340.683837
1911	-272.582516
41	-345.649146
1033	-339.482903
499	-340.611683
1182	-304.738393
1861	-235.696852
1887	-361.696319
3176	-432.852890
1674	-360.499243
3080	-344.436248
3357	-361.779217
1979	-308.462923
3500	-323.345473
2933	-360.538112
1731	-381.565314
804	-248.395289
2633	-324.627681
3896	-307.280331
3545	-310.915918
1531	-345.640098
3086	-360.507527
741	-344.434318
2932	-285.320198
2572	-360.495461
3510	-340.674744
2978	-340.669862
3156	-362.941094
282	-325.714378
900	-288.561991
753	-361.710299
1508	-308.462196
2385	-310.911571
3879	-339.483894
795	-246.023231
1427	-340.646339
2607	-275.007113
2727	-271.330291
635	-324.578381
2391	-310.927566
2798	-307.259167
3794	-317.361117
3881	-357.951284
168	-325.810050
3861	-234.486176
2921	-310.904813
2145	-346.844016
3026	-250.478855
3271	-454.878708
2241	-346.857051
1737	-323.398064
1675	-271.277972
3297	-360.526636
1562	-309.676327
3917	-274.985822
2942	-325.778444
752	-324.557693
0	-351.615495
1491	-344.421383
2407	-377.829134
1480	-324.584824
793	-326.950540
1748	-288.688929
3504	-308.561061
3438	-312.132858
286	-324.563745
2101	-361.717364
421	-288.627624
2008	-336.802659
1014	-301.385442
2865	-342.307696
188	-339.406341
3008	-323.359336
690	-375.420808
1463	-362.938449
220	-276.205821
864	-323.337623
3144	-308.472241
1813	-307.550360
1334	-273.765782
1338	-320.793141
3585	-308.497008
11	-356.688211
691	-361.734668
3483	-308.500974
2834	-325.699665
2303	-309.719920
2943	-340.654874
312	-234.485640
2323	-310.954565
1569	-234.503085
239	-270.446608
1151	-392.620909
3360	-382.810709
3660	-288.651313
2334	-472.135006
1365	-361.755045
374	-372.796889
2602	-345.645491
3336	-308.477672
2994	-345.597078
965	-323.329385
300	-324.602433
3891	-346.821929
1921	-310.904960
3477	-348.046236
3002	-269.479234
2546	-248.018573
673	-345.680831
712	-294.081616
112	-340.648166
1723	-307.290176
1186	-359.296697
2562	-375.357530
1286	-310.906869
362	-289.871990
2652	-317.377404
2027	-376.585000
2183	-339.459869
3638	-306.320806
726	-346.870614
975	-357.171724
3533	-232.036378
2381	-346.856604
3274	-196.407957
984	-248.443503
409	-306.383308
3039	-341.851538
599	-343.312201
1698	-325.800949
941	-340.652570
1761	-376.622507
998	-302.306196
972	-341.869909
3184	-308.439671
1046	-271.618580
1665	-336.802871
1610	-196.406419
3177	-287.662612
2298	-270.396464
1465	-382.796989
838	-361.709679
1795	-356.736238
2268	-302.558547
228	-346.859384
2689	-309.673807
2288	-345.612787
3248	-322.477268
2738	-324.555069
1029	-325.751230
3158	-269.271320
2673	-345.652182
1031	-304.643927
670	-324.618078
2503	-345.653983
2611	-346.824672
213	-249.281074
3033	-325.785262
987	-273.765811
546	-306.365166
3883	-308.516508
2749	-340.645995
3547	-324.582904
1215	-335.566430
1855	-360.497728
1587	-322.133444
461	-273.773506
1841	-325.788368
3059	-363.508158
2685	-344.426408
1878	-346.819711
2668	-310.906004
1824	-336.855265
180	-360.505528
449	-325.753993
701	-265.396194
1683	-346.829154
1912	-310.915653
2835	-362.925466
1484	-273.817328
3070	-281.491976
158	-308.540079
2379	-361.769162
943	-303.497783
1255	-381.635881
193	-307.285557
2135	-346.861074
1216	-308.465534
2548	-340.654465
118	-352.905052
3691	-352.852117
1806	-324.610229
1235	-265.447270
2676	-325.784384
176	-308.554162
1394	-396.500849
1678	-310.955296
53	-285.330157
2723	-324.554067
1898	-360.497612
3324	-345.641848
33	-264.504487
661	-335.635079
3392	-361.774979
457	-380.372151
2372	-322.217569
1250	-309.686189
1833	-302.579718
2745	-322.118085
3289	-270.437636
277	-302.288351
1525	-345.608193
2907	-344.466563
841	-361.736259
1358	-340.682075
1180	-306.364186
687	-346.841762
2279	-309.711101
3528	-233.262752
3192	-313.554802
2285	-340.578657
1726	-381.506605
3203	-308.459279
319	-352.845678
785	-273.796695
2984	-362.935648
607	-301.373496
3857	-340.686134
1006	-336.843788
2030	-273.804223
1850	-323.407987
214	-348.052027
1961	-197.629416
3405	-269.206920
129	-308.512092
1971	-362.906662
3826	-372.742383
81	-318.390876
1601	-345.646864
2270	-355.497046
2117	-346.839895
3704	-348.035847
407	-287.508781
3865	-362.899954
435	-306.309029
2957	-323.644468
1252	-301.395982
1466	-340.657975
2667	-308.455402
1663	-232.351764
1641	-340.647224
144	-271.323089
2238	-281.495234
119	-327.012568
1345	-376.540686
2504	-325.805550
3097	-309.716094
2902	-271.653205
322	-346.832352
2947	-355.510313
3486	-437.484875
3327	-348.059242
2168	-310.899911
1741	-345.629842
3146	-289.872162
3037	-288.567911
3078	-383.966179
2477	-360.539944
141	-287.734664
3597	-360.539435
3149	-372.694726
1315	-288.533780
447	-271.627826
3741	-169.860788
1942	-382.751274
1034	-356.732791
1882	-273.764420
3838	-271.318933
1391	-323.317575
3314	-305.846541
3542	-344.409533
868	-312.124574
2531	-157.115484
360	-346.890881
2818	-335.618370
3065	-344.486202
1624	-340.670034
2819	-360.551444
2981	-327.026688
303	-375.328197
3085	-322.130736
3170	-271.626697
350	-320.793580
3355	-345.648365
1963	-325.761942
1514	-320.781098
2868	-270.407057
908	-310.911406
3402	-234.522504
2894	-309.717750
989	-272.839582
3028	-346.861640
2811	-326.944158
2210	-325.710772
3943	-376.602183
3365	-396.458774
1639	-345.640072
3635	-308.475489
1205	-304.682331
3525	-340.662316
1619	-340.600021
1644	-325.774769
1973	-340.637231
2248	-377.773452
382	-344.494711
2632	-306.344083
1429	-288.579114
1106	-231.106310
12	-377.816587
1521	-323.665247
416	-271.318448
1044	-304.687053
258	-371.546126
3972	-359.339915
2581	-234.469389
1890	-371.608385
405	-273.804251
221	-310.917273
651	-232.334436
719	-309.693538
3712	-300.148891
18	-309.719641
1188	-306.054267
2282	-375.368783
3584	-281.484877
1347	-359.361259
495	-342.297848
2506	-307.526911
2922	-352.890573
1857	-307.540766
3087	-392.563319
3928	-377.799358
2769	-376.563238
408	-208.863267
1355	-361.727678
3471	-416.384141
2728	-304.742823
3852	-361.710525
2567	-320.795216
762	-346.863396
3707	-271.620156
3592	-323.367866
2189	-325.762375
3723	-345.597175
1989	-287.426977
2870	-289.872470
2352	-288.589622
749	-249.280474
1845	-302.309526
3464	-234.470922
3711	-303.469034
1980	-345.680616
954	-324.612244
3318	-308.513124
387	-268.248806
359	-346.832402
2949	-346.838702
1309	-287.723848
2308	-324.460752
2496	-326.954795
2521	-361.728609
491	-287.737498
2953	-348.047609
1367	-325.812267
177	-362.872710
2718	-382.782995
1140	-304.683966
372	-337.283890
823	-361.732840
2601	-333.464063
3764	-308.483519
3236	-310.912270
2403	-326.955365
663	-323.347275
1799	-346.861635
113	-360.478880
3761	-352.866322
1281	-308.457113
1732	-269.170665
2603	-341.863083
556	-272.600604
2091	-346.904050
2574	-273.812881
2828	-232.030352
1294	-345.612830
1194	-381.612648
3409	-356.696744
2735	-309.690179
2577	-381.600777
3581	-319.540355
1797	-194.267232
927	-340.676668
1319	-308.560759
802	-359.306313
2390	-270.097243
2064	-309.687401
3652	-361.720088
235	-270.375081
272	-322.161948
2222	-340.678668
3287	-271.458576
2626	-305.900638
1972	-233.542445
637	-360.557419
1229	-288.582662
981	-303.499320
867	-283.179781
3083	-381.591448
3001	-270.386138
2275	-312.122563
2971	-312.131841
1682	-269.215705
381	-341.835557
415	-309.692626
2597	-412.494644
825	-340.536374
1175	-361.742598
135	-301.341304
2235	-318.409670
3803	-287.351460
1834	-381.615289
3221	-308.477915
3912	-308.435951
3250	-360.517106
2682	-324.528297
3926	-325.748612
3594	-272.544482
1534	-340.632075
685	-320.029854
1335	-283.156647
3199	-273.811544
3110	-236.917458
3079	-270.401391
2792	-362.944759
3092	-340.610697
3601	-308.749822
3465	-324.548021
410	-325.835955
1637	-343.503600
170	-340.667287
3612	-309.738513
3240	-338.234966
497	-287.470402
525	-273.812813
2019	-340.659620
2877	-324.556404
577	-343.087962
761	-312.126820
464	-324.485629
13	-360.526646
1503	-327.014214
3443	-346.866543
110	-346.869123
707	-381.585428
2917	-267.068488
481	-307.573371
3473	-360.527434
299	-195.196751
1768	-289.789940
996	-307.544316
1922	-248.132701
1869	-269.207716
2741	-297.520999
482	-272.599303
257	-324.569867
395	-234.447743
1634	-324.563073
1538	-348.050463
2409	-324.595526
1253	-312.126356
2587	-376.609234
2098	-327.020807
1195	-285.287913
1158	-268.251114
848	-309.744522
2327	-381.624797
3099	-324.530718
3377	-360.549337
3230	-344.454591
3196	-297.530335
2596	-339.467484
3414	-285.313674
2742	-348.048844
1348	-309.683859
3382	-341.145624
731	-355.501990
3759	-270.393902
3816	-272.830720
2739	-362.946034
3936	-326.951067
1156	-154.972731
2414	-382.803358
3655	-287.379629
615	-345.676743
329	-380.402442
2699	-346.864540
1847	-325.753767
361	-376.622353
1324	-270.399280
1829	-382.804482
1114	-302.353948
2800	-287.478272
2955	-346.822341
3166	-326.949535
3621	-346.815715
2525	-324.569051
2659	-324.461004
2710	-361.773017
3316	-264.261826
1838	-356.685238
3255	-345.578846
3412	-335.628480
734	-233.242250
1077	-326.938562
2958	-324.580268
430	-307.543210
2131	-320.777849
1599	-304.689816
879	-303.556846
3160	-362.937857
3391	-306.403144
3335	-275.020322
1792	-363.504227
1317	-344.393241
1993	-339.504090
2928	-324.540084
2869	-306.113519
1054	-323.427722
3439	-301.389192
3914	-325.805781
101	-324.507184
2291	-286.514923
1000	-339.452428
1945	-361.754136
3827	-270.435807
233	-301.382062
562	-456.105229
2692	-356.663387
2461	-269.170508
2332	-342.335241
3527	-309.716030
1299	-348.043466
2436	-308.473229
1457	-288.573089
1766	-270.387395
2761	-309.696507
3877	-340.623773
1322	-271.619912
307	-302.239101
377	-360.527122
3293	-360.535142
1417	-381.586740
1125	-285.292217
876	-325.807685
1940	-334.429558
1067	-273.762417
1603	-232.363630
1885	-345.647670
2901	-318.323005
147	-345.615452
2578	-324.576080
1024	-302.535621
714	-356.669324
1069	-375.370023
3225	-362.875945
1754	-269.221561
2793	-306.384286
2045	-324.495988
1668	-344.433140
1805	-344.380468
3143	-286.432042
3726	-382.754967
2886	-324.530742
3420	-306.358581
2112	-304.729640
306	-307.335530
4	-270.439280
3137	-272.533448
3570	-272.514475
2369	-273.760271
2266	-289.766576
1661	-322.148261
1660	-274.985107
2642	-324.578146
1117	-345.566120
3729	-376.562796
1767	-285.277900
219	-307.221351
993	-317.364547
1314	-324.460304
2061	-345.638357
667	-360.533083
1262	-356.712023
1070	-361.752301
369	-361.733362
2234	-272.580839
903	-309.685872
1210	-340.641282
2393	-324.608961
2993	-346.825502
1418	-325.725274
572	-356.752533
385	-305.159206
3056	-269.180682
3389	-309.689740
3944	-381.563295
3953	-325.792503
283	-355.460155
1724	-381.594558
2857	-362.899149
3260	-345.595084
1577	-355.468067
2180	-340.665904
72	-325.720699
1598	-308.471397
3516	-324.634527
2157	-309.686797
2663	-361.722327
3572	-322.172641
3132	-309.670613
2704	-320.786981
2212	-346.837271
3930	-338.542975
2142	-324.624987
1793	-325.725688
1947	-303.533559
1119	-304.733360
3239	-361.708121
2065	-340.537496
25	-309.712046
1555	-324.529724
1260	-270.417842
1425	-288.648476
1003	-308.516378
1801	-301.335636
1320	-340.656628
3551	-345.646761
699	-307.243079
507	-309.697879
1530	-272.549380
3411	-286.134060
3754	-324.570035
1718	-356.706262
921	-325.682121
708	-306.313133
1523	-340.646229
1357	-375.307060
1827	-343.492484
3980	-372.708066
3810	-372.726782
3493	-232.333258
138	-362.875317
2249	-392.653825
861	-360.488871
3400	-289.799552
706	-303.481839
2764	-195.179738
3373	-271.613890
1092	-360.552974
2246	-287.318502
1423	-344.413850
2292	-343.246371
2740	-360.536920
2768	-340.690205
2952	-308.511290
226	-360.556344
2583	-346.859078
1091	-309.678344
1951	-317.408548
3695	-309.651827
16	-273.806874
207	-285.281032
3301	-371.491061
3157	-335.619981
3541	-379.527167
1350	-343.076530
3961	-308.561152
223	-339.501781
3664	-269.219315
2785	-310.915445
2014	-371.537915
512	-346.861026
1539	-382.755486
1681	-310.908780
1540	-285.217962
3522	-309.691414
991	-345.602096
1196	-346.840727
160	-309.685140
1689	-336.823026
602	-275.010289
413	-301.369263
3849	-360.531172
3291	-362.911941
3266	-287.736841
2139	-381.581478
454	-265.283843
2891	-308.511094
1377	-325.768959
765	-317.447668
810	-269.144656
1509	-345.612220
3610	-360.476593
2337	-324.588418
3919	-304.721921
203	-340.663148
3445	-286.508374
2484	-344.359905
2331	-308.516808
1884	-307.577822
2032	-287.663174
2560	-339.452794
1712	-345.612640
1604	-347.456674
240	-286.517094
3583	-325.721011
3104	-310.941183
2449	-341.841190
69	-265.441614
588	-309.684571
2187	-310.904927
2182	-340.610000
1055	-345.681183
3901	-346.822424
2938	-346.875201
1327	-320.768458
1084	-309.711894
1397	-271.624640
3508	-309.675176
1825	-271.656372
1786	-325.785038
2591	-325.773278
522	-309.680641
2848	-339.419688
1679	-288.576381
1966	-302.558699
3822	-309.665941
3425	-324.547564
2702	-309.685148
1289	-344.439723
3745	-310.912788
3833	-324.559324
3356	-270.447268
3947	-382.782251
2277	-383.973315
1493	-335.643923
2451	-359.328735
3155	-376.605641
3709	-340.613243
109	-158.340943
1515	-360.502298
494	-345.611057
3775	-324.576188
2122	-348.040439
1635	-360.520081
2502	-309.685960
1038	-267.106213
2905	-307.206439
1870	-309.686187
2900	-272.554670
2967	-305.841708
2128	-308.504896
1307	-303.460433
1199	-377.813742
399	-304.735224
3054	-269.129580
370	-356.698196
2419	-287.353473
477	-265.399968
169	-309.688569
1574	-245.997884
3208	-288.572843
2756	-153.742562
2109	-321.219665
1585	-360.545832
222	-412.548009
2002	-286.504040
2757	-346.855643
2661	-323.448833
1715	-286.486570
575	-272.582834
1939	-242.205627
3174	-272.844804
626	-288.653249
3716	-361.720799
829	-310.909285
592	-307.614861
394	-344.385642
3069	-346.878430
270	-372.752005
3869	-324.525580
2237	-325.784144
2586	-191.810916
2655	-235.723792
85	-272.550580
2360	-340.636727
2258	-303.453218
3678	-285.255880
854	-383.971058
3872	-340.691219
3342	-153.787612
3506	-320.804155
2384	-281.469893
1298	-308.505512
1751	-339.469166
1997	-271.666841
1578	-233.217482
2565	-345.591597
899	-321.230055
93	-340.615011
2855	-268.917900
912	-323.344400
3924	-270.393737
2423	-338.238743
1936	-360.564423
3721	-284.372483
2029	-380.417684
669	-377.780670
1919	-407.364323
434	-338.195462
3916	-273.810780
1946	-346.841836
801	-273.763117
2931	-361.729140
3817	-288.554600
3795	-310.908453
1621	-346.884834
3022	-234.455424
3939	-317.386479
3068	-306.015194
576	-345.655968
2518	-360.566272
248	-339.489875
1787	-325.795649
1996	-356.687774
729	-343.084333
3959	-305.831035
1147	-304.755780
1542	-370.291993
1891	-323.382399
1502	-340.679724
2820	-308.557865
1561	-325.749687
2034	-345.586124
3957	-307.291354
2006	-339.486095
3982	-324.592116
1673	-309.733829
1981	-306.313924
1121	-333.449362
874	-271.611192
1059	-303.436180
1172	-357.927353
611	-248.364357
501	-345.630685
2620	-324.587670
1074	-304.697680
2011	-270.099401
3686	-344.462681
1257	-346.855622
1270	-307.571937
3456	-276.206318
1244	-345.616998
3249	-325.739818
3116	-312.128429
2582	-320.773768
2209	-382.781841
1363	-355.525451
3908	-272.847530
1696	-320.785074
3769	-304.586424
3992	-319.576017
3875	-309.655400
3311	-344.433172
1776	-325.785476
3719	-320.742924
1888	-276.201993
467	-273.793804
1330	-324.575010
133	-271.642927
1209	-392.612820
1759	-305.906809
3893	-341.097446
2813	-232.063900
1529	-354.275774
2631	-380.316551
2843	-308.509454
2146	-310.932540
3543	-287.318584
20	-270.370102
1079	-287.347000
2797	-345.646914
2568	-325.718022
2408	-356.708234
231	-346.860243
1004	-355.416555
1461	-346.899170
1464	-381.610550
1373	-324.557383
1982	-345.609374
3626	-310.902465
1288	-324.635136
26	-301.359287
3518	-340.655390
31	-359.310420
1492	-310.927319
406	-359.295180
183	-362.962787
2143	-288.628466
920	-281.489179
1498	-340.654582
693	-234.520624
2165	-319.567241
3424	-348.051118
986	-347.459586
2347	-308.476587
3490	-359.315205
1068	-308.470010
3275	-308.757315
830	-320.767103
2476	-346.865438
2411	-193.075202
660	-271.630416
2348	-285.253877
3892	-271.608843
1002	-287.689262
3805	-309.680682
28	-324.630221
1189	-287.322957
773	-309.674485
2220	-272.538190
1160	-286.467220
696	-356.709466
3793	-381.580932
1207	-324.584396
2388	-309.695742
1291	-285.276634
1062	-324.496997
1049	-323.336196
2553	-302.545562
2915	-344.371144
2624	-309.699280
3322	-272.536448
143	-302.355005
2580	-309.722373
3393	-359.297522
564	-272.569586
534	-324.575799
121	-361.711483
822	-336.845442
3751	-339.491316
293	-377.807580
3985	-324.548763
1384	-361.755719
953	-392.650949
3740	-356.684693
60	-382.768883
3413	-308.440890
2330	-287.681216
2522	-307.545457
1842	-362.894239
466	-382.782183
102	-307.230370
1658	-287.337578
1559	-380.372123
3216	-344.380260
2851	-356.699504
3966	-376.570141
3163	-319.610683
44	-309.735489
149	-380.415966
3779	-308.476903
398	-345.636145
3889	-360.533387
3665	-323.329494
674	-346.879260
2188	-288.690060
376	-309.732528
21	-278.059333
2534	-362.960595
1271	-310.902165
1949	-340.674935
709	-286.134079
3813	-340.620847
419	-312.128001
1078	-309.738888
3032	-360.508895
873	-273.763068
3831	-451.528971
2992	-343.202564
3129	-361.692023
945	-264.243028
3328	-324.549529
1395	-375.348487
3066	-345.688382
992	-377.811306
2485	-392.676111
2164	-304.744503
99	-336.813559
417	-344.440065
59	-248.430371
3197	-309.714859
326	-236.917664
200	-345.625804
780	-308.769557
3074	-272.553250
2734	-309.719592
1093	-325.718074
153	-347.466594
333	-308.507517
1021	-232.328175
195	-296.296482
229	-361.648305
2289	-325.766945
46	-372.766726
2708	-308.512758
3378	-325.831718
3134	-271.319942
3195	-274.982322
1905	-231.145151
544	-340.643340
1066	-375.344926
3792	-360.525610
3676	-346.840522
2202	-324.602888
1844	-325.808754
3386	-309.684862
3247	-360.531175
1704	-274.984793
772	-381.599310
2355	-336.816043
1030	-309.683546
1118	-306.032266
898	-305.906901
86	-190.624631
1414	-377.797879
638	-345.695868
2392	-272.551442
1645	-324.477059
2824	-304.720708
806	-308.768073
218	-285.311823
2600	-307.237880
2787	-324.505365
1232	-336.811744
154	-324.538764
565	-356.730212
968	-308.470667
3517	-396.475511
298	-377.795528
1366	-345.633122
3701	-248.211932
521	-262.065493
1900	-309.689410
2594	-335.586914
2491	-381.634033
3497	-392.627857
3778	-309.700675
54	-195.186228
1918	-319.573117
1558	-270.389386
2278	-345.650717
364	-117.824798
2373	-302.564379
530	-360.503506
3669	-285.267165
42	-376.564691
34	-306.355655
2134	-344.433965
3942	-287.507193
3814	-361.745554
3781	-274.984614
3987	-324.506120
1441	-303.469082
974	-303.468081
1248	-304.732336
797	-278.075775
1486	-380.373644
3842	-376.587741
163	-319.624414
1237	-360.542541
1618	-345.629039
3973	-356.659922
3164	-344.379764
276	-380.379743
680	-325.806369
2306	-287.354343
3344	-325.748658
549	-372.785072
2619	-326.939536
858	-340.661797
1628	-345.637174
1745	-264.171923
424	-309.717380
151	-270.397623
1613	-346.890723
3358	-326.934987
3467	-308.494487
1107	-267.060326
1356	-271.372094
3906	-309.685651
3421	-324.571081
2499	-376.539208
2343	-325.781464
3509	-288.685117
3567	-309.693494
1485	-309.731369
263	-341.853650
2133	-323.338627
2899	-310.930659
1023	-309.663477
3108	-361.653332
3470	-416.814878
1685	-338.273553
1957	-206.721858
3667	-249.293044
886	-304.728323
269	-325.729080
3811	-274.982348
3624	-324.614194
182	-324.474954
35	-343.197784
1273	-355.513035
450	-235.729507
2490	-343.078368
1648	-345.660642
2893	-274.985796
2841	-360.524422
1517	-359.342366
1983	-320.792773
917	-323.320690
259	-309.735245
1828	-284.993731
1910	-326.978724
3211	-310.908555
2913	-361.630982
2679	-312.130526
1717	-345.603646
1662	-377.834156
3860	-308.505267
2483	-322.158791
3257	-308.472221
3720	-308.561301
777	-307.544712
845	-40.478930
3812	-271.623066
2397	-308.772292
586	-376.582598
2176	-345.608670
65	-312.125621
3242	-397.707881
3503	-266.630629
230	-271.617434
2251	-430.448052
1507	-310.914024
535	-248.416462
2724	-376.591176
2660	-307.582044
2962	-309.686114
1407	-235.694798
1934	-341.769746
2639	-302.580808
1733	-322.169100
2557	-273.774103
2777	-336.817321
2852	-274.986857
3766	-344.436564
2221	-308.512137
947	-322.454079
1224	-308.420805
1339	-285.316421
3575	-309.736328
3835	-309.693085
2318	-348.039301
1647	-343.242553
1303	-345.676156
2974	-396.486691
194	-308.496245
1112	-287.644079
3970	-305.897998
2671	-344.377098
3075	-324.616343
2701	-326.942959
3229	-271.614305
566	-303.472917
539	-341.886521
445	-319.610687
2232	-56.525887
2125	-310.908354
1632	-340.673967
1804	-324.542706
2123	-327.010026
2169	-356.733974
3727	-285.317454
770	-381.612946
2335	-346.825562
1557	-322.456250
2072	-344.431636
504	-356.680129
737	-336.836792
2638	-309.688194
71	-346.864282
2758	-309.696640
2252	-382.779570
2751	-273.787799
205	-269.465281
2108	-267.944278
3609	-269.176442
3649	-343.292778
2500	-286.498235
3657	-312.124380
208	-270.399081
3096	-338.175960
1227	-322.155306
27	-324.573866
2649	-381.581036
2781	-288.581699
1411	-327.023352
2286	-309.728265
675	-346.827397
423	-304.694187
2069	-346.855971
1167	-309.729139
2092	-288.572051
698	-274.985880
1053	-340.610046
2691	-308.505543
1496	-268.248371
1096	-309.689595
3435	-361.728293
3278	-298.952950
1880	-346.873992
485	-250.585183
3677	-307.571921
883	-340.647778
3880	-357.942023
375	-346.857432
1739	-303.454720
571	-339.423497
1219	-306.334850
2961	-348.061993
869	-327.026488
1811	-346.855968
887	-361.720206
2920	-326.952797
3499	-309.702237
2773	-325.684055
715	-285.275928
584	-309.681686
3855	-304.746925
3804	-324.573632
3498	-381.585231
2290	-343.224836
3577	-361.716705
1527	-271.621836
1836	-268.273739
1474	-340.654517
3696	-308.474441
1874	-416.367317
3256	-153.459846
601	-324.603558
1904	-304.752598
3286	-361.731914
2322	-355.508682
172	-282.667163
1501	-288.653529
238	-233.253760
2664	-348.047695
3808	-345.614760
216	-307.283509
3913	-308.551230
2871	-308.460407
3364	-305.057353
1958	-340.595950
658	-307.234503
1447	-469.758395
1236	-155.897345
73	-233.293627
1409	-285.282853
328	-310.911163
1226	-195.226072
2328	-320.732586
978	-324.545574
2196	-338.559964
2195	-289.873479
3979	-345.651111
2695	-346.871133
1387	-361.698635
96	-375.359188
1460	-309.684108
184	-322.436757
2924	-348.045292
2636	-306.112153
470	-303.460335
1925	-309.677276
3512	-340.641866
368	-345.595021
3689	-308.467642
3820	-340.655117
815	-285.324641
1740	-376.599676
2028	-346.821466
38	-309.736982
3431	-323.229212
1749	-302.579654
2119	-323.665987
131	-345.603479
2076	-274.982287
493	-336.819674
3687	-325.793945
310	-308.480308
3888	-323.359825
3298	-345.599182
487	-307.223588
2640	-398.880824
2786	-327.009009
3774	-305.130184
3361	-324.558989
1018	-354.272548
517	-344.434827
574	-271.665153
2280	-359.345792
3139	-344.437158
1376	-348.053064
2593	-321.252793
2972	-320.764992
3895	-325.808333
3081	-302.557878
3600	-325.781571
813	-361.733052
2743	-234.516409
1022	-310.902683
702	-379.000257
1052	-361.770383
1903	-309.678054
2009	-273.812948
1166	-324.576650
515	-287.727890
174	-229.928448
3422	-340.663929
2523	-344.512144
3632	-340.612805
3062	-381.573048
3656	-310.918831
2068	-308.471269
2737	-322.442708
3017	-271.339346
340	-273.789697
498	-273.791878
3209	-346.834502
3094	-324.601619
3552	-325.793166
3383	-360.602876
1063	-265.440996
308	-303.428586
2954	-305.915530
56	-345.599154
3837	-343.468335
3582	-344.436500
492	-305.904760
1772	-361.717972
1099	-231.975652
1920	-361.714679
2733	-310.940764
798	-208.842347
76	-325.685245
1388	-250.583643
1282	-346.860539
3334	-325.800680
339	-356.705991
1035	-284.385189
2782	-340.664407
2608	-306.369631
1626	-345.619567
3658	-309.682445
1871	-306.406578
279	-306.012858
2615	-360.501085
837	-360.512026
1615	-287.344000
3308	-381.582831
807	-340.681309
2725	-269.218553
3780	-323.320574
1076	-361.656187
2709	-345.632155
1872	-272.566631
1552	-346.865957
2681	-308.466840
234	-308.467880
2526	-340.601771
2714	-398.878264
721	-185.648533
1743	-346.856186
274	-272.539126
3124	-308.562031
1835	-376.631067
2750	-268.301176
2460	-345.631797
1994	-383.983835
1583	-345.655509
2321	-381.536295
3593	-304.614300
3841	-371.541704
3952	-269.175627
2260	-271.351786
3537	-346.860694
2780	-272.545389
451	-362.932378
1036	-340.609236
351	-345.625747
3359	-325.733758
2995	-381.584942
2427	-339.474134
682	-302.303791
1965	-288.555445
358	-272.544323
186	-340.606711
2481	-324.614891
3986	-355.516778
146	-377.813815
1221	-344.436348
2884	-324.471313
80	-392.672883
1730	-345.663299
3733	-309.678068
3730	-291.017996
3755	-341.874216
911	-356.711832
1241	-345.608395
77	-348.062001
3502	-376.564063
3738	-274.982053
3015	-359.362011
2044	-373.173910
2488	-363.508158
959	-492.026657
3863	-346.804974
2296	-309.691365
3802	-356.724118
1556	-340.659506
1953	-308.457242
2312	-344.416076
3053	-490.831786
2833	-248.375248
783	-273.806375
2532	-301.405558
1504	-360.489720
1862	-319.615129
388	-340.594424
1690	-339.426816
2878	-285.336744
2144	-324.574829
1774	-324.585556
3340	-229.879598
632	-361.705069
63	-287.377993
1839	-355.496901
3899	-337.265273
3452	-361.758902
990	-309.684377
2151	-289.802108
427	-382.798099
1129	-340.618148
3595	-345.600227
2315	-273.793520
3978	-282.861121
15	-288.542593
3480	-286.460642
1505	-308.487195
3878	-360.554015
914	-361.707841
939	-344.481802
1608	-361.758032
1482	-312.132386
341	-273.735711
2968	-310.909942
125	-228.992613
3958	-291.015785
3602	-361.683811
2185	-344.343476
3539	-324.625415
3549	-323.437779
1050	-304.643392
2105	-335.635972
227	-377.805829
631	-371.449232
1810	-288.653294
2827	-345.615042
3353	-324.514429
2375	-360.564233
1272	-308.486687
3951	-326.977685
3628	-272.509064
3529	-341.843027
1402	-286.203815
196	-341.759398
1088	-291.017433
36	-344.382282
1259	-288.590804
3787	-381.580675
2310	-338.194242
352	-288.557016
736	-325.799293
3848	-324.564634
2630	-282.871678
3832	-346.836423
2643	-372.711859
271	-361.759779
844	-324.606050
3423	-308.555641
425	-289.769718
894	-338.247875
2102	-361.723581
2455	-344.431301
2473	-324.497671
3354	-360.529236
2060	-362.945811
2874	-309.725707
1926	-273.773955
45	-266.615452
1440	-270.441325
2357	-325.754267
3758	-272.557350
2311	-193.034988
3742	-271.272557
1697	-345.613396
3591	-273.762889
704	-235.696677
317	-325.797397
2684	-310.940657
692	-362.917261
64	-362.945802
633	-325.759393
1313	-324.502042
1456	-308.496384
1243	-323.582949
3003	-325.798735
3491	-361.750275
1039	-360.575277
3478	-343.296547
705	-362.953848
2094	-325.812885
2985	-304.745635
890	-344.458979
1007	-235.694216
2805	-272.587161
2790	-287.732329
645	-308.540795
569	-376.620836
3555	-360.547370
3011	-310.902708
1075	-325.751822
1692	-362.862736
2549	-375.410333
2634	-326.927446
814	-308.509272
1944	-325.796840
2755	-381.595252
877	-359.317823
311	-287.724713
2070	-114.483613
1392	-353.321142
332	-304.692914
543	-310.937295
2536	-273.758980
30	-325.717105
2753	-310.904304
3200	-265.433051
1779	-288.583563
3736	-355.517745
2396	-307.546144
392	-345.637570
2233	-319.556235
2420	-340.625366
3121	-344.419977
2683	-309.686061
2629	-356.679047
2487	-361.694757
610	-324.629068
3694	-338.246643
1875	-242.186010
2529	-229.969129
3214	-344.426062
1370	-242.180146
3093	-334.424572
251	-265.386781
2236	-235.698987
2272	-324.528642
1132	-310.938583
2605	-346.869041
3915	-309.687698
66	-337.302324
2167	-309.681554
1867	-324.583096
3315	-269.176979
689	-341.818686
2844	-301.377995
3990	-303.459637
111	-344.470970
3331	-233.545899
2297	-322.412936
999	-308.512721
2429	-306.081547
2041	-346.821470
3683	-308.510782
3637	-309.764115
2779	-381.606362
3615	-210.071468
1312	-381.612501
3613	-308.483617
979	-309.713440
738	-324.592221
2446	-361.740252
1568	-324.555249
2013	-343.195410
2721	-271.401725
1047	-346.836177
3058	-247.214450
1190	-377.830859
820	-326.934229
3152	-335.591582
202	-226.160842
1581	-345.660520
3036	-310.907823
1225	-196.409349
2377	-236.916033
1261	-268.282665
1359	-229.927277
1684	-320.783029
2416	-344.406447
792	-310.898648
1082	-310.901659
1518	-309.683200
2595	-303.465315
3232	-345.686487
618	-308.467888
3870	-345.605387
718	-392.601894
1666	-289.872246
1566	-380.438011
1984	-287.441165
755	-324.568345
2346	-310.909551
1826	-285.242094
2207	-301.330754
1434	-344.482088
1533	-309.671865
929	-272.832690
1687	-344.407598
2178	-339.455981
297	-325.833945
1302	-339.445855
88	-345.655534
786	-307.544728
697	-340.621200
2916	-340.655601
2830	-325.800699
1894	-360.532510
2463	-288.576502
2965	-344.689237
1390	-340.660793
3783	-310.912792
1570	-325.783642
3451	-319.606765
767	-346.861463
1380	-288.625728
1100	-380.373569
1646	-340.684749
3154	-309.714008
1710	-361.726166
3457	-324.559213
1798	-312.126342
582	-325.833302
2821	-308.511516
1931	-310.900102
513	-355.518342
1238	-360.499088
2399	-308.430606
1220	-325.800532
3442	-381.635659
2345	-342.329232
3801	-310.937414
2378	-339.490841
2040	-317.409527
540	-346.830523
1141	-115.679136
3933	-307.569255
3246	-340.652252
3031	-270.411205
700	-310.938181
1138	-308.444609
775	-344.469204
3550	-341.825957
3929	-321.233569
1657	-338.273162
1642	-344.345376
589	-340.604189
1095	-324.603415
3265	-324.569062
1008	-248.448467
187	-341.842120
1412	-242.195730
2762	-306.370119
2051	-325.790442
2464	-297.555801
3281	-309.716743
1208	-345.608535
650	-193.034094
1060	-345.713205
1483	-309.723988
1332	-209.144909
3845	-344.454717
2911	-289.871661
2162	-340.613712
3505	-274.983383
3060	-270.441145
2294	-341.831947
3014	-269.263802
1192	-326.947461
625	-308.514390
3946	-286.438084
1124	-271.651913
1433	-325.729800
3194	-301.367422
881	-234.470813
2149	-341.878745
2730	-286.492223
3449	-297.510804
2036	-309.733888
2113	-344.391557
553	-271.666055
3553	-346.830674
847	-324.608363
1326	-266.616319
724	-320.775720
593	-303.525517
2401	-263.280728
561	-264.226909
843	-308.437835
997	-361.688335
3180	-323.669200
2846	-273.780933
1606	-308.462382
2083	-322.434119
2621	-305.145002
915	-304.734226
165	-327.013034
2983	-346.833689
2090	-308.473428
244	-346.835129
1988	-312.124451
1369	-392.662003
1413	-247.214861
3261	-232.025930
3538	-271.350701
1667	-323.323781
2047	-286.246880
905	-360.513668
3824	-302.288055
1889	-361.731388
3153	-340.622406
1822	-344.395150
3825	-93.411888
3765	-453.654335
1094	-304.696023
1435	-193.963318
1548	-306.308471
3021	-360.495540
3636	-324.624318
1154	-310.937644
191	-307.610450
758	-307.574899
3544	-312.133269
3284	-343.290242
1422	-361.728608
3646	-305.130313
2541	-341.834413
3847	-356.693135
1249	-272.543724
2203	-310.911529
2430	-304.688809
3446	-306.044918
2912	-346.883119
2688	-284.964138
3251	-306.056425
641	-322.439472
2794	-304.681399
2230	-262.056533
2883	-308.757991
1042	-305.904676
1378	-346.867789
634	-154.960361
2114	-307.528446
3670	-286.248451
313	-361.721849
1293	-271.369084
1873	-346.842529
281	-322.479769
2872	-288.581144
1015	-344.454928
716	-325.758431
563	-345.644179
3429	-274.987297
1512	-346.839595
3564	-303.533472
1968	-324.538807
2050	-362.937518
3387	-309.727603
2588	-376.538277
1361	-346.840635
1586	-272.837559
2086	-308.486338
1706	-382.777508
2599	-355.457663
192	-310.897684
751	-361.724921
2366	-286.466852
678	-308.506580
2492	-396.477101
3608	-372.729173
2897	-346.825923
2329	-324.557240
850	-271.623957
1200	-346.908492
3868	-360.526225
3469	-356.686540
1612	-310.902795
3071	-273.789182
808	-320.774349
1852	-309.685790
2766	-285.279992
1176	-288.584832
486	-288.678720
942	-325.715957
2350	-341.853951
3447	-270.389803
2121	-324.619773
853	-76.404702
788	-324.467888
3873	-348.051405
3333	-361.709769
3746	-309.736797
2214	-245.994065
6	-345.687671
164	-340.675814
2223	-288.657055
2242	-362.870426
2647	-262.017735
89	-249.259410
595	-340.652012
2927	-324.500425
3513	-340.637067
3843	-309.717869
2425	-322.435505
3607	-325.801523
3662	-360.469577
1404	-346.883049
872	-309.711438
2218	-325.756157
2765	-381.546975
2095	-348.034975
1143	-367.635675
3046	-322.057728
3588	-272.549011
509	-307.238995
1702	-251.727632
2752	-381.632242
1231	-324.569596
1976	-346.831692
3384	-357.949026
2439	-324.485913
1385	-309.679840
3067	-271.304881
2173	-304.678340
2569	-281.476967
3651	-303.463214
2056	-325.729141
1343	-310.895432
865	-304.728720
106	-362.952198
1177	-325.808092
3169	-310.902849
555	-361.677945
1937	-287.438379
3717	-275.014300
432	-344.390227
3576	-325.729906
2825	-360.576433
9	-344.468531
1907	-346.819476
2564	-325.789398
3346	-318.327053
3934	-381.630276
3019	-301.357437
2839	-362.930315
750	-344.384630
1214	-341.865386
871	-309.680919
1814	-360.537947
846	-270.434394
1183	-325.750970
2295	-305.898313
3462	-272.538255
2514	-354.197108
1174	-345.614442
856	-324.568212
591	-325.760915
2512	-346.823548
537	-361.731930
2418	-304.734646
3535	-323.235679
2623	-235.700285
1420	-286.516174
803	-325.789564
3950	-270.439135
3563	-227.798785
2951	-308.569129
2452	-344.424745
3474	-309.730988
1738	-273.759338
799	-310.910909
393	-323.334482
3679	-320.794248
2977	-310.909944
3018	-345.638117
2231	-346.825174
1139	-270.382725
3693	-273.779498
3524	-308.455477
1725	-360.495137
3025	-324.573338
3706	-345.687338
1709	-326.941251
1669	-287.426878
855	-271.614051
2058	-356.710498
1734	-359.354596
3264	-307.260972
3338	-308.466631
1444	-304.691748
346	-307.586014
3722	-308.759135
50	-357.934562
123	-269.263476
3788	-361.725962
1550	-301.345683
331	-309.734363
469	-325.775843
904	-345.608456
3370	-396.486664
209	-308.493663
3631	-303.560350
3786	-308.759185
2579	-273.765811
946	-324.577279
995	-360.542928
740	-344.452972
2556	-321.958604
1017	-308.419735
1458	-288.648179
1019	-327.016183
2882	-322.444150
1611	-348.044714
2975	-345.579201
683	-348.060054
1144	-264.255612
2703	-309.722894
2637	-325.687098
1592	-271.616430
2022	-344.425164
1473	-340.678945
3887	-242.196351
3616	-225.221461
1245	-310.907810
1375	-345.645053
2678	-285.255563
2808	-340.646073
639	-270.405973
3492	-345.645245
2057	-288.540318
2627	-235.695309
1784	-324.497693
90	-327.017113
1803	-270.394458
3283	-287.404397
1346	-308.542644
3171	-345.599912
542	-382.793238
2585	-249.269471
2880	-346.831172
401	-325.712603
971	-324.624537
3718	-195.186772
3941	-231.108368
439	-288.690999
1005	-273.786179
654	-309.727166
1328	-376.531779
2719	-286.477365
1108	-341.839596
3625	-326.948771
2885	-309.686862
2129	-356.722498
1816	-344.357220
2018	-286.492357
3648	-324.631468
2875	-344.475122
597	-309.683901
1511	-271.315027
2784	-273.803873
1708	-324.502429
834	-346.828689
2160	-345.674929
2471	-288.628801
3181	-307.209274
426	-362.933001
3050	-303.940271
142	-307.594137
1851	-361.717868
2181	-340.656656
2256	-303.503801
2404	-323.340989
1045	-344.449852
267	-345.641113
1941	-286.206129
1746	-396.470299
2799	-340.702898
2147	-382.781806
3561	-343.190300
3101	-360.503577
2079	-363.517297
2729	-323.315925
296	-345.688916
79	-324.605178
114	-361.772743
185	-361.726913

file identifier 	 test data 	 predicted
3123	-309.702150	-331.215140
1554	-320.728167	-335.890140
1744	-288.535621	-307.756597
3882	-194.261089	-198.275749
295	-320.770299	-344.341892
1401	-307.265351	-318.955936
3140	-284.987905	-299.296440
400	-376.570473	-391.838805
2645	-362.923114	-383.517022
3460	-288.678290	-305.998859
3918	-289.794194	-306.534209
2052	-325.809179	-343.398207
128	-303.785832	-319.457070
2225	-324.612179	-342.550716
3437	-288.585212	-313.213005
1859	-324.577613	-341.634924
1877	-287.407788	-304.514868
1691	-272.595294	-289.505094
2914	-270.422403	-286.142799
1254	-325.753541	-343.143615
596	-325.754527	-344.646069
1265	-227.324775	-234.377487
960	-310.940611	-331.098720
3514	-340.654233	-361.270616
1609	-210.001565	-219.559788
2096	-345.661705	-362.017306
2657	-308.451299	-332.991672
2316	-306.361448	-318.950938
2262	-325.780603	-341.606823
3519	-376.604739	-394.423801
1128	-361.695007	-383.959825
3398	-304.686259	-319.069458
1222	-325.805865	-343.598283
3671	-326.941692	-345.667656
3369	-158.342346	-163.517185
1152	-308.448572	-329.879219
1640	-304.583737	-322.000096
910	-270.384937	-287.400067
1573	-233.255259	-245.007629
1134	-343.068226	-364.191265
503	-355.514134	-378.264609
620	-346.820834	-363.507799
1638	-344.481904	-362.645695
629	-309.712115	-333.769096
37	-381.587333	-405.776419
2435	-229.013797	-229.585421
3605	-372.755216	-390.302679
3161	-309.678595	-332.256634
2555	-287.427764	-301.204947
2501	-232.377706	-241.737889
619	-325.787161	-344.604310
578	-382.825717	-406.784305
2012	-382.788561	-401.601404
644	-376.595314	-392.987295
2860	-345.600676	-358.740988
58	-304.683044	-319.455184
391	-345.584667	-366.581015
2074	-285.300440	-295.192803
2815	-324.570906	-346.898874
3105	-346.821661	-359.083751
2576	-306.418503	-320.715572
3724	-324.573480	-345.016925
2776	-313.573888	-325.019900
460	-360.488733	-384.849041
655	-325.771459	-343.688913
19	-309.720734	-328.348323
3220	-273.806349	-289.608208
1499	-320.779994	-341.262665
3339	-356.699649	-372.862688
550	-319.568017	-334.419782
3829	-323.654114	-340.079610
3798	-310.941861	-329.792695
3762	-351.646368	-367.545858
3851	-326.998454	-347.051165
403	-272.843742	-285.205162
2641	-270.394309	-286.327634
695	-345.700085	-365.822298
1027	-360.529992	-376.055866
686	-391.370332	-407.503329
2864	-340.658990	-361.606954
3433	-308.465425	-326.351679
3296	-345.650105	-362.742852
1620	-270.431243	-283.872700
859	-308.468407	-331.852495
24	-345.608180	-363.574168
1670	-269.230258	-282.171075
891	-325.767721	-345.540187
2338	-268.888303	-279.603485
933	-270.430832	-287.576977
614	-383.982605	-400.010103
3323	-232.335768	-239.404258
2227	-356.712771	-373.658211
2980	-274.983908	-291.922869
2344	-305.915175	-320.508848
472	-273.761356	-290.104927
3426	-307.387663	-332.658900
3511	-324.552260	-344.796796
1780	-345.606551	-364.349149
1353	-359.297643	-375.595568
1765	-285.335887	-301.275511
2153	-309.673226	-329.697104
3562	-360.524672	-383.770403
2570	-324.626187	-342.322169
3410	-271.316922	-288.915177
598	-193.088340	-199.443735
305	-346.859213	-365.768002
2930	-310.906738	-336.132783
3167	-309.688639	-331.921117
1654	-360.518768	-379.899655
2342	-309.680487	-336.271690
275	-344.442225	-364.185737
3715	-381.567301	-398.426765
1184	-286.506282	-301.182949
252	-305.913756	-322.303679
1840	-360.536972	-377.434311
1026	-325.765414	-346.872954
1909	-345.630398	-361.132066
1451	-348.052763	-365.938075
490	-231.142581	-239.324719
2431	-309.684774	-329.446468
1146	-339.465889	-360.055042
2616	-272.542567	-289.810615
3029	-285.281493	-298.902078
3732	-320.774305	-342.594196
966	-339.467091	-356.635951
1426	-381.607770	-399.244565
931	-361.763293	-379.717771
3702	-362.951503	-380.793818
3703	-287.697316	-302.242455
1707	-288.590006	-308.276684
973	-325.790444	-340.488315
901	-270.446915	-285.678145
2854	-325.810616	-345.578252
3259	-359.368793	-378.085627
1101	-307.244627	-321.136215
1830	-345.641862	-366.412144
2007	-308.499105	-326.996842
1488	-320.766344	-341.984593
1655	-338.217210	-362.790132
768	-193.039603	-197.880116
1178	-382.751729	-400.753060
2194	-273.757530	-291.294216
2991	-272.841336	-286.998366
882	-169.557758	-170.705145
2140	-325.715372	-347.204568
2863	-287.423372	-305.943730
2849	-355.442748	-377.123372
3313	-360.526364	-385.963613
1310	-307.529289	-321.461888
1954	-226.144377	-234.199246
1544	-324.594826	-341.902042
264	-339.450073	-362.302486
2110	-341.867094	-371.362353
1479	-309.677142	-323.662863
2510	-325.797299	-343.743609
892	-288.621895	-307.387263
2744	-288.573110	-305.896660
2746	-247.190194	-253.830750
3599	-308.482454	-335.084131
134	-308.516376	-330.620660
1769	-324.569009	-344.050012
1995	-362.946041	-387.623198
345	-309.704732	-330.808165
1437	-376.547304	-395.266685
2445	-324.576679	-343.647248
531	-226.107205	-232.576349
733	-345.660927	-365.646286
3206	-346.853173	-361.385711
2339	-326.954728	-346.643322
3133	-356.679691	-373.901840
2963	-287.651399	-301.629703
3374	-324.551244	-341.757228
2201	-452.728039	-467.903705
2759	-393.905418	-402.694941
3089	-327.025329	-340.774534
3461	-320.776316	-337.596162
1917	-325.790782	-345.157689
3806	-309.676410	-330.384168
3408	-287.661454	-299.982832
1943	-325.729335	-346.452741
924	-324.528533	-346.181013
2561	-325.778234	-345.326560
3909	-310.945132	-334.987249
3710	-308.565933	-325.751465
1868	-326.949224	-345.714027
3292	-326.937372	-348.847683
1495	-286.516879	-299.199018
1276	-340.667317	-356.527514
1471	-346.857623	-365.913911
1103	-273.764642	-293.481081
3448	-324.634377	-344.171628
1475	-362.957353	-380.557669
294	-308.506421	-324.536075
3038	-288.542113	-309.298935
1137	-271.622539	-287.025324
315	-302.472397	-320.603358
2706	-345.667357	-360.345858
3329	-310.909123	-334.369426
2960	-271.360631	-285.635962
3430	-341.828533	-370.039045
335	-361.729115	-378.956060
2239	-346.823312	-364.739386
1111	-335.656557	-350.582196
3114	-309.692389	-329.892666
2254	-359.388326	-378.837935
1264	-324.536694	-341.065999
828	-361.684892	-373.277710
337	-312.123120	-338.015686
1453	-309.720334	-328.801996
2243	-340.673964	-367.681632
1686	-288.648208	-302.717512
3348	-304.715963	-321.121036
2896	-356.725069	-379.803659
436	-360.521191	-384.207406
1589	-324.608694	-342.871744
3690	-346.829378	-369.081943
1617	-355.508183	-373.847613
3819	-397.692021	-418.450154
3598	-340.671493	-362.020255
2158	-340.663379	-364.480873
2934	-324.462733	-347.476574
3434	-360.560766	-384.786489
2712	-274.985024	-290.056016
3773	-345.602641	-361.547931
949	-344.463502	-362.232775
2822	-310.902197	-330.218698
1938	-341.826148	-357.111048
2307	-346.859945	-366.909751
2544	-381.632480	-402.548235
3188	-325.807242	-344.432144
2459	-273.761223	-288.364446
3574	-398.876124	-416.608244
1594	-323.433551	-340.544561
3737	-361.714817	-377.242782
3692	-281.505078	-295.419894
2444	-318.641916	-329.846227
7	-309.722879	-326.660874
3207	-355.520098	-376.916009
156	-288.654408	-304.316071
1001	-304.724431	-319.356187
3629	-359.312853	-379.349596
3035	-344.404557	-358.245792
3020	-287.430903	-303.326142
189	-322.167165	-341.274098
1535	-324.463541	-346.520932
1672	-336.831068	-357.307123
2374	-285.279236	-300.040244
2049	-344.463291	-360.311794
1783	-320.761312	-341.390782
1287	-355.515622	-378.757722
2382	-380.343633	-403.179221
1773	-304.696646	-321.790852
1893	-344.385273	-362.357643
1165	-309.706371	-329.168447
145	-310.929561	-334.512553
1349	-286.542391	-299.045160
3675	-360.534222	-375.011603
1025	-324.520219	-344.943119
115	-356.682218	-375.078474
3052	-291.017787	-310.257348
2598	-308.508949	-331.414528
2376	-346.840597	-364.608218
161	-285.276468	-298.181349
2999	-307.237456	-327.567900
3404	-309.733988	-333.801285
3385	-324.583090	-343.932166
585	-229.918003	-238.278780
646	-323.641347	-337.149671
1763	-325.799404	-344.447674
5	-351.628383	-368.967326
948	-336.827390	-352.874842
2804	-344.433943	-365.285624
2447	-323.330261	-339.378432
2026	-272.837907	-282.610506
1263	-345.642008	-367.168100
3654	-307.541973	-321.488574
1778	-305.036659	-320.226177
2731	-272.836211	-288.835359
2788	-345.596027	-366.009156
2892	-325.728271	-345.356698
357	-307.245430	-331.573804
347	-309.687405	-331.469662
2866	-344.431605	-364.372782
2363	-324.610150	-342.745220
3900	-308.465445	-326.473017
3168	-323.614890	-337.311969
321	-324.604397	-341.370225
3061	-392.552088	-404.425101
3558	-339.464817	-356.789630
2677	-309.684577	-332.250816
2433	-324.552283	-343.577871
1020	-303.566436	-322.994308
1553	-323.448965	-343.702707
2696	-353.269456	-355.197123
1085	-231.092208	-241.757029
1863	-381.631601	-404.974933
1477	-303.462312	-320.354180
1459	-306.320451	-321.033265
3753	-271.652242	-281.754028
3627	-323.347112	-344.362223
2078	-324.575989	-345.360672
1736	-273.764207	-290.165696
3927	-323.326298	-341.994888
2104	-379.006904	-393.373573
2287	-310.905485	-329.967885
2276	-309.679242	-327.172884
3453	-321.254976	-331.612997
1424	-212.438188	-219.680623
1614	-325.736331	-349.643749
1713	-323.381747	-344.771051
516	-312.134532	-332.420646
1858	-343.238086	-360.872783
3556	-276.202384	-294.234242
2881	-345.594203	-364.636845
2590	-340.650928	-366.966747
884	-276.202586	-291.440942
2858	-346.862070	-357.382632
880	-345.648463	-363.278824
3757	-281.482952	-296.285125
3103	-340.631134	-366.399724
1796	-307.536544	-321.514546
800	-324.611571	-345.118319
3012	-276.205920	-289.383853
3834	-324.589539	-343.061107
1729	-361.740062	-378.258965
514	-309.685045	-328.538184
2923	-325.801905	-346.903893
1280	-356.683566	-372.272082
732	-327.023478	-343.694526
958	-302.599262	-316.950741
2625	-291.021574	-310.304076
977	-285.160699	-302.009896
1452	-308.467331	-326.749207
3907	-291.017966	-313.103326
3494	-324.573795	-342.384195
1520	-309.728493	-327.960719
916	-345.608831	-364.591030
2909	-361.687451	-381.922232
2778	-325.711441	-343.186551
150	-309.732713	-333.460234
2964	-362.945907	-384.246522
1012	-266.609146	-279.350087
2309	-272.583285	-290.601760
2838	-324.547436	-343.756186
1546	-318.321510	-339.896865
1292	-323.652284	-333.133283
2520	-307.284294	-333.155740
1906	-324.613156	-341.343898
3520	-325.752207	-342.576803
3294	-340.693392	-361.549928
2694	-317.396153	-331.392621
2715	-345.709596	-362.802645
3735	-360.522940	-374.579619
2559	-319.571638	-341.975196
1398	-234.469383	-244.153541
659	-326.976670	-344.832213
2842	-308.450204	-331.780694
1169	-346.819305	-360.953686
3371	-286.517424	-298.454455
3205	-341.842686	-362.838991
2656	-376.622509	-396.721999
743	-309.719124	-331.563701
1396	-346.886411	-363.894521
1436	-375.359407	-394.119056
3013	-346.883127	-365.849634
1300	-324.595031	-346.244523
1986	-344.459234	-360.347166
3343	-320.735225	-336.290519
2711	-322.460671	-341.585252
2361	-304.727460	-322.952957
3051	-192.736096	-199.711625
1218	-287.431740	-302.618854
3165	-356.724041	-374.142105
443	-325.754109	-343.349638
1234	-325.796704	-341.601869
1247	-325.770105	-344.176693
2467	-325.805017	-349.203681
3760	-280.314080	-292.345361
1992	-325.723538	-341.893668
2479	-271.622821	-288.055348
3920	-319.574905	-335.191780
3381	-309.731402	-331.044407
2941	-340.635024	-363.114633
2511	-250.500016	-262.926942
1991	-285.282532	-299.144409
280	-271.324234	-281.199011
3640	-309.692577	-332.634673
2498	-288.539500	-304.355467
3418	-308.467120	-327.552942
378	-356.705084	-380.443564
1720	-309.692095	-332.037911
1650	-341.836348	-361.252049
1374	-322.175807	-337.500036
3488	-340.672417	-363.418498
3856	-306.313590	-317.724235
3218	-325.743746	-348.787062
2867	-361.734339	-384.998695
3673	-309.691463	-328.809206
3111	-318.340705	-334.457965
3617	-345.608658	-367.050185
2364	-360.507160	-378.821244
255	-309.672030	-332.517980
1097	-325.784473	-348.480965
39	-340.687222	-356.376256
2705	-270.384180	-290.049323
2432	-274.987245	-290.933293
913	-352.855499	-365.705564
1258	-344.472090	-363.216078
2889	-341.871347	-371.278272
1489	-266.777425	-275.458969
3072	-340.671263	-372.040406
379	-391.337881	-408.689482
811	-304.567859	-323.003861
285	-249.362379	-260.840445
1856	-321.958301	-342.900320
1308	-341.814212	-360.940507
2438	-392.565188	-408.828265
1438	-356.728392	-374.923988
43	-319.572842	-338.539724
1999	-233.547877	-238.353787
2571	-309.686348	-335.864500
94	-362.955075	-381.389793
1815	-345.663783	-366.121732
1126	-270.392715	-286.894896
3320	-310.952127	-330.885304
373	-379.522177	-398.192365
2935	-297.516418	-311.271423
711	-341.849127	-362.040047
1846	-344.370966	-364.365700
3427	-325.793904	-344.989983
342	-323.351196	-342.964263
860	-397.697425	-410.541421
616	-345.676243	-364.190747
870	-345.646965	-363.293074
983	-341.851447	-360.816439
1171	-325.721867	-348.215111
3744	-339.414779	-361.213863
533	-287.720383	-300.835596
1187	-264.235803	-278.647600
3974	-323.433262	-342.941923
1676	-296.285473	-312.477884
155	-324.571682	-344.400706
3397	-356.702115	-380.512138
179	-362.928160	-376.732196
108	-345.614707	-364.243611
778	-324.573162	-342.918244
2077	-309.736028	-330.301536
1627	-301.363590	-320.668079
2204	-310.904876	-331.834680
3684	-362.958208	-379.608156
1755	-304.686811	-318.860179
2224	-307.568767	-323.981728
3090	-287.362939	-302.825075
1600	-249.301818	-260.176874
2707	-310.915408	-332.549119
573	-286.504534	-299.866402
2097	-345.639692	-364.196067
2250	-339.462492	-357.988647
640	-345.616264	-370.325371
3743	-325.726182	-344.605188
551	-382.817123	-405.686442
3604	-273.812100	-290.716934
3245	-327.024699	-343.089167
2358	-322.169697	-343.367917
2426	-340.650391	-361.758461
3573	-325.730390	-344.905201
1819	-249.292101	-262.098622
994	-323.428670	-345.272106
3614	-288.627505	-307.045485
1571	-470.915515	-487.667556
609	-377.817369	-394.205233
3785	-348.045948	-366.495166
3010	-361.720579	-378.416464
320	-232.333410	-238.963488
649	-340.685408	-361.115084
1865	-345.609914	-362.677796
471	-324.532283	-341.197290
314	-233.255379	-243.138464
1960	-345.602645	-364.790448
776	-325.781815	-343.135669
3368	-308.496367	-326.220801
1494	-345.654016	-364.930199
91	-275.011437	-290.273874
1212	-304.733723	-318.477643
2199	-377.815601	-394.721396
2540	-211.295796	-217.744808
2606	-323.344105	-337.343088
3455	-270.401061	-283.672402
779	-356.732185	-375.094152
2589	-361.718361	-387.259266
1321	-234.472577	-244.398801
3836	-346.833711	-367.316893
1382	-360.492675	-378.158345
2604	-304.743934	-326.544693
1403	-308.462299	-331.202083
2720	-231.102112	-239.285281
1572	-322.170570	-348.043664
1122	-345.601318	-363.720779
3179	-270.408713	-283.807693
3362	-345.632413	-365.440802
1454	-288.652757	-303.885334
3	-346.838279	-363.619631
452	-324.575287	-343.529110
2836	-345.652670	-363.936345
2457	-382.757134	-398.736923
3611	-324.577560	-347.892130
1752	-296.265627	-312.328970
3964	-336.853985	-352.770369
1978	-281.485530	-294.665754
681	-312.126544	-333.746806
2424	-273.764093	-288.868313
3772	-356.752251	-375.015789
1142	-309.702591	-331.743738
3009	-307.265383	-329.260264
3680	-305.904722	-320.840714
1013	-271.300649	-288.921599
488	-346.861837	-365.923817
2161	-361.735863	-378.180189
2398	-319.533364	-343.255590
1735	-320.791360	-337.720148
1914	-288.576123	-308.748671
1455	-381.570969	-401.553198
2059	-345.674176	-363.017624
3347	-286.510514	-302.033998
1071	-360.495618	-376.973135
10	-344.512001	-363.150352
1431	-344.392695	-364.177168
2527	-297.554699	-309.318574
3476	-304.737418	-323.593588
3388	-271.606364	-287.137690
3243	-377.816466	-393.932139
3898	-356.700248	-375.047576
3776	-320.773105	-340.310425
2453	-268.273240	-275.404857
2945	-307.281910	-331.248904
624	-312.119017	-330.468355
951	-307.548619	-320.150609
2489	-250.583259	-262.610247
3768	-227.338075	-231.572264
2257	-307.238509	-327.730162
3000	-309.688191	-327.623100
2669	-309.763785	-334.456659
1853	-359.314227	-372.354299
3854	-346.867382	-365.984408
1924	-340.591587	-362.663401
411	-397.680771	-419.539492
2494	-274.984732	-292.809059
1721	-339.479764	-359.179510
1849	-324.547957	-343.922412
3147	-338.530072	-351.758148
907	-381.607752	-404.874520
2806	-234.476081	-244.480585
3213	-339.438949	-361.645719
3749	-249.363949	-260.797566
1325	-356.758284	-378.211489
934	-345.650323	-364.373943
17	-345.612580	-365.156934
344	-343.305175	-361.480623
3115	-340.620294	-358.821158
2550	-271.628346	-283.887593
3091	-341.869641	-359.468391
2908	-271.620997	-286.283287
304	-322.464725	-332.729531
2048	-235.699029	-246.673997
1541	-310.912991	-331.467740
2174	-324.606491	-344.373321
3193	-320.725883	-336.100282
2299	-280.273691	-294.106225
3416	-320.770681	-342.760691
1643	-310.910140	-335.642031
404	-324.595399	-346.443289
547	-360.540793	-379.935760
2118	-324.560961	-342.989986
1116	-356.691214	-382.286503
2417	-336.838171	-354.002917
3521	-342.324182	-354.647013
2380	-327.025010	-343.880808
3217	-306.392828	-319.412223
1239	-356.710448	-378.699356
2465	-339.464024	-367.302423
1757	-285.313612	-300.400967
930	-346.898838	-363.274719
532	-344.369744	-364.950905
3064	-326.983087	-342.574260
3417	-354.292460	-369.698352
1185	-324.558175	-346.720736
1935	-361.677841	-376.757909
764	-233.560626	-242.491679
1449	-308.507220	-326.134867
2434	-377.845502	-404.070478
2666	-303.423742	-321.657432
3714	-265.398572	-277.777630
510	-234.491176	-246.336633
3290	-341.859618	-362.676160
132	-308.469258	-329.327646
684	-361.753989	-379.927903
3948	-340.614465	-358.624864
3560	-286.463470	-300.248427
527	-324.629301	-345.711427
3874	-323.344889	-339.538365
3789	-273.762938	-285.955670
2468	-307.193849	-329.912840
3204	-306.313706	-315.799906
3367	-269.216969	-286.471881
2879	-265.401151	-275.162085
3100	-361.716824	-372.943794
2213	-287.433999	-301.815752
1584	-251.727102	-263.355440
217	-271.648392	-289.378416
567	-339.489014	-371.614838
827	-303.556664	-320.705687
1775	-306.353871	-320.576027
1625	-320.776082	-343.307359
950	-324.580266	-344.302443
1010	-340.666160	-367.338065
1899	-308.478846	-325.294582
83	-344.434906	-364.067585
23	-304.679494	-321.031378
2111	-348.048744	-363.518086
3507	-376.594067	-396.125500
2584	-360.567154	-372.521985
1202	-361.725394	-377.675776
1812	-307.275809	-327.296106
2662	-345.635068	-357.824857
2551	-325.792606	-344.520778
2293	-269.216495	-279.001619
2770	-288.588657	-301.303271
1927	-361.739999	-376.405521
3407	-343.517848	-361.905065
2081	-273.775864	-291.639595
3634	-340.646592	-360.717729
3546	-233.219124	-246.654028
1266	-324.582035	-345.996397
1056	-271.618179	-287.333634
3112	-327.021680	-342.568055
1337	-286.498779	-300.560367
2089	-308.469081	-325.433270
617	-376.521083	-397.895842
458	-340.699868	-369.120496
833	-325.761605	-342.427534
1832	-309.737802	-329.655581
1526	-269.267574	-285.415098
893	-232.317400	-239.381845
2748	-321.271406	-340.411089
1580	-271.339821	-281.860573
78	-270.472470	-287.806099
3277	-354.254979	-368.856090
896	-323.312767	-342.649683
2171	-359.346839	-380.062912
2516	-309.661518	-330.530496
3639	-345.680996	-365.168267
557	-312.122696	-330.708115
2803	-327.013853	-342.540073
139	-338.257996	-355.078567
2807	-269.176124	-283.859655
2542	-326.951186	-342.072032
1860	-308.507458	-333.008073
1090	-272.500426	-288.113781
2046	-286.493052	-299.848442
2413	-345.604177	-364.646800
261	-310.905322	-328.917277
888	-323.328290	-344.556383
1318	-310.897519	-332.590184
1301	-309.679190	-331.230851
3935	-289.875063	-305.716599
278	-397.667072	-412.416906
653	-344.473681	-360.924803
511	-320.778636	-340.986751
613	-309.689486	-328.979173
552	-340.639366	-368.389174
1057	-391.518453	-397.034936
3363	-345.658313	-367.884866
243	-323.389193	-345.497623
3589	-324.543443	-341.440675
2208	-286.486509	-298.034059
1362	-249.387499	-261.412055
2722	-344.423318	-358.628793
1902	-324.615795	-345.763807
3984	-344.418857	-364.504581
3991	-372.765028	-391.129033
2519	-323.585680	-334.930312
812	-308.509197	-334.743390
3142	-376.617653	-395.419520
3390	-309.736085	-332.915479
3235	-339.416290	-366.555946
3040	-360.506446	-377.736148
2575	-308.759090	-321.224767
302	-340.632285	-365.779191
717	-380.401348	-396.562680
3006	-308.470648	-331.709050
3241	-319.515995	-341.059931
3484	-341.890999	-366.715725
583	-285.016369	-298.365915
1897	-197.629387	-206.511768
1086	-272.587059	-287.407385
756	-325.798888	-347.024050
668	-267.103350	-274.787344
68	-286.519735	-300.698291
754	-361.718210	-387.412774
384	-343.291812	-364.871134
560	-344.385047	-365.128541
957	-360.490486	-379.033015
1198	-308.449457	-324.944654
1157	-309.691584	-331.859587
57	-345.635513	-365.798230
548	-233.555951	-244.019331
3326	-381.616196	-397.728851
2904	-302.545112	-317.845228
3231	-380.446861	-397.697103
600	-268.859550	-284.947449
766	-312.133805	-334.612248
3647	-325.794522	-344.545288
3565	-286.474509	-297.419247
3130	-270.427802	-284.164663
1368	-288.584029	-307.243174
3341	-291.021228	-309.291852
781	-362.918463	-380.638387
237	-268.287661	-273.030712
2062	-303.437471	-320.820983
3224	-286.504546	-302.062979
902	-310.940195	-331.514752
3650	-382.756764	-400.136050
1959	-324.603913	-339.592170
2170	-274.987123	-293.263265
3734	-326.940196	-342.962127
137	-287.440932	-305.213612
1964	-309.726463	-334.010026
3337	-286.438448	-299.660837
2228	-308.518356	-332.383236
2658	-308.461040	-328.997773
1352	-304.677606	-322.207249
3840	-309.681264	-323.912577
1105	-302.306944	-319.876775
1481	-376.634518	-397.363355
204	-287.353313	-306.953484
590	-346.857871	-365.985922
500	-308.452306	-330.641119
3641	-360.485033	-379.044086
747	-359.350089	-387.502763
2618	-361.768020	-379.161733
1223	-324.586663	-347.993207
3222	-344.494043	-365.131149
2283	-231.111403	-235.755951
1490	-309.691591	-334.931010
1915	-361.705669	-383.703097
3042	-269.468415	-276.266705
396	-372.782655	-390.464404
774	-395.551843	-415.460268
292	-308.517192	-330.944224
3102	-310.903589	-328.312073
1201	-224.944660	-232.205095
538	-324.494520	-350.200838
116	-346.831175	-363.225890
2700	-304.687547	-324.013341
940	-325.787515	-343.454931
2353	-281.504579	-295.035468
3432	-297.523580	-310.863297
3770	-272.544060	-290.190238
603	-346.867624	-367.666854
621	-310.899323	-327.554604
349	-309.687623	-334.402482
463	-309.715058	-334.156202
103	-291.024232	-309.213261
323	-309.647349	-331.413495
126	-274.991042	-290.655994
3481	-357.941534	-374.035326
2394	-355.446449	-375.713581
98	-303.553222	-321.379561
1567	-356.714706	-378.394106
3531	-344.458268	-362.192021
325	-345.637577	-363.062896
107	-307.580090	-320.479714
2513	-345.631685	-365.347360
2217	-344.408081	-363.289069
2031	-269.170061	-283.477980
2814	-325.804528	-342.547543
2313	-312.122262	-335.709393
2767	-340.635968	-364.247395
2508	-324.574476	-341.950925
789	-324.581906	-345.801322
2470	-309.688189	-331.525905
1193	-324.550139	-344.773512
197	-233.549368	-238.141391
291	-304.683134	-320.180644
3739	-324.566515	-345.290589
3109	-324.582824	-344.984088
3280	-344.483775	-362.292743
2617	-248.151318	-256.122275
2944	-309.687280	-334.325515
1284	-320.761539	-337.289760
1700	-320.782427	-338.877590
1275	-310.936083	-329.874814
3198	-288.680991	-303.799777
1487	-345.665813	-360.419842
232	-490.793044	-506.715024
1048	-286.495416	-295.469019
245	-340.656722	-364.220466
679	-340.668108	-359.863635
356	-372.741729	-391.711762
1656	-323.352987	-339.293083
480	-325.760797	-348.387716
1782	-308.555419	-333.222105
3223	-341.794931	-355.881808
2370	-360.496984	-376.567243
3495	-288.563768	-305.946722
3376	-273.775510	-289.074655
2474	-357.944802	-378.558210
3767	-324.568597	-346.028648
558	-344.464151	-362.403213
3212	-360.575745	-377.639376
254	-285.284456	-299.254280
52	-345.627428	-364.689386
1820	-324.522751	-344.998172
433	-396.498209	-409.959117
1148	-284.062954	-296.580858
1145	-312.129019	-332.871685
1211	-286.498633	-300.138831
3871	-346.859809	-358.405400
1881	-361.772040	-380.651396
2919	-340.635773	-363.641607
3332	-376.610619	-398.439869
839	-302.254301	-315.451084
3226	-339.491316	-371.028683
3098	-345.658421	-364.965705
3750	-346.838572	-364.855687
832	-308.470270	-327.968910
3911	-345.639354	-363.808721
3800	-346.862839	-364.995206
3300	-344.499155	-362.859021
2428	-309.682996	-322.477967
3118	-236.917873	-248.706578
3682	-291.017820	-309.992549
2823	-309.730966	-329.870268
3352	-272.834623	-287.306696
1809	-324.559733	-346.508205
389	-271.336957	-289.030499
3295	-231.069318	-239.732375
842	-360.514766	-377.250341
483	-309.705795	-330.269265
136	-343.240623	-360.463855
3653	-309.763576	-329.911216
1948	-195.158734	-202.082308
3107	-281.504745	-296.037643
3784	-344.450127	-358.791323
1693	-234.474613	-245.888859
2320	-362.876210	-380.088825
1415	-338.156727	-363.419128
496	-377.794221	-398.900979
2554	-345.649886	-363.808255
2547	-323.328581	-338.709051
1962	-382.756724	-398.974537
3288	-348.045786	-366.892046
440	-307.226474	-329.404629
120	-323.345161	-340.471380
2400	-345.592410	-364.776420
1547	-335.613384	-354.143028
1522	-324.485746	-345.348920
2152	-308.540101	-325.915965
2386	-352.829520	-373.188078
906	-383.969892	-395.308426
1197	-308.462932	-331.300101
290	-348.056024	-365.166254
2829	-340.622886	-358.438231
3902	-382.757521	-397.628500
3705	-345.665479	-360.881798
2926	-320.764569	-341.283374
353	-197.632222	-206.444900
334	-245.983375	-254.232503
1616	-272.539058	-284.463251
2940	-339.418028	-368.436321
612	-397.697891	-402.885981
857	-245.711897	-253.705983
769	-271.361537	-283.165437
3172	-274.982310	-288.681895
1400	-306.067385	-331.387998
190	-354.290746	-376.269245
3940	-308.464824	-332.016853
713	-308.484017	-332.615861
3267	-320.776472	-340.255490
2856	-376.586976	-397.722857
2441	-310.909223	-330.545167
2898	-310.940190	-333.813264
1497	-251.731545	-263.971196
1807	-344.469516	-359.540556
3076	-247.198000	-255.401340
2163	-324.503356	-347.165803
3185	-348.053386	-365.322475
2545	-324.614082	-341.743820
2443	-288.547509	-307.167198
2043	-344.484341	-365.632090
3044	-363.519194	-394.018151
241	-309.718177	-327.304059
1386	-362.967171	-377.639596
2066	-432.401755	-423.518502
1256	-312.119596	-325.387296
3548	-79.764152	-79.347263
3697	-312.119261	-325.677466
935	-269.154939	-283.268967
688	-324.491475	-344.349138
3731	-310.913156	-334.302522
1933	-270.396100	-284.712960
2845	-307.602080	-321.219540
2115	-266.626759	-277.385709
1296	-345.612257	-366.088008
2837	-325.730097	-349.002925
2395	-297.523583	-308.904789
2192	-307.232824	-330.887742
2184	-360.501473	-369.959486
623	-265.457424	-279.955194
2533	-265.438520	-275.698182
2253	-325.818163	-345.374155
952	-325.717725	-344.757819
1977	-312.131398	-331.159028
1040	-268.307873	-272.286645
3007	-319.573727	-335.591934
3305	-310.955141	-335.116070
606	-343.235457	-355.779785
1133	-308.517070	-327.843418
2771	-310.910278	-330.449019
2754	-309.674575	-322.476090
2085	-309.695312	-331.713560
1602	-318.339586	-341.090897
760	-324.605411	-343.618880
520	-309.720011	-330.791881
2003	-324.579943	-347.725221
2747	-301.332569	-313.565041
455	-340.664551	-365.386497
2976	-356.737615	-375.563872
3894	-322.469844	-333.416772
1908	-286.508233	-302.424366
3440	-322.135917	-344.779656
1762	-361.755551	-380.846219
2000	-309.736479	-327.614844
1817	-339.459612	-359.823556
1251	-322.482659	-335.113350
1408	-379.527030	-394.592524
1701	-344.428649	-367.542288
3272	-173.147782	-178.861792
2566	-346.832253	-362.390446
2326	-320.768781	-339.451623
3554	-309.689751	-334.226802
1563	-376.575382	-394.558693
3523	-325.728070	-342.319777
3532	-344.464356	-365.134378
1329	-309.710338	-335.897442
484	-351.639205	-369.032888
1277	-309.706892	-329.620947
2271	-310.916474	-333.314493
3269	-381.624381	-398.099216
1230	-323.396217	-341.412755
51	-283.168740	-291.393495
2674	-342.352279	-352.833229
3818	-308.470796	-328.167562
2929	-345.638912	-360.972772
2986	-340.629609	-365.602756
2760	-155.908941	-162.306458
2137	-324.588239	-343.665469
2367	-361.723620	-379.369341
1316	-361.652250	-376.854184
944	-320.766684	-335.949985
444	-340.665581	-360.866956
3763	-344.416821	-358.829776
2456	-345.610758	-368.330473
2093	-324.473588	-345.980128
938	-331.411639	-348.728054
840	-289.871520	-306.288997
2037	-345.620113	-365.857446
3963	-271.323381	-288.987081
2	-324.551643	-341.744096
2973	-324.604156	-344.655370
3876	-304.574737	-324.444683
3351	-285.306999	-298.720705
3113	-324.531139	-342.460337
1727	-324.606977	-345.321172
1652	-301.316399	-318.717371
3536	-352.836930	-366.750511
3663	-344.446747	-360.300822
3904	-356.716094	-375.461554
2244	-414.351653	-432.985806
2033	-310.919833	-333.859250
3030	-324.500475	-346.576746
1009	-266.763445	-283.735990
3444	-289.794376	-306.038023
1821	-308.473320	-329.761786
1162	-309.684472	-329.598471
1419	-344.350927	-365.467484
1543	-323.360471	-337.062504
3441	-372.686714	-394.648445
3850	-308.528193	-328.637681
3173	-325.791830	-343.387895
2354	-387.558484	-393.535751
1372	-381.574124	-400.964182
1537	-309.692993	-330.311789
