no_training:3000	no_test:993file identifier	 training data
3379	-273.761967
414	-192.762455
1233	-265.440660
3507	-376.594067
1801	-301.335636
1264	-324.536694
3515	-346.852204
1923	-287.427777
2519	-323.585680
1047	-346.836177
1540	-285.217962
2635	-323.324700
1342	-361.712098
544	-340.643340
893	-232.317400
1887	-361.696319
1278	-362.942040
1880	-346.873992
415	-309.692626
758	-307.574899
3802	-356.724118
1007	-235.694216
2058	-356.710498
2078	-324.575989
796	-344.453746
835	-320.740782
1177	-325.808092
2682	-324.528297
1196	-346.840727
2742	-348.048844
685	-320.029854
1856	-321.958301
2096	-345.661705
939	-344.481802
681	-312.126544
1214	-341.865386
211	-357.939331
232	-490.793044
1030	-309.683546
853	-76.404702
2672	-355.556836
3547	-324.582904
2129	-356.722498
949	-344.463502
1646	-340.684749
524	-308.507004
1632	-340.673967
3788	-361.725962
1393	-271.647465
3175	-309.649998
2035	-249.294409
222	-412.548009
1618	-345.629039
2008	-336.802659
3949	-359.301320
200	-345.625804
2978	-340.669862
715	-285.275928
3669	-285.267165
3975	-309.693760
1536	-324.492974
193	-307.285557
3982	-324.592116
2351	-304.614169
1636	-233.551389
2093	-324.473588
1383	-344.398797
2754	-309.674575
1193	-324.550139
3663	-344.446747
3462	-272.538255
548	-233.555951
3221	-308.477915
848	-309.744522
1348	-309.683859
1418	-325.725274
3752	-345.686524
1354	-382.790027
2294	-341.831947
1924	-340.591587
2608	-306.369631
329	-380.402442
2683	-309.686061
300	-324.602433
1284	-320.761539
1111	-335.656557
335	-361.729115
2266	-289.766576
176	-308.554162
812	-308.509197
965	-323.329385
3821	-308.427345
1816	-344.357220
3836	-346.833711
824	-310.952875
3173	-325.791830
306	-307.335530
419	-312.128001
720	-381.594735
2345	-342.329232
2065	-340.537496
2669	-309.763785
2966	-308.428791
2806	-234.476081
1758	-271.616401
560	-344.385047
2045	-324.495988
2775	-382.812383
2053	-320.769272
2246	-287.318502
3235	-339.416290
1152	-308.448572
3634	-340.646592
3578	-286.432515
1962	-382.756724
1219	-306.334850
2701	-326.942959
183	-362.962787
3925	-325.718488
3878	-360.554015
1041	-371.504707
3909	-310.945132
2175	-324.545475
3026	-250.478855
3396	-273.815873
191	-307.610450
2221	-308.512137
2074	-285.300440
788	-324.467888
2423	-338.238743
752	-324.557693
2391	-310.927566
2565	-345.591597
123	-269.263476
2317	-308.503515
1068	-308.470010
1369	-392.662003
3992	-319.576017
348	-196.432825
1735	-320.791360
559	-362.935404
3270	-273.788787
1298	-308.505512
596	-325.754527
289	-321.949791
731	-355.501990
3533	-232.036378
924	-324.528533
163	-319.624414
2475	-381.524347
1394	-396.500849
1246	-318.406529
3477	-348.046236
426	-362.933001
3023	-323.343769
1682	-269.215705
3935	-289.875063
1025	-324.520219
3005	-249.248680
1895	-324.551432
1230	-323.396217
3171	-345.599912
2270	-355.497046
3351	-285.306999
1086	-272.587059
1833	-302.579718
3691	-352.852117
3579	-356.677429
3718	-195.186772
2591	-325.773278
1123	-375.393636
1698	-325.800949
3320	-310.952127
3247	-360.531175
2950	-360.498298
3312	-323.647099
676	-272.584377
283	-355.460155
1613	-346.890723
1839	-355.496901
2896	-356.725069
3793	-381.580932
1013	-271.300649
3324	-345.641848
919	-272.589999
3639	-345.680996
1692	-362.862736
2321	-381.536295
1938	-341.826148
1373	-324.557383
3683	-308.510782
2445	-324.576679
2636	-306.112153
3290	-341.859618
2580	-309.722373
3275	-308.757315
2900	-272.554670
3695	-309.651827
647	-338.268974
3787	-381.580675
769	-271.361537
711	-341.849127
2482	-268.321270
2586	-191.810916
3459	-346.831382
995	-360.542928
3325	-341.836362
1659	-487.002792
2076	-274.982287
1591	-249.397368
2692	-356.663387
584	-309.681686
2490	-343.078368
3131	-303.560907
99	-336.813559
1318	-310.897519
1291	-285.276634
2493	-346.822460
3524	-308.455477
3576	-325.729906
582	-325.833302
1072	-272.554773
164	-340.675814
879	-303.556846
2047	-286.246880
2663	-361.722327
3457	-324.559213
637	-360.557419
2176	-345.608670
3932	-360.472117
1857	-307.540766
3842	-376.587741
2551	-325.792606
2375	-360.564233
5	-351.628383
3226	-339.491316
1928	-326.927990
368	-345.595021
2626	-305.900638
643	-345.663386
2143	-288.628466
2327	-381.624797
3542	-344.409533
2223	-288.657055
1647	-343.242553
3817	-288.554600
1550	-301.345683
3734	-326.940196
3581	-319.540355
3791	-360.491959
1443	-346.867442
2821	-308.511516
3343	-320.735225
3237	-303.553222
328	-310.911163
1524	-272.550818
3178	-345.605421
1680	-377.842223
3160	-362.937857
305	-346.859213
351	-345.625747
3268	-324.562156
2856	-376.586976
3333	-361.709769
2887	-345.641890
806	-308.768073
2393	-324.608961
3059	-363.508158
124	-271.621961
2133	-323.338627
3814	-361.745554
1845	-302.309526
574	-271.665153
2593	-321.252793
75	-381.566310
1676	-296.285473
1388	-250.583643
1431	-344.392695
2134	-344.433965
3606	-310.906553
1165	-309.706371
1713	-323.381747
3658	-309.682445
250	-360.538828
3165	-356.724041
1408	-379.527030
3398	-304.686259
3727	-285.317454
136	-343.240623
770	-381.612946
1058	-324.585402
2042	-232.364952
113	-360.478880
21	-278.059333
3879	-339.483894
2996	-324.566568
2173	-304.678340
2741	-297.520999
1357	-375.307060
2325	-273.732431
744	-249.332005
2631	-380.316551
456	-336.811524
1980	-345.680616
1468	-345.650338
862	-361.764434
552	-340.639366
2380	-327.025010
3875	-309.655400
1870	-309.686187
2780	-272.545389
3336	-308.477672
2448	-346.833271
1633	-247.201165
3610	-360.476593
2119	-323.665987
2926	-320.764569
3068	-306.015194
2876	-360.574465
2680	-340.664901
3538	-271.350701
3709	-340.613243
1639	-345.640072
1997	-271.666841
3795	-310.908453
3780	-323.320574
1829	-382.804482
196	-341.759398
35	-343.197784
1277	-309.706892
2346	-310.909551
1522	-324.485746
91	-275.011437
1300	-324.595031
662	-341.843824
2961	-348.061993
395	-234.447743
1303	-345.676156
709	-286.134079
344	-343.305175
2879	-265.401151
3282	-362.972786
2324	-346.831385
3783	-310.912792
2155	-343.243883
2062	-303.437471
756	-325.798888
2724	-376.591176
3092	-340.610697
1050	-304.643392
3087	-392.563319
3686	-344.462681
2941	-340.635024
3837	-343.468335
312	-234.485640
1223	-324.586663
2000	-309.736479
1113	-234.484521
3487	-210.101789
694	-344.360007
2212	-346.837271
3190	-232.325947
2224	-307.568767
1180	-306.364186
2330	-287.681216
1311	-288.545722
2796	-345.678871
2135	-346.861074
2794	-304.681399
2639	-302.580808
3497	-392.627857
658	-307.234503
761	-312.126820
3931	-288.683173
1791	-272.554824
1975	-341.829025
3420	-306.358581
1888	-276.201993
1110	-325.781398
1484	-273.817328
159	-273.773408
3149	-372.694726
2839	-362.930315
1950	-232.331230
601	-324.603558
2166	-343.239068
2811	-326.944158
1722	-362.946707
1937	-287.438379
3632	-340.612805
1023	-309.663477
3668	-309.700336
1811	-346.855968
3405	-269.206920
333	-308.507517
2370	-360.496984
386	-325.776001
1430	-361.720960
1332	-209.144909
3019	-301.357437
1568	-324.555249
3916	-273.810780
2227	-356.712771
3749	-249.363949
1576	-247.184334
2389	-361.728546
2641	-270.394309
3701	-248.211932
37	-381.587333
2829	-340.622886
441	-380.414967
867	-283.179781
2602	-345.645491
2169	-356.733974
832	-308.470270
76	-325.685245
1200	-346.908492
2131	-320.777849
918	-310.917344
2815	-324.570906
3447	-270.389803
3569	-272.588302
3804	-324.573632
3613	-308.483617
3061	-392.552088
1121	-333.449362
332	-304.692914
234	-308.467880
3408	-287.661454
3273	-288.589678
3961	-308.561152
556	-272.600604
2554	-345.649886
876	-325.807685
1009	-266.763445
2279	-309.711101
212	-324.605613
1346	-308.542644
2773	-325.684055
2600	-307.237880
1654	-360.518768
1996	-356.687774
1456	-308.496384
3626	-310.902465
78	-270.472470
525	-273.812813
3097	-309.716094
367	-360.491873
990	-309.684377
3163	-319.610683
1882	-273.764420
1032	-346.816694
2203	-310.911529
2919	-340.635773
3052	-291.017787
2568	-325.718022
1442	-308.465594
31	-359.310420
2152	-308.540101
822	-336.845442
1002	-287.689262
3969	-324.609784
1650	-341.836348
1366	-345.633122
3728	-234.474951
718	-392.601894
2853	-325.794835
2398	-319.533364
280	-271.324234
3146	-289.872162
2512	-346.823548
3599	-308.482454
673	-345.680831
1978	-281.485530
1830	-345.641862
3870	-345.605387
3938	-345.645388
1238	-360.499088
198	-303.934323
30	-325.717105
3285	-247.192524
892	-288.621895
1266	-324.582035
294	-308.506421
2106	-286.476486
18	-309.719641
1481	-376.634518
187	-341.842120
1324	-270.399280
3248	-322.477268
2229	-319.560814
3548	-79.764152
2932	-285.320198
3850	-308.528193
2504	-325.805550
1821	-308.473320
133	-271.642927
2263	-274.983122
161	-285.276468
765	-317.447668
2011	-270.099401
3099	-324.530718
2415	-340.676441
2333	-338.234590
3575	-309.736328
3004	-288.652346
2056	-325.729141
1054	-323.427722
1005	-273.786179
2560	-339.452794
362	-289.871990
3724	-324.573480
1377	-325.768959
266	-308.477155
2491	-381.634033
2167	-309.681554
2421	-249.395323
1299	-348.043466
3129	-361.692023
2562	-375.357530
828	-361.684892
2006	-339.486095
2719	-286.477365
2401	-263.280728
1376	-348.053064
2601	-333.464063
228	-346.859384
3666	-309.735874
3219	-339.428557
1033	-339.482903
710	-340.625597
3710	-308.565933
273	-323.312375
3036	-310.907823
1917	-325.790782
1912	-310.915653
3923	-309.737951
3119	-301.090914
1565	-325.735821
2474	-357.944802
784	-377.848074
1029	-325.751230
2744	-288.573110
3757	-281.482952
2125	-310.908354
3706	-345.687338
975	-357.171724
2813	-232.063900
1989	-287.426977
2577	-381.600777
1578	-233.217482
3349	-207.916786
838	-361.709679
3641	-360.485033
1534	-340.632075
3388	-271.606364
2536	-273.758980
652	-345.620593
2201	-452.728039
1958	-340.595950
2501	-232.377706
127	-322.216227
3486	-437.484875
2104	-379.006904
3101	-360.503577
2736	-310.922181
2499	-376.539208
1971	-362.906662
2540	-211.295796
2385	-310.911571
3741	-169.860788
3327	-348.059242
64	-362.945802
1766	-270.387395
3679	-320.794248
3942	-287.507193
1539	-382.755486
3086	-360.507527
2395	-297.523583
1213	-324.530103
2295	-305.898313
50	-357.934562
2381	-346.856604
3355	-345.648365
2698	-344.434438
3522	-309.691414
3315	-269.176979
985	-320.770329
322	-346.832352
3415	-308.495275
2875	-344.475122
1011	-310.942660
1441	-303.469082
3067	-271.304881
3960	-336.825944
3901	-346.822424
1521	-323.665247
100	-361.702143
1609	-210.001565
3284	-343.290242
1172	-357.927353
803	-325.789564
1224	-308.420805
1333	-270.359564
3441	-372.686714
581	-287.683128
3024	-251.729571
984	-248.443503
1452	-308.467331
2196	-338.559964
3483	-308.500974
1169	-346.819305
1500	-345.609230
2960	-271.360631
252	-305.913756
1305	-319.621560
407	-287.508781
1763	-325.799404
2525	-324.569051
1069	-375.370023
768	-193.039603
2980	-274.983908
3074	-272.553250
1052	-361.770383
1436	-375.359407
998	-302.306196
2371	-307.253245
3419	-335.590859
3469	-356.686540
1154	-310.937644
1381	-303.795699
2852	-274.986857
354	-285.174014
3696	-308.474441
1625	-320.776082
3362	-345.632413
844	-324.606050
2444	-318.641916
1424	-212.438188
2365	-345.689766
209	-308.493663
1736	-273.764207
3250	-360.517106
2691	-308.505543
2976	-356.737615
3152	-335.591582
1270	-307.571937
1467	-345.613895
1372	-381.574124
3590	-340.660106
1652	-301.316399
2598	-308.508949
3775	-324.576188
1368	-288.584029
644	-376.595314
319	-352.845678
827	-303.556664
941	-340.652570
2526	-340.601771
926	-345.680086
2809	-344.506029
3363	-345.658313
1122	-345.601318
2905	-307.206439
3274	-196.407957
2592	-308.486071
3400	-289.799552
2651	-273.744309
411	-397.680771
1957	-206.721858
3947	-382.782251
614	-383.982605
2573	-307.303421
3813	-340.620847
604	-320.777491
2213	-287.433999
1580	-271.339821
970	-310.911364
443	-325.754109
999	-308.512721
1804	-324.542706
1080	-288.570006
2942	-325.778444
115	-356.682218
2386	-352.829520
185	-361.726913
476	-397.686127
3009	-307.265383
3747	-324.521162
3617	-345.608658
2376	-346.840597
3690	-346.829378
479	-77.308427
2678	-285.255563
3373	-271.613890
1093	-325.718074
1258	-344.472090
57	-345.635513
1462	-312.136049
245	-340.656722
2827	-345.615042
2671	-344.377098
34	-306.355655
1645	-324.477059
2114	-307.528446
2764	-195.179738
1754	-269.221561
1356	-271.372094
2402	-235.696227
3418	-308.467120
1379	-325.731549
3502	-376.564063
3353	-324.514429
980	-356.743821
1459	-306.320451
3725	-309.710255
684	-361.753989
2259	-361.734611
3166	-326.949535
913	-352.855499
1422	-361.728608
3399	-307.229313
218	-285.311823
3375	-324.594534
1952	-344.408452
2533	-265.438520
3912	-308.435951
2180	-340.665904
3618	-309.731536
759	-398.888473
1712	-345.612640
2261	-233.260156
809	-361.738091
1797	-194.267232
3494	-324.573795
2725	-269.218553
475	-304.691568
3287	-271.458576
2615	-360.501085
1974	-345.655745
793	-326.950540
3689	-308.467642
3664	-269.219315
3756	-326.943546
2033	-310.919833
3200	-265.433051
3181	-307.209274
1872	-272.566631
2749	-340.645995
265	-236.916125
255	-309.672030
1092	-360.552974
805	-309.658574
3389	-309.689740
3773	-345.602641
2715	-345.709596
2100	-343.199390
1544	-324.594826
641	-322.439472
3670	-286.248451
192	-310.897684
517	-344.434827
3095	-339.431197
927	-340.676668
1678	-310.955296
486	-288.678720
1137	-271.622539
840	-289.871520
425	-289.769718
2406	-306.386594
464	-324.485629
2550	-271.628346
3722	-308.759135
1588	-323.678800
533	-287.720383
3789	-273.762938
2184	-360.501473
356	-372.741729
578	-382.825717
3189	-324.510378
1482	-312.132386
1726	-381.506605
2432	-274.987245
1552	-346.865957
247	-304.688358
3868	-360.526225
481	-307.573371
712	-294.081616
141	-287.734664
2696	-353.269456
2979	-320.767064
3137	-272.533448
2537	-317.434422
3917	-274.985822
638	-345.695868
2681	-308.466840
706	-303.481839
2239	-346.823312
964	-291.014970
2262	-325.780603
946	-324.577279
2468	-307.193849
421	-288.627624
487	-307.223588
2485	-392.676111
1843	-362.899677
1375	-345.645053
3228	-381.648857
2995	-381.584942
3042	-269.468415
3170	-271.626697
795	-246.023231
3907	-291.017966
1399	-341.826906
922	-272.844560
3177	-287.662612
2029	-380.417684
1449	-308.507220
1088	-291.017433
2322	-355.508682
3568	-308.468418
205	-269.465281
696	-356.709466
98	-303.553222
3403	-339.424322
3010	-361.720579
3286	-361.731914
1118	-306.032266
3106	-273.735646
686	-391.370332
3508	-309.675176
3896	-307.280331
1325	-356.758284
122	-339.419649
3076	-247.198000
1201	-224.944660
697	-340.621200
921	-325.682121
1656	-323.352987
3007	-319.573727
33	-264.504487
278	-397.667072
61	-308.462933
3738	-274.982053
2048	-235.699029
2587	-376.609234
3123	-309.702150
583	-285.016369
3580	-345.661657
260	-359.369049
661	-335.635079
1909	-345.630398
2038	-348.056093
3326	-381.616196
1745	-264.171923
39	-340.687222
2032	-287.663174
2885	-309.686862
651	-232.334436
2015	-308.518276
3628	-272.509064
506	-234.516241
1675	-271.277972
3069	-346.878430
3030	-324.500475
2665	-348.031230
3318	-308.513124
2343	-325.781464
2340	-310.899612
1592	-271.616430
3015	-359.362011
1147	-304.755780
1704	-274.984793
3321	-251.726162
233	-301.382062
1696	-320.785074
2648	-325.728744
3807	-361.706503
3378	-325.831718
2470	-309.688189
3764	-308.483519
1096	-309.689595
178	-188.042067
3853	-271.336383
2044	-373.173910
3034	-360.418556
1717	-345.603646
1337	-286.498779
1413	-247.214861
1457	-288.573089
2368	-325.804686
1157	-309.691584
1911	-272.582516
2515	-323.341413
1683	-346.829154
3313	-360.526364
52	-345.627428
3739	-324.566515
3776	-320.773105
2059	-345.674176
2824	-304.720708
1273	-355.513035
730	-336.821088
119	-327.012568
3527	-309.716030
83	-344.434906
2848	-339.419688
3456	-276.206318
3755	-341.874216
3417	-354.292460
1386	-362.967171
2924	-348.045292
2157	-309.686797
2163	-324.503356
815	-285.324641
1837	-381.574917
2025	-249.363808
507	-309.697879
1883	-346.839066
3585	-308.497008
1089	-344.451793
3913	-308.551230
1994	-383.983835
1073	-233.249538
508	-325.801512
2510	-325.797299
2161	-361.735863
2969	-286.484904
1132	-310.938583
153	-347.466594
974	-303.468081
2755	-381.595252
764	-233.560626
3919	-304.721921
1768	-289.789940
3605	-372.755216
2746	-247.190194
3381	-309.731402
1353	-359.297643
2311	-193.034988
545	-356.698773
555	-361.677945
3856	-306.313590
3565	-286.474509
2928	-324.540084
2439	-324.485913
1944	-325.796840
2771	-310.910278
646	-323.641347
2705	-270.384180
2061	-345.638357
3633	-380.412093
499	-340.611683
336	-308.524858
3697	-312.119261
3761	-352.866322
3387	-309.727603
2920	-326.952797
2243	-340.673964
2126	-270.399529
1250	-309.686189
2959	-289.795007
3839	-231.155780
1433	-325.729800
1018	-354.272548
2307	-346.859945
1358	-340.682075
3116	-312.128429
3681	-310.914919
1257	-346.855622
390	-306.070291
653	-344.473681
1661	-322.148261
439	-288.690999
3471	-416.384141
2179	-361.698233
1846	-344.370966
3211	-310.908555
2170	-274.987123
2431	-309.684774
1776	-325.785476
2495	-307.596472
817	-345.619715
158	-308.540079
309	-309.718312
930	-346.898838
3077	-336.822591
2138	-340.684371
340	-273.789697
2787	-324.505365
189	-322.167165
1673	-309.733829
97	-286.495035
2037	-345.620113
947	-322.454079
2049	-344.463291
907	-381.607752
3481	-357.941534
3745	-310.912788
1398	-234.469383
906	-383.969892
1034	-356.732791
410	-325.835955
2557	-273.774103
3519	-376.604739
1402	-286.203815
3490	-359.315205
703	-340.656580
2264	-346.831590
943	-303.497783
2466	-325.785959
3799	-291.018995
2760	-155.908941
2740	-360.536920
2583	-346.859078
624	-312.119017
3772	-356.752251
1558	-270.389386
2559	-319.571638
3537	-346.860694
2836	-345.652670
3018	-345.638117
874	-271.611192
1981	-306.313924
2911	-289.871661
1293	-271.369084
1071	-360.495618
1331	-310.941319
705	-362.953848
3574	-398.876124
2191	-359.317050
86	-190.624631
3431	-323.229212
463	-309.715058
3499	-309.702237
1479	-309.677142
360	-346.890881
865	-304.728720
692	-362.917261
526	-344.430692
3858	-308.459001
66	-337.302324
2693	-340.638326
1603	-232.363630
3174	-272.844804
3895	-325.808333
1685	-338.273553
2640	-398.880824
541	-325.714161
2347	-308.476587
1793	-325.725688
622	-341.886905
95	-351.666551
1537	-309.692993
2486	-307.239887
3342	-153.787612
3102	-310.903589
3677	-307.571921
2181	-340.656656
3851	-326.998454
2250	-339.462492
1990	-281.482892
2904	-302.545112
873	-273.763068
3223	-341.794931
881	-234.470813
2987	-271.618137
1573	-233.255259
398	-345.636145
728	-309.678404
3963	-271.323381
2183	-339.459869
1480	-324.584824
2291	-286.514923
1817	-339.459612
1091	-309.678344
3216	-344.380260
650	-193.034094
3391	-306.403144
580	-360.537290
59	-248.430371
1476	-308.455419
951	-307.548619
2477	-360.539944
2958	-324.580268
484	-351.639205
2521	-361.728609
2339	-326.954728
3393	-359.297522
3955	-323.391458
310	-308.480308
3712	-300.148891
1288	-324.635136
3964	-336.853985
2308	-324.460752
787	-360.525379
3176	-432.852890
2335	-346.825562
1330	-324.575010
3055	-285.313284
3451	-319.606765
3862	-271.646263
1622	-346.869712
1504	-360.489720
3864	-288.639421
571	-339.423497
3671	-326.941692
184	-322.436757
2638	-309.688194
488	-346.861837
214	-348.052027
249	-306.347185
88	-345.655534
2594	-335.586914
3746	-309.736797
2315	-273.793520
2036	-309.733888
3815	-288.574763
1464	-381.610550
502	-306.349558
3070	-281.491976
2215	-289.795079
1708	-324.502429
2840	-284.048718
1466	-340.657975
257	-324.569867
2146	-310.932540
3929	-321.233569
2538	-344.417597
668	-267.103350
1352	-304.677606
2808	-340.646073
699	-307.243079
2296	-309.691365
143	-302.355005
3811	-274.982348
3134	-271.319942
1051	-346.860404
2222	-340.678668
1998	-324.536830
1743	-346.856186
2497	-325.763216
1309	-287.723848
2149	-341.878745
3638	-306.320806
1195	-285.287913
3255	-345.578846
2358	-322.169697
557	-312.122696
1407	-235.694798
1426	-381.607770
275	-344.442225
3884	-323.333263
2650	-361.727711
3648	-324.631468
2630	-282.871678
389	-271.336957
1478	-309.691634
3301	-371.491061
2667	-308.455402
2139	-381.581478
1850	-323.407987
3928	-377.799358
3464	-234.470922
2255	-360.513163
2627	-235.695309
613	-309.689486
534	-324.575799
358	-272.544323
46	-372.766726
435	-306.309029
2765	-381.546975
1145	-312.129019
1417	-381.586740
959	-492.026657
859	-308.468407
751	-361.724921
846	-270.434394
3845	-344.454717
461	-273.773506
230	-271.617434
1365	-361.755045
960	-310.940611
3047	-285.293918
1651	-273.809498
1187	-264.235803
1643	-310.910140
2350	-341.853951
1686	-288.648208
3132	-309.670613
1286	-310.906869
1529	-354.275774
3344	-325.748658
3536	-352.836930
2478	-339.450173
195	-296.296482
3300	-344.499155
3609	-269.176442
1106	-231.106310
3331	-233.545899
2420	-340.625366
1055	-345.681183
2847	-307.566260
3601	-308.749822
1925	-309.677276
3603	-326.952955
3680	-305.904722
271	-361.759779
2318	-348.039301
3647	-325.794522
2267	-291.016020
593	-303.525517
418	-324.565412
442	-356.712228
3150	-310.942587
3735	-360.522940
179	-362.928160
381	-341.835557
3848	-324.564634
1362	-249.387499
1410	-273.759553
3085	-322.130736
2258	-303.453218
2268	-302.558547
1112	-287.644079
2442	-345.636611
2553	-302.545562
2091	-346.904050
3328	-324.549529
897	-345.659998
3380	-345.606939
1414	-377.797879
2360	-340.636727
9	-344.468531
1003	-308.516378
3990	-303.459637
929	-272.832690
608	-309.688960
2425	-322.435505
1746	-396.470299
241	-309.718177
3958	-291.015785
3109	-324.582824
629	-309.712115
2910	-307.536915
2122	-348.040439
3406	-286.459793
3843	-309.717869
2868	-270.407057
1589	-324.608694
1242	-308.508254
2209	-382.781841
950	-324.580266
2210	-325.710772
2895	-273.764673
701	-265.396194
3319	-376.604793
1851	-361.717868
3766	-344.436564
3263	-285.326726
512	-346.861026
120	-323.345161
45	-266.615452
3643	-309.660190
3206	-346.853173
664	-335.632054
704	-235.696677
238	-233.253760
1775	-306.353871
2198	-382.804255
3844	-308.450468
413	-301.369263
3849	-360.531172
68	-286.519735
2753	-310.904304
1951	-317.408548
3631	-303.560350
778	-324.573162
1188	-306.054267
1715	-286.486570
500	-308.452306
1724	-381.594558
1062	-324.496997
382	-344.494711
1084	-309.711894
2624	-309.699280
402	-312.124533
1523	-340.646229
3192	-313.554802
2597	-412.494644
3035	-344.404557
991	-345.602096
3107	-281.504745
1495	-286.516879
3428	-288.564752
994	-323.428670
920	-281.489179
3038	-288.542113
246	-313.537245
365	-361.740208
2833	-248.375248
2316	-306.361448
2913	-361.630982
3651	-303.463214
858	-340.661797
466	-382.782183
1649	-346.868661
845	-40.478930
880	-345.648463
272	-322.161948
563	-345.644179
2603	-341.863083
460	-360.488733
3567	-309.693494
3624	-324.614194
981	-303.499320
3329	-310.909123
2732	-324.579850
2446	-361.740252
2718	-382.782995
2800	-287.478272
1267	-341.841438
3295	-231.069318
2549	-375.410333
2111	-348.048744
2968	-310.909942
3142	-376.617653
2652	-317.377404
3743	-325.726182
3155	-376.605641
2710	-361.773017
3114	-309.692389
1338	-320.793141
905	-360.513668
1012	-266.609146
2989	-287.317913
264	-339.450073
285	-249.362379
3308	-381.582831
1560	-340.645686
1777	-265.408147
1263	-345.642008
1615	-287.344000
3754	-324.570035
1275	-310.936083
3013	-346.883127
1127	-345.659797
908	-310.911406
2287	-310.905485
1085	-231.092208
2674	-342.352279
1057	-391.518453
3395	-248.436061
1175	-361.742598
1782	-308.555419
607	-301.373496
263	-341.853650
2574	-273.812881
2882	-322.444150
3950	-270.439135
3840	-309.681264
1627	-301.363590
2807	-269.176124
3871	-346.859809
1876	-251.732828
989	-272.839582
3715	-381.567301
3966	-376.570141
2927	-324.500425
3819	-397.692021
1533	-309.671865
1960	-345.602645
3164	-344.379764
1727	-324.606977
1363	-355.525451
588	-309.684571
1932	-310.911279
3073	-309.734862
713	-308.484017
2220	-272.538190
1598	-308.471397
3688	-322.476720
1599	-304.689816
3602	-361.683811
403	-272.843742
1036	-340.609236
2136	-263.278851
2803	-327.013853
2429	-306.081547
3737	-361.714817
2299	-280.273691
1240	-310.907666
592	-307.614861
2465	-339.464024
2496	-326.954795
1158	-268.251114
3863	-346.804974
342	-323.351196
2105	-335.635972
1164	-340.611734
1304	-356.679729
523	-345.565792
682	-302.303791
3305	-310.955141
2925	-301.394865
3361	-324.558989
3758	-272.557350
3049	-324.610004
440	-307.226474
1896	-326.971392
276	-380.379743
3279	-356.732861
2878	-285.336744
1390	-340.660793
1334	-273.765782
1044	-304.687053
3372	-309.705858
1268	-344.411146
3281	-309.716743
22	-324.575190
3244	-323.320332
1878	-346.819711
1128	-361.695007
2092	-288.572051
1731	-381.565314
3769	-304.586424
3723	-345.597175
3239	-361.708121
916	-345.608831
296	-345.688916
217	-271.648392
678	-308.506580
936	-382.773457
3558	-339.464817
3311	-344.433172
1323	-289.811983
2282	-375.368783
3346	-318.327053
3504	-308.561061
3041	-345.692143
2992	-343.202564
3439	-301.389192
53	-285.330157
1660	-274.985107
1202	-361.725394
1000	-339.452428
1933	-270.396100
2412	-310.904086
194	-308.496245
1723	-307.290176
2975	-345.579201
3484	-341.890999
3915	-309.687698
821	-307.566593
1168	-308.454820
600	-268.859550
1703	-286.154755
3053	-490.831786
2792	-362.944759
2898	-310.940190
2688	-284.964138
3625	-326.948771
2704	-320.786981
2830	-325.800699
3692	-281.505078
997	-361.688335
898	-305.906901
1921	-310.904960
577	-343.087962
1789	-310.905299
3957	-307.291354
1570	-325.783642
1182	-304.738393
3289	-270.437636
2319	-271.316064
3253	-281.476938
2352	-288.589622
3366	-323.268818
2585	-249.269471
155	-324.571682
361	-376.622353
1222	-325.805865
1929	-324.551800
2231	-346.825174
1166	-324.576650
2949	-346.838702
1142	-309.702591
2369	-273.760271
1835	-376.631067
1215	-335.566430
3383	-360.602876
2620	-324.587670
3595	-345.600227
3784	-344.450127
1956	-308.461475
2673	-345.652182
2277	-383.973315
1848	-273.769835
387	-268.248806
7	-309.722879
447	-271.627826
1027	-360.529992
511	-320.778636
2768	-340.690205
388	-340.594424
1541	-310.912991
2662	-345.635068
231	-346.860243
3482	-281.480993
2555	-287.427764
3121	-344.419977
1492	-310.927319
1672	-336.831068
598	-193.088340
923	-322.135797
1412	-242.195730
1875	-242.186010
1992	-325.723538
2576	-306.418503
1963	-325.761942
2869	-306.113519
3444	-289.794376
106	-362.952198
575	-272.582834
427	-382.798099
2041	-346.821470
910	-270.384937
741	-344.434318
1371	-288.596392
2523	-344.512144
1897	-197.629387
6	-345.687671
962	-376.587043
406	-359.295180
1192	-326.947461
3148	-324.567513
188	-339.406341
1143	-367.635675
1566	-380.438011
3016	-309.730329
303	-375.328197
2951	-308.569129
3584	-281.484877
156	-288.654408
934	-345.650323
3656	-310.918831
2733	-310.940764
3818	-308.470796
1551	-324.575851
2437	-356.692640
1251	-322.482659
890	-344.458979
3506	-320.804155
3786	-308.759185
3205	-341.842686
2871	-308.460407
269	-325.729080
2441	-310.909223
2388	-309.695742
281	-322.479769
3217	-306.392828
866	-340.620625
74	-310.918822
2116	-340.646768
1906	-324.613156
2842	-308.450204
1391	-323.317575
3153	-340.622406
522	-309.680641
1868	-326.949224
3934	-381.630276
32	-287.509315
2190	-324.574822
3744	-339.414779
925	-307.567279
262	-345.647032
1653	-157.116735
1967	-288.573475
2675	-303.787203
3530	-309.739069
2915	-344.371144
3765	-453.654335
3778	-309.700675
3151	-362.873906
2293	-269.216495
3989	-272.542369
1999	-233.547877
3874	-323.344889
3559	-309.721434
1587	-322.133444
603	-346.867624
2418	-304.734646
2689	-309.673807
2089	-308.469081
2298	-270.396464
384	-343.291812
1153	-325.764669
549	-372.785072
1579	-288.589020
2706	-345.667357
2619	-326.939536
900	-288.561991
2103	-346.834331
2778	-325.711441
3314	-305.846541
2541	-341.834413
2973	-324.604156
3280	-344.483775
1448	-372.747155
2846	-273.780933
585	-229.918003
2252	-382.779570
1597	-336.805704
3455	-270.401061
2865	-342.307696
649	-340.685408
1822	-344.395150
2548	-340.654465
2606	-323.344105
3159	-324.612512
471	-324.532283
3127	-327.010419
3730	-291.017996
3528	-233.262752
1854	-382.743932
1163	-397.709232
374	-372.796889
2751	-273.787799
1922	-248.132701
2595	-303.465315
2531	-157.115484
1498	-340.654582
2265	-360.469291
2016	-308.569875
3513	-340.637067
1732	-269.170665
3094	-324.601619
227	-377.805829
1583	-345.655509
2397	-308.772292
2646	-325.800095
1644	-325.774769
3790	-286.502445
1444	-304.691748
334	-245.983375
420	-362.950092
1662	-377.834156
1189	-287.322957
339	-356.705991
1604	-347.456674
2207	-301.330754
28	-324.630221
2720	-231.102112
1460	-309.684108
146	-377.813815
497	-287.470402
3064	-326.983087
1098	-356.649302
1359	-229.927277
818	-387.475673
23	-304.679494
627	-359.304956
944	-320.766684
3905	-395.515911
318	-310.954514
2005	-305.155985
2382	-380.343633
1641	-340.647224
831	-346.867207
679	-340.668108
1968	-324.538807
3120	-309.689111
551	-382.817123
2079	-363.517297
3782	-262.035127
3971	-360.530885
2604	-304.743934
3911	-345.639354
1852	-309.685790
3204	-306.313706
3980	-372.708066
3808	-345.614760
3918	-289.794194
2985	-304.745635
1119	-304.733360
1747	-360.559076
1229	-288.582662
70	-346.874234
2981	-327.026688
436	-360.521191
657	-270.392759
337	-312.123120
567	-339.489014
529	-309.725786
3245	-327.024699
2880	-346.831172
1940	-334.429558
3655	-287.379629
1916	-360.557411
3649	-343.292778
1075	-325.751822
1512	-346.839595
1813	-307.550360
590	-346.857871
2326	-320.768781
2	-324.551643
986	-347.459586
1697	-345.613396
495	-342.297848
313	-361.721849
1205	-304.682331
717	-380.401348
772	-381.599310
1227	-322.155306
632	-361.705069
2354	-387.558484
2082	-302.567313
3100	-361.716824
1083	-309.726295
3673	-309.691463
665	-288.571762
3098	-345.658421
3596	-285.328258
3873	-348.051405
587	-307.283919
1961	-197.629416
49	-396.507540
2469	-270.392444
1321	-234.472577
2362	-305.134491
326	-236.917664
2722	-344.423318
1	-360.499843
3894	-322.469844
2463	-288.576502
1351	-309.733696
2944	-309.687280
3242	-397.707881
2226	-276.206257
254	-285.284456
2195	-289.873479
2588	-376.538277
2892	-325.728271
243	-323.389193
2020	-272.514099
2861	-288.654312
2240	-381.627040
2971	-312.131841
1725	-360.495137
2331	-308.516808
2273	-324.579188
2473	-324.497671
3357	-361.779217
2022	-344.425164
912	-323.344400
1081	-310.912796
2582	-320.773768
1367	-325.812267
3394	-376.613178
3941	-231.108368
3011	-310.902708
860	-397.697425
3910	-309.703111
1167	-309.729139
429	-288.570364
659	-326.976670
2870	-289.872470
1117	-345.566120
3188	-325.807242
3637	-309.764115
1930	-341.835805
457	-380.372151
1125	-285.292217
1339	-285.316421
1446	-319.575102
226	-360.556344
1477	-303.462312
3832	-346.836423
3926	-325.748612
1739	-303.454720
2404	-323.340989
542	-382.793238
3145	-324.570872
3078	-383.966179
3906	-309.685651
2001	-346.833365
2831	-356.723059
129	-308.512092
3224	-286.504546
1699	-272.541597
1056	-271.618179
1101	-307.244627
94	-362.955075
2300	-453.655583
1254	-325.753541
2756	-153.742562
3889	-360.533387
93	-340.615011
2940	-339.418028
957	-360.490486
372	-337.283890
3143	-286.432042
1741	-345.629842
2816	-310.905786
400	-376.570473
1155	-272.838189
2506	-307.526911
404	-324.595399
2935	-297.516418
3619	-325.779372
1563	-376.575382
1077	-326.938562
819	-276.204532
1799	-346.861635
1755	-304.686811
1392	-353.321142
2021	-346.818246
3001	-270.386138
1382	-360.492675
2633	-324.627681
3039	-341.851538
482	-272.599303
954	-324.612244
3729	-376.562796
1945	-361.754136
1380	-288.625728
2364	-360.507160
3465	-324.548021
182	-324.474954
2644	-320.786990
3470	-416.814878
2948	-382.790431
2727	-271.330291
3977	-288.552886
1283	-345.605635
3591	-273.762889
2779	-381.606362
677	-324.594116
1931	-310.900102
3827	-270.435807
885	-324.623780
81	-318.390876
3540	-321.236907
1389	-272.510742
3118	-236.917873
483	-309.705795
3186	-346.829695
473	-346.828378
1261	-268.282665
2970	-339.501361
167	-310.912077
1403	-308.462299
1150	-308.551121
2990	-376.661483
3045	-310.906568
780	-308.769557
3332	-376.610619
1891	-323.382399
3083	-381.591448
2899	-310.930659
2289	-325.766945
1455	-381.570969
2003	-324.579943
3503	-266.630629
350	-320.793580
2605	-346.869041
3385	-324.583090
2148	-309.718089
1867	-324.583096
917	-323.320690
808	-320.774349
3194	-301.367422
1070	-361.752301
54	-195.186228
1600	-249.301818
3201	-346.845480
2077	-309.736028
1206	-342.315546
1162	-309.684472
2067	-280.248350
1908	-286.508233
568	-303.458583
297	-325.833945
467	-273.793804
1400	-306.067385
3979	-345.651111
397	-288.630839
3293	-360.535142
2073	-345.600119
1986	-344.459234
884	-276.202586
2988	-310.923406
621	-310.899323
259	-309.735245
3404	-309.733988
1406	-375.394844
3003	-325.798735
2378	-339.490841
2186	-320.782523
1225	-196.409349
842	-360.514766
1248	-304.732336
2374	-285.279236
1067	-273.762417
2714	-398.878264
412	-372.768039
3847	-356.693135
174	-229.928448
903	-309.685872
3682	-291.017820
3598	-340.671493
1265	-227.324775
3985	-324.548763
1562	-309.676327
689	-341.818686
888	-323.328290
1475	-362.957353
2137	-324.588239
24	-345.608180
734	-233.242250
3339	-356.699649
201	-308.561649
114	-361.772743
3835	-309.693085
1181	-323.657279
2238	-281.495234
8	-272.545439
3093	-334.424572
911	-356.711832
1574	-245.997884
1919	-407.364323
1620	-270.431243
16	-273.806874
1472	-306.080007
988	-341.827199
3699	-355.497878
3719	-320.742924
2625	-291.021574
375	-346.857432
1336	-334.362330
1546	-318.321510
1445	-396.491525
1783	-320.761312
3717	-275.014300
2545	-324.614082
3081	-302.557878
966	-339.467091
3122	-232.329070
2991	-272.841336
493	-336.819674
3426	-307.387663
3058	-247.214450
1991	-285.282532
3900	-308.465445
3886	-270.388222
3330	-323.360126
3356	-270.447268
763	-308.429953
2453	-268.273240
2233	-319.556235
3364	-305.057353
3466	-325.794624
2929	-345.638912
2820	-308.557865
1290	-345.660459
1327	-320.768458
1871	-306.406578
1295	-346.829652
490	-231.142581
1526	-269.267574
11	-356.688211
1511	-271.315027
737	-336.836792
1866	-310.940708
3592	-323.367866
1803	-270.394458
3855	-304.746925
3751	-339.491316
3088	-308.459859
1063	-265.440996
2208	-286.486509
2954	-305.915530
378	-356.705084
1640	-304.583737
1666	-289.872246
3880	-357.942023
735	-309.716570
3079	-270.401391
2546	-248.018573
3662	-360.469577
125	-228.992613
2822	-310.902197
797	-278.075775
667	-360.533083
3283	-287.404397
2177	-346.868453
515	-287.727890
2957	-323.644468
2081	-273.775864
1545	-308.468255
3518	-340.655390
1109	-333.411326
1655	-338.217210
144	-271.323089
2387	-391.391111
345	-309.704732
3348	-304.715963
3452	-361.758902
2738	-324.555069
771	-346.903261
1509	-345.612220
3266	-287.736841
931	-361.763293
3110	-236.917458
485	-250.585183
355	-273.761263
2743	-234.516409
820	-326.934229
2569	-281.476967
1610	-196.406419
1605	-345.703157
2120	-381.630205
111	-344.470970
2417	-336.838171
2912	-346.883119
3365	-396.458774
2841	-360.524422
3014	-269.263802
3238	-340.667053
1831	-323.386306
1259	-288.590804
366	-324.576206
1934	-341.769746
157	-376.519880
2456	-345.610758
1842	-362.894239
3203	-308.459279
2723	-324.554067
2826	-308.764658
3635	-308.475489
3921	-343.218379
816	-356.748545
813	-361.733052
302	-340.632285
1404	-346.883049
1635	-360.520081
3133	-356.679691
3154	-309.714008
2921	-310.904813
2801	-310.932716
3867	-356.726146
519	-309.687078
210	-362.938898
3397	-356.702115
2735	-309.690179
521	-262.065493
1939	-242.205627
969	-325.797425
1790	-345.664882
3240	-338.234966
3594	-272.544482
2916	-340.655601
773	-309.674485
131	-345.603479
2232	-56.525887
162	-232.324966
1648	-345.660642
1904	-304.752598
987	-273.765811
1664	-310.904974
2757	-346.855643
2027	-376.585000
424	-309.717380
1705	-286.218259
2782	-340.664407
3141	-345.651109
2828	-232.030352
1361	-346.840635
2245	-308.434866
3607	-325.801523
2668	-310.906004
2260	-271.351786
139	-338.257996
1786	-325.785038
2121	-324.619773
454	-265.283843
550	-319.568017
982	-307.235414
1575	-334.447259
1039	-360.575277
569	-376.620836
1490	-309.691591
877	-359.317823
1884	-307.577822
1095	-324.603415
369	-361.733362
675	-346.827397
1065	-360.485823
3197	-309.714859
3022	-234.455424
2860	-345.600676
872	-309.711438
1701	-344.428649
3199	-273.811544
1503	-327.014214
1245	-310.907810
170	-340.667287
610	-324.629068
1211	-286.498633
422	-288.692943
830	-320.767103
2332	-342.335241
286	-324.563745
216	-307.283509
2679	-312.130526
1129	-340.618148
2695	-346.871133
154	-324.538764
215	-356.645883
573	-286.504534
654	-309.727166
2194	-273.757530
2124	-345.600825
3888	-323.359825
2403	-326.955365
56	-345.599154
2492	-396.477101
152	-306.286325
3257	-308.472221
1485	-309.731369
1499	-320.779994
2422	-325.718957
43	-319.572842
3711	-303.469034
2278	-345.650717
698	-274.985880
393	-323.334482
2530	-345.673444
3496	-302.303890
2617	-248.151318
0	-351.615495
3968	-287.425634
688	-324.491475
477	-265.399968
1910	-326.978724
2097	-345.639692
299	-195.196751
1517	-359.342366
967	-372.742461
2825	-360.576433
2472	-209.159302
1429	-288.579114
2629	-356.679047
1679	-288.576381
3748	-376.556657
2017	-310.940345
2462	-325.752244
82	-309.701458
338	-272.544500
1556	-340.659506
2057	-288.540318
631	-371.449232
1335	-283.156647
1108	-341.839596
2717	-309.726244
3946	-286.438084
1008	-248.448467
455	-340.664551
3570	-272.514475
736	-325.799293
740	-344.452972
2413	-345.604177
3904	-356.716094
1742	-288.583008
2396	-307.546144
3768	-227.338075
1787	-325.795649
1151	-392.620909
2108	-267.944278
3222	-344.494043
3846	-318.393987
3130	-270.427802
1053	-340.610046
19	-309.720734
3006	-308.470648
364	-117.824798
118	-352.905052
1638	-344.481904
938	-331.411639
1271	-310.902165
953	-392.650949
2384	-281.469893
320	-232.333410
3435	-361.728293
2454	-288.578155
1516	-249.358446
2542	-326.951186
385	-305.159206
1384	-361.755719
1531	-345.640098
3012	-276.205920
2883	-308.757991
915	-304.734226
2534	-362.960595
2653	-361.749428
2544	-381.632480
1674	-360.499243
1493	-335.643923
3416	-320.770681
3449	-297.510804
3374	-324.551244
405	-273.804251
1530	-272.549380
1849	-324.547957
1432	-324.522792
837	-360.512026
2660	-307.582044
2002	-286.504040
2643	-372.711859
1364	-267.963366
2938	-346.875201
3779	-308.476903
798	-208.842347
2443	-288.547509
547	-360.540793
2254	-359.388326
489	-356.745773
1447	-469.758395
674	-346.879260
1812	-307.275809
1326	-266.616319
2361	-304.727460
1282	-346.860539
90	-327.017113
72	-325.720699
2249	-392.653825
3563	-227.798785
121	-361.711483
2118	-324.560961
1520	-309.728493
2141	-307.287454
2622	-346.829131
2481	-324.614891
933	-270.430832
3877	-340.623773
42	-376.564691
535	-248.416462
3654	-307.541973
2888	-361.704536
3665	-323.329494
1806	-324.610229
2908	-271.620997
1525	-345.608193
3675	-360.534222
450	-235.729507
1834	-381.615289
142	-307.594137
2524	-392.642251
633	-325.759393
3368	-308.496367
1601	-345.646864
292	-308.517192
1752	-296.265627
1322	-271.619912
3566	-325.830752
3687	-325.793945
2216	-308.505718
1026	-325.765414
1347	-359.361259
2607	-275.007113
3084	-325.781161
1841	-325.788368
1716	-325.784331
3794	-317.361117
1561	-325.749687
1159	-325.779568
3920	-319.574905
71	-346.864282
1486	-380.373644
695	-345.700085
2774	-310.910631
3227	-348.043668
1315	-288.533780
543	-310.937295
3611	-324.577560
1022	-310.902683
2793	-306.384286
1629	-272.526778
3358	-326.934987
3514	-340.654233
453	-375.430225
1497	-251.731545
2488	-363.508158
2539	-321.276274
3495	-288.563768
1427	-340.646339
2658	-308.461040
743	-309.719124
3642	-324.565306
3600	-325.781571
2010	-323.385837
2527	-297.554699
3551	-345.646761
2547	-323.328581
3488	-340.672417
314	-233.255379
3115	-340.620294
2645	-362.923114
1740	-376.599676
1235	-265.447270
1886	-302.286171
1844	-325.808754
748	-324.572987
3708	-270.397474
1779	-288.583563
2256	-303.503801
3922	-270.394284
2101	-361.717364
774	-395.551843
554	-340.688787
663	-323.347275
2199	-377.815601
3233	-304.691526
2817	-340.641240
1861	-235.696852
3489	-308.508824
17	-345.612580
1385	-309.679840
2837	-325.730097
1415	-338.156727
2872	-288.581144
1942	-382.751274
1289	-344.439723
3702	-362.951503
2187	-310.904927
2657	-308.451299
722	-310.935212
2433	-324.552283
3050	-303.940271
3421	-324.571081
1936	-360.564423
3467	-308.494487
3302	-324.577047
1037	-306.397746
635	-324.578381
3195	-274.982322
2158	-340.663379
2253	-325.818163
3410	-271.316922
3249	-325.739818
2670	-326.934805
1721	-339.479764
2228	-308.518356
2085	-309.695312
2983	-346.833689
539	-341.886521
2612	-345.627545
3322	-272.536448
1513	-306.368494
1136	-271.296056
2812	-381.619786
619	-325.787161
1470	-272.542270
1064	-276.202311
3198	-288.680991
807	-340.681309
3546	-233.219124
3445	-286.508374
2543	-376.588479
2205	-318.391203
707	-381.585428
1329	-309.710338
2514	-354.197108
3945	-304.737186
3072	-340.671263
224	-324.628594
3933	-307.569255
804	-248.395289
3742	-271.272557
2572	-360.495461
2886	-324.530742
3698	-360.508088
553	-271.666055
3770	-272.544060
2099	-288.573876
1584	-251.727102
3684	-362.958208
2284	-359.298380
2489	-250.583259
3386	-309.684862
3256	-153.459846
1879	-288.594527
3852	-361.710525
3402	-234.522504
1771	-287.657053
96	-375.359188
3172	-274.982310
2818	-335.618370
1769	-324.569009
110	-346.869123
3573	-325.730390
558	-344.464151
433	-396.498209
3272	-173.147782
1031	-304.643927
132	-308.469258
3032	-360.508895
3345	-312.120708
2745	-322.118085
1987	-325.775071
3869	-324.525580
2034	-345.586124
721	-185.648533
1061	-343.531666
3587	-322.421320
3096	-338.175960
3803	-287.351460
2858	-346.862070
2165	-319.567241
3236	-310.912270
3474	-309.730988
594	-325.809558
993	-317.364547
2357	-325.754267
1370	-242.180146
754	-361.718210
3816	-272.830720
107	-307.580090
3183	-345.642870
1102	-116.609549
1171	-325.721867
520	-309.720011
2956	-360.528914
2144	-324.574829
2517	-308.462063
1120	-353.283458
14	-302.238859
2275	-312.122563
12	-377.816587
2171	-359.346839
3616	-225.221461
3370	-396.486664
1626	-345.619567
742	-272.588370
1269	-307.563525
2881	-345.594203
1983	-320.792773
2189	-325.762375
956	-230.183076
2614	-232.164586
1608	-361.758032
623	-265.457424
1977	-312.131398
2009	-273.812948
3468	-345.710017
2083	-322.434119
180	-360.505528
2907	-344.466563
3893	-341.097446
843	-308.437835
1941	-286.206129
3144	-308.472241
2024	-306.349032
1538	-348.050463
3000	-309.688191
2843	-308.509454
2225	-324.612179
983	-341.851447
1160	-286.467220
3051	-192.736096
1360	-362.941781
219	-307.221351
2739	-362.946034
1294	-345.612830
2394	-355.446449
2507	-291.014750
3561	-343.190300
1510	-322.425235
165	-327.013034
3883	-308.516508
1514	-320.781098
3478	-343.296547
2906	-340.657508
3525	-340.662316
3179	-270.408713
2480	-344.385369
376	-309.732528
2281	-345.643890
3033	-325.785262
3556	-276.202384
169	-309.688569
1972	-233.542445
3048	-381.616883
2967	-305.841708
1671	-309.708282
2377	-236.916033
1702	-251.727632
445	-319.610687
1045	-344.449852
3369	-158.342346
225	-346.842403
2156	-346.827596
2513	-345.631685
3425	-324.547564
1345	-376.540686
1885	-345.647670
3962	-341.865856
625	-308.514390
786	-307.544728
2342	-309.680487
1231	-324.569596
1946	-346.841836
3463	-304.735360
2399	-308.430606
1907	-346.819476
3608	-372.729173
1028	-360.421732
1328	-376.531779
2188	-288.690060
3212	-360.575745
537	-361.731930
762	-346.863396
459	-348.056615
1260	-270.417842
3767	-324.568597
3890	-341.849730
540	-346.830523
3908	-272.847530
1049	-323.336196
670	-324.618078
423	-304.694187
2798	-307.259167
2292	-343.246371
2937	-324.573883
1810	-288.653294
3066	-345.688382
2353	-281.504579
1048	-286.495416
3475	-321.247305
2579	-273.765811
1935	-361.677841
3806	-309.676410
1243	-323.582949
1450	-273.757658
2436	-308.473229
2159	-324.581067
3604	-273.812100
2430	-304.688809
327	-324.607903
480	-325.760797
1519	-352.874613
2366	-286.466852
2939	-352.864008
204	-287.353313
2584	-360.567154
1076	-361.656187
3168	-323.614890
1663	-232.351764
3229	-271.614305
2518	-360.566272
1508	-308.462196
3976	-273.765901
1518	-309.683200
3621	-346.815715
3700	-361.717469
109	-158.340943
3720	-308.561301
92	-301.343578
2012	-382.788561
2713	-310.904631
738	-324.592221
914	-361.707841
1819	-249.292101
2855	-268.917900
1507	-310.914024
1199	-377.813742
186	-340.606711
1203	-261.802956
3586	-287.506415
1190	-377.830859
2844	-301.377995
3660	-288.651313
1577	-355.468067
2075	-345.606444
38	-309.736982
1630	-323.431776
3020	-287.430903
15	-288.542593
1954	-226.144377
1014	-301.385442
3080	-344.436248
3532	-344.464356
2476	-346.865438
2902	-271.653205
3824	-302.288055
3234	-287.349937
1496	-268.248371
1553	-323.448965
1488	-320.766344
3091	-341.869641
287	-307.560718
1239	-356.710448
2918	-271.326117
2028	-346.821466
491	-287.737498
1761	-376.622507
2457	-382.757134
714	-356.669324
469	-325.775843
1505	-308.487195
3473	-360.527434
972	-341.869909
2850	-288.580309
3678	-285.255880
3826	-372.742383
1760	-326.940002
1280	-356.683566
767	-346.861463
3207	-355.520098
2712	-274.985024
2864	-340.658990
2084	-361.708021
3521	-342.324182
51	-283.168740
2628	-359.341296
2964	-362.945907
462	-234.474088
2690	-231.093096
1757	-285.313612
458	-340.699868
2832	-250.585843
1802	-361.715983
648	-287.422111
2759	-393.905418
739	-309.678703
3225	-362.875945
1341	-301.373831
1144	-264.255612
3162	-324.546164
2761	-309.696507
1469	-324.444698
2535	-272.835594
747	-359.350089
757	-345.678211
746	-273.802095
359	-346.832402
1949	-340.674935
2348	-285.253877
2087	-286.484121
1439	-340.590431
3593	-304.614300
1020	-303.566436
2930	-310.906738
270	-372.752005
1665	-336.802871
140	-309.676929
2791	-194.254127
1059	-303.436180
1623	-229.615446
430	-307.543210
392	-345.637570
2023	-317.402836
168	-325.810050
3948	-340.614465
2611	-346.824672
1043	-324.605875
3620	-359.351415
826	-248.137789
2750	-268.301176
2632	-306.344083
2172	-308.472272
3860	-308.505267
353	-197.632222
2699	-346.864540
1869	-269.207716
1015	-344.454928
2450	-312.124760
2859	-362.909074
3377	-360.549337
1894	-360.532510
2070	-114.483613
1176	-288.584832
3413	-308.440890
2599	-355.457663
958	-302.599262
3360	-382.810709
3113	-324.531139
2372	-322.217569
1953	-308.457242
2072	-344.431636
3271	-454.878708
465	-266.553159
3981	-249.257629
3897	-324.519277
1411	-327.023352
2471	-288.628801
755	-324.568345
2728	-304.742823
801	-273.763117
3930	-338.542975
1126	-270.392715
2132	-377.826580
2337	-324.588418
1130	-346.826923
1279	-377.837977
1795	-356.736238
2098	-327.020807
1706	-382.777508
177	-362.872710
73	-233.293627
810	-269.144656
3965	-273.764529
1458	-288.648179
642	-234.476516
2934	-324.462733
496	-377.794221
3927	-323.326298
3299	-325.725069
937	-306.397642
244	-346.835129
1926	-273.773955
823	-361.732840
3480	-286.460642
2251	-430.448052
3693	-273.779498
2286	-309.728265
55	-335.683118
1241	-345.608395
3636	-324.624318
2407	-377.829134
599	-343.312201
3531	-344.458268
1216	-308.465534
3352	-272.834623
2731	-272.836211
2290	-343.224836
1316	-361.652250
1307	-303.460433
3865	-362.899954
3667	-249.293044
3705	-345.665479
952	-325.717725
3260	-345.595084
1502	-340.679724
3614	-288.627505
3089	-327.025329
3443	-346.866543
3446	-306.044918
1170	-310.895183
267	-345.641113
3944	-381.563295
2655	-235.723792
3337	-286.438448
1751	-339.469166
2452	-344.424745
1668	-344.433140
3458	-345.693035
2810	-273.763107
3991	-372.765028
2426	-340.650391
181	-412.528245
2894	-309.717750
1040	-268.307873
3988	-309.707600
1688	-324.567893
1820	-324.522751
3560	-286.463470
3187	-272.591906
2936	-324.504178
606	-343.235457
2558	-472.145935
2578	-324.576080
605	-456.103432
3630	-287.660591
3750	-346.838572
3937	-361.713179
220	-276.205821
331	-309.734363
3887	-242.196351
2301	-324.616647
3798	-310.941861
1451	-348.052763
2734	-309.719592
268	-362.957295
311	-287.724713
2903	-308.505951
2305	-376.633716
1781	-324.582445
1428	-265.391486
3390	-309.736085
3539	-324.625415
2610	-309.711468
2516	-309.661518
3432	-297.523580
2891	-308.511094
1756	-326.935440
2953	-348.047609
474	-281.476832
3046	-322.057728
301	-324.570823
1948	-195.158734
1221	-344.436348
308	-303.428586
3583	-325.721011
1186	-359.296697
2901	-318.323005
2788	-345.596027
1262	-356.712023
2373	-302.564379
814	-308.509272
2677	-309.684577
3401	-338.175569
1506	-339.437849
317	-325.797397
1828	-284.993731
3511	-324.552260
1232	-336.811744
3422	-340.663929
377	-360.527122
101	-324.507184
3498	-381.585231
2359	-360.468392
1737	-323.398064
834	-346.828689
1104	-287.315479
2013	-343.195410
1572	-322.170570
3259	-359.368793
3903	-340.636306
1218	-287.431740
3541	-379.527167
2451	-359.328735
1594	-323.433551
3760	-280.314080
2410	-361.673369
851	-270.117027
3797	-376.587519
1454	-288.652757
1434	-344.482088
1984	-287.441165
1542	-370.291993
3951	-326.977685
3572	-322.172641
2965	-344.689237
2805	-272.587161
258	-371.546126
20	-270.370102
1292	-323.652284
2862	-309.693471
1082	-310.901659
2687	-377.816463
2982	-325.722723
295	-320.770299
1853	-359.314227
891	-325.767721
1865	-345.609914
1281	-308.457113
3623	-341.892484
630	-273.762561
656	-376.605347
2162	-340.613712
1642	-344.345376
3644	-345.587398
1707	-288.590006
935	-269.154939
409	-306.383308
2248	-377.773452
3288	-348.045786
2071	-246.029150
2328	-320.732586
2795	-379.572458
108	-345.614707
3936	-326.951067
3437	-288.585212
2349	-301.357553
2500	-286.498235
304	-322.464725
902	-310.940195
2130	-271.612772
1244	-345.616998
3021	-360.495540
2613	-338.214346
1197	-308.462932
1198	-308.449457
2505	-344.440744
3898	-356.700248
1901	-362.946498
2623	-235.700285
2110	-341.867094
766	-312.133805
3461	-320.776316
636	-382.818623
2884	-324.471313
1815	-345.663783
1548	-306.308471
829	-310.909285
3252	-340.610842
298	-377.795528
3523	-325.728070
2419	-287.353473
1501	-288.653529
3008	-323.359336
1543	-323.360471
3588	-272.549011
2192	-307.232824
2767	-340.635968
2994	-345.597078
138	-362.875317
1491	-344.421383
942	-325.715957
1825	-271.656372
3652	-361.720088
579	-281.480583
2283	-231.111403
3323	-232.335768
2686	-340.697732
1173	-344.465017
103	-291.024232
3726	-382.754967
1313	-324.502042
2164	-304.744503
2642	-324.578146
2776	-313.573888
680	-325.806369
3733	-309.678068
1210	-340.641282
2257	-307.238509
3090	-287.362939
3676	-346.840522
2563	-247.215049
861	-360.488871
1001	-304.724431
904	-345.608456
2428	-309.682996
2054	-302.588564
2897	-346.825923
3781	-274.984614
2609	-322.351046
3104	-310.941183
749	-249.280474
875	-376.554863
2288	-345.612787
725	-325.725266
3534	-320.785748
2647	-262.017735
1585	-360.545832
2379	-361.769162
87	-490.834069
1306	-288.682324
971	-324.624537
3031	-270.411205
190	-354.290746
3169	-310.902849
716	-325.758431
1969	-360.529678
3828	-288.650589
1320	-340.656628
261	-310.905322
617	-376.521083
3454	-376.600944
1800	-212.439286
3640	-309.692577
1619	-340.600021
3500	-323.345473
1194	-381.612648
3292	-326.937372
1438	-356.728392
1296	-345.612257
976	-382.776658
3589	-324.543443
1437	-376.547304
1571	-470.915515
2804	-344.433943
1131	-324.580815
811	-304.567859
2666	-303.423742
102	-307.230370
3193	-320.725883
3861	-234.486176
3191	-284.360325
3075	-324.616343
2748	-321.271406
472	-273.761356
3672	-309.689612
3298	-345.599182
3460	-288.678290
1733	-322.169100
1773	-304.696646
2237	-325.784144
1409	-285.282853
2998	-246.027383
1985	-339.481708
2153	-309.673226
1881	-361.772040
882	-169.557758
2068	-308.471269
373	-379.522177
792	-310.898648
3716	-361.720799
2140	-325.715372

file identifier 	 test data 	 predicted
781	-362.918463	-366.057789
750	-344.384630	-129.041934
2909	-361.687451	-370.453339
2449	-341.841190	-331.023750
2726	-324.475651	-344.471694
1395	-375.348487	-404.644884
2113	-344.391557	-118.954752
3520	-325.752207	-330.405408
3885	-304.728655	-274.216720
284	-360.500454	-230.289385
528	-288.538806	-288.021126
1687	-344.407598	-128.957044
1423	-344.413850	-162.129607
1826	-285.242094	974.963481
901	-270.446915	-276.658461
634	-154.960361	-141.910602
1174	-345.614442	-328.571914
1748	-288.688929	-295.264948
379	-391.337881	-378.441984
2618	-361.768020	-365.535942
2874	-309.725707	-307.863959
3335	-275.020322	-267.829289
1982	-345.609374	-336.526029
248	-339.489875	1022.384790
3476	-304.737418	-275.111140
618	-308.467888	-287.293118
1764	-304.725676	-289.212748
2802	-325.804486	-328.718527
2320	-362.876210	-368.455773
3309	-274.989422	-267.548810
1900	-309.689410	-310.777117
645	-308.540795	-299.799477
1614	-325.736331	-327.466704
3430	-341.828533	-332.532673
1038	-267.106213	-286.320243
3112	-327.021680	-339.007868
3376	-273.775510	-356.185873
2972	-320.764992	-327.915160
58	-304.683044	-285.877585
2310	-338.194242	-364.777706
13	-360.526646	-219.447101
1753	-375.351387	-404.374274
1141	-115.679136	-32.462848
4	-270.439280	-285.235432
1343	-310.895432	-401.174955
2329	-324.557240	-334.444817
615	-345.676743	-334.351752
3354	-360.529236	-230.726647
1557	-322.456250	951.161122
856	-324.568212	-341.129828
2766	-285.279992	1031.005522
1792	-363.504227	-705.344717
3740	-356.684693	-280.747153
26	-301.359287	-614.692553
1564	-288.555332	-289.256067
2873	-307.545713	-324.878030
2857	-362.899149	-370.864396
783	-273.806375	-358.907386
870	-345.646965	-334.352685
895	-356.728690	-234.644252
2435	-229.013797	-198.277074
1285	-346.860450	-347.762032
3954	-271.611366	-272.067160
2814	-325.804528	-331.551424
2943	-340.654874	-133.913159
2046	-286.493052	-72.880982
1893	-344.385273	-129.277069
3914	-325.805781	-331.601458
3156	-362.941094	-368.074729
1302	-339.445855	992.652488
1024	-302.535621	-190.729835
2004	-346.839235	-350.535647
2090	-308.473428	-282.626659
1616	-272.539058	-269.207641
3310	-309.721850	-310.215263
2160	-345.674929	-338.080569
279	-306.012858	994.261929
3044	-363.519194	-710.960837
3028	-346.861640	-353.898190
2030	-273.804223	-357.959309
470	-303.460335	-132.794968
1658	-287.337578	-305.305132
1078	-309.738888	-298.552635
1046	-271.618580	-268.113563
3762	-351.646368	-691.056998
887	-361.720206	-373.210986
1234	-325.796704	-331.141634
948	-336.827390	-134.722845
3117	-346.824942	-358.791316
2590	-340.650928	-142.939297
3615	-210.071468	-394.466968
1905	-231.145151	879.353441
3265	-324.569062	-339.894528
2487	-361.694757	-374.732977
894	-338.247875	-358.898641
2302	-492.008892	-413.496379
451	-362.932378	-370.418572
732	-327.023478	-338.736913
2479	-271.622821	-271.713348
2405	-318.344936	-630.540397
1140	-304.683966	-286.106827
611	-248.364357	-55.978682
1750	-287.645651	-275.827515
3479	-265.289023	-145.085016
468	-322.150234	-606.941337
2123	-327.010026	-338.454379
1710	-361.726166	-365.173411
2323	-310.954565	-402.637603
3409	-356.696744	-265.518458
2355	-336.816043	-142.639424
1920	-361.714679	-370.636878
1898	-360.497612	-249.161254
2241	-346.857051	-356.260072
1729	-361.740062	-367.757954
1161	-308.513516	-288.003076
869	-327.026488	-339.347408
3830	-346.817778	-358.137959
1547	-335.613384	1028.595749
3371	-286.517424	-83.511337
2931	-361.729140	-368.885639
2785	-310.915445	-402.718530
3230	-344.454591	-125.613885
3833	-324.559324	-333.393431
3714	-265.398572	-87.192671
112	-340.648166	-149.828135
886	-304.728323	-286.987463
2236	-235.698987	-239.343412
1973	-340.637231	-142.515702
288	-355.557059	-696.017276
1204	-361.704371	-369.271121
3269	-381.624381	-197.361898
3002	-269.479234	-90.913603
498	-273.791878	-358.763146
1124	-271.651913	-273.197809
117	-211.295163	-5.213460
3552	-325.793166	-331.846455
3736	-355.517745	-694.681286
1709	-326.941251	-337.408665
2851	-356.699504	-240.800684
527	-324.629301	-328.058464
432	-344.390227	-138.217215
2849	-355.442748	-694.350156
1965	-288.555445	-287.400235
1103	-273.764642	-359.308196
3316	-264.261826	-529.296488
3983	-322.115604	-623.037972
530	-360.503506	-236.804513
1532	-309.731599	-308.042243
274	-272.539126	-271.275963
1461	-346.899170	-352.706344
3304	-346.843297	-350.239123
3509	-288.685117	-292.143694
1700	-320.782427	-341.931248
3043	-196.405320	-171.780402
536	-323.348544	-207.262764
3334	-325.800680	-328.002041
562	-456.105229	-435.669383
1473	-340.678945	-140.722427
1988	-312.124451	-306.408095
1784	-324.497693	-344.294084
3657	-312.124380	-306.230961
2467	-325.805017	-334.533399
3820	-340.655117	-124.887906
3759	-270.393902	-275.226823
1207	-324.584396	-342.587110
726	-346.870614	-356.427986
1021	-232.328175	-81.377164
850	-271.623957	-270.705784
1877	-287.407788	-301.587590
1463	-362.938449	-365.862461
2564	-325.789398	-325.714563
79	-324.605178	-329.252026
3276	-344.508729	-163.582390
130	-274.988525	-265.813328
223	-339.501781	1022.828825
2498	-288.539500	-287.707793
2086	-308.486338	-292.816843
1139	-270.382725	-283.971548
2532	-301.405558	-610.385211
3763	-344.416821	-107.079444
841	-361.736259	-355.704267
448	-346.831139	-353.698577
2711	-322.460671	1020.287248
3510	-340.674744	-153.196063
431	-361.712798	-372.333882
40	-344.338878	-167.880868
602	-275.010289	-268.753181
1134	-343.068226	-350.132404
1918	-319.573117	-221.932198
2494	-274.984732	-264.885643
1115	-325.773014	-326.222199
346	-307.586014	-305.023301
889	-272.539307	-269.572408
932	-361.764881	-364.896188
1818	-371.535911	-401.396410
973	-325.790444	-329.171426
871	-309.680919	-304.450166
3646	-305.130313	-595.339188
3063	-317.413890	-342.826637
321	-324.604397	-335.408858
505	-338.531538	-668.484426
3140	-284.987905	-517.310371
691	-361.734668	-355.535902
2659	-324.461004	-346.582631
2314	-345.658870	-333.720451
1624	-340.670034	-131.115086
760	-324.605411	-325.762605
791	-309.662433	-305.521004
572	-356.752533	-220.035159
1612	-310.902795	-401.480897
1862	-319.615129	-222.909623
444	-340.665581	-139.460295
2483	-322.158791	-589.058806
3512	-340.641866	-144.842276
1474	-340.654517	-132.080728
2269	-308.452310	-297.234273
3529	-341.843027	-322.091772
669	-377.780670	-174.784869
2914	-270.422403	-290.411971
256	-308.741915	-308.469771
2390	-270.097243	-46.374437
1774	-324.585556	-342.772229
3017	-271.339346	-254.763132
1087	-324.508933	-346.493505
700	-310.938181	-402.234258
928	-345.665412	-338.524489
785	-273.796695	-359.077503
235	-270.375081	-290.217734
3785	-348.045948	-440.098097
3809	-310.902628	-403.330119
3959	-305.831035	-303.878246
370	-356.698196	-240.524676
1785	-273.751900	-359.540521
175	-361.754326	-361.256663
104	-360.574432	-237.794008
1133	-308.517070	-296.310014
3732	-320.774305	-324.015833
719	-309.693538	-302.437121
229	-361.648305	-361.060350
2596	-339.467484	1018.457448
41	-345.649146	-333.901502
802	-359.306313	-695.112068
2242	-362.870426	-372.129714
3550	-341.825957	-328.299421
2570	-324.626187	-337.233070
1759	-305.906809	-309.322217
2946	-345.649552	-335.274052
2174	-324.606491	-331.289062
3685	-381.602419	-171.849895
513	-355.518342	-690.594286
3967	-273.758273	-356.202685
1593	-335.598739	1039.147717
538	-324.494520	-344.028452
408	-208.863267	-171.555278
1397	-271.624640	-270.315426
1719	-232.050342	-14.265966
1440	-270.441325	-272.677833
854	-383.971058	-399.858849
1720	-309.692095	-308.346785
2729	-323.315925	-138.513462
1590	-344.415609	-169.624948
3554	-309.689751	-308.443052
2440	-317.433049	-343.095186
1863	-381.631601	-187.600528
510	-234.491176	-223.848260
1669	-287.426878	-296.310016
2285	-340.578657	-128.033131
1060	-345.713205	-330.441998
3800	-346.862839	-347.888800
2306	-287.354343	-295.804474
2529	-229.969129	-240.322028
150	-309.732713	-302.843004
1191	-360.510716	-197.649678
2051	-325.790442	-329.099178
3543	-287.318584	-310.957746
3549	-323.437779	-162.595202
2064	-309.687401	-308.105450
363	-320.778723	-335.485661
2007	-308.499105	-290.433382
172	-282.667163	-70.657485
1090	-272.500426	-256.876750
2230	-262.056533	-239.787690
800	-324.611571	-329.498338
1212	-304.733723	-275.684232
2271	-310.916474	-403.496231
3262	-235.693825	-238.171365
3653	-309.763576	-310.070646
1554	-320.728167	-332.971679
3196	-297.530335	-603.762527
1297	-345.621773	-325.375710
2945	-307.281910	-114.767726
2700	-304.687547	-284.601288
2561	-325.778234	-325.431860
3241	-319.515995	-221.324727
1874	-416.367317	-446.554254
1838	-356.685238	-250.720660
3822	-309.665941	-305.040319
2637	-325.687098	-316.938630
1116	-356.691214	-252.767468
626	-288.653249	-288.742373
3984	-344.418857	-160.973028
1471	-346.857623	-353.486913
3436	-361.762744	-356.816430
3801	-310.937414	-402.852643
3433	-308.465425	-284.416128
2312	-344.416076	-167.776938
2147	-382.781806	-373.922275
3264	-307.260972	-121.450302
591	-325.760915	-321.874855
1465	-382.796989	-366.772940
2522	-307.545457	-322.897686
2634	-326.927446	-336.448298
1528	-360.446475	-218.091295
347	-309.687405	-304.829591
1419	-344.350927	-150.483540
1778	-305.036659	-622.332420
514	-309.685045	-305.268695
1349	-286.542391	-105.046668
2889	-341.871347	-324.597641
3627	-323.347112	-192.333216
1549	-340.689515	-145.721094
1035	-284.385189	-583.968281
1749	-302.579654	-153.387390
753	-361.710299	-373.699136
236	-325.758113	-329.271108
352	-288.557016	-286.852336
1487	-345.665813	-343.805302
1515	-360.502298	-208.825558
105	-309.727110	-313.526743
2789	-340.629283	-143.581877
3694	-338.246643	-354.948259
1606	-308.462382	-291.271494
1847	-325.753767	-328.932473
1581	-345.660520	-333.878415
2066	-432.401755	-404.973253
1236	-155.897345	-268.104659
1607	-303.462115	-126.583410
399	-304.735224	-275.674968
2575	-308.759090	-313.550761
660	-271.630416	-272.040192
3674	-309.731169	-305.917304
3258	-324.473847	-342.325655
775	-344.469204	-155.260945
1684	-320.783029	-335.788737
197	-233.549368	-218.221880
2338	-268.888303	831.725433
2977	-310.909944	-402.890933
3771	-309.655144	-307.577763
1252	-301.395982	-606.188062
2676	-325.784384	-331.114178
3414	-285.313674	881.019248
531	-226.107205	-222.126289
565	-356.730212	-204.734733
1074	-304.697680	-279.637624
2178	-339.455981	1033.418619
452	-324.575287	-339.786556
2835	-362.925466	-366.037952
1555	-324.529724	-332.887415
2784	-273.803873	-358.035782
1955	-339.498757	1030.827261
2313	-312.122262	-305.999607
1798	-312.126342	-307.486948
27	-324.573866	-328.096910
977	-285.160699	1016.284919
612	-397.697891	-247.913681
794	-248.143861	831.454559
3645	-304.681903	-286.462843
628	-325.726991	-323.307437
2014	-371.537915	-400.862312
3125	-308.510840	-292.628587
116	-346.831175	-357.818651
1042	-305.904676	-310.161848
516	-312.134532	-309.488127
383	-361.702346	-363.938187
1255	-381.635881	-198.198304
80	-392.672883	-749.564689
3060	-270.441145	-275.725202
3136	-340.660061	-164.353608
2685	-344.426408	-153.449964
1256	-312.119596	-305.670583
2204	-310.904876	-402.294555
1312	-381.612501	-181.696436
733	-345.660927	-336.011720
1567	-356.714706	-279.056339
3854	-346.867382	-354.291079
2952	-308.511290	-292.461009
2217	-344.408081	-138.657109
1287	-355.515622	-676.532642
2128	-308.504896	-297.675413
2877	-324.556404	-340.152269
1690	-339.426816	985.148917
3438	-312.132858	-306.502844
2684	-310.940657	-401.252967
3841	-371.541704	-401.217269
237	-268.287661	957.581803
3882	-194.261089	-21.068471
1135	-310.903412	-402.257606
85	-272.550580	-276.731125
3202	-310.908741	-401.413790
171	-361.745138	-368.408884
1208	-345.608535	-328.392083
3139	-344.437158	-166.271900
1767	-285.277900	948.473125
1807	-344.469516	-156.897939
3866	-341.882531	-327.840230
3857	-340.686134	-157.897744
2484	-344.359905	-155.573245
955	-345.632414	-331.595926
1097	-325.784473	-334.386049
3338	-308.466631	-288.276918
1631	-345.642285	-338.110082
1483	-309.723988	-309.942076
240	-286.517094	-89.949743
1317	-344.393241	-179.936500
291	-304.683134	-289.364465
199	-309.673895	-301.726965
3974	-323.433262	-162.340894
2616	-272.542567	-255.184294
2026	-272.837907	-279.323044
2458	-361.683558	-374.305139
206	-309.688611	-319.919162
3810	-372.726782	1014.553155
518	-289.791234	-296.319902
3731	-310.913156	-403.748132
357	-307.245430	-80.439630
315	-302.472397	-128.658895
3491	-361.750275	-366.002566
2367	-361.723620	-364.797130
1730	-345.663299	-333.600754
3859	-308.499978	-293.782659
1396	-346.886411	-354.890688
945	-264.243028	-488.974103
1913	-310.912131	-402.265903
213	-249.281074	-79.879699
595	-340.652012	-134.984295
1873	-346.842529	-346.911049
1178	-382.751729	-368.621801
2219	-265.437885	-152.822451
401	-325.712603	-321.694000
2363	-324.610150	-336.660056
2867	-361.734339	-358.909988
325	-345.637577	-335.120533
3243	-377.816466	-186.493961
2060	-362.945811	-368.844854
1586	-272.837559	-280.020144
371	-380.374978	1001.935588
1691	-272.595294	-258.322990
3629	-359.312853	-692.573896
727	-272.562906	-257.979416
1858	-343.238086	1020.141162
2797	-345.646914	-334.442925
3952	-269.175627	-178.819466
532	-344.369744	-180.420339
1099	-231.975652	-147.998376
3296	-345.650105	-333.578185
253	-305.838224	-301.978332
878	-308.466070	-291.313585
1637	-343.503600	-178.850613
3108	-361.653332	-367.721006
25	-309.712046	-302.424045
2115	-266.626759	-274.131110
1899	-308.478846	-292.009686
2654	-304.679740	-290.364156
1421	-360.526142	-227.691704
3213	-339.438949	1009.607911
3427	-325.793904	-332.822540
2707	-310.915408	-403.338944
1148	-284.062954	-297.296112
2094	-325.812885	-330.590497
3306	-361.650084	-365.753194
2721	-271.401725	-242.258207
779	-356.732185	-229.031569
446	-305.831164	-303.937083
1993	-339.504090	1020.011263
2168	-310.899911	-403.123487
3037	-288.567911	-285.327900
609	-377.817369	-206.854394
1253	-312.126356	-305.984783
316	-341.858490	-331.341062
416	-271.318448	-250.984901
2438	-392.565188	-747.369219
3703	-287.697316	-263.963963
1859	-324.577613	-333.611130
2127	-308.519863	-286.922382
1146	-339.465889	1033.372066
343	-360.502305	-257.641458
1855	-360.497728	-232.608644
1340	-271.616723	-267.883434
251	-265.386781	-64.389393
1943	-325.729335	-320.390906
1374	-322.175807	-600.656025
3434	-360.560766	-266.503694
1602	-318.339586	-605.843325
2416	-344.406447	-162.650163
978	-324.545574	-337.159329
208	-270.399081	-272.277292
2922	-352.890573	-250.119607
2080	-325.793131	-327.768533
3082	-272.586248	-259.475668
1772	-361.717972	-372.857552
3453	-321.254976	-344.365222
3924	-270.393737	-294.863082
2145	-346.844016	-352.635411
2716	-303.464433	-122.221033
864	-323.337623	-174.132052
1728	-362.942862	-365.083967
1814	-360.537947	-287.806503
2834	-325.699665	-322.351478
2730	-286.492223	-99.676097
3157	-335.619981	1028.683476
3111	-318.340705	-603.131121
149	-380.415966	988.111893
67	-172.006141	-157.496163
2656	-376.622509	1017.124526
394	-344.385642	-153.108489
1809	-324.559733	-342.657522
1890	-371.608385	-395.152515
3350	-339.431591	949.869977
2838	-324.547436	-342.940549
3562	-360.524672	-167.905387
494	-345.611057	-333.578742
564	-272.569586	-263.332234
323	-309.647349	-304.492254
2947	-355.510313	-696.116966
3571	-309.676719	-306.773130
293	-377.807580	-186.040816
839	-302.254301	891.795885
2182	-340.610000	-120.273821
1657	-338.273162	-363.949234
3553	-346.830674	-348.946853
1138	-308.444609	-287.973852
48	-304.689512	-281.032601
3423	-308.555641	-289.523333
852	-361.731511	-358.913393
396	-372.782655	1016.750221
3182	-287.440436	-280.057565
2763	-272.548325	-265.644249
29	-344.425700	-162.875044
2297	-322.412936	1030.447820
1824	-336.855265	-143.802117
2274	-308.463553	-293.749638
1628	-345.637174	-332.873442
2502	-309.685960	-305.001719
3577	-361.716705	-359.779495
3027	-336.811099	-139.149254
2088	-362.871515	-368.362669
3485	-324.614459	-336.018106
961	-326.950279	-337.659761
3939	-317.386479	-343.021563
2752	-381.632242	-172.514977
1864	-312.133063	-306.941094
2963	-287.651399	-275.588273
2790	-287.732329	-265.273844
1681	-310.908780	-400.843803
2917	-267.068488	-283.904343
672	-345.661057	-328.336253
492	-305.904760	-306.213148
729	-343.084333	-348.897150
1979	-308.462923	-292.312756
3232	-345.686487	-333.665194
1344	-341.767606	-329.472569
1966	-302.558699	-174.996251
2043	-344.484341	-123.168629
2508	-324.574476	-331.300162
3429	-274.987297	-265.514742
10	-344.512001	-135.152378
3411	-286.134060	-158.493581
3661	-287.358011	-296.601646
3180	-323.669200	-116.196315
3407	-343.517848	-180.022236
137	-287.440932	-276.754495
1156	-154.972731	-138.144955
2464	-297.555801	-603.504400
1734	-359.354596	-700.061273
782	-361.678341	-358.494154
434	-338.195462	-364.528028
2303	-309.719920	-311.190222
3128	-341.867138	-332.995976
3812	-271.623066	-272.853652
135	-301.341304	-611.280957
896	-323.312767	-161.056298
586	-376.582598	1017.102639
2424	-273.764093	-356.651500
883	-340.647778	-175.209486
2511	-250.500016	-230.653750
1788	-345.646841	-333.961365
3872	-340.691219	-164.501532
3876	-304.574737	-285.123429
2709	-345.632155	-333.033999
2069	-346.855971	-360.220449
3071	-273.789182	-358.573929
723	-361.717032	-360.374230
849	-360.532987	-209.786810
1695	-344.411060	-136.472064
3526	-249.285024	-74.984345
2708	-308.512758	-291.931078
2408	-356.708234	-173.195676
3956	-345.698757	-318.392286
1762	-361.755551	-368.210263
790	-341.836780	-326.796408
1149	-325.796862	-330.603510
1016	-305.129953	-571.080353
3881	-357.951284	-363.146968
3054	-269.129580	-160.645986
3261	-232.025930	-58.710155
1301	-309.679190	-310.209536
655	-325.771459	-325.388563
3254	-287.469473	-280.723376
2447	-323.330261	-197.412089
1355	-361.727678	-366.797729
1435	-193.963318	768.590096
1179	-343.195060	1000.863424
3774	-305.130184	-596.690893
1902	-324.615795	-329.091085
789	-324.581906	-331.074977
1006	-336.843788	-134.768454
589	-340.604189	-159.644603
868	-312.124574	-309.054139
2769	-376.563238	998.874240
501	-345.630685	-334.662421
3986	-355.516778	-696.562559
69	-265.441614	-140.820893
2697	-360.495788	-237.422934
683	-348.060054	-441.627092
3167	-309.688639	-306.374043
2052	-325.809179	-326.627370
3899	-337.265273	-319.982326
3582	-344.436500	-137.400575
503	-355.514134	-696.725029
1808	-356.676972	-272.975264
1718	-356.706262	-233.745577
1670	-269.230258	-82.414984
3384	-357.949026	-364.199007
2309	-272.583285	-260.740032
2923	-325.801905	-329.777972
65	-312.125621	-303.864223
1959	-324.603913	-318.202148
2031	-269.170061	-99.831776
509	-307.238995	-84.382442
2304	-286.431160	-141.189026
777	-307.544712	-325.194652
3792	-360.525610	-244.085780
3442	-381.635659	-177.542959
1976	-346.831692	-354.014260
3208	-288.572843	-284.233244
2737	-322.442708	995.948771
1765	-285.335887	1007.134997
3545	-310.915918	-403.107580
324	-307.534482	-318.424019
3505	-274.983383	-265.543490
3838	-271.318933	-253.619245
640	-345.616264	-328.406994
3555	-360.547370	-214.992898
3056	-269.180682	-76.919684
2933	-360.538112	-222.042416
1860	-308.507458	-287.248242
449	-325.753993	-329.796438
2509	-344.380267	-184.182296
3970	-305.897998	-306.903664
47	-247.225618	-500.638252
2770	-288.588657	-285.872194
1105	-302.306944	952.795389
1094	-304.696023	-281.667242
147	-345.615452	-332.072182
1827	-343.492484	-180.400672
239	-270.446608	-294.756015
2997	-380.371074	962.708885
2095	-348.034975	-440.786224
855	-271.614051	-269.494979
2280	-359.345792	-699.244155
3891	-346.821929	-354.898397
2206	-312.126404	-306.171403
1420	-286.516174	-85.061226
2214	-245.994065	-218.422588
1689	-336.823026	-97.191624
2758	-309.696640	-317.271275
799	-310.910909	-401.863143
1350	-343.076530	-347.060314
3277	-354.254979	-336.167290
671	-310.897268	-401.918946
417	-344.440065	-133.727960
1184	-286.506282	-101.663444
1832	-309.737802	-308.217738
2218	-325.756157	-332.607284
863	-285.288405	1029.842089
349	-309.687623	-307.433212
3135	-272.569212	-268.585810
3218	-325.743746	-328.795299
3492	-345.645245	-332.160781
3317	-269.177232	-110.098513
1711	-345.611239	-328.186345
2986	-340.629609	-148.510561
2702	-309.685148	-302.386583
899	-321.230055	-341.930404
3341	-291.021228	-295.141254
2772	-343.232602	976.673684
992	-377.811306	-186.106113
2566	-346.832253	-353.326668
2142	-324.624987	-337.796401
3138	-345.651520	-334.689616
1677	-344.412416	-173.602727
89	-249.259410	-100.216313
3209	-346.834502	-351.589708
2455	-344.431301	-160.817522
1100	-380.373569	1004.236979
3978	-282.861121	-263.536522
1220	-325.800532	-334.278176
3777	-339.431092	987.522490
1453	-309.720334	-311.762475
2018	-286.492357	-113.134585
2520	-307.284294	-143.328916
2845	-307.602080	-311.965589
1247	-325.770105	-326.763885
2244	-414.351653	-496.504038
3057	-301.381127	-611.824508
3340	-229.879598	-232.279016
330	-286.408473	-141.041379
1595	-309.686571	-310.509607
620	-346.820834	-354.740546
2890	-309.738198	-305.881177
1840	-360.536972	-212.876672
2247	-348.046805	-439.078073
561	-264.226909	-529.240392
1494	-345.654016	-326.957851
1228	-345.640969	-326.400773
1527	-271.621836	-275.733440
1914	-288.576123	-286.873034
3535	-323.235679	-198.003002
2571	-309.686348	-303.524339
1107	-267.060326	-281.694064
1114	-302.353948	983.080400
3307	-318.647923	1008.471817
3220	-273.806349	-358.580633
3892	-271.608843	-268.853881
1378	-346.867789	-356.574823
3796	-341.875439	-329.191398
428	-324.570042	-338.551177
546	-306.365166	-159.750891
1185	-324.558175	-346.130553
2019	-340.659620	-162.289019
2200	-344.426799	-159.728794
36	-344.382282	-189.140603
1794	-325.712420	-322.476284
277	-302.288351	1005.300400
1066	-375.344926	-404.792484
2461	-269.170508	-126.427625
2356	-323.346816	-184.398502
3973	-356.659922	-242.930315
3147	-338.530072	-666.254805
1903	-309.678054	-310.814827
173	-396.486463	-739.020142
3940	-308.464824	-285.423141
1964	-309.726463	-305.735283
566	-303.472917	-80.056189
151	-270.397623	-286.153241
3440	-322.135917	-638.823179
1416	-308.514570	-285.648946
1693	-234.474613	-234.631575
60	-382.768883	-369.551538
2344	-305.915175	-311.407646
1892	-382.805933	-366.720451
2234	-272.580839	-262.532451
3105	-346.821661	-359.034816
3493	-232.333258	-81.073959
2962	-309.686114	-308.960883
3210	-336.808333	-155.131391
2781	-288.581699	-286.568482
2117	-346.839895	-353.180941
2334	-472.135006	-286.564545
1621	-346.884834	-358.274584
724	-320.775720	-330.243972
3972	-359.339915	-684.224719
3829	-323.654114	-119.498454
3062	-381.573048	-165.210597
3713	-325.748400	-327.340255
2552	-340.624424	-146.973007
1535	-324.463541	-341.027306
2581	-234.469389	-222.939446
3231	-380.446861	1013.015535
3707	-271.620156	-271.424474
2703	-309.722894	-307.726207
1569	-234.503085	-224.517867
1770	-309.719198	-307.201557
940	-325.787515	-330.734880
3392	-361.774979	-361.832995
1387	-361.698635	-370.327895
2567	-320.795216	-336.006277
2341	-377.784360	-168.872416
145	-310.929561	-402.668916
1582	-361.735290	-352.584675
3902	-382.757521	-358.639350
1226	-195.226072	-5.837936
437	-309.705971	-306.521630
2819	-360.551444	-250.984563
380	-307.581989	-317.503753
3184	-308.439671	-289.427277
3557	-344.382663	-124.723594
2747	-301.332569	-614.755830
3065	-344.486202	-138.692977
1823	-340.656176	-166.750691
2863	-287.423372	-287.932768
282	-325.714378	-330.332763
909	-325.789320	-330.379431
1310	-307.529289	-322.995918
1425	-288.648476	-286.688401
1209	-392.612820	-754.782954
979	-309.713440	-305.004623
3472	-340.657197	-166.686365
1617	-355.508183	-694.458534
2151	-289.802108	-298.331025
2414	-382.803358	-379.503015
3297	-360.526636	-271.930036
693	-234.520624	-235.486672
3215	-320.793270	-328.703208
2762	-306.370119	-147.127329
1004	-355.416555	-695.547365
3544	-312.133269	-309.031541
2039	-360.553317	-267.708845
745	-344.464270	-147.861166
2050	-362.937518	-370.432388
1667	-323.323781	-179.138707
1183	-325.750970	-328.758018
3831	-451.528971	-609.554508
1780	-345.606551	-333.903381
3347	-286.510514	-85.425471
2107	-325.766177	-329.707519
3825	-93.411888	77.866952
2383	-324.593866	-337.762450
1314	-324.460304	-348.660020
3291	-362.911941	-367.290951
2411	-193.075202	-370.712933
221	-310.917273	-402.964939
2055	-304.724717	-287.517655
134	-308.516376	-293.361480
2102	-361.723581	-360.976818
1744	-288.535621	-278.557136
3246	-340.652252	-144.067392
3161	-309.678595	-303.063333
3040	-360.506446	-296.275685
1611	-348.044714	-442.326797
3987	-324.506120	-331.378166
996	-307.544316	-324.830221
1274	-309.686648	-318.048092
3753	-271.652242	-272.041717
1401	-307.265351	-103.213687
702	-379.000257	-359.252343
3029	-285.281493	985.405682
3103	-340.631134	-122.702044
3564	-303.533472	-99.278403
2202	-324.602888	-318.379917
2866	-344.431605	-114.891409
478	-119.052475	508.125790
597	-309.683901	-305.621821
3382	-341.145624	-325.094833
1319	-308.560759	-289.459657
1489	-266.777425	-235.339935
2409	-324.595526	-338.040029
242	-340.623533	-130.154663
148	-345.629933	-327.946856
2694	-317.396153	-342.828971
3025	-324.573338	-344.497667
2649	-381.581036	-195.222388
128	-303.785832	-319.546588
1010	-340.666160	-154.871037
708	-306.313133	-183.627157
290	-348.056024	-441.461865
203	-340.663148	-133.456967
857	-245.711897	-214.878692
576	-345.655968	-332.442170
1017	-308.419735	-292.283545
2197	-309.684327	-314.678152
3303	-272.589883	-263.035076
3267	-320.776472	-336.644489
3367	-269.216969	-133.595708
2589	-361.718361	-370.212157
1634	-324.563073	-332.591619
2211	-340.648620	-146.348312
3622	-304.726439	-280.670698
1995	-362.946041	-367.150549
307	-302.239101	956.954371
2185	-344.343476	-175.456552
847	-324.608363	-339.977919
438	-381.565482	-168.782049
1947	-303.533559	-106.541982
2661	-323.448833	-191.122848
3	-346.838279	-347.665150
2999	-307.237456	-123.208282
2459	-273.761223	-357.848055
1272	-308.486687	-295.559045
202	-226.160842	-234.832239
2893	-274.985796	-266.964777
3650	-382.756764	-366.764889
2556	-321.958604	-323.952681
776	-325.781815	-327.553772
1738	-273.759338	-357.547717
1019	-327.016183	-338.619627
2154	-360.512793	-262.676711
1405	-361.711854	-365.805012
570	-275.012535	-266.268429
1836	-268.273739	1022.663935
1714	-132.718150	-76.852984
3424	-348.051118	-441.931680
2427	-339.474134	1024.739211
1970	-362.897428	-365.270583
1217	-325.773675	-329.219223
2786	-327.009009	-338.300990
391	-345.584667	-329.621997
3517	-396.475511	-738.869647
1559	-380.372123	970.804312
3659	-340.683837	-164.021882
166	-325.729970	-328.427134
2434	-377.845502	-186.015438
2783	-272.537685	-254.763524
3450	-382.824468	-367.303775
2460	-345.631797	-337.623590
1596	-492.022084	-400.461807
616	-345.676243	-336.512154
1308	-341.814212	-326.353304
341	-273.735711	-359.923298
836	-324.606601	-337.127711
77	-348.062001	-442.498057
3597	-360.539435	-200.255880
62	-309.677968	-310.094276
666	-381.593528	-160.938314
1805	-344.380468	-135.215602
1889	-361.731388	-364.964889
160	-309.685140	-301.284772
3124	-308.562031	-282.529238
2112	-304.729640	-281.649398
3516	-324.634527	-329.784253
3158	-269.271320	-111.275962
2955	-346.822341	-354.556862
2235	-318.409670	-622.605014
2336	-344.433499	-113.168446
1915	-361.705669	-366.838057
3704	-348.035847	-439.331377
2777	-336.817321	-137.826284
2664	-348.047695	-440.849503
3953	-325.792503	-331.153144
3943	-376.602183	1014.148161
2040	-317.409527	-343.308382
2193	-383.976576	-399.762303
3823	-303.527274	-99.070377
207	-285.281032	990.316533
63	-287.377993	-307.383010
2993	-346.825502	-350.442264
639	-270.405973	-273.391566
2150	-324.570860	-334.772549
3294	-340.693392	-139.493729
687	-346.841762	-352.320569
825	-340.536374	-174.803535
3185	-348.053386	-440.486823
3359	-325.733758	-322.954686
3448	-324.634377	-337.607139
2528	-308.467760	-295.102368
1694	-273.743311	-359.715258
2854	-325.810616	-331.039220
690	-375.420808	-405.092067
968	-308.470667	-289.076979
2272	-324.528642	-342.983152
3721	-284.372483	-570.942701
2063	-344.402806	-125.626651
2974	-396.486691	-739.426502
44	-309.735489	-312.357189
2276	-309.679242	-309.865497
2400	-345.592410	-332.763502
3612	-309.738513	-310.650354
2799	-340.702898	-158.656862
1276	-340.667317	-164.296476
2109	-321.219665	-347.967863
2503	-345.653983	-335.809509
1079	-287.347000	-301.979139
1927	-361.739999	-364.685338
833	-325.761605	-328.152122
3251	-306.056425	963.599369
1237	-360.542541	-247.340645
84	-345.610574	-325.647219
1249	-272.543724	-269.419604
3501	-318.409788	-622.173988
963	-345.645239	-334.215170
3126	-360.523204	-193.076680
2392	-272.551442	-254.715621
3214	-344.426062	-110.052360
2984	-362.935648	-368.663424
1796	-307.536544	-315.653095
3805	-309.680682	-310.520268
2823	-309.730966	-305.306377
504	-356.680129	-199.831166
3412	-335.628480	1030.984332
3278	-298.952950	-218.864343
3834	-324.589539	-336.076657
126	-274.991042	-264.627288
2621	-305.145002	-600.991172
