no_training:3000	no_test:993file identifier	 training data
2179	-361.698233
3563	-227.798785
2189	-325.762375
571	-339.423497
3773	-345.602641
1765	-285.335887
1236	-155.897345
749	-249.280474
1280	-356.683566
2601	-333.464063
2046	-286.493052
2727	-271.330291
3774	-305.130184
3219	-339.428557
742	-272.588370
85	-272.550580
3855	-304.746925
2907	-344.466563
2313	-312.122262
3364	-305.057353
3502	-376.564063
2859	-362.909074
3142	-376.617653
3147	-338.530072
3460	-288.678290
1239	-356.710448
3064	-326.983087
1203	-261.802956
3467	-308.494487
903	-309.685872
2527	-297.554699
1060	-345.713205
2254	-359.388326
1887	-361.696319
2397	-308.772292
621	-310.899323
3908	-272.847530
1163	-397.709232
937	-306.397642
162	-232.324966
135	-301.341304
1277	-309.706892
1019	-327.016183
2388	-309.695742
644	-376.595314
2259	-361.734611
3778	-309.700675
3801	-310.937414
3725	-309.710255
3554	-309.689751
1828	-284.993731
2522	-307.545457
1237	-360.542541
1935	-361.677841
3262	-235.693825
1503	-327.014214
1867	-324.583096
1175	-361.742598
1082	-310.901659
3974	-323.433262
2569	-281.476967
3779	-308.476903
3476	-304.737418
464	-324.485629
1543	-323.360471
3988	-309.707600
2103	-346.834331
2669	-309.763785
1438	-356.728392
2081	-273.775864
3197	-309.714859
3973	-356.659922
3236	-310.912270
1442	-308.465594
835	-320.740782
2182	-340.610000
1954	-226.144377
31	-359.310420
3758	-272.557350
810	-269.144656
1430	-361.720960
2699	-346.864540
1802	-361.715983
3861	-234.486176
3665	-323.329494
1083	-309.726295
1522	-324.485746
1723	-307.290176
3636	-324.624318
808	-320.774349
478	-119.052475
857	-245.711897
2360	-340.636727
3419	-335.590859
3117	-346.824942
3898	-356.700248
3245	-327.024699
1610	-196.406419
242	-340.623533
2879	-265.401151
3817	-288.554600
3519	-376.604739
549	-372.785072
3717	-275.014300
3821	-308.427345
538	-324.494520
718	-392.601894
489	-356.745773
33	-264.504487
2833	-248.375248
13	-360.526646
527	-324.629301
3892	-271.608843
3348	-304.715963
1451	-348.052763
2286	-309.728265
1832	-309.737802
1111	-335.656557
3592	-323.367866
1020	-303.566436
2372	-322.217569
1807	-344.469516
836	-324.606601
72	-325.720699
3860	-308.505267
2713	-310.904631
3027	-336.811099
2385	-310.911571
3298	-345.599182
3645	-304.681903
931	-361.763293
238	-233.253760
100	-361.702143
444	-340.665581
1573	-233.255259
1689	-336.823026
3061	-392.552088
1709	-326.941251
1946	-346.841836
1152	-308.448572
1901	-362.946498
1984	-287.441165
1739	-303.454720
1892	-382.805933
476	-397.686127
2039	-360.553317
558	-344.464151
3764	-308.483519
730	-336.821088
3089	-327.025329
2104	-379.006904
143	-302.355005
2371	-307.253245
1809	-324.559733
2871	-308.460407
3939	-317.386479
2101	-361.717364
370	-356.698196
1750	-287.645651
3539	-324.625415
469	-325.775843
2814	-325.804528
3171	-345.599912
1168	-308.454820
2509	-344.380267
2113	-344.391557
1267	-341.841438
209	-308.493663
1106	-231.106310
1843	-362.899677
624	-312.119017
1611	-348.044714
1045	-344.449852
666	-381.593528
1945	-361.754136
1295	-346.829652
303	-375.328197
3549	-323.437779
2031	-269.170061
2074	-285.300440
3713	-325.748400
2874	-309.725707
1084	-309.711894
2904	-302.545112
3208	-288.572843
313	-361.721849
2633	-324.627681
2305	-376.633716
2227	-356.712771
1795	-356.736238
2767	-340.635968
3496	-302.303890
2098	-327.020807
1829	-382.804482
626	-288.653249
2407	-377.829134
2638	-309.688194
2480	-344.385369
1550	-301.345683
218	-285.311823
1678	-310.955296
1856	-321.958301
2644	-320.786990
345	-309.704732
3726	-382.754967
247	-304.688358
1607	-303.462115
3354	-360.529236
969	-325.797425
2782	-340.664407
3679	-320.794248
1504	-360.489720
3355	-345.648365
354	-285.174014
2139	-381.581478
3789	-273.762938
3220	-273.806349
3612	-309.738513
1766	-270.387395
3277	-354.254979
2834	-325.699665
1479	-309.677142
3323	-232.335768
1786	-325.785038
2408	-356.708234
1456	-308.496384
3557	-344.382663
3535	-323.235679
1432	-324.522792
2164	-304.744503
211	-357.939331
1754	-269.221561
2708	-308.512758
1340	-271.616723
3886	-270.388222
2656	-376.622509
2702	-309.685148
1564	-288.555332
3157	-335.619981
119	-327.012568
849	-360.532987
2119	-323.665987
1918	-319.573117
2606	-323.344105
1387	-361.698635
1142	-309.702591
552	-340.639366
2615	-360.501085
195	-296.296482
3442	-381.635659
1732	-269.170665
1331	-310.941319
3627	-323.347112
1819	-249.292101
2008	-336.802659
3037	-288.567911
1604	-347.456674
2307	-346.859945
1923	-287.427777
747	-359.350089
267	-345.641113
97	-286.495035
1661	-322.148261
49	-396.507540
536	-323.348544
1516	-249.358446
2333	-338.234590
3363	-345.658313
324	-307.534482
3246	-340.652252
3338	-308.466631
2412	-310.904086
3358	-326.934987
3311	-344.433172
3450	-382.824468
329	-380.402442
2421	-249.395323
2263	-274.983122
2462	-325.752244
2027	-376.585000
1657	-338.273162
3295	-231.069318
2032	-287.663174
1567	-356.714706
3286	-361.731914
3192	-313.554802
1034	-356.732791
1284	-320.761539
1377	-325.768959
1533	-309.671865
1069	-375.370023
3914	-325.805781
2268	-302.558547
2211	-340.648620
394	-344.385642
360	-346.890881
1720	-309.692095
3193	-320.725883
2785	-310.915445
3896	-307.280331
28	-324.630221
3878	-360.554015
2460	-345.631797
629	-309.712115
1497	-251.731545
365	-361.740208
1336	-334.362330
2643	-372.711859
3291	-362.911941
3101	-360.503577
575	-272.582834
1094	-304.696023
1979	-308.462923
3837	-343.468335
3775	-324.576188
1264	-324.536694
2812	-381.619786
511	-320.778636
1621	-346.884834
1078	-309.738888
2042	-232.364952
725	-325.725266
3697	-312.119261
1509	-345.612220
2562	-375.357530
2939	-352.864008
2730	-286.492223
3397	-356.702115
286	-324.563745
3145	-324.570872
3106	-273.735646
3651	-303.463214
3699	-355.497878
1099	-231.975652
2761	-309.696507
2276	-309.679242
2242	-362.870426
941	-340.652570
878	-308.466070
590	-346.857871
2473	-324.497671
1191	-360.510716
3116	-312.128429
3310	-309.721850
1476	-308.455419
1756	-326.935440
3143	-286.432042
2927	-324.500425
2518	-360.566272
1629	-272.526778
2085	-309.695312
3008	-323.359336
1159	-325.779568
2678	-285.255563
795	-246.023231
640	-345.616264
672	-345.661057
1822	-344.395150
3455	-270.401061
1924	-340.591587
2448	-346.833271
1305	-319.621560
3721	-284.372483
3381	-309.731402
1981	-306.313924
533	-287.720383
379	-391.337881
3859	-308.499978
638	-345.695868
540	-346.830523
146	-377.813815
3433	-308.465425
2454	-288.578155
289	-321.949791
432	-344.390227
277	-302.288351
517	-344.434827
447	-271.627826
892	-288.621895
2516	-309.661518
3584	-281.484877
1642	-344.345376
3738	-274.982053
1463	-362.938449
90	-327.017113
2160	-345.674929
2339	-326.954728
2897	-346.825923
1870	-309.686187
3734	-326.940196
3269	-381.624381
485	-250.585183
665	-288.571762
3767	-324.568597
2862	-309.693471
3950	-270.439135
3350	-339.431591
2247	-348.046805
1740	-376.599676
2123	-327.010026
1426	-381.607770
1763	-325.799404
3240	-338.234966
2665	-348.031230
2510	-325.797299
2210	-325.710772
1126	-270.392715
3820	-340.655117
2556	-321.958604
189	-322.167165
3832	-346.836423
3510	-340.674744
3937	-361.713179
3558	-339.464817
3947	-382.782251
80	-392.672883
983	-341.851447
745	-344.464270
1773	-304.696646
2117	-346.839895
411	-397.680771
2209	-382.781841
2772	-343.232602
2001	-346.833365
1861	-235.696852
926	-345.680086
406	-359.295180
579	-281.480583
349	-309.687623
181	-412.528245
1452	-308.467331
1781	-324.582445
3919	-304.721921
2568	-325.718022
3696	-308.474441
524	-308.507004
2233	-319.556235
1032	-346.816694
3035	-344.404557
3107	-281.504745
2052	-325.809179
3329	-310.909123
3838	-271.318933
2106	-286.476486
2327	-381.624797
3052	-291.017787
1121	-333.449362
2659	-324.461004
1747	-360.559076
226	-360.556344
2065	-340.537496
3854	-346.867382
851	-270.117027
1330	-324.575010
117	-211.295163
934	-345.650323
1100	-380.373569
933	-270.430832
2248	-377.773452
361	-376.622353
118	-352.905052
1405	-361.711854
568	-303.458583
3948	-340.614465
241	-309.718177
1368	-288.584029
2667	-308.455402
2916	-340.655601
3684	-362.958208
319	-352.845678
2178	-339.455981
1299	-348.043466
3987	-324.506120
3109	-324.582824
1170	-310.895183
2748	-321.271406
3060	-270.441145
1396	-346.886411
3941	-231.108368
3292	-326.937372
249	-306.347185
683	-348.060054
3881	-357.951284
2960	-271.360631
3458	-345.693035
3330	-323.360126
2652	-317.377404
2600	-307.237880
2162	-340.613712
3932	-360.472117
2934	-324.462733
1696	-320.785074
3221	-308.477915
1134	-343.068226
2661	-323.448833
2590	-340.650928
3930	-338.542975
1640	-304.583737
2155	-343.243883
1300	-324.595031
2040	-317.409527
3218	-325.743746
2369	-273.760271
2981	-327.026688
3805	-309.680682
1183	-325.750970
203	-340.663148
2507	-291.014750
2639	-302.580808
1146	-339.465889
1957	-206.721858
468	-322.150234
1565	-325.735821
748	-324.572987
1902	-324.615795
3604	-273.812100
2935	-297.516418
2881	-345.594203
3057	-301.381127
343	-360.502305
2514	-354.197108
19	-309.720734
2095	-348.034975
11	-356.688211
2464	-297.555801
2163	-324.503356
2826	-308.764658
3124	-308.562031
291	-304.683134
2581	-234.469389
3314	-305.846541
3654	-307.541973
1425	-288.648476
2468	-307.193849
1841	-325.788368
2170	-274.987123
2750	-268.301176
631	-371.449232
1411	-327.023352
3249	-325.739818
2383	-324.593866
2337	-324.588418
2817	-340.641240
952	-325.717725
3098	-345.658421
1635	-360.520081
3456	-276.206318
2225	-324.612179
1562	-309.676327
2486	-307.239887
7	-309.722879
3303	-272.589883
3233	-304.691526
2449	-341.841190
2492	-396.477101
2172	-308.472272
3905	-395.515911
3597	-360.539435
2953	-348.047609
2966	-308.428791
2952	-308.511290
3174	-272.844804
659	-326.976670
2483	-322.158791
3156	-362.941094
1354	-382.790027
3559	-309.721434
2574	-273.812881
662	-341.843824
2442	-345.636611
2291	-286.514923
1605	-345.703157
3180	-323.669200
1220	-325.800532
2404	-323.340989
1882	-273.764420
3500	-323.345473
3543	-287.318584
2623	-235.700285
1599	-304.689816
3701	-248.211932
959	-492.026657
1953	-308.457242
2529	-229.969129
1466	-340.657975
2827	-345.615042
988	-341.827199
467	-273.793804
1161	-308.513516
3743	-325.726182
2703	-309.722894
3992	-319.576017
276	-380.379743
1695	-344.411060
2440	-317.433049
2009	-273.812948
2584	-360.567154
712	-294.081616
2867	-361.734339
605	-456.103432
1040	-268.307873
1939	-242.205627
3087	-392.563319
235	-270.375081
2570	-324.626187
1205	-304.682331
358	-272.544323
2185	-344.343476
1055	-345.681183
2943	-340.654874
3449	-297.510804
88	-345.655534
1713	-323.381747
3190	-232.325947
2617	-248.151318
3194	-301.367422
1487	-345.665813
799	-310.910909
932	-361.764881
3448	-324.634377
2809	-344.506029
3351	-285.306999
765	-317.447668
3729	-376.562796
3396	-273.815873
975	-357.171724
3079	-270.401391
1394	-396.500849
150	-309.732713
919	-272.589999
3462	-272.538255
675	-346.827397
1760	-326.940002
2770	-288.588657
84	-345.610574
3009	-307.265383
921	-325.682121
2282	-375.368783
1226	-195.226072
1626	-345.619567
2898	-310.940190
2250	-339.462492
3243	-377.816466
1559	-380.372123
513	-355.518342
2765	-381.546975
1358	-340.682075
770	-381.612946
2677	-309.684577
3768	-227.338075
3019	-301.357437
2634	-326.927446
193	-307.285557
1737	-323.398064
3709	-340.613243
1864	-312.133063
1547	-335.613384
302	-340.632285
727	-272.562906
3137	-272.533448
2649	-381.581036
3223	-341.794931
3830	-346.817778
375	-346.857432
3688	-322.476720
529	-309.725786
3264	-307.260972
138	-362.875317
1994	-383.983835
101	-324.507184
3205	-341.842686
780	-308.769557
804	-248.395289
3555	-360.547370
1655	-338.217210
3499	-309.702237
3054	-269.129580
1528	-360.446475
1600	-249.301818
3776	-320.773105
1321	-234.472577
2318	-348.039301
794	-248.143861
1140	-304.683966
3016	-309.730329
497	-287.470402
887	-361.720206
1149	-325.796862
734	-233.242250
2773	-325.684055
3648	-324.631468
3846	-318.393987
3432	-297.523580
2293	-269.216495
2169	-356.733974
2357	-325.754267
1904	-304.752598
73	-233.293627
1641	-340.647224
2326	-320.768781
3945	-304.737186
102	-307.230370
1980	-345.680616
3965	-273.764529
26	-301.359287
389	-271.336957
3596	-285.328258
2322	-355.508682
3635	-308.475489
1378	-346.867789
3513	-340.637067
3736	-355.517745
3011	-310.902708
2387	-391.391111
828	-361.684892
805	-309.658574
3629	-359.312853
3956	-345.698757
3001	-270.386138
1613	-346.890723
2932	-285.320198
107	-307.580090
2493	-346.822460
2760	-155.908941
3463	-304.735360
83	-344.434906
184	-322.436757
3370	-396.486664
2110	-341.867094
3090	-287.362939
1027	-360.529992
1794	-325.712420
831	-346.867207
658	-307.234503
1392	-353.321142
667	-360.533083
834	-346.828689
3705	-345.665479
1830	-345.641862
1784	-324.497693
3804	-324.573632
2683	-309.686061
2033	-310.919833
710	-340.625597
783	-273.806375
221	-310.917273
2697	-360.495788
3766	-344.436564
2015	-308.518276
1381	-303.795699
325	-345.637577
3819	-397.692021
687	-346.841762
567	-339.489014
3032	-360.508895
578	-382.825717
771	-346.903261
2496	-326.954795
2941	-340.635024
3910	-309.703111
2838	-324.547436
410	-325.835955
1589	-324.608694
1839	-355.496901
3835	-309.693085
3560	-286.463470
3900	-308.465445
2142	-324.624987
473	-346.828378
2193	-383.976576
414	-192.762455
3080	-344.436248
1884	-307.577822
1700	-320.782427
2457	-382.757134
946	-324.577279
2596	-339.467484
287	-307.560718
2719	-286.477365
2012	-382.788561
1127	-345.659797
1380	-288.625728
784	-377.848074
1154	-310.937644
767	-346.861463
3660	-288.651313
1155	-272.838189
2461	-269.170508
3578	-286.432515
1609	-210.001565
2393	-324.608961
2297	-322.412936
824	-310.952875
395	-234.447743
81	-318.390876
409	-306.383308
3096	-338.175960
2899	-310.930659
3434	-360.560766
2176	-345.608670
27	-324.573866
1147	-304.755780
1131	-324.580815
847	-324.608363
866	-340.620625
3123	-309.702150
312	-234.485640
2662	-345.635068
3575	-309.736328
346	-307.586014
1398	-234.469383
3799	-291.018995
3885	-304.728655
2336	-344.433499
54	-195.186228
3901	-346.822424
3840	-309.681264
778	-324.573162
1937	-287.438379
2341	-377.784360
1375	-345.645053
2362	-305.134491
2175	-324.545475
2005	-305.155985
3532	-344.464356
3772	-356.752251
1623	-229.615446
1262	-356.712023
335	-361.729115
1963	-325.761942
3271	-454.878708
3400	-289.799552
762	-346.863396
3562	-360.524672
3634	-340.646592
3158	-269.271320
2411	-193.075202
3185	-348.053386
3677	-307.571921
3928	-377.799358
1467	-345.613895
2314	-345.658870
2476	-346.865438
3990	-303.459637
2658	-308.461040
1772	-361.717972
1681	-310.908780
820	-326.934229
2066	-432.401755
3132	-309.670613
2771	-310.910278
1079	-287.347000
1008	-248.448467
1268	-344.411146
1680	-377.842223
3114	-309.692389
3474	-309.730988
1730	-345.663299
2100	-343.199390
3259	-359.368793
1472	-306.080007
1974	-345.655745
594	-325.809558
3342	-153.787612
1780	-345.606551
1153	-325.764669
43	-319.572842
122	-339.419649
584	-309.681686
351	-345.625747
3731	-310.913156
2011	-270.099401
3420	-306.358581
1826	-285.242094
306	-307.335530
2132	-377.826580
3769	-304.586424
420	-362.950092
2321	-381.536295
2245	-308.434866
2521	-361.728609
3251	-306.056425
89	-249.259410
17	-345.612580
1774	-324.585556
1253	-312.126356
3791	-360.491959
1534	-340.632075
137	-287.440932
2071	-246.029150
1587	-322.133444
3356	-270.447268
1916	-360.557411
2236	-235.698987
92	-301.343578
2323	-310.954565
1792	-363.504227
171	-361.745138
1123	-375.393636
233	-301.382062
2220	-272.538190
3953	-325.792503
428	-324.570042
2561	-325.778234
1046	-271.618580
3728	-234.474951
915	-304.734226
1197	-308.462932
3583	-325.721011
1578	-233.217482
2558	-472.145935
372	-337.283890
650	-193.034094
1095	-324.603415
2420	-340.625366
2756	-153.742562
3167	-309.688639
438	-381.565482
1407	-235.694798
1462	-312.136049
3497	-392.627857
3439	-301.389192
967	-372.742461
1282	-346.860539
439	-288.690999
2835	-362.925466
2947	-355.510313
2135	-346.861074
692	-362.917261
1445	-396.491525
1967	-288.573475
1654	-360.518768
3756	-326.943546
2613	-338.214346
2511	-250.500016
279	-306.012858
1260	-270.417842
2847	-307.566260
3289	-270.437636
2843	-308.509454
179	-362.928160
753	-361.710299
949	-344.463502
2215	-289.795079
161	-285.276468
2620	-324.587670
1625	-320.776082
385	-305.159206
2067	-280.248350
1005	-273.786179
1824	-336.855265
2795	-379.572458
3545	-310.915918
3922	-270.394284
268	-362.957295
1524	-272.550818
96	-375.359188
1714	-132.718150
700	-310.938181
928	-345.665412
3528	-233.262752
738	-324.592221
1254	-325.753541
3647	-325.794522
951	-307.548619
875	-376.554863
2825	-360.576433
3572	-322.172641
2243	-340.673964
3591	-273.762889
3802	-356.724118
3302	-324.577047
32	-287.509315
1895	-324.551432
2410	-361.673369
2788	-345.596027
601	-324.603558
3401	-338.175569
334	-245.983375
3954	-271.611366
1742	-288.583008
3722	-308.759135
2490	-343.078368
2868	-270.407057
1257	-346.855622
2671	-344.377098
2728	-304.742823
1350	-343.076530
1876	-251.732828
3352	-272.834623
2591	-325.773278
3653	-309.763576
1009	-266.763445
3503	-266.630629
3333	-361.709769
350	-320.793580
168	-325.810050
1172	-357.927353
1644	-325.774769
3168	-323.614890
1761	-376.622507
3464	-234.470922
2655	-235.723792
788	-324.467888
997	-361.688335
2648	-325.728744
1866	-310.940708
3093	-334.424572
3638	-306.320806
2725	-269.218553
125	-228.992613
116	-346.831175
1011	-310.942660
3917	-274.985822
3814	-361.745554
2083	-322.434119
980	-356.743821
288	-355.557059
3263	-285.326726
2316	-306.361448
3149	-372.694726
3565	-286.474509
3176	-432.852890
3907	-291.017966
1639	-345.640072
3815	-288.574763
58	-304.683044
648	-287.422111
1997	-271.666841
71	-346.864282
453	-375.430225
3309	-274.989422
602	-275.010289
2646	-325.800095
2875	-344.475122
42	-376.564691
3564	-303.533472
1421	-360.526142
20	-270.370102
2443	-288.547509
927	-340.676668
304	-322.464725
1173	-344.465017
3186	-346.829695
1757	-285.313612
3284	-343.290242
586	-376.582598
435	-306.309029
1805	-344.380468
2069	-346.855971
1345	-376.540686
2324	-346.831385
2116	-340.646768
3991	-372.765028
2427	-339.474134
23	-304.679494
1366	-345.633122
3431	-323.229212
2256	-303.503801
1086	-272.587059
859	-308.468407
3005	-249.248680
3581	-319.540355
3290	-341.859618
377	-360.527122
3605	-372.755216
3666	-309.735874
337	-312.123120
1208	-345.608535
1088	-291.017433
3798	-310.941861
2232	-56.525887
3389	-309.689740
673	-345.680831
172	-282.667163
1179	-343.195060
1271	-310.902165
2694	-317.396153
153	-347.466594
2747	-301.332569
3346	-318.327053
2743	-234.516409
2901	-318.323005
1823	-340.656176
417	-344.440065
1806	-324.610229
2037	-345.620113
2396	-307.546144
837	-360.512026
3187	-272.591906
459	-348.056615
3468	-345.710017
1788	-345.646841
1733	-322.169100
679	-340.668108
1932	-310.911279
2080	-325.793131
826	-248.137789
582	-325.833302
3720	-308.561301
111	-344.470970
2485	-392.676111
1198	-308.449457
253	-305.838224
2811	-326.944158
3036	-310.907823
1334	-273.765782
1461	-346.899170
2736	-310.922181
3548	-79.764152
3824	-302.288055
985	-320.770329
1970	-362.897428
792	-310.898648
2804	-344.433943
1028	-360.421732
2219	-265.437885
82	-309.701458
717	-380.401348
443	-325.754109
227	-377.805829
2540	-211.295796
2860	-345.600676
1745	-264.171923
2050	-362.937518
2563	-247.215049
2849	-355.442748
3075	-324.616343
3491	-361.750275
2670	-326.934805
3582	-344.436500
654	-309.727166
2931	-361.729140
2262	-325.780603
152	-306.286325
1512	-346.839595
2990	-376.661483
3657	-312.124380
2346	-310.909551
1489	-266.777425
1275	-310.936083
3084	-325.781161
3074	-272.553250
1329	-309.710338
1624	-340.670034
3845	-344.454717
234	-308.467880
2821	-308.511516
2200	-344.426799
643	-345.663386
2298	-270.396464
2610	-309.711468
1685	-338.273553
1	-360.499843
87	-490.834069
3229	-271.614305
3120	-309.689111
1335	-283.156647
2759	-393.905418
1942	-382.751274
78	-270.472470
3712	-300.148891
2963	-287.651399
2938	-346.875201
1511	-271.315027
1671	-309.708282
2391	-310.927566
1758	-271.616401
1891	-323.382399
3869	-324.525580
3104	-310.941183
616	-345.676243
3399	-307.229313
1097	-325.784473
176	-308.554162
2598	-308.508949
3485	-324.614459
3514	-340.654233
1241	-345.608395
2501	-232.377706
1361	-346.840635
1006	-336.843788
1446	-319.575102
2340	-310.899612
2909	-361.687451
2608	-306.369631
131	-345.603479
3315	-269.176979
1136	-271.296056
1306	-288.682324
1591	-249.397368
3790	-286.502445
3092	-340.610697
3280	-344.483775
2698	-344.434438
1029	-325.751230
2105	-335.635972
608	-309.688960
876	-325.807685
756	-325.798888
920	-281.489179
1734	-359.354596
617	-376.521083
2754	-309.674575
2797	-345.646914
1703	-286.154755
512	-346.861026
1584	-251.727102
3014	-269.263802
1473	-340.678945
1119	-304.733360
1434	-344.482088
3443	-346.866543
1169	-346.819305
2270	-355.497046
3727	-285.317454
2111	-348.048744
2993	-346.825502
3750	-346.838572
3152	-335.591582
2375	-360.564233
894	-338.247875
77	-348.062001
1273	-355.513035
1395	-375.348487
2975	-345.579201
2292	-343.246371
3561	-343.190300
3083	-381.591448
2621	-305.145002
2710	-361.773017
3691	-352.852117
2631	-380.316551
305	-346.859213
1789	-310.905299
965	-323.329385
2151	-289.802108
2195	-289.873479
1217	-325.773675
1160	-286.467220
2958	-324.580268
1342	-361.712098
2706	-345.667357
3606	-310.906553
2099	-288.573876
661	-335.635079
1092	-360.552974
3643	-309.660190
113	-360.478880
2808	-340.646073
255	-309.672030
3611	-324.577560
630	-273.762561
487	-307.223588
3038	-288.542113
1338	-320.793141
1899	-308.478846
858	-340.661797
471	-324.532283
3140	-284.987905
2475	-381.524347
2466	-325.785959
1690	-339.426816
2260	-271.351786
1033	-339.482903
1597	-336.805704
3039	-341.851538
3955	-323.391458
1376	-348.053064
1834	-381.615289
503	-355.514134
1602	-318.339586
285	-249.362379
2353	-281.504579
2329	-324.557240
2587	-376.609234
140	-309.676929
3202	-310.908741
79	-324.605178
2965	-344.689237
1455	-381.570969
1206	-342.315546
880	-345.648463
3593	-304.614300
3365	-396.458774
2038	-348.056093
581	-287.683128
3177	-287.662612
3669	-285.267165
1471	-346.857623
806	-308.768073
3409	-356.696744
1943	-325.729335
450	-235.729507
1235	-265.447270
1156	-154.972731
2478	-339.450173
347	-309.687405
743	-309.719124
3652	-361.720088
1447	-469.758395
986	-347.459586
3927	-323.326298
3440	-322.135917
3623	-341.892484
1885	-345.647670
2863	-287.423372
3299	-325.725069
3144	-308.472241
1457	-288.573089
2252	-382.779570
1441	-303.469082
3650	-382.756764
1401	-307.265351
3568	-308.468418
3081	-302.557878
2611	-346.824672
1251	-322.482659
1098	-356.649302
2275	-312.122563
796	-344.453746
1735	-320.791360
2416	-344.406447
3402	-234.522504
819	-276.204532
3163	-319.610683
520	-309.720011
404	-324.595399
1436	-375.359407
2647	-262.017735
1274	-309.686648
1427	-340.646339
3601	-308.749822
145	-310.929561
1379	-325.731549
24	-345.608180
3308	-381.582831
3588	-272.549011
1359	-229.927277
1812	-307.275809
9	-344.468531
2445	-324.576679
1840	-360.536972
546	-306.365166
1869	-269.207716
423	-304.694187
1062	-324.496997
1719	-232.050342
1437	-376.547304
2349	-301.357553
3065	-344.486202
1553	-323.448965
1557	-322.456250
3247	-360.531175
3133	-356.679691
1440	-270.441325
2144	-324.574829
3915	-309.687698
694	-344.360007
3883	-308.516508
2640	-398.880824
560	-344.385047
3970	-305.897998
1619	-340.600021
3642	-324.565306
1898	-360.497612
822	-336.845442
1721	-339.479764
693	-234.520624
2650	-361.727711
1192	-326.947461
2607	-275.007113
3989	-272.542369
3525	-340.662316
1491	-344.421383
1296	-345.612257
3662	-360.469577
2026	-272.837907
470	-303.460335
950	-324.580266
378	-356.705084
2794	-304.681399
1775	-306.353871
3579	-356.677429
3867	-356.726146
2957	-323.644468
2714	-398.878264
2592	-308.486071
2451	-359.328735
598	-193.088340
3494	-324.573795
1109	-333.411326
2836	-345.652670
136	-343.240623
3452	-361.758902
2287	-310.905485
2118	-324.560961
1364	-267.963366
646	-323.641347
3656	-310.918831
1074	-304.697680
3487	-210.101789
612	-397.697891
252	-305.913756
3670	-286.248451
2745	-322.118085
1616	-272.539058
1535	-324.463541
201	-308.561649
322	-346.832352
2637	-325.687098
2673	-345.652182
1212	-304.733723
3422	-340.663929
3210	-336.808333
3108	-361.653332
1057	-391.518453
1234	-325.796704
2687	-377.816463
3025	-324.573338
3546	-233.219124
2070	-114.483613
2368	-325.804686
2718	-382.782995
1356	-271.372094
706	-303.481839
3374	-324.551244
2855	-268.917900
1316	-361.652250
3714	-265.398572
649	-340.685408
1987	-325.775071
3637	-309.764115
3102	-310.903589
1246	-318.406529
2837	-325.730097
1952	-344.408452
1484	-273.817328
0	-351.615495
801	-273.763117
2280	-359.345792
516	-312.134532
1910	-326.978724
2603	-341.863083
2762	-306.370119
2477	-360.539944
3940	-308.464824
1531	-345.640098
3822	-309.665941
2930	-310.906738
2347	-308.476587
1743	-346.856186
1041	-371.504707
543	-310.937295
1492	-310.927319
722	-310.935212
1433	-325.729800
1478	-309.691634
2839	-362.930315
3866	-341.882531
3436	-361.762744
2734	-309.719592
451	-362.932378
2664	-348.047695
2226	-276.206257
2431	-309.684774
2873	-307.545713
2022	-344.425164
280	-271.324234
15	-288.542593
2753	-310.904304
2504	-325.805550
818	-387.475673
393	-323.334482
2810	-273.763107
1120	-353.283458
1188	-306.054267
2409	-324.595526
2536	-273.758980
3931	-288.683173
1753	-375.351387
619	-325.787161
1454	-288.652757
1402	-286.203815
2355	-336.816043
2417	-336.838171
2864	-340.658990
1372	-381.574124
1803	-270.394458
846	-270.434394
3809	-310.902628
3825	-93.411888
2230	-262.056533
3770	-272.544060
366	-324.576206
3793	-381.580932
86	-190.624631
3020	-287.430903
1663	-232.351764
3006	-308.470648
3663	-344.446747
1570	-325.783642
3378	-325.831718
2131	-320.777849
1561	-325.749687
3529	-341.843027
1767	-285.277900
696	-356.709466
3580	-345.661657
3704	-348.035847
3757	-281.482952
3470	-416.814878
2161	-361.735863
2018	-286.492357
3752	-345.686524
3179	-270.408713
222	-412.548009
2075	-345.606444
1684	-320.783029
257	-324.569867
1636	-233.551389
3244	-323.320332
76	-325.685245
2413	-345.604177
1341	-301.373831
2389	-361.728546
823	-361.732840
3391	-306.403144
2133	-323.338627
874	-271.611192
1393	-271.647465
2906	-340.657508
2202	-324.602888
3453	-321.254976
3237	-303.553222
1897	-197.629387
1853	-359.314227
3879	-339.483894
1016	-305.129953
3055	-285.313284
2255	-360.513163
757	-345.678211
3297	-360.526636
995	-360.542928
1907	-346.819476
1919	-407.364323
3853	-271.336383
2547	-323.328581
703	-340.656580
1293	-271.369084
668	-267.103350
363	-320.778723
3806	-309.676410
3382	-341.145624
1845	-302.309526
3938	-345.645388
1848	-273.769835
1847	-325.753767
300	-324.602433
274	-272.539126
296	-345.688916
3923	-309.737951
3429	-274.987297
3411	-286.134060
1015	-344.454928
3614	-288.627505
607	-301.373496
3316	-264.261826
947	-322.454079
421	-288.627624
408	-208.863267
2455	-344.431301
318	-310.954514
1290	-345.660459
599	-343.312201
3573	-325.730390
674	-346.879260
3235	-339.416290
2539	-321.276274
3165	-356.724041
2764	-195.179738
484	-351.639205
3754	-324.570035
2675	-303.787203
1075	-325.751822
2060	-362.945811
323	-309.647349
1469	-324.444698
1677	-344.412416
3232	-345.686487
307	-302.239101
191	-307.610450
488	-346.861837
2571	-309.686348
1291	-285.276634
532	-344.369744
98	-303.553222
446	-305.831164
3979	-345.651111
220	-276.205821
2538	-344.417597
3655	-287.379629
2174	-324.606491
1404	-346.883049
154	-324.538764
3796	-341.875439
1363	-355.525451
1108	-341.839596
1137	-271.622539
500	-308.452306
1225	-196.409349
611	-248.364357
2044	-373.173910
1242	-308.508254
175	-361.754326
3058	-247.214450
2059	-345.674176
2203	-310.911529
3266	-287.736841
4	-270.439280
2700	-304.687547
2532	-301.405558
2446	-361.740252
2793	-306.384286
1022	-310.902683
3361	-324.558989
1515	-360.502298
3887	-242.196351
3328	-324.549529
2715	-345.709596
3301	-371.491061
979	-309.713440
1067	-273.762417
3010	-361.720579
3703	-287.697316
3594	-272.544482
198	-303.934323
2994	-345.597078
36	-344.382282
166	-325.729970
3816	-272.830720
2915	-344.371144
426	-362.933001
2680	-340.664901
1729	-361.740062
3894	-322.469844
3762	-351.646368
483	-309.705795
741	-344.434318
2542	-326.951186
2512	-346.823548
678	-308.506580
913	-352.855499
3682	-291.017820
2294	-341.831947
2858	-346.862070
1091	-309.678344
2481	-324.614891
326	-236.917664
383	-361.702346
69	-265.441614
180	-360.505528
3483	-308.500974
970	-310.911364
3131	-303.560907
65	-312.125621
3159	-324.612512
711	-341.849127
2006	-339.486095
3141	-345.651109
2068	-308.471269
2919	-340.635773
1707	-288.590006
2885	-309.686862
782	-361.678341
1410	-273.759553
1085	-231.092208
3550	-341.825957
2645	-362.923114
641	-322.439472
3367	-269.216969
2778	-325.711441
3076	-247.198000
3920	-319.574905
3848	-324.564634
2534	-362.960595
2685	-344.426408
165	-327.013034
2266	-289.766576
3730	-291.017996
481	-307.573371
905	-360.513668
3015	-359.362011
574	-271.665153
3488	-340.672417
1577	-355.468067
2034	-345.586124
3851	-326.998454
2996	-324.566568
1631	-345.642285
1495	-286.516879
1890	-371.608385
1256	-312.119596
2720	-231.102112
2546	-248.018573
3646	-305.130313
1184	-286.506282
2167	-309.681554
1232	-336.811744
1582	-361.735290
3742	-271.272557
1601	-345.646864
2267	-291.016020
1836	-268.273739
493	-336.819674
74	-310.918822
1973	-340.637231
3258	-324.473847
229	-361.648305
3388	-271.606364
1911	-272.582516
1240	-310.907666
1132	-310.938583
1124	-271.651913
2365	-345.689766
1406	-375.394844
2045	-324.495988
2508	-324.574476
845	-40.478930
2959	-289.795007
1650	-341.836348
1725	-360.495137
1431	-344.392695
2944	-309.687280
1664	-310.904974
2779	-381.606362
1043	-324.605875
2984	-362.935648
1816	-344.357220
752	-324.557693
112	-340.648166
188	-339.406341
2159	-324.581067
1292	-323.652284
1360	-362.941781
3489	-308.508824
917	-323.320690
715	-285.275928
1323	-289.811983
1542	-370.291993
1493	-335.643923
2704	-320.786981
3274	-196.407957
2	-324.551643
237	-268.287661
1962	-382.756724
2964	-362.945907
2929	-345.638912
2345	-342.329232
821	-307.566593
944	-320.766684
2614	-232.164586
852	-361.731511
1975	-341.829025
1500	-345.609230
1666	-289.872246
371	-380.374978
1322	-271.619912
663	-323.347275
3379	-273.761967
732	-327.023478
2823	-309.730966
1346	-308.542644
685	-320.029854
3608	-372.729173
3661	-287.358011
827	-303.556664
1940	-334.429558
498	-273.791878
2320	-362.876210
1998	-324.536830
1048	-286.495416
1931	-310.900102
642	-234.476516
1966	-302.558699
676	-272.584377
1958	-340.595950
731	-355.501990
1031	-304.643927
2204	-310.904876
798	-208.842347
1324	-270.399280
600	-268.859550
3786	-308.759185
3753	-271.652242
2430	-304.688809
2573	-307.303421
2884	-324.471313
1517	-359.342366
2380	-327.025010
3368	-308.496367
384	-343.291812
992	-377.811306
729	-343.084333
890	-344.458979
207	-285.281032
3966	-376.570141
52	-345.627428
3326	-381.616196
750	-344.384630
2235	-318.409670
400	-376.570473
2911	-289.871661
2028	-346.821466
759	-398.888473
445	-319.610687
3507	-376.594067
3617	-345.608658
2148	-309.718089
2936	-324.504178
130	-274.988525
418	-324.565412
657	-270.392759
1243	-323.582949
998	-302.306196
1662	-377.834156
3621	-346.815715
48	-304.689512
1130	-346.826923
2813	-232.063900
3215	-320.793270
1697	-345.613396
504	-356.680129
2663	-361.722327
262	-345.647032
3692	-281.505078
3238	-340.667053
3877	-340.623773
413	-301.369263
3570	-272.514475
2641	-270.394309
494	-345.611057
1453	-309.720334
1995	-362.946041
1549	-340.689515
1072	-272.554773
1249	-272.543724
542	-382.793238
248	-339.489875
2679	-312.130526
537	-361.731930
588	-309.684571
1135	-310.903412
2998	-246.027383
3373	-271.613890
2950	-360.498298
3273	-288.589678
1580	-271.339821
1808	-356.676972
1494	-345.654016
3437	-288.585212
3622	-304.726439
596	-325.754527
895	-356.728690
3509	-288.685117
240	-286.517094
1837	-381.574917
3047	-285.293918
448	-346.831139
2787	-324.505365
2842	-308.450204
320	-232.333410
2342	-309.680487
1063	-265.440996
1947	-303.533559
1759	-305.906809
1595	-309.686571
2780	-272.545389
1969	-360.529678
3461	-320.776316
737	-336.836792
2367	-361.723620
3918	-289.794194
3336	-308.477672
1104	-287.315479
251	-265.386781
174	-229.928448
3482	-281.480993
832	-308.470270
1485	-309.731369
381	-341.835557
2168	-310.899911
723	-361.717032
3150	-310.942587
1038	-267.106213
570	-275.012535
2356	-323.346816
1614	-325.736331
1665	-336.802871
328	-310.911163
2840	-284.048718
519	-309.687078
2152	-308.540101
1978	-281.485530
2399	-308.430606
3788	-361.725962
3425	-324.547564
2693	-340.638326
297	-325.833945
1482	-312.132386
2374	-285.279236
1925	-309.677276
2853	-325.794835
1880	-346.873992
2191	-359.317050
3321	-251.726162
2557	-273.774103
3070	-281.491976
1989	-287.426977
1141	-115.679136
3136	-340.660061
1505	-308.487195
3041	-345.692143
2479	-271.622821
2956	-360.528914
977	-285.160699
2660	-307.582044
2023	-317.402836
3516	-324.634527
3518	-340.655390
2701	-326.942959
1171	-325.721867
2961	-348.061993
2246	-287.318502
2828	-232.030352
3537	-346.860694
2886	-324.530742
57	-345.635513
437	-309.705971
482	-272.599303
391	-345.584667
690	-375.420808
158	-308.540079
3421	-324.571081
333	-308.507517
2866	-344.431605
3017	-271.339346
386	-325.776001
405	-273.804251
2415	-340.676441
1133	-308.517070
390	-306.070291
1961	-197.629416
3745	-310.912788
3933	-307.569255
2783	-272.537685
293	-377.807580
593	-303.525517
3680	-305.904722
539	-341.886521
270	-372.752005
3566	-325.830752
2149	-341.878745
2109	-321.219665
660	-271.630416
713	-308.484017
3048	-381.616883
3196	-297.530335
159	-273.773408
554	-340.688787
1030	-309.683546
1620	-270.431243
2127	-308.519863
1309	-287.723848
3610	-360.476593
506	-234.516241
2914	-270.422403
551	-382.817123
2917	-267.068488
212	-324.605613
3486	-437.484875
463	-309.715058
964	-291.014970
2627	-235.695309
3685	-381.602419
1021	-232.328175
906	-383.969892
2921	-310.904813
3051	-192.736096
272	-322.161948
362	-289.871990
987	-273.765811
452	-324.575287
3408	-287.661454
515	-287.727890
2317	-308.503515
1768	-289.789940
825	-340.536374
573	-286.504534
2733	-310.940764
95	-351.666551
3874	-323.344889
1189	-287.322957
2029	-380.417684
2335	-346.825562
2330	-287.681216
75	-381.566310
164	-340.675814
3195	-274.982322
2781	-288.581699
3441	-372.686714
1352	-304.677606
1708	-324.502429
1042	-305.904676
2053	-320.769272
2722	-344.423318
3322	-272.536448
2653	-361.749428
2348	-285.253877
918	-310.917344
3112	-327.021680
929	-272.832690
2181	-340.656656
1279	-377.837977
2304	-286.431160
1558	-270.389386
1351	-309.733696
1988	-312.124451
2084	-361.708021
2096	-345.661705
2657	-308.451299
1460	-309.684108
872	-309.711438
3300	-344.499155
541	-325.714161
2013	-343.195410
3189	-324.510378
1545	-308.468255
3317	-269.177232
2605	-346.869041
1459	-306.320451
3868	-360.526225
1449	-308.507220
3097	-309.716094
1771	-287.657053
376	-309.732528
1190	-377.830859
2766	-285.279992
1419	-344.350927
1116	-356.691214
3607	-325.801523
2406	-306.386594
292	-308.517192
773	-309.674485
1950	-232.331230
1930	-341.835805
1536	-324.492974
3204	-306.313706
1374	-322.175807
1539	-382.755486
1276	-340.667317
942	-325.715957
839	-302.254301
2030	-273.804223
2214	-245.994065
3479	-265.289023
2494	-274.984732
1615	-287.344000
653	-344.473681
1424	-212.438188
853	-76.404702
3916	-273.810780
3288	-348.045786
1270	-307.571937
108	-345.614707
1435	-193.963318
2051	-325.790442
2223	-288.657055
120	-323.345161
338	-272.544500
862	-361.764434
3332	-376.610619
1193	-324.550139
2878	-285.336744
3902	-382.757521
1776	-325.785476
2651	-273.744309
1959	-324.603913
1951	-317.408548
3135	-272.569212
562	-456.105229
2892	-325.728271
284	-360.500454
2912	-346.883119
3380	-345.606939
416	-271.318448
440	-307.226474
2595	-303.465315
1390	-340.660793
1475	-362.957353
41	-345.649146
2740	-360.536920
811	-304.567859
922	-272.844560
105	-309.727110
94	-362.955075
2076	-274.982287
2723	-324.554067
1513	-306.368494
2308	-324.460752
3121	-344.419977
2676	-325.784384
3261	-232.025930
3294	-340.693392
2987	-271.618137
3903	-340.636306
1801	-301.335636
3200	-265.433051
1228	-345.640969
3589	-324.543443
953	-392.650949
2974	-396.486691
850	-271.623957
3454	-376.600944
3787	-381.580675
2738	-324.555069
2047	-286.246880
1302	-339.445855
1796	-307.536544
3508	-309.675176
2576	-306.418503
2524	-392.642251
569	-376.620836
3590	-340.660106
2156	-346.827596
604	-320.777491
884	-276.202586
1858	-343.238086
3100	-361.716824
3985	-324.548763
978	-324.545574
3625	-326.948771
2062	-303.437471
984	-248.443503
2228	-308.518356
2502	-309.685960
2231	-346.825174
868	-312.124574
2363	-324.610150
3384	-357.949026
2541	-341.834413
758	-307.574899
196	-341.759398
10	-344.512001
2364	-360.507160
3138	-345.651520
368	-345.595021
1716	-325.784331
2041	-346.821470
3307	-318.647923
16	-273.806874
3276	-344.508729
3056	-269.180682
3211	-310.908555
916	-345.608831
3761	-352.866322
1105	-302.306944
2359	-360.468392
627	-359.304956
2315	-273.793520
327	-324.607903
754	-361.718210
3935	-289.875063
2003	-324.579943
1269	-307.563525
2822	-310.902197
2438	-392.565188
960	-310.940611
2588	-376.538277
733	-345.660927
1971	-362.906662
635	-324.578381
2869	-306.113519
844	-324.606050
1755	-304.686811
3347	-286.510514
1991	-285.282532
1875	-242.186010
3687	-325.793945
709	-286.134079
3412	-335.628480
3341	-291.021228
2883	-308.757991
1583	-345.655509
3511	-324.552260
3173	-325.791830
3231	-380.446861
340	-273.789697
2077	-309.736028
1211	-286.498633
1266	-324.582035
3067	-271.304881
3472	-340.657197
3170	-271.626697
1694	-273.743311
1417	-381.586740
1996	-356.687774
2007	-308.499105
755	-324.568345
1728	-362.942862
3552	-325.793166
1514	-320.781098
1917	-325.790782
2429	-306.081547
1825	-271.656372
3395	-248.436061
442	-356.712228
3542	-344.409533
1215	-335.566430
224	-324.628594
3864	-288.639421
955	-345.632414
2861	-288.654312
1905	-231.145151
1683	-346.829154
93	-340.615011
29	-344.425700
3466	-325.794624
2523	-344.512144
3334	-325.800680
1799	-346.861635
609	-377.817369
1490	-309.691591
1231	-324.569596
3615	-210.071468
3803	-287.351460
2636	-306.112153
2061	-345.638357
155	-324.571682
2580	-309.722373
315	-302.472397
879	-303.556846
1656	-323.352987
243	-323.389193
3826	-372.742383
1594	-323.433551
971	-324.624537
623	-265.457424
790	-341.836780
373	-379.522177
246	-313.537245
2419	-287.353473
1420	-286.516174
2467	-325.805017
2548	-340.654465
1017	-308.419735
3964	-336.853985
2942	-325.778444
2157	-309.686797
1422	-361.728608
1643	-310.910140
55	-335.683118
1238	-360.499088
3618	-309.731536
1416	-308.514570
2690	-231.093096
3000	-309.688191
1003	-308.516378
999	-308.512721
2888	-361.704536
777	-307.544712
1770	-309.719198
2500	-286.498235
2283	-231.111403
3184	-308.439671
1348	-309.683859
924	-324.528533
1388	-250.583643
815	-285.324641
2312	-344.416076
1167	-309.729139
263	-341.853650
2055	-304.724717
1857	-307.540766
1423	-344.413850
2020	-272.514099
3385	-324.583090
115	-356.682218
2597	-412.494644
214	-348.052027
2980	-274.983908
202	-226.160842
3029	-285.281493
3733	-309.678068
736	-325.799293
3404	-309.733988
1118	-306.032266
583	-285.016369
3967	-273.758273
1047	-346.836177
3534	-320.785748
2769	-376.563238
1523	-340.646229
462	-234.474088
2064	-309.687401
106	-362.952198
1606	-308.462382
3981	-249.257629
3130	-270.427802
1821	-308.473320
622	-341.886905
564	-272.569586
555	-361.677945
2153	-309.673226
3540	-321.236907
3198	-288.680991
1563	-376.575382
544	-340.643340
1849	-324.547957
3407	-343.517848
1222	-325.805865
2918	-271.326117
2954	-305.915530
1450	-273.757658
3337	-286.438448
2289	-325.766945
1888	-276.201993
2458	-361.683558
1928	-326.927990
228	-346.859384
2188	-288.690060
3312	-323.647099
3943	-376.602183
2604	-304.743934
1158	-268.251114
1000	-339.452428
415	-309.692626
1502	-340.679724
3944	-381.563295
1113	-234.484521
3649	-343.292778
182	-324.474954
2004	-346.839235
3021	-360.495540
2696	-353.269456
994	-323.428670
2962	-309.686114
427	-382.798099
3119	-301.090914
3683	-308.510782
127	-322.216227
1068	-308.470010
3718	-195.186772
2642	-324.578146
2707	-310.915408
264	-339.450073
39	-340.687222
842	-360.514766
260	-359.369049
2301	-324.616647
104	-360.574432
3506	-320.804155
109	-158.340943
436	-360.521191
2815	-324.570906
1592	-271.616430
2543	-376.588479
2351	-304.614169
1025	-324.520219
401	-325.712603
2244	-414.351653
2800	-287.478272
1289	-344.439723
2717	-309.726244
2774	-310.910631
961	-326.950279
3744	-339.414779
848	-309.744522
728	-309.678404
2872	-288.581144
2079	-363.517297
60	-382.768883
3959	-305.831035
3492	-345.645245
2940	-339.418028
2437	-356.692640
1903	-309.678054
2609	-322.351046
388	-340.594424
460	-360.488733
1343	-310.895432
331	-309.734363
982	-307.235414
341	-273.735711
2850	-288.580309
1679	-288.576381
121	-361.711483
797	-278.075775
3257	-308.472221
901	-270.446915
618	-308.467888
38	-309.736982
2120	-381.630205
2681	-308.466840
261	-310.905322
3526	-249.285024
2818	-335.618370
1645	-324.477059
2491	-381.634033
1165	-309.706371
2905	-307.206439
2269	-308.452310
1122	-345.601318
1102	-116.609549
522	-309.680641
2593	-321.252793
156	-288.654408
2299	-280.273691
1383	-344.398797
1385	-309.679840
908	-310.911406
854	-383.971058
1999	-233.547877
3387	-309.727603
232	-490.793044
2428	-309.682996
1194	-381.612648
3888	-323.359825
2517	-308.462063
1741	-345.629842
1764	-304.725676
1960	-345.602645
1751	-339.469166
2989	-287.317913
1575	-334.447259
2567	-320.795216
1337	-286.498779
2618	-361.768020
1483	-309.723988
3182	-287.440436
46	-372.766726
3353	-324.514429
1938	-341.826148
424	-309.717380
1710	-361.726166
3406	-286.459793
2130	-271.612772
2310	-338.194242
2803	-327.013853
833	-325.761605
595	-340.652012
67	-172.006141
3457	-324.559213
1499	-320.779994
275	-344.442225
1574	-245.997884
2088	-362.871515
2585	-249.269471
2319	-271.316064
1572	-322.170570
1638	-344.481904
2381	-346.856604
1977	-312.131398
785	-273.796695
496	-377.794221
3078	-383.966179
3530	-309.739069
2852	-274.986857
1207	-324.584396
3394	-376.613178
1480	-324.584824
2229	-319.560814
123	-269.263476
591	-325.760915
1187	-264.235803
910	-270.384937
2354	-387.558484
1501	-288.653529
3521	-342.324182
3498	-381.585231
814	-308.509272
1811	-346.855968
3383	-360.602876
1964	-309.726463
2913	-361.630982
671	-310.897268
2988	-310.923406
553	-271.666055
625	-308.514390
556	-272.600604
219	-307.221351
1164	-340.611734
37	-381.587333
2350	-341.853951
800	-324.611571
213	-249.281074
259	-309.735245
2709	-345.632155
3477	-348.046236
2021	-346.818246
855	-271.614051
2937	-324.573883
577	-343.087962
1317	-344.393241
1297	-345.621773
282	-325.714378
167	-310.912077
2208	-286.486509
3800	-346.862839
3160	-362.937857
614	-383.982605
2969	-286.484904
2444	-318.641916
1507	-310.914024
776	-325.781815
3929	-321.233569
298	-377.795528
3073	-309.734862
1791	-272.554824
1556	-340.659506
1983	-320.792773
1052	-361.770383
3270	-273.788787
1854	-382.743932
3088	-308.459859
3746	-309.736797
760	-324.605411
3030	-324.500475
3926	-325.748612
2920	-326.952797
2972	-320.764992
1691	-272.595294
185	-361.726913
1195	-285.287913
2257	-307.238509
2831	-356.723059
2285	-340.578657
236	-325.758113
299	-195.196751
1778	-305.036659
1900	-309.689410
1013	-271.300649
2744	-288.573110
3659	-340.683837
1560	-340.645686
244	-346.835129
3871	-346.859809
1618	-345.629039
1628	-345.637174
3609	-269.176442
2544	-381.632480
829	-310.909285
51	-283.168740
883	-340.647778
1660	-274.985107
1889	-361.731388
2668	-310.906004
256	-308.741915
2922	-352.890573
1955	-339.498757
3417	-354.292460
2726	-324.475651
2776	-313.573888
3723	-345.597175
3912	-308.435951
278	-397.667072
308	-303.428586
1110	-325.781398
266	-308.477155
2288	-345.612787
3435	-361.728293
210	-362.938898
2691	-308.505543
2564	-325.789398
2125	-310.908354
3459	-346.831382
1576	-247.184334
1748	-288.688929
3963	-271.323381
1649	-346.868661
3741	-169.860788
1101	-307.244627
2311	-193.034988
781	-362.918463
940	-325.787515
2343	-325.781464
2970	-339.501361
525	-273.812813
230	-271.617434
721	-185.648533
2628	-359.341296
1738	-273.759338
3702	-362.951503
563	-345.644179
838	-361.709679
840	-289.871520
3797	-376.587519
3571	-309.676719
5	-351.628383
2073	-345.600119
2400	-345.592410
62	-309.677968
3478	-343.296547
3765	-453.654335
3059	-363.508158
2378	-339.490841
3481	-357.941534
2971	-312.131841
1712	-345.612640
477	-265.399968
1391	-323.317575
1443	-346.867442
634	-154.960361
3975	-309.693760
2995	-381.584942
1448	-372.747155
2402	-235.696227
637	-360.557419
1468	-345.650338
2692	-356.663387
2418	-304.734646
1077	-326.938562
1518	-309.683200
803	-325.789564
1186	-359.296697
898	-305.906901
1674	-360.499243
2240	-381.627040
2453	-268.273240
139	-338.257996
1922	-248.132701
3890	-341.849730
1107	-267.060326
1676	-296.285473
392	-345.637570
399	-304.735224
1687	-344.407598
2985	-304.745635
1327	-320.768458
1653	-157.116735
148	-345.629933
3023	-323.343769
491	-287.737498
380	-307.581989
2742	-348.048844
499	-340.611683
3282	-362.972786
1804	-324.542706
802	-359.306313
1178	-382.751729
3103	-340.631134
2201	-452.728039
1850	-323.407987
613	-309.689486
3792	-360.525610
2579	-273.765811
2977	-310.909944
534	-324.575799
664	-335.632054
290	-348.056024
132	-308.469258
2755	-381.595252
2482	-268.321270
1250	-309.686189
904	-345.608456
14	-302.238859
1921	-310.904960
199	-309.673895
2433	-324.552283
843	-308.437835
1339	-285.316421
134	-308.516376
1670	-269.230258
1506	-339.437849
3620	-359.351415
3371	-286.517424
1148	-284.062954
3465	-324.548021
3393	-359.297522
1224	-308.420805
2177	-346.868453
3335	-275.020322
486	-288.678720
1176	-288.584832
2741	-297.520999
3451	-319.606765
3283	-287.404397
2526	-340.601771
914	-361.707841
3603	-326.952955
1965	-288.555445
2463	-288.576502
1129	-340.618148
3349	-207.916786
870	-345.646965
142	-307.594137
3480	-286.460642
2141	-307.287454
2791	-194.254127
1519	-352.874613
1036	-340.609236
2086	-308.486338
1059	-303.436180
2386	-352.829520
939	-344.481802
3711	-303.469034
2684	-310.940657
1706	-382.777508
2401	-263.280728
3260	-345.595084
1668	-344.433140
1554	-320.728167
173	-396.486463
431	-361.712798
3046	-322.057728
1651	-273.809498
2093	-324.473588
1896	-326.971392
429	-288.570364
133	-271.642927
2902	-271.653205
2134	-344.433965
3875	-309.655400
3366	-323.268818
1585	-360.545832
1908	-286.508233
2279	-309.711101
2629	-356.679047
3359	-325.733758
2194	-273.757530
3794	-317.361117
3164	-344.379764
3126	-360.523204
787	-360.525379
2763	-272.548325
1283	-345.605635
1909	-345.630398
1862	-319.615129
434	-338.195462
3318	-308.513124
2158	-340.663379
954	-324.612244
963	-345.645239
3398	-304.686259
746	-273.802095
3986	-355.516778
3976	-273.765901
580	-360.537290
3671	-326.941692
3689	-308.467642
2732	-324.579850
3969	-324.609784
412	-372.768039
2048	-235.699029
387	-268.248806
548	-233.555951
1692	-362.862736
670	-324.618078
3977	-288.552886
359	-346.832402
3632	-340.612805
310	-308.480308
192	-310.897684
869	-327.026488
1298	-308.505512
3345	-312.120708
22	-324.575190
697	-340.621200
3585	-308.497008
3749	-249.363949
3410	-271.316922
3324	-345.641848
2403	-326.955365
2489	-250.583259
1002	-287.689262
3228	-381.648857
1304	-356.679729
1229	-288.582662
2986	-340.629609
3390	-309.736085
1777	-265.408147
3533	-232.036378
1071	-360.495618
1204	-361.704371
1779	-288.583563
2090	-308.473428
2025	-249.363808
1258	-344.472090
2147	-382.781806
3857	-340.686134
1384	-361.755719
1314	-324.460304
3267	-320.776472
1673	-309.733829
332	-304.692914
2183	-339.459869
1598	-308.471397
2124	-345.600825
2272	-324.528642
3188	-325.807242
531	-226.107205
2721	-271.401725
3248	-322.477268
886	-304.728323
606	-343.235457
47	-247.225618
1285	-346.860450
1915	-361.705669
592	-307.614861
3672	-309.689612
250	-360.538828
2405	-318.344936
893	-232.317400
2036	-309.733888
3085	-322.130736
3386	-309.684862
3834	-324.589539
3694	-338.246643
957	-360.490486
615	-345.676743
1762	-361.755551
1722	-362.946707
1508	-308.462196
720	-381.594735
2024	-306.349032
3224	-286.504546
1004	-355.416555
3783	-310.912792
2078	-324.575989
1024	-302.535621
2775	-382.812383
2414	-382.803358
3268	-324.562156
3234	-287.349937
3777	-339.431092
3751	-339.491316
1370	-242.180146
1248	-304.732336
764	-233.560626
492	-305.904760
1087	-324.508933
3069	-346.878430
396	-372.782655
1593	-335.598739
2426	-340.650391
3444	-289.794376
3206	-346.853173
1145	-312.129019
761	-312.126820
3426	-307.387663
1749	-302.579654
1429	-288.579114
353	-197.632222
2000	-309.736479
863	-285.288405
3599	-308.482454
1367	-325.812267
2830	-325.800699
925	-307.567279
1044	-304.687053
369	-361.733362
3049	-324.610004
1526	-269.267574
2616	-272.542567
3115	-340.620294
1202	-361.725394
3043	-196.405320
2572	-360.495461
344	-343.305175
1529	-354.275774
2338	-268.888303
3849	-360.531172
1458	-288.648179
2632	-306.344083
628	-325.726991
2140	-325.715372
1718	-356.706262
66	-337.302324
561	-264.226909
2890	-309.738198
2265	-360.469291
702	-379.000257
177	-362.872710
1787	-325.795649
2138	-340.684371
714	-356.669324
457	-380.372151
1218	-287.431740
3810	-372.726782
3856	-306.313590
3847	-356.693135
3556	-276.202384
3225	-362.875945
1477	-303.462312
3111	-318.340705
2114	-307.528446
1596	-492.022084
2277	-383.973315
2554	-345.649886
258	-371.546126
1219	-306.334850
1049	-323.336196
3325	-341.836362
3296	-345.650105
3045	-310.906568
3178	-345.605421
1399	-341.826906
1844	-325.808754
1633	-247.201165
501	-345.630685
889	-272.539307
1538	-348.050463
974	-303.468081
3475	-321.247305
217	-271.648392
2951	-308.569129
938	-331.411639
861	-360.488871
3105	-346.821661
1702	-251.727632
1927	-361.739999
186	-340.606711
3942	-287.507193
1871	-306.406578
3053	-490.831786
1233	-265.440660
3327	-348.059242
3275	-308.757315
2530	-345.673444
2128	-308.504896
3254	-287.469473
3118	-236.917873
1414	-377.797879
273	-323.312375
2097	-345.639692
3708	-270.397474
1717	-345.603646
3808	-345.614760
239	-270.446608
2577	-381.600777
3125	-308.510840
2092	-288.572051
126	-274.991042
2136	-263.278851
530	-360.503506
3501	-318.409788
465	-266.553159
2924	-348.045292
1986	-344.459234
3759	-270.393902
3331	-233.545899
1223	-324.586663
2925	-301.394865
817	-345.619715
2043	-344.484341
2955	-346.822341
2424	-273.764093
2991	-272.841336
3099	-324.530718
374	-372.796889
1056	-271.618179
2129	-356.722498
2844	-301.377995
3619	-325.779372
545	-356.698773
911	-356.711832
3018	-345.638117
1648	-345.660642
1934	-341.769746
480	-325.760797
3424	-348.051118
2187	-310.904927
187	-341.842120
1023	-309.663477
3230	-344.454591
1061	-343.531666
751	-361.724921
1369	-392.662003
2108	-267.944278
2845	-307.602080
3375	-324.594534
3587	-322.421320
1320	-340.656628
2528	-308.467760
2014	-371.537915
3490	-359.315205
1838	-356.685238
2422	-325.718957
3340	-229.879598
2173	-304.678340
1488	-320.766344
841	-361.736259
1569	-234.503085
3982	-324.592116
1201	-224.944660
3241	-319.515995
3795	-310.908453
2258	-303.453218
681	-312.126544
64	-362.945802

file identifier 	 test data 	 predicted
1920	-361.714679	-365.405725
3520	-325.752207	-246.875397
2165	-319.567241	-514.241691
1400	-306.067385	-174.180234
403	-272.843742	-237.136700
1301	-309.679190	-277.823099
3576	-325.729906	-245.637562
1865	-345.609914	-340.304486
1058	-324.585402	-319.778960
973	-325.790444	-246.953433
3870	-345.605387	-341.880825
3212	-360.575745	-570.664984
1936	-360.564423	-579.615894
44	-309.735489	-275.727828
3416	-320.770681	-315.053385
1581	-345.660520	-343.474907
59	-248.430371	-399.618267
1658	-287.337578	-273.194624
3151	-362.873906	-287.153668
1982	-345.609374	-342.242058
2865	-342.307696	-288.271097
356	-372.741729	-266.805622
3613	-308.483617	-301.270905
2566	-346.832253	-318.820042
1213	-324.530103	-319.739239
1245	-310.907810	-281.619125
2582	-320.773768	-314.535783
3094	-324.601619	-322.193798
397	-288.630839	-208.135954
3873	-348.051405	-324.183864
1474	-340.654517	-392.886159
2933	-360.538112	-564.792874
1612	-310.902795	-282.009512
2824	-304.720708	-293.318959
636	-382.818623	-384.264931
768	-193.039603	-107.313420
3957	-307.291354	-364.846566
518	-289.791234	-260.920411
881	-234.470813	-150.417857
2107	-325.766177	-246.828022
3673	-309.691463	-278.332954
1817	-339.459612	-209.416768
2549	-375.410333	-374.010077
3934	-381.630276	-436.641245
3013	-346.883127	-322.212771
3707	-271.620156	-190.021131
1261	-268.282665	-115.497764
2560	-339.452794	-211.808495
2997	-380.371074	-288.568251
2384	-281.469893	-132.682048
339	-356.705991	-574.143153
1344	-341.767606	-337.080436
1608	-361.758032	-366.652729
317	-325.797397	-249.045827
3161	-309.678595	-278.358377
3936	-326.951067	-301.402771
3515	-346.852204	-319.643688
3071	-273.789182	-238.686609
223	-339.501781	-208.892087
3715	-381.567301	-429.751206
1827	-343.492484	-538.443211
1701	-344.428649	-400.411485
352	-288.557016	-207.509044
2731	-272.836211	-237.000430
1568	-324.555249	-318.169123
1073	-233.249538	-215.549572
3372	-309.705858	-281.610390
2192	-307.232824	-366.833515
3904	-356.716094	-571.226413
1551	-324.575851	-322.946767
735	-309.716570	-271.725222
2537	-317.434422	-311.527160
2979	-320.767064	-318.828293
433	-396.498209	-356.845968
3700	-361.717469	-366.255676
3095	-339.431197	-224.572141
1688	-324.567893	-320.577630
3469	-356.686540	-577.910257
3253	-281.476938	-135.985456
2559	-319.571638	-513.592163
295	-320.770299	-316.865093
507	-309.697879	-276.914849
301	-324.570823	-321.297708
2063	-344.402806	-397.825144
510	-234.491176	-149.731291
2091	-346.904050	-324.250690
656	-376.605347	-266.492059
2264	-346.831590	-319.147480
2910	-307.536915	-307.291863
2967	-305.841708	-274.961353
3536	-352.836930	-573.425645
2207	-301.330754	-239.012944
3505	-274.983383	-238.678621
2186	-320.782523	-315.151285
34	-306.355655	-480.439307
726	-346.870614	-318.247459
3876	-304.574737	-292.589957
1139	-270.382725	-253.672997
645	-308.540795	-298.382324
3748	-376.556657	-274.075635
3405	-269.206920	-402.168061
3984	-344.418857	-405.775978
3127	-327.010419	-300.194308
1863	-381.631601	-438.842374
342	-323.351196	-492.873471
216	-307.283509	-358.734965
3278	-298.952950	-301.790387
3	-346.838279	-323.484974
3880	-357.942023	-355.437388
1151	-392.620909	-349.702329
1873	-346.842529	-323.506112
958	-302.599262	-494.391331
2594	-335.586914	-209.085185
3863	-346.804974	-320.736509
1949	-340.674935	-400.307014
1820	-324.522751	-318.984866
3882	-194.261089	-286.488962
1287	-355.515622	-301.818428
3906	-309.685651	-277.436729
1647	-343.242553	-221.335403
3574	-398.876124	-401.284177
40	-344.338878	-404.372886
3925	-325.718488	-245.918192
3527	-309.716030	-280.645581
2602	-345.645491	-342.087293
2893	-274.985796	-239.878028
3724	-324.573480	-328.025560
2816	-310.905786	-281.324251
1039	-360.575277	-582.062790
1018	-354.272548	-332.601920
3872	-340.691219	-405.480974
3226	-339.491316	-213.838018
2515	-323.341413	-518.857670
2949	-346.838702	-324.051326
860	-397.697425	-623.044883
3841	-371.541704	-369.981837
2799	-340.702898	-397.680836
1510	-322.425235	-199.243963
3899	-337.265273	-316.266359
1221	-344.436348	-407.198553
2908	-271.620997	-191.981373
1527	-271.621836	-191.970166
896	-323.312767	-519.362609
30	-325.717105	-246.118200
311	-287.724713	-273.299632
53	-285.330157	-141.917665
364	-117.824798	-52.329252
3279	-356.732861	-575.522339
907	-381.607752	-437.701765
682	-302.303791	-158.975469
3616	-225.221461	-186.333795
557	-312.122696	-284.253030
865	-304.728720	-295.394260
2789	-340.629283	-394.023797
2903	-308.505951	-295.536468
2729	-323.315925	-499.766896
2217	-344.408081	-396.231354
1818	-371.535911	-369.950239
1632	-340.673967	-393.006215
1724	-381.594558	-427.710010
2017	-310.940345	-280.877217
2716	-303.464433	-358.809703
151	-270.397623	-258.086085
2309	-272.583285	-236.836988
2154	-360.512793	-577.707987
1486	-380.373644	-286.072384
3154	-309.714008	-279.487574
981	-303.499320	-353.008110
2432	-274.987245	-240.879439
3002	-269.479234	-318.959183
3598	-340.671493	-392.569655
695	-345.700085	-340.846871
3050	-303.940271	-281.280520
3595	-345.600227	-342.041260
2249	-392.653825	-350.709542
149	-380.415966	-272.951546
2630	-282.871678	-266.530234
1833	-302.579718	-483.841589
830	-320.767103	-313.874425
2190	-324.574822	-320.157657
945	-264.243028	-194.987417
2625	-291.021574	-259.868738
357	-307.245430	-349.977849
2735	-309.690179	-274.612460
505	-338.531538	-285.209021
1200	-346.908492	-323.757772
589	-340.604189	-396.754358
2302	-492.008892	-736.199045
2331	-308.516808	-297.245906
2205	-318.391203	-259.460256
3216	-344.380260	-411.781847
2206	-312.126404	-283.242531
550	-319.568017	-497.914524
2436	-308.473229	-298.670191
603	-346.867624	-322.367509
422	-288.692943	-209.285864
740	-344.452972	-401.303182
1521	-323.665247	-370.909365
2806	-234.476081	-150.097650
1752	-296.265627	-268.093280
1310	-307.529289	-305.302674
2857	-362.899149	-288.328542
1318	-310.897519	-282.471591
2819	-360.551444	-581.477090
2054	-302.588564	-487.617277
2624	-309.699280	-277.067953
3304	-346.843297	-321.348084
2999	-307.237456	-362.398071
1181	-323.657279	-385.697564
1590	-344.415609	-411.386165
160	-309.685140	-277.350407
2456	-345.610758	-341.058610
968	-308.470667	-294.061119
3028	-346.861640	-321.793407
3072	-340.671263	-403.604636
110	-346.869123	-325.399692
1117	-345.566120	-338.950989
2234	-272.580839	-238.833213
3706	-345.687338	-341.599449
2465	-339.464024	-217.854280
1652	-301.316399	-238.061459
3239	-361.708121	-373.830380
2222	-340.678668	-393.837406
402	-312.124533	-282.751843
1736	-273.764207	-238.195821
99	-336.813559	-391.120644
128	-303.785832	-298.489533
689	-341.818686	-337.220765
1731	-381.565314	-430.612219
3250	-360.517106	-577.072896
2555	-287.427764	-280.600321
25	-309.712046	-278.443373
2674	-342.352279	-290.058751
1214	-341.865386	-336.096755
1530	-272.549380	-235.295876
114	-361.772743	-361.540774
779	-356.732185	-573.941094
572	-356.752533	-573.599274
12	-377.816587	-439.121307
2506	-307.526911	-302.579260
3512	-340.641866	-392.795942
449	-325.753993	-247.181916
816	-356.748545	-576.149461
3716	-361.720799	-362.909682
701	-265.396194	-404.738808
2094	-325.812885	-250.344849
2777	-336.817321	-387.717531
3242	-397.707881	-627.370500
281	-322.479769	-185.996749
2535	-272.835594	-239.868505
1278	-362.942040	-287.930632
3523	-325.728070	-244.824471
3946	-286.438084	-342.450702
3889	-360.533387	-576.443194
2749	-340.645995	-392.343678
1877	-287.407788	-272.392071
535	-248.416462	-403.520312
1199	-377.813742	-441.772428
2370	-360.496984	-581.810413
1481	-376.634518	-264.178025
309	-309.718312	-278.319386
2992	-343.202564	-227.840250
1244	-345.616998	-342.143671
3842	-376.587741	-263.154770
1698	-325.800949	-249.054636
1138	-308.444609	-298.189893
21	-278.059333	-258.380550
1675	-271.277972	-253.438556
923	-322.135797	-263.558041
2786	-327.009009	-300.269157
2358	-322.169697	-261.946607
2145	-346.844016	-323.720454
791	-309.662433	-278.022899
3146	-289.872162	-253.709200
3339	-356.699649	-573.460869
521	-262.065493	-240.959417
3852	-361.710525	-362.767670
1308	-341.814212	-337.959378
1546	-318.321510	-258.271129
763	-308.429953	-297.687604
3344	-325.748658	-247.766275
2583	-346.859078	-320.746213
3962	-341.865856	-337.504908
3524	-308.455477	-297.480280
407	-287.508781	-279.481781
882	-169.557758	-104.451967
3807	-361.706503	-370.543719
3213	-339.438949	-212.446054
3631	-303.560350	-350.668180
3162	-324.546164	-320.106768
1699	-272.541597	-231.602343
3771	-309.655144	-277.721064
330	-286.408473	-346.681307
1064	-276.202311	-240.193241
2589	-361.718361	-367.025564
194	-308.496245	-297.949461
3430	-341.828533	-334.817388
205	-269.465281	-327.176539
2472	-209.159302	-187.937222
2450	-312.124760	-282.090016
3413	-308.440890	-296.115406
3735	-360.522940	-554.680077
3044	-363.519194	-315.521783
1408	-379.527030	-377.724775
2689	-309.673807	-279.813819
1065	-360.485823	-581.464818
1715	-286.486570	-341.860542
1386	-362.967171	-287.471746
2926	-320.764569	-313.815940
3913	-308.551230	-299.495579
3004	-288.652346	-207.875239
2712	-274.985024	-239.140544
2379	-361.769162	-360.833817
2295	-305.898313	-271.403539
1586	-272.837559	-237.766303
559	-362.935404	-286.704604
902	-310.940195	-280.230150
514	-309.685045	-282.330337
1114	-302.353948	-155.292219
698	-274.985880	-239.971225
3884	-323.333263	-514.995982
3217	-306.392828	-481.807547
1906	-324.613156	-321.851613
3732	-320.774305	-312.657143
2599	-355.457663	-303.014685
455	-340.664551	-398.585287
620	-346.820834	-318.454085
2221	-308.512137	-296.382126
1993	-339.504090	-208.731739
1813	-307.550360	-306.272875
3181	-307.209274	-360.691647
2035	-249.294409	-287.159610
3026	-250.478855	-227.174105
2439	-324.485913	-317.856509
3293	-360.535142	-571.064436
3155	-376.605641	-266.275946
1603	-232.363630	-276.327040
864	-323.337623	-520.647960
2666	-303.423742	-366.519121
655	-325.771459	-246.283188
3763	-344.416821	-392.960320
2271	-310.916474	-283.061561
1112	-287.644079	-271.449887
1081	-310.912796	-281.291498
3839	-231.155780	-66.437992
1010	-340.666160	-398.238918
3062	-381.573048	-438.424852
3392	-361.774979	-359.799479
1672	-336.831068	-390.935220
2724	-376.591176	-272.658504
2856	-376.586976	-271.166228
1365	-361.755045	-367.510464
3042	-269.468415	-327.208339
2503	-345.653983	-342.650043
1332	-209.144909	-187.291983
3256	-153.459846	-88.986830
669	-377.780670	-434.544751
3553	-346.830674	-320.941998
1230	-323.396217	-505.135381
3522	-309.691414	-280.387854
2619	-326.939536	-302.519099
2238	-281.495234	-133.744385
2876	-360.574465	-579.673142
3921	-343.218379	-216.352537
956	-230.183076	-153.743838
1412	-242.195730	-203.662984
1948	-195.158734	-209.277564
63	-287.377993	-275.833648
647	-338.268974	-333.143338
2802	-325.804486	-247.668530
2196	-338.559964	-284.614853
1037	-306.397746	-495.768326
1007	-235.694216	-190.197794
2296	-309.691365	-281.378801
1646	-340.684749	-396.845846
124	-271.621961	-189.007193
1944	-325.796840	-247.265893
2552	-340.624424	-394.556925
2281	-345.643890	-339.953799
651	-232.334436	-258.583149
2019	-340.659620	-399.856817
3577	-361.716705	-367.001275
2002	-286.504040	-329.061019
1548	-306.308471	-504.307382
2278	-345.650717	-339.370524
2495	-307.596472	-308.850516
1315	-288.533780	-206.624656
1520	-309.728493	-277.668795
1263	-345.642008	-343.175025
1851	-361.717868	-366.723839
1627	-301.363590	-239.841893
1144	-264.255612	-191.382437
708	-306.313133	-506.894008
3068	-306.015194	-178.610862
3784	-344.450127	-396.471525
576	-345.655968	-338.782410
2848	-339.419688	-209.304311
3737	-361.714817	-370.161972
1103	-273.764642	-237.897135
3343	-320.735225	-319.988103
1397	-271.624640	-189.233808
215	-356.645883	-578.846313
1790	-345.664882	-339.239531
3836	-346.833711	-321.755716
2505	-344.440744	-403.456954
2334	-472.135006	-495.606713
2682	-324.528297	-325.506017
3446	-306.044918	-172.013530
2854	-325.810616	-248.182834
936	-382.773457	-383.743520
3951	-326.977685	-300.158427
283	-355.460155	-302.586425
2880	-346.831172	-321.761122
3968	-287.425634	-277.056295
1810	-288.653294	-207.756519
2768	-340.690205	-400.741120
1634	-324.563073	-318.459895
1115	-325.773014	-246.577353
91	-275.011437	-239.767316
3781	-274.984614	-239.508956
2790	-287.732329	-275.595883
2612	-345.627545	-343.282048
2395	-297.523583	-233.733477
707	-381.585428	-431.987978
8	-272.545439	-235.869445
633	-325.759393	-245.713497
1532	-309.731599	-276.029642
677	-324.594116	-321.125837
1913	-310.912131	-280.829661
1874	-416.367317	-416.785735
1835	-376.631067	-266.680648
2300	-453.655583	-427.967370
3227	-348.043668	-323.275421
744	-249.332005	-287.937696
3972	-359.339915	-306.744703
1001	-304.724431	-293.333902
208	-270.399081	-256.647736
2711	-322.460671	-185.264892
1985	-339.481708	-206.215170
2487	-361.694757	-368.586422
1066	-375.344926	-373.854630
2352	-288.589622	-206.996712
3272	-173.147782	-8.259162
1259	-288.590804	-208.447892
1686	-288.648208	-205.506351
1579	-288.589020	-207.927625
3812	-271.623066	-191.451755
1588	-323.678800	-376.511015
35	-343.197784	-218.379221
2796	-345.678871	-342.603238
2072	-344.431636	-398.778168
2471	-288.628801	-206.861433
3209	-346.834502	-321.505766
3031	-270.411205	-253.345888
70	-346.874234	-319.339416
1319	-308.560759	-296.976554
3201	-346.845480	-322.020166
1886	-302.286171	-156.493784
1090	-272.500426	-235.316889
809	-361.738091	-366.022208
523	-345.565792	-339.142566
2474	-357.944802	-359.016489
3306	-361.650084	-363.007561
269	-325.729080	-246.600144
2829	-340.622886	-396.568724
3693	-273.779498	-238.130908
2452	-344.424745	-403.472637
885	-324.623780	-322.455333
3818	-308.470796	-296.814985
190	-354.290746	-332.346095
1968	-324.538807	-321.298299
3828	-288.650589	-207.561130
1210	-340.641282	-395.313448
996	-307.544316	-306.193834
739	-309.678703	-274.585170
2126	-270.399529	-255.043613
1026	-325.765414	-246.452423
3667	-249.293044	-287.698568
3473	-360.527434	-575.908454
1682	-269.215705	-439.553400
2058	-356.710498	-577.176156
1705	-286.218259	-421.306805
3191	-284.360325	-218.816370
2900	-272.554670	-234.704163
2877	-324.556404	-327.086961
528	-288.538806	-206.451945
897	-345.659998	-342.919182
1693	-234.474613	-151.377471
3504	-308.561061	-299.767918
3166	-326.949535	-299.187998
2945	-307.281910	-351.882710
2968	-310.909942	-281.015049
3740	-356.684693	-573.341317
1053	-340.610046	-387.332688
867	-283.179781	-253.194924
1418	-325.725274	-248.197246
2121	-324.619773	-320.701042
3897	-324.519277	-320.738213
509	-307.238995	-345.952030
3983	-322.115604	-260.641564
1247	-325.770105	-246.144405
3813	-340.620847	-391.651407
807	-340.681309	-394.429505
169	-309.688569	-282.660846
2146	-310.932540	-280.472470
2224	-307.568767	-306.382050
2423	-338.238743	-331.875316
2752	-381.632242	-432.591720
3823	-303.527274	-351.888392
991	-345.602096	-338.841112
1051	-346.860404	-311.444040
3362	-345.632413	-340.643343
1783	-320.761312	-312.476621
2575	-308.759090	-229.926130
2978	-340.669862	-387.451876
769	-271.361537	-253.447522
2049	-344.463291	-410.664243
1355	-361.727678	-361.015019
3222	-344.494043	-395.776345
2390	-270.097243	-303.808484
2550	-271.628346	-190.077719
1926	-273.773955	-235.132302
3110	-236.917458	-196.102411
2394	-355.446449	-303.742639
2377	-236.916033	-196.070792
3091	-341.869641	-337.367302
3782	-262.035127	-242.876692
1798	-312.126342	-281.115147
1216	-308.465534	-299.414589
1382	-360.492675	-575.838267
2983	-346.833689	-323.140446
2056	-325.729141	-246.977648
3320	-310.952127	-280.452086
1347	-359.361259	-308.521721
2273	-324.579188	-323.007618
1307	-303.460433	-364.314245
2306	-287.354343	-274.504567
3175	-309.649998	-283.797122
2891	-308.511094	-295.976513
1814	-360.537947	-579.971679
3423	-308.555641	-300.720873
2586	-191.810916	-141.295220
719	-309.693538	-281.802076
2784	-273.803873	-238.637975
3447	-270.389803	-255.675451
976	-382.776658	-385.992916
1464	-381.610550	-438.362967
3024	-251.729571	-213.916801
2143	-288.628466	-208.642665
1726	-381.506605	-434.935912
3780	-323.320574	-507.019480
3214	-344.426062	-392.195658
3022	-234.455424	-151.633440
691	-361.734668	-362.468833
2973	-324.604156	-319.963340
1143	-367.635675	-366.887824
2531	-157.115484	-220.060427
716	-325.758431	-246.966122
993	-317.364547	-311.894966
2578	-324.576080	-320.678317
3978	-282.861121	-253.301247
141	-287.734664	-276.225227
2216	-308.505718	-297.226541
2896	-356.725069	-568.750477
3710	-308.565933	-301.655221
912	-323.344400	-508.441088
1180	-306.364186	-487.104243
1544	-324.594826	-320.888824
1311	-288.545722	-207.878272
265	-236.916125	-195.360693
3082	-272.586248	-234.862088
3893	-341.097446	-320.095602
2150	-324.570860	-320.805437
3865	-362.899954	-288.278465
1868	-326.949224	-300.364027
2928	-324.540084	-320.290617
3255	-345.578846	-340.785925
3664	-269.219315	-421.011217
178	-188.042067	-136.184070
1373	-324.557383	-324.780580
2654	-304.679740	-290.431337
2447	-323.330261	-511.449151
2392	-272.551442	-238.735954
3924	-270.393737	-256.963181
1727	-324.606977	-318.679259
766	-312.133805	-283.939844
294	-308.506421	-295.833468
1054	-323.427722	-517.256250
2889	-341.871347	-337.197111
2635	-323.324700	-506.134193
2197	-309.684327	-273.854306
1313	-324.502042	-325.748391
1667	-323.323781	-506.986118
2792	-362.944759	-287.128211
245	-340.656722	-394.816719
1704	-274.984793	-239.455035
3207	-355.520098	-304.452385
3844	-308.450468	-299.382773
1080	-288.570006	-205.696869
2751	-273.787799	-239.718656
1227	-322.155306	-260.187048
458	-340.699868	-401.984578
966	-339.467091	-203.139176
2737	-322.442708	-191.051499
1174	-345.614442	-342.495024
1992	-325.723538	-246.565369
2102	-361.723581	-363.016611
3690	-346.829378	-319.065757
3172	-274.982310	-239.825950
147	-345.615452	-339.849105
3122	-232.329070	-269.887486
3265	-324.569062	-321.950327
3668	-309.700336	-285.209258
3427	-325.793904	-248.541591
206	-309.688611	-274.472671
2520	-307.284294	-368.150490
2087	-286.484121	-338.797736
3850	-308.528193	-295.879086
3063	-317.413890	-312.598908
856	-324.568212	-323.346079
2672	-355.556836	-304.941390
3695	-309.651827	-284.026389
1255	-381.635881	-438.485043
183	-362.962787	-287.655542
3862	-271.646263	-190.649207
3829	-323.654114	-375.531898
793	-326.950540	-303.465087
1496	-268.248371	-107.421318
1353	-359.297643	-309.611527
2832	-250.585843	-228.483862
3305	-310.955141	-281.087821
490	-231.142581	-72.026307
2976	-356.737615	-575.812682
425	-289.769718	-259.273620
1540	-285.217962	-135.728537
45	-266.615452	-256.295588
454	-265.283843	-434.422767
1439	-340.590431	-397.090577
129	-308.512092	-296.015490
962	-376.587043	-266.895188
2016	-308.569875	-297.123256
1859	-324.577613	-324.769109
3831	-451.528971	-466.983844
2841	-360.524422	-564.818225
2089	-308.469081	-295.264290
3153	-340.622406	-402.493921
789	-324.581906	-318.149097
367	-360.491873	-586.350328
3129	-361.692023	-364.908968
2434	-377.845502	-434.751849
704	-235.696677	-193.048556
1797	-194.267232	-293.914356
3960	-336.825944	-384.391479
891	-325.767721	-247.757093
2982	-325.722723	-248.659148
3077	-336.822591	-384.958833
3403	-339.424322	-221.425260
3843	-309.717869	-275.308158
3630	-287.660591	-272.809810
2171	-359.346839	-311.747539
2441	-310.909223	-281.502311
585	-229.918003	-206.660258
2010	-323.385837	-494.750067
3493	-232.333258	-275.211209
2251	-430.448052	-358.400748
3357	-361.779217	-360.756216
813	-361.733052	-360.484577
1371	-288.596392	-207.289072
3169	-310.902849	-282.757374
2688	-284.964138	-213.330053
3626	-310.902465	-281.635829
3148	-324.567513	-329.761270
2435	-229.013797	-194.414360
3600	-325.781571	-248.342464
1785	-273.751900	-238.294188
1769	-324.569009	-325.759898
2344	-305.915175	-271.496025
2332	-342.335241	-292.011052
3827	-270.435807	-262.154000
3113	-324.531139	-319.839601
1894	-360.532510	-572.444928
157	-376.519880	-260.690635
2887	-345.641890	-338.982327
1325	-356.758284	-573.424307
1128	-361.695007	-367.946769
3134	-271.319942	-251.425424
3033	-325.785262	-248.083146
3678	-285.255880	-131.698952
877	-359.317823	-307.879223
419	-312.128001	-283.870066
1571	-470.915515	-373.247804
2199	-377.815601	-435.807702
2366	-286.466852	-348.638435
3319	-376.604793	-269.550529
888	-323.328290	-508.761008
2290	-343.224836	-227.161920
900	-288.561991	-207.756041
3377	-360.549337	-571.403409
2870	-289.872470	-255.901909
2551	-325.792606	-246.249523
1914	-288.576123	-206.258010
1288	-324.635136	-322.555849
1617	-355.508183	-303.965576
652	-345.620593	-343.471546
398	-345.636145	-344.586956
2112	-304.729640	-295.598405
3252	-340.610842	-395.214573
1537	-309.692993	-279.866233
3369	-158.342346	-115.528865
430	-307.543210	-303.466926
1855	-360.497728	-584.776716
1182	-304.738393	-296.182995
989	-272.839582	-237.647277
3183	-345.642870	-341.368767
18	-309.719641	-278.483214
1956	-308.461475	-294.305839
3958	-291.015785	-259.668191
2533	-265.438520	-426.144409
1150	-308.551121	-298.113368
2303	-309.719920	-275.161675
3639	-345.680996	-341.882838
321	-324.604397	-319.612778
3586	-287.506415	-279.915845
3747	-324.521162	-319.028899
1525	-345.608193	-339.815424
2497	-325.763216	-247.562083
197	-233.549368	-205.021295
2626	-305.900638	-270.176392
699	-307.243079	-356.071198
231	-346.860243	-323.658510
3040	-360.506446	-581.497273
3686	-344.462681	-405.099290
2805	-272.587161	-236.605145
502	-306.349558	-493.166969
3567	-309.693494	-273.375178
597	-309.683901	-281.599899
2241	-346.857051	-317.071567
1659	-487.002792	-462.891624
1349	-286.542391	-337.462335
3675	-360.534222	-584.056851
1622	-346.869712	-319.703619
1303	-345.676156	-343.790794
1782	-308.555419	-298.683150
2459	-273.761223	-237.490889
684	-361.753989	-367.744885
314	-233.255379	-215.496924
466	-382.782183	-384.403291
1096	-309.689595	-279.959522
1990	-281.482892	-131.682314
200	-345.625804	-340.111075
899	-321.230055	-313.542069
2498	-288.539500	-206.354841
3139	-344.437158	-397.830062
2325	-273.732431	-239.458744
686	-391.370332	-375.373970
1800	-212.439286	-186.496484
2484	-344.359905	-402.271752
1879	-288.594527	-206.187723
3674	-309.731169	-277.291033
3640	-309.692577	-284.246444
3285	-247.192524	-175.370623
3858	-308.459001	-294.466871
3676	-346.840522	-325.374551
2513	-345.631685	-342.201213
1166	-324.576650	-325.132229
2545	-324.614082	-322.822215
1566	-380.438011	-279.079071
2758	-309.696640	-276.091067
2757	-346.855643	-314.878207
474	-281.476832	-134.104410
316	-341.858490	-339.365316
163	-319.624414	-514.949732
1286	-310.906869	-281.390440
355	-273.761263	-238.306319
3531	-344.458268	-406.137633
935	-269.154939	-446.112026
3445	-286.508374	-339.020981
1157	-309.691584	-277.883077
3360	-382.810709	-385.849808
3833	-324.559324	-318.072918
1465	-382.796989	-385.462003
2519	-323.585680	-383.297825
2686	-340.697732	-401.388133
2361	-304.727460	-293.557144
3698	-360.508088	-558.414997
1630	-323.431776	-525.339965
3811	-274.982348	-238.929887
441	-380.414967	-274.635820
2820	-308.557865	-297.155671
3034	-360.418556	-576.563563
225	-346.842403	-320.275617
3644	-345.587398	-340.157036
348	-196.432825	-161.445765
972	-341.869909	-339.764575
3633	-380.412093	-284.019597
565	-356.730212	-564.140453
639	-270.405973	-263.806046
1265	-227.324775	-64.270670
1541	-310.912991	-281.484163
2122	-348.040439	-324.489079
2469	-270.392444	-257.188641
3066	-345.688382	-341.145401
3376	-273.775510	-235.135016
170	-340.667287	-391.768895
3719	-320.742924	-317.484863
3128	-341.867138	-337.763619
1333	-270.359564	-255.512500
526	-344.430692	-410.553375
475	-304.691568	-292.104608
3086	-360.507527	-565.685138
3203	-308.459279	-297.166202
2218	-325.756157	-249.326966
2622	-346.829131	-320.286451
1793	-325.725688	-246.211353
1089	-344.451793	-398.949000
1444	-304.691748	-291.593915
479	-77.308427	-58.015003
1185	-324.558175	-322.835860
2499	-376.539208	-263.622759
3438	-312.132858	-283.319274
547	-360.540793	-584.656675
461	-273.773506	-235.525846
1846	-344.370966	-403.432527
3428	-288.564752	-209.246264
3739	-324.566515	-323.233126
3414	-285.313674	-140.204464
2948	-382.790431	-385.122833
2488	-363.508158	-315.872943
2798	-307.259167	-364.924157
3471	-416.384141	-418.747219
930	-346.898838	-322.390517
2212	-346.837271	-321.558788
2695	-346.871133	-318.058669
3895	-325.808333	-247.313666
1881	-361.772040	-360.887897
3909	-310.945132	-281.654045
3012	-276.205920	-240.651672
68	-286.519735	-340.757338
1976	-346.831692	-318.988927
1498	-340.654582	-395.721198
3538	-271.350701	-253.853035
1744	-288.535621	-207.501347
1831	-323.386306	-501.648520
3641	-360.485033	-558.636278
871	-309.680919	-281.604110
56	-345.599154	-342.074001
1035	-284.385189	-218.475017
2373	-302.564379	-481.051290
2923	-325.801905	-247.123755
705	-362.953848	-287.469216
2082	-302.567313	-480.112350
2137	-324.588239	-319.953243
1093	-325.718074	-247.562050
3961	-308.561152	-297.495206
948	-336.827390	-386.546115
1860	-308.507458	-297.541940
1470	-272.542270	-233.026419
812	-308.509197	-298.219463
1357	-375.307060	-373.441367
1552	-346.865957	-320.827587
1555	-324.529724	-326.456686
3287	-271.458576	-253.806281
774	-395.551843	-377.974754
1362	-249.387499	-288.099471
775	-344.469204	-400.322896
2184	-360.501473	-562.824450
566	-303.472917	-347.508544
1389	-272.510742	-238.111585
2739	-362.946034	-286.944684
2894	-309.717750	-274.064744
772	-381.599310	-431.442727
3980	-372.708066	-268.186229
2398	-319.533364	-501.624131
1014	-301.385442	-239.374992
2470	-309.688189	-274.017088
2253	-325.818163	-245.799485
1209	-392.612820	-350.789754
2382	-380.343633	-284.704400
1326	-266.616319	-259.188425
3281	-309.716743	-278.307810
495	-342.297848	-287.862137
990	-309.684377	-276.763150
1637	-343.503600	-540.037829
3313	-360.526364	-557.562371
2565	-345.591597	-339.168033
3199	-273.811544	-238.462490
3785	-348.045948	-323.499740
3602	-361.683811	-371.311816
724	-320.775720	-315.306036
508	-325.801512	-246.325571
3544	-312.133269	-282.614998
2180	-340.665904	-399.809323
1878	-346.819711	-320.768017
3755	-341.874216	-337.567444
1328	-376.531779	-262.974233
1669	-287.426878	-276.565193
2882	-322.444150	-196.540740
1162	-309.684472	-283.023876
2261	-233.260156	-208.283880
1842	-362.894239	-287.917136
2166	-343.239068	-228.863188
382	-344.494711	-396.763334
1125	-285.292217	-137.812276
3658	-309.682445	-279.653471
1815	-345.663783	-343.324655
1893	-344.385273	-398.776011
6	-345.687671	-342.694568
1872	-272.566631	-238.379385
3484	-341.890999	-340.514759
3517	-396.475511	-355.270894
1281	-308.457113	-295.392271
1413	-247.214861	-172.430599
1415	-338.156727	-333.351262
1711	-345.611239	-339.094988
3681	-310.914919	-281.566156
2376	-346.840597	-324.669210
1852	-309.685790	-277.133334
1050	-304.643392	-293.368015
3569	-272.588302	-237.452545
1883	-346.839066	-321.596349
254	-285.284456	-141.962497
1252	-301.395982	-239.942163
1070	-361.752301	-366.029071
1428	-265.391486	-415.283809
1312	-381.612501	-435.432257
3495	-288.563768	-207.904844
2705	-270.384180	-258.993745
3547	-324.582904	-325.735639
3541	-379.527167	-378.525070
2057	-288.540318	-207.850772
2425	-322.435505	-188.160498
943	-303.497783	-357.425715
3949	-359.301320	-310.989260
3551	-345.646761	-340.683998
1012	-266.609146	-252.050931
2239	-346.823312	-321.742063
2801	-310.932716	-282.768967
204	-287.353313	-274.697710
2946	-345.649552	-341.540771
909	-325.789320	-248.153040
144	-271.323089	-251.024330
786	-307.544728	-302.834202
472	-273.761356	-238.756167
632	-361.705069	-363.438782
2328	-320.732586	-318.687123
2895	-273.764673	-238.019961
336	-308.524858	-299.136301
2553	-302.545562	-467.930880
3760	-280.314080	-270.322413
2115	-266.626759	-258.555428
3971	-360.530885	-564.594032
50	-357.934562	-355.112919
2284	-359.298380	-307.527518
3418	-308.467120	-296.106694
2525	-324.569051	-321.066990
1196	-346.840727	-322.854386
1972	-233.542445	-206.499532
1912	-310.915653	-280.837581
1076	-361.656187	-366.982899
103	-291.024232	-259.528104
2846	-273.780933	-239.035570
2274	-308.463553	-295.651134
3624	-324.614194	-320.877486
3007	-319.573727	-487.549466
1746	-396.470299	-354.041727
3911	-345.639354	-341.972395
873	-273.763068	-235.714676
1929	-324.551800	-321.146401
3628	-272.509064	-237.115141
61	-308.462933	-295.351866
610	-324.629068	-318.657750
3891	-346.821929	-322.960084
2851	-356.699504	-578.738836
2807	-269.176124	-429.876246
680	-325.806369	-246.672469
2213	-287.433999	-280.710706
1177	-325.808092	-245.610823
3003	-325.798735	-246.092385
688	-324.491475	-316.768313
2237	-325.784144	-247.123673
1933	-270.396100	-261.614509
1941	-286.206129	-433.360129
2198	-382.804255	-383.988810
456	-336.811524	-389.400283
3415	-308.495275	-296.921919
1294	-345.612830	-342.701393
2746	-247.190194	-174.680891
587	-307.283919	-369.468123
1409	-285.282853	-146.113750
3952	-269.175627	-445.579293
271	-361.759779	-362.305518
1403	-308.462299	-296.546150
1272	-308.486687	-300.194444
