no_training:1500	no_test:2493file identifier	 training data
3608	-372.729173
2291	-286.514923
2100	-343.199390
3628	-272.509064
3098	-345.658421
2540	-211.295796
223	-339.501781
1877	-287.407788
3337	-286.438448
2951	-308.569129
3983	-322.115604
2455	-344.431301
70	-346.874234
2554	-345.649886
1712	-345.612640
3912	-308.435951
2298	-270.396464
3220	-273.806349
3471	-416.384141
182	-324.474954
3435	-361.728293
1620	-270.431243
2164	-304.744503
618	-308.467888
1268	-344.411146
2821	-308.511516
1194	-381.612648
1827	-343.492484
3175	-309.649998
1103	-273.764642
483	-309.705795
2942	-325.778444
2480	-344.385369
1594	-323.433551
2906	-340.657508
193	-307.285557
739	-309.678703
2972	-320.764992
2454	-288.578155
1962	-382.756724
3545	-310.915918
1403	-308.462299
2379	-361.769162
1585	-360.545832
3172	-274.982310
2618	-361.768020
1741	-345.629842
2504	-325.805550
2566	-346.832253
696	-356.709466
2477	-360.539944
2771	-310.910278
3936	-326.951067
3543	-287.318584
640	-345.616264
259	-309.735245
1242	-308.508254
1061	-343.531666
2927	-324.500425
557	-312.122696
2335	-346.825562
792	-310.898648
654	-309.727166
2811	-326.944158
2012	-382.788561
1630	-323.431776
2139	-381.581478
677	-324.594116
395	-234.447743
2651	-273.744309
441	-380.414967
257	-324.569867
2368	-325.804686
2717	-309.726244
1228	-345.640969
551	-382.817123
1209	-392.612820
3636	-324.624318
1081	-310.912796
2507	-291.014750
2115	-266.626759
2028	-346.821466
322	-346.832352
1424	-212.438188
204	-287.353313
2663	-361.722327
40	-344.338878
1684	-320.783029
3813	-340.620847
1290	-345.660459
3042	-269.468415
2078	-324.575989
2347	-308.476587
3824	-302.288055
241	-309.718177
3170	-271.626697
2713	-310.904631
1533	-309.671865
1362	-249.387499
604	-320.777491
3404	-309.733988
2556	-321.958604
3750	-346.838572
1503	-327.014214
1021	-232.328175
3288	-348.045786
1830	-345.641862
2361	-304.727460
2747	-301.332569
3510	-340.674744
78	-270.472470
3291	-362.911941
1300	-324.595031
1648	-345.660642
3456	-276.206318
3075	-324.616343
1131	-324.580815
2656	-376.622509
2250	-339.462492
2686	-340.697732
581	-287.683128
2466	-325.785959
276	-380.379743
2478	-339.450173
977	-285.160699
1984	-287.441165
1539	-382.755486
2400	-345.592410
899	-321.230055
3924	-270.393737
1657	-338.273162
668	-267.103350
66	-337.302324
1785	-273.751900
1153	-325.764669
2876	-360.574465
893	-232.317400
400	-376.570473
3929	-321.233569
1422	-361.728608
2748	-321.271406
3187	-272.591906
3440	-322.135917
1753	-375.351387
1167	-309.729139
154	-324.538764
2499	-376.539208
435	-306.309029
2879	-265.401151
1895	-324.551432
2785	-310.915445
3049	-324.610004
1044	-304.687053
1476	-308.455419
1619	-340.600021
524	-308.507004
452	-324.575287
2571	-309.686348
3755	-341.874216
3515	-346.852204
2140	-325.715372
1130	-346.826923
2846	-273.780933
3317	-269.177232
2015	-308.518276
1062	-324.496997
1682	-269.215705
3703	-287.697316
1465	-382.796989
3935	-289.875063
3298	-345.599182
1406	-375.394844
1216	-308.465534
1661	-322.148261
3430	-341.828533
3363	-345.658313
1598	-308.471397
2720	-231.102112
3150	-310.942587
598	-193.088340
2924	-348.045292
1518	-309.683200
2570	-324.626187
2221	-308.512137
3941	-231.108368
3494	-324.573795
2809	-344.506029
403	-272.843742
2172	-308.472272
1506	-339.437849
1246	-318.406529
320	-232.333410
3297	-360.526636
3302	-324.577047
3963	-271.323381
1060	-345.713205
2086	-308.486338
1015	-344.454928
2385	-310.911571
339	-356.705991
43	-319.572842
414	-192.762455
849	-360.532987
2607	-275.007113
262	-345.647032
1467	-345.613895
3159	-324.612512
2778	-325.711441
1787	-325.795649
905	-360.513668
1417	-381.586740
1740	-376.599676
1243	-323.582949
1257	-346.855622
1992	-325.723538
2005	-305.155985
3089	-327.025329
603	-346.867624
1223	-324.586663
63	-287.377993
2922	-352.890573
3691	-352.852117
680	-325.806369
2575	-308.759090
2799	-340.702898
667	-360.533083
1283	-345.605635
1814	-360.537947
2296	-309.691365
3586	-287.506415
981	-303.499320
1415	-338.156727
2692	-356.663387
1053	-340.610046
3956	-345.698757
439	-288.690999
3533	-232.036378
3214	-344.426062
1083	-309.726295
1070	-361.752301
1891	-323.382399
2320	-362.876210
58	-304.683044
2982	-325.722723
1356	-271.372094
2604	-304.743934
3420	-306.358581
3742	-271.272557
3439	-301.389192
2370	-360.496984
730	-336.821088
2977	-310.909944
1029	-325.751230
3402	-234.522504
3529	-341.843027
1262	-356.712023
362	-289.871990
935	-269.154939
1757	-285.313612
2088	-362.871515
2649	-381.581036
3206	-346.853173
2457	-382.757134
2819	-360.551444
2637	-325.687098
48	-304.689512
2481	-324.614891
1656	-323.352987
575	-272.582834
3546	-233.219124
918	-310.917344
1386	-362.967171
2612	-345.627545
1679	-288.576381
882	-169.557758
1750	-287.645651
3664	-269.219315
2421	-249.395323
3692	-281.505078
3174	-272.844804
3896	-307.280331
252	-305.913756
3981	-249.257629
1858	-343.238086
3065	-344.486202
68	-286.519735
2073	-345.600119
2241	-346.857051
3418	-308.467120
1402	-286.203815
409	-306.383308
27	-324.573866
2643	-372.711859
1075	-325.751822
94	-362.955075
1708	-324.502429
3021	-360.495540
3140	-284.987905
2581	-234.469389
3085	-322.130736
2724	-376.591176
3690	-346.829378
325	-345.637577
2333	-338.234590
3932	-360.472117
3413	-308.440890
3472	-340.657197
2955	-346.822341
1546	-318.321510
2933	-360.538112
3111	-318.340705
3773	-345.602641
1340	-271.616723
1483	-309.723988
1907	-346.819476
3443	-346.866543
477	-265.399968
3614	-288.627505
3780	-323.320574
2103	-346.834331
3618	-309.731536
2010	-323.385837
2449	-341.841190
2729	-323.315925
3071	-273.789182
809	-361.738091
2934	-324.462733
479	-77.308427
717	-380.401348
2694	-317.396153
3765	-453.654335
2626	-305.900638
2017	-310.940345
3815	-288.574763
1305	-319.621560
1168	-308.454820
3752	-345.686524
3037	-288.567911
2102	-361.723581
769	-271.361537
3955	-323.391458
1077	-326.938562
2915	-344.371144
1982	-345.609374
2871	-308.460407
3340	-229.879598
3831	-451.528971
749	-249.280474
2430	-304.688809
3153	-340.622406
1423	-344.413850
1306	-288.682324
261	-310.905322
2287	-310.905485
3854	-346.867382
1222	-325.805865
2616	-272.542567
1583	-345.655509
3602	-361.683811
2041	-346.821470
2176	-345.608670
3785	-348.045948
247	-304.688358
295	-320.770299
3625	-326.948771
691	-361.734668
135	-301.341304
2483	-322.158791
33	-264.504487
3116	-312.128429
1390	-340.660793
2387	-391.391111
3605	-372.755216
1078	-309.738888
528	-288.538806
3869	-324.525580
3577	-361.716705
3434	-360.560766
329	-380.402442
1956	-308.461475
957	-360.490486
1711	-345.611239
3861	-234.486176
3566	-325.830752
753	-361.710299
766	-312.133805
313	-361.721849
1485	-309.731369
1380	-288.625728
3650	-382.756764
3462	-272.538255
2619	-326.939536
1510	-322.425235
2900	-272.554670
2991	-272.841336
1311	-288.545722
2734	-309.719592
1026	-325.765414
346	-307.586014
2413	-345.604177
2513	-345.631685
1323	-289.811983
1184	-286.506282
2545	-324.614082
2641	-270.394309
285	-249.362379
3232	-345.686487
1212	-304.733723
985	-320.770329
943	-303.497783
2762	-306.370119
3461	-320.776316
341	-273.735711
3371	-286.517424
1409	-285.282853
3183	-345.642870
3825	-93.411888
2776	-313.573888
2126	-270.399529
1507	-310.914024
997	-361.688335
655	-325.771459
2894	-309.717750
1252	-301.395982
1259	-288.590804
14	-302.238859
1221	-344.436348
3007	-319.573727
3237	-303.553222
3580	-345.661657
411	-397.680771
2702	-309.685148
1618	-345.629039
3889	-360.533387
1650	-341.836348
3327	-348.059242
3450	-382.824468
3444	-289.794376
3196	-297.530335
2184	-360.501473
1339	-285.316421
901	-270.446915
3877	-340.623773
547	-360.540793
715	-285.275928
2505	-344.440744
2935	-297.516418
2316	-306.361448
155	-324.571682
606	-343.235457
1071	-360.495618
548	-233.555951
1239	-356.710448
1652	-301.316399
1636	-233.551389
1091	-309.678344
54	-195.186228
1089	-344.451793
2037	-345.620113
3034	-360.418556
2531	-157.115484
3079	-270.401391
2520	-307.284294
3113	-324.531139
1412	-242.195730
345	-309.704732
1840	-360.536972
1843	-362.899677
3511	-324.552260
3211	-310.908555
2655	-235.723792
1722	-362.946707
2835	-362.925466
1568	-324.555249
2262	-325.780603
3945	-304.737186
2615	-360.501085
3285	-247.192524
1024	-302.535621
1564	-288.555332
3666	-309.735874
3257	-308.472221
18	-309.719641
542	-382.793238
2872	-288.581144
1236	-155.897345
1813	-307.550360
1102	-116.609549
1861	-235.696852
1474	-340.654517
568	-303.458583
1413	-247.214861
3537	-346.860694
620	-346.820834
1394	-396.500849
1889	-361.731388
3503	-266.630629
3478	-343.296547
2803	-327.013853
628	-325.726991
2844	-301.377995
1734	-359.354596
3169	-310.902849
1051	-346.860404
2761	-309.696507
1293	-271.369084
1030	-309.683546
3615	-210.071468
391	-345.584667
2386	-352.829520
2308	-324.460752
627	-359.304956
3036	-310.907823
736	-325.799293
2722	-344.423318
202	-226.160842
508	-325.801512
990	-309.684377
509	-307.238995
1667	-323.323781
377	-360.527122
1870	-309.686187
903	-309.685872
1862	-319.615129
422	-288.692943
2188	-288.690060
3068	-306.015194
529	-309.725786
3076	-247.198000
1116	-356.691214
3415	-308.495275
305	-346.859213
2795	-379.572458
2751	-273.787799
2822	-310.902197
1446	-319.575102
1964	-309.726463
2599	-355.457663
916	-345.608831
1479	-309.677142
1775	-306.353871
3933	-307.569255
2552	-340.624424
2888	-361.704536
1022	-310.902683
3084	-325.781161
117	-211.295163
3182	-287.440436
1331	-310.941319
2237	-325.784144
1868	-326.949224
2886	-324.530742
2366	-286.466852
293	-377.807580
3718	-195.186772
6	-345.687671
146	-377.813815
1031	-304.643927
1653	-157.116735
602	-275.010289
3914	-325.805781
591	-325.760915
2196	-338.559964
855	-271.614051
2445	-324.576679
645	-308.540795
3429	-274.987297
2956	-360.528914
367	-360.491873
3407	-343.517848
559	-362.935404
343	-360.502305
1097	-325.784473
984	-248.443503
846	-270.434394
1489	-266.777425
2898	-310.940190
689	-341.818686
1032	-346.816694
431	-361.712798
2354	-387.558484
3878	-360.554015
2884	-324.471313
2673	-345.652182
1455	-381.570969
2841	-360.524422
2547	-323.328581
363	-320.778723
1669	-287.426878
168	-325.810050
3706	-345.687338
2177	-346.868453
880	-345.648463
874	-271.611192
2069	-346.855971
3769	-304.586424
1277	-309.706892
1334	-273.765782
3871	-346.859809
504	-356.680129
2405	-318.344936
3931	-288.683173
3124	-308.562031
3008	-323.359336
1469	-324.444698
3226	-339.491316
653	-344.473681
3927	-323.326298
2390	-270.097243
2123	-327.010026
420	-362.950092
312	-234.485640
738	-324.592221
994	-323.428670
1948	-195.158734
681	-312.126544
2954	-305.915530
982	-307.235414
3681	-310.914919
138	-362.875317
3162	-324.546164
1128	-361.695007
1873	-346.842529
1043	-324.605875
2732	-324.579850
831	-346.867207
1177	-325.808092
2959	-289.795007
2032	-287.663174
2718	-382.782995
1005	-273.786179
190	-354.290746
638	-345.695868
1493	-335.643923
3497	-392.627857
789	-324.581906
584	-309.681686
385	-305.159206
3630	-287.660591
338	-272.544500
1458	-288.648179
3571	-309.676719
1973	-340.637231
1850	-323.407987
2442	-345.636611
1068	-308.470010
215	-356.645883
130	-274.988525
1086	-272.587059
813	-361.733052
2280	-359.345792
3319	-376.604793
2913	-361.630982
1396	-346.886411
3241	-319.515995
1436	-375.359407
2813	-232.063900
2026	-272.837907
1231	-324.569596
803	-325.789564
501	-345.630685
3598	-340.671493
897	-345.659998
46	-372.766726
978	-324.545574
62	-309.677968
2358	-322.169697
1361	-346.840635
2153	-309.673226
3974	-323.433262
3902	-382.757521
864	-323.337623
106	-362.952198
825	-340.536374
3017	-271.339346
1692	-362.862736
871	-309.680919
2926	-320.764569
796	-344.453746
2635	-323.324700
473	-346.828378
3431	-323.229212
167	-310.912077
3304	-346.843297
1336	-334.362330
3163	-319.610683
22	-324.575190
1986	-344.459234
3279	-356.732861
1133	-308.517070
1373	-324.557383
132	-308.469258
2158	-340.663379
1718	-356.706262
3826	-372.742383
1067	-273.762417
1174	-345.614442
3784	-344.450127
2885	-309.686862
1752	-296.265627
2099	-288.573876
815	-285.324641
1823	-340.656176
3620	-359.351415
3591	-273.762889
2695	-346.871133
2830	-325.800699
1241	-345.608395
1320	-340.656628
258	-371.546126
2854	-325.810616
1069	-375.370023
1665	-336.802871
961	-326.950279
1854	-382.743932
3384	-357.949026
521	-262.065493
3351	-285.306999
2765	-381.546975
301	-324.570823
1545	-308.468255
2289	-325.766945
1529	-354.275774
2510	-325.797299
1947	-303.533559
442	-356.712228
3217	-306.392828
2569	-281.476967
2473	-324.497671
558	-344.464151
179	-362.928160
2145	-346.844016
2867	-361.734339
938	-331.411639
2812	-381.619786
3631	-303.560350
3547	-324.582904
662	-341.843824
2203	-310.911529
1716	-325.784331
595	-340.652012
3044	-363.519194
2271	-310.916474
3370	-396.486664
641	-322.439472
290	-348.056024
1159	-325.779568
123	-269.263476
3060	-270.441145
231	-346.860243
3446	-306.044918
787	-360.525379
989	-272.839582
3859	-308.499978
1607	-303.462115
2560	-339.452794
2546	-248.018573
275	-344.442225
1697	-345.613396
1519	-352.874613
3781	-274.984614
3701	-248.211932
1466	-340.657975
2705	-270.384180
1287	-355.515622
3205	-341.842686
3621	-346.815715
3069	-346.878430
3562	-360.524672
652	-345.620593
3467	-308.494487
311	-287.724713
3958	-291.015785
3186	-346.829695
55	-335.683118
1980	-345.680616
2484	-344.359905
734	-233.242250
3907	-291.017966
3149	-372.694726
3607	-325.801523
242	-340.623533
2248	-377.773452
2593	-321.252793
3803	-287.351460
1838	-356.685238
2862	-309.693471
368	-345.595021
196	-341.759398
73	-233.293627
3535	-323.235679
1635	-360.520081
433	-396.498209
821	-307.566593
344	-343.305175
2075	-345.606444
3760	-280.314080
264	-339.450073
99	-336.813559
1914	-288.576123
562	-456.105229
2670	-326.934805
2864	-340.658990
1836	-268.273739
3984	-344.418857
1122	-345.601318
697	-340.621200
2836	-345.652670
3020	-287.430903
3880	-357.942023
3354	-360.529236
685	-320.029854
1689	-336.823026
19	-309.720734
206	-309.688611
3073	-309.734862
3663	-344.446747
3828	-288.650589
2187	-310.904927
476	-397.686127
1780	-345.606551
3890	-341.849730
1927	-361.739999
3326	-381.616196
3627	-323.347112
3672	-309.689612
2371	-307.253245
3229	-271.614305
10	-344.512001
832	-308.470270
90	-327.017113
563	-345.644179
2426	-340.650391
533	-287.720383
1727	-324.606977
1441	-303.469082
3294	-340.693392
1429	-288.579114
3542	-344.409533
3271	-454.878708
1087	-324.508933
3485	-324.614459
3866	-341.882531
3609	-269.176442
801	-273.763117
2422	-325.718957
619	-325.787161
2909	-361.687451
2281	-345.643890
2668	-310.906004
2578	-324.576080
3449	-297.510804
1677	-344.412416
381	-341.835557
113	-360.478880
1495	-286.516879
2875	-344.475122
1052	-361.770383
3355	-345.648365
791	-309.662433
1055	-345.681183
2388	-309.695742
3654	-307.541973
1253	-312.126356
2990	-376.661483
2503	-345.653983
719	-309.693538
1765	-285.335887
1738	-273.759338
429	-288.570364
1233	-265.440660
1768	-289.789940
2283	-231.111403
1325	-356.758284
1157	-309.691584
1118	-306.032266
684	-361.753989
2260	-271.351786
2949	-346.838702
3939	-317.386479
3282	-362.972786
2247	-348.046805
625	-308.514390
1156	-154.972731
3588	-272.549011
2297	-322.412936
2284	-359.298380
1764	-304.725676
3406	-286.459793
2714	-398.878264
3635	-308.475489
464	-324.485629
1264	-324.536694
2004	-346.839235
2311	-193.034988
2211	-340.648620
2914	-270.422403
3662	-360.469577
656	-376.605347
3837	-343.468335
3661	-287.358011
1484	-273.817328
1183	-325.750970
2979	-320.767064
1295	-346.829652
3727	-285.317454
3951	-326.977685
2495	-307.596472
2479	-271.622821
609	-377.817369
3386	-309.684862
2395	-297.523583
2995	-381.584942
3677	-307.571921
1025	-324.520219
3795	-310.908453
2130	-271.612772
3858	-308.459001
1365	-361.755045
3526	-249.285024
799	-310.910909
530	-360.503506
1462	-312.136049
3843	-309.717869
2860	-345.600676
3891	-346.821929
2930	-310.906738
2098	-327.020807
1410	-273.759553
1132	-310.938583
1728	-362.942862
777	-307.544712
3905	-395.515911
854	-383.971058
2327	-381.624797
3538	-271.350701
3832	-346.836423
3565	-286.474509
3763	-344.416821
2565	-345.591597
3321	-251.726162
968	-308.470667
1434	-344.482088
3258	-324.473847
2767	-340.635968
2097	-345.639692
1163	-397.709232
671	-310.897268
3095	-339.431197
2205	-318.391203
93	-340.615011
3133	-356.679691
1521	-323.665247
122	-339.419649
2408	-356.708234
2011	-270.099401
2831	-356.723059
3228	-381.648857
1694	-273.743311
776	-325.781815
636	-382.818623
3954	-271.611366
3325	-341.836362
198	-303.934323
2258	-303.453218
1651	-273.809498
1297	-345.621773
280	-271.324234
763	-308.429953
2789	-340.629283
447	-271.627826
2551	-325.792606
663	-323.347275
1974	-345.655745
147	-345.615452
1385	-309.679840
3732	-320.774305
3862	-271.646263
44	-309.735489
2363	-324.610150
1042	-305.904676
1791	-272.554824
3338	-308.466631
837	-360.512026
915	-304.734226
2217	-344.408081
699	-307.243079
1048	-286.495416
3904	-356.716094
3286	-361.731914
639	-270.405973
807	-340.681309
1951	-317.408548
2984	-362.935648
3342	-153.787612
1719	-232.050342
1443	-346.867442
3982	-324.592116
2014	-371.537915
3524	-308.455477
3090	-287.362939
2278	-345.650717
1054	-323.427722
709	-286.134079
3986	-355.516778
1499	-320.779994
2815	-324.570906
582	-325.833302
1109	-333.411326
3032	-360.508895
2937	-324.573883
3741	-169.860788
314	-233.255379
580	-360.537290
2154	-360.512793
2346	-310.909551
2365	-345.689766
2537	-317.434422
2533	-265.438520
1378	-346.867789
1945	-361.754136
326	-236.917664
3626	-310.902465
675	-346.827397
2491	-381.634033
2007	-308.499105
2777	-336.817321
3622	-304.726439
3942	-287.507193
2669	-309.763785
894	-338.247875
1664	-310.904974
3215	-320.793270
857	-245.711897
1795	-356.736238
1195	-285.287913
3012	-276.205920
3886	-270.388222
3875	-309.655400
3744	-339.414779
3477	-348.046236
2077	-309.736028
2869	-306.113519
457	-380.372151
2515	-323.341413
2538	-344.417597
1595	-309.686571
2850	-288.580309
2742	-348.048844
3323	-232.335768
2274	-308.463553
3595	-345.600227
2521	-361.728609
1655	-338.217210
2058	-356.710498
120	-323.345161
634	-154.960361
3749	-249.363949
2429	-306.081547
3110	-236.917458
2676	-325.784384
1761	-376.622507
2597	-412.494644
761	-312.126820
238	-233.253760
1569	-234.503085
658	-307.234503
3895	-325.808333
3899	-337.265273
1683	-346.829154
539	-341.886521
1816	-344.357220
2214	-245.994065
2561	-325.778234
3352	-272.834623
2249	-392.653825
201	-308.561649
3218	-325.743746
3391	-306.403144
1473	-340.678945
2174	-324.606491
827	-303.556664
2617	-248.151318
2094	-325.812885
1802	-361.715983
3492	-345.645245
2680	-340.664901
2238	-281.495234
1888	-276.201993
2497	-325.763216
492	-305.904760
1544	-324.594826
3977	-288.552886
219	-307.221351
3489	-308.508824
2273	-324.579188
3476	-304.737418
2253	-325.818163
1549	-340.689515
3309	-274.989422
421	-288.627624
3802	-356.724118
1978	-281.485530
1301	-309.679190
2562	-375.357530
233	-301.382062
2155	-343.243883
2157	-309.686797
3610	-360.476593
3883	-308.516508
2431	-309.684774
3721	-284.372483
2105	-335.635972
3033	-325.785262
1853	-359.314227
1124	-271.651913
2514	-354.197108
3254	-287.469473
1772	-361.717972
347	-309.687405
1646	-340.684749
213	-249.281074
153	-347.466594
185	-361.726913
898	-305.906901
184	-322.436757
2628	-359.341296
2106	-286.476486
1338	-320.793141
181	-412.528245
3966	-376.570141
1578	-233.217482
1445	-396.491525
1748	-288.688929
495	-342.297848
3094	-324.601619
2558	-472.145935
2383	-324.593866
3847	-356.693135
392	-345.637570
3851	-326.998454
1450	-273.757658
292	-308.517192
2665	-348.031230
949	-344.463502
103	-291.024232
2299	-280.273691
1581	-345.660520
1771	-287.657053
820	-326.934229
2657	-308.451299
3655	-287.379629
297	-325.833945
1513	-306.368494
1477	-303.462312
2590	-340.650928
674	-346.879260
2423	-338.238743
3553	-346.830674
29	-344.425700
3210	-336.808333
1995	-362.946041
3698	-360.508088
3674	-309.731169
336	-308.524858
3117	-346.824942
1916	-360.557411
1967	-288.573475
850	-271.623957
446	-305.831164
3884	-323.333263
463	-309.715058
239	-270.446608
2375	-360.564233
2688	-284.964138
1851	-361.717868
1514	-320.781098
1343	-310.895432
2381	-346.856604
665	-288.571762
1550	-301.345683
3800	-346.862839
3245	-327.024699
3685	-381.602419
162	-232.324966
1511	-271.315027
1512	-346.839595
2943	-340.654874
3377	-360.549337
2351	-304.614169
137	-287.440932
3659	-340.683837
1464	-381.610550
1882	-273.764420
3347	-286.510514
1899	-308.478846
3519	-376.604739
644	-376.595314
136	-343.240623
2096	-345.661705
1193	-324.550139
2675	-303.787203
3122	-232.329070
2149	-341.878745
3270	-273.788787
1384	-361.755719
1498	-340.654582
1304	-356.679729
612	-397.697891
1540	-285.217962
3669	-285.267165
507	-309.697879
1247	-325.770105
1171	-325.721867
3171	-345.599912
3730	-291.017996
2572	-360.495461
3726	-382.754967
956	-230.183076
3570	-272.514475
1142	-309.702591
3751	-339.491316
458	-340.699868
2928	-324.540084
3393	-359.297522
574	-271.665153
3011	-310.902708
3330	-323.360126
3923	-309.737951
38	-309.736982
2063	-344.402806
2801	-310.932716
384	-343.291812
354	-285.174014
3934	-381.630276
3903	-340.636306
573	-286.504534
1731	-381.565314
1900	-309.689410
2859	-362.909074
1107	-267.060326
565	-356.730212
2418	-304.734646
1186	-359.296697
2406	-306.386594
1580	-271.339821
3427	-325.793904
164	-340.675814
3114	-309.692389
3549	-323.437779
3715	-381.567301
1335	-283.156647
3530	-309.739069
2753	-310.904304
2539	-321.276274
3576	-325.729906
3840	-309.681264
455	-340.664551
3642	-324.565306
277	-302.288351
3381	-309.731402
2468	-307.193849
2781	-288.581699
3835	-309.693085
743	-309.719124
1046	-271.618580
3917	-274.985822
1457	-288.573089
3189	-324.510378
2654	-304.679740
2080	-325.793131
1898	-360.497612
1928	-326.927990
3592	-323.367866
2225	-324.612179
71	-346.864282
1575	-334.447259
1556	-340.659506
772	-381.599310
278	-397.667072
2923	-325.801905
2064	-309.687401
462	-234.474088
3198	-288.680991
2317	-308.503515
1829	-382.804482
3711	-303.469034
3567	-309.693494
2266	-289.766576
2047	-286.246880
3101	-360.503577
444	-340.665581
1887	-361.696319
3845	-344.454717
1147	-304.755780
2868	-270.407057
273	-323.312375
623	-265.457424
235	-270.375081
3558	-339.464817
3638	-306.320806
2712	-274.985024
1372	-381.574124
2634	-326.927446
2678	-285.255563
2595	-303.465315
2938	-346.875201
3195	-274.982322
3603	-326.952955
266	-308.477155
82	-309.701458
1970	-362.897428
1879	-288.594527
3676	-346.840522
1501	-288.653529
2235	-318.409670
197	-233.549368
3213	-339.438949
1828	-284.993731
3091	-341.869641
3041	-345.692143
1553	-323.448965
315	-302.472397
3888	-323.359825
3481	-357.941534
1806	-324.610229
3106	-273.735646
3019	-301.357437
1143	-367.635675
1706	-382.777508
3378	-325.831718
3976	-273.765901
1387	-361.698635
2494	-274.984732
2148	-309.718089
2629	-356.679047
3423	-308.555641
780	-308.769557
3253	-281.476938
1525	-345.608193
873	-273.763068
3411	-286.134060
879	-303.556846
2200	-344.426799
1604	-347.456674
3928	-377.799358
3047	-285.293918
1230	-323.396217
1737	-323.398064
3292	-326.937372
2019	-340.659620
2633	-324.627681
987	-273.765811
126	-274.991042
966	-339.467091
808	-320.774349
210	-362.938898
3708	-270.397474
1762	-361.755551
2936	-324.504178
1541	-310.912991
1065	-360.485823
3289	-270.437636
2820	-308.557865
3649	-343.292778
1098	-356.649302
1166	-324.576650
2202	-324.602888
47	-247.225618
3479	-265.289023
1447	-469.758395
51	-283.168740
3724	-324.573480
3050	-303.940271
3010	-361.720579
3080	-344.436248
383	-361.702346
2794	-304.681399
2689	-309.673807
1426	-381.607770
708	-306.313133
1357	-375.307060
3811	-274.982348
1217	-325.773675
3336	-308.477672
1123	-375.393636
975	-357.171724
3764	-308.483519
1609	-210.001565
3247	-360.531175
1085	-231.092208
2208	-286.486509
3728	-234.474951
2800	-287.478272
1893	-344.385273
1700	-320.782427
56	-345.599154
1082	-310.901659
80	-392.672883
729	-343.084333
3473	-360.527434
475	-304.691568
3512	-340.641866
1260	-270.417842
3043	-196.405320
407	-287.508781
218	-285.311823
2402	-235.696227
1363	-355.525451
1269	-307.563525
2784	-273.803873
115	-356.682218
1754	-269.221561
1852	-309.685790
1063	-265.440996
1497	-251.731545
720	-381.594735
1431	-344.392695
424	-309.717380
624	-312.119017
755	-324.568345
2925	-301.394865
3850	-308.528193
3944	-381.563295
886	-304.728323
3457	-324.559213
2987	-271.618137
3554	-309.689751
2083	-322.434119
816	-356.748545
267	-345.641113
152	-306.286325
1703	-286.154755
1530	-272.549380
2458	-361.683558
3238	-340.667053
1120	-353.283458
1826	-285.242094
682	-302.303791
571	-339.423497
1730	-345.663299
2786	-327.009009
1616	-272.539058
2623	-235.700285
2622	-346.829131
493	-336.819674
1139	-270.382725
2268	-302.558547
3909	-310.945132
3786	-308.759185
1370	-242.180146
1908	-286.508233
3739	-324.566515
1276	-340.667317
2874	-309.725707
3142	-376.617653
570	-275.012535
3552	-325.793166
2508	-324.574476
1617	-355.508183
3234	-287.349937
2223	-288.657055
3359	-325.733758
3516	-324.634527
1328	-376.531779
445	-319.610687
86	-190.624631
3055	-285.313284
848	-309.744522
453	-375.430225
3910	-309.703111
1883	-346.839066
3761	-352.866322
3644	-345.587398
1680	-377.842223
121	-361.711483
5	-351.628383
1699	-272.541597
3202	-310.908741
2343	-325.781464
1001	-304.724431
370	-356.698196
1668	-344.433140
2792	-362.944759
2135	-346.861074
2029	-380.417684
2858	-346.862070
2294	-341.831947
1662	-377.834156
1	-360.499843
3756	-326.943546
2456	-345.610758
1382	-360.492675
823	-361.732840
353	-197.632222
2193	-383.976576
795	-246.023231
3696	-308.474441
102	-307.230370
302	-340.632285

file identifier 	 test data 	 predicted
2779	-381.606362	-361.649060
1896	-326.971392	-328.465624
3051	-192.736096	-198.731052
2401	-263.280728	-266.486241
2728	-304.742823	-299.843297
3979	-345.651111	-341.951285
174	-229.928448	-234.977918
904	-345.608456	-341.157674
3240	-338.234966	-339.812456
3281	-309.716743	-300.484120
2066	-432.401755	-434.734633
1144	-264.255612	-261.449854
2093	-324.473588	-323.844954
2660	-307.582044	-307.094466
2530	-345.673444	-342.248103
428	-324.570042	-324.611169
1524	-272.550818	-264.662738
1941	-286.206129	-320.123063
1391	-323.317575	-357.770359
2434	-377.845502	-357.490678
1036	-340.609236	-321.333511
3416	-320.770681	-320.129624
2834	-325.699665	-326.413953
3670	-286.248451	-322.326556
379	-391.337881	-391.687278
177	-362.872710	-362.423745
3816	-272.830720	-275.453309
2696	-353.269456	-356.837472
2775	-382.812383	-374.863624
272	-322.161948	-318.217471
3623	-341.892484	-334.115332
868	-312.124574	-316.980148
1820	-324.522751	-323.674797
3918	-289.794194	-292.889082
3864	-288.639421	-290.250101
3131	-303.560907	-283.523267
906	-383.969892	-373.257028
2415	-340.676441	-321.221115
2412	-310.904086	-313.271573
221	-310.917273	-312.937759
1822	-344.395150	-323.323124
2529	-229.969129	-233.732731
3350	-339.431591	-300.458370
751	-361.724921	-360.910994
2016	-308.569875	-304.294223
842	-360.514766	-392.400661
3436	-361.762744	-360.039566
2079	-363.517297	-358.530319
1302	-339.445855	-302.384327
2682	-324.528297	-324.146358
2108	-267.944278	-266.046013
2323	-310.954565	-312.798282
2525	-324.569051	-323.366707
327	-324.607903	-323.840128
1047	-346.836177	-336.822870
2443	-288.547509	-290.345328
427	-382.798099	-377.111874
3498	-381.585231	-361.451465
1160	-286.467220	-269.834706
1559	-380.372123	-339.552833
657	-270.392759	-270.482254
1922	-248.132701	-218.810255
2054	-302.588564	-337.643412
226	-360.556344	-391.329677
386	-325.776001	-326.650441
1837	-381.574917	-361.152777
3367	-269.216969	-305.118749
2745	-322.118085	-318.780239
535	-248.416462	-286.763376
2677	-309.684577	-300.782930
2842	-308.450204	-305.280444
3397	-356.702115	-388.927981
1654	-360.518768	-392.997462
810	-269.144656	-307.058595
3583	-325.721011	-326.644950
3385	-324.583090	-323.365371
3634	-340.646592	-322.777816
2251	-430.448052	-330.005198
1364	-267.963366	-266.101015
243	-323.389193	-355.836434
2848	-339.419688	-301.439274
443	-325.754109	-326.763554
1125	-285.292217	-250.330470
87	-490.834069	-485.333755
1627	-301.363590	-297.825202
1675	-271.277972	-270.033905
84	-345.610574	-337.467584
3525	-340.662316	-320.571112
1368	-288.584029	-290.554770
3283	-287.404397	-286.581932
2230	-262.056533	-263.035296
3829	-323.654114	-304.561649
2310	-338.194242	-339.791699
784	-377.848074	-359.800942
212	-324.605613	-323.701248
2213	-287.433999	-287.621661
348	-196.432825	-202.526364
2992	-343.202564	-303.748455
91	-275.011437	-280.918271
601	-324.603558	-323.799968
750	-344.384630	-324.729156
352	-288.557016	-290.591503
2647	-262.017735	-259.785545
3322	-272.536448	-265.319146
1072	-272.554773	-266.209806
3921	-343.218379	-303.843825
255	-309.672030	-300.811699
1988	-312.124451	-317.240515
31	-359.310420	-354.579735
3022	-234.455424	-238.607716
2939	-352.864008	-385.874672
3892	-271.608843	-273.747353
3493	-232.333258	-220.600968
3817	-288.554600	-290.627644
1291	-285.276634	-250.391504
1420	-286.516174	-267.417993
3357	-361.779217	-359.970297
963	-345.645239	-341.623118
505	-338.531538	-334.666352
2733	-310.940764	-313.421366
2165	-319.567241	-354.540661
3820	-340.655117	-320.341439
546	-306.365166	-341.059228
1950	-232.331230	-217.674592
1792	-363.504227	-358.664119
111	-344.470970	-326.813917
3366	-323.268818	-358.664311
1557	-322.456250	-283.861668
3157	-335.619981	-297.102803
1937	-287.438379	-287.498417
1108	-341.839596	-334.279751
888	-323.328290	-356.554514
3039	-341.851538	-334.679552
531	-226.107205	-230.585144
183	-362.962787	-362.758228
3380	-345.606939	-340.274777
3293	-360.535142	-391.236786
3332	-376.610619	-337.562619
1989	-287.426977	-287.671587
1913	-310.912131	-313.127618
1997	-271.666841	-274.469423
1440	-270.441325	-270.662132
2890	-309.738198	-300.679667
2756	-153.742562	-149.718311
360	-346.890881	-336.835582
555	-361.677945	-360.657195
3839	-231.155780	-202.293343
1886	-302.286171	-266.553912
1191	-360.510716	-390.584101
1358	-340.682075	-323.702188
2490	-343.078368	-333.572198
3539	-324.625415	-324.294227
188	-339.406341	-300.348454
2472	-209.159302	-215.648482
561	-264.226909	-261.505333
646	-323.641347	-305.894999
3379	-273.761967	-277.152598
998	-302.306196	-266.521111
2763	-272.548325	-265.630969
294	-308.506421	-305.830912
930	-346.898838	-337.165005
683	-348.060054	-349.578628
254	-285.284456	-250.158609
393	-323.334482	-357.486246
399	-304.735224	-299.169503
3678	-285.255880	-249.621074
1020	-303.566436	-284.895349
2110	-341.867094	-336.767555
1743	-346.856186	-336.502020
3030	-324.500475	-323.369244
3964	-336.853985	-315.761432
3412	-335.628480	-297.314669
737	-336.836792	-316.508243
1351	-309.733696	-300.303642
2730	-286.492223	-271.783821
732	-327.023478	-328.630098
3823	-303.527274	-287.472754
3499	-309.702237	-300.145983
2905	-307.206439	-289.355630
2596	-339.467484	-300.336473
1863	-381.631601	-361.108613
3145	-324.570872	-323.246425
1376	-348.053064	-349.474750
3144	-308.472241	-303.915417
3746	-309.736797	-300.719305
3161	-309.678595	-300.372194
1430	-361.720960	-361.359077
670	-324.618078	-324.190962
1957	-206.721858	-227.689380
397	-288.630839	-290.701182
1526	-269.267574	-307.543065
1002	-287.689262	-286.581369
3753	-271.652242	-274.074321
1317	-344.393241	-323.439964
3775	-324.576188	-323.731391
191	-307.610450	-307.768237
2662	-345.635068	-343.290726
1903	-309.678054	-301.182125
516	-312.134532	-316.948728
2059	-345.674176	-341.820078
621	-310.899323	-313.162547
105	-309.727110	-301.078815
3766	-344.436564	-321.944468
3894	-322.469844	-284.501120
3052	-291.017787	-295.799099
648	-287.422111	-288.727425
3505	-274.983383	-281.119806
2233	-319.556235	-352.468766
986	-347.459586	-307.519511
2843	-308.509454	-302.833894
486	-288.678720	-290.594914
1486	-380.373644	-339.157275
746	-273.802095	-276.952075
2608	-306.369631	-339.827410
2902	-271.653205	-273.790070
3311	-344.433172	-324.804206
268	-362.957295	-362.896522
2636	-306.112153	-269.693598
2293	-269.216495	-302.028622
2950	-360.498298	-391.914130
3102	-310.903589	-313.377958
1709	-326.941251	-328.571443
2239	-346.823312	-336.837220
1389	-272.510742	-265.856312
3668	-309.700336	-300.882389
375	-346.857432	-337.797687
847	-324.608363	-324.004025
3705	-345.665479	-340.155237
672	-345.661057	-339.981205
2152	-308.540101	-306.029925
822	-336.845442	-315.800771
1963	-325.761942	-326.831479
631	-371.449232	-372.165684
3926	-325.748612	-326.677253
1726	-381.506605	-360.518357
3295	-231.069318	-202.168603
125	-228.992613	-232.218039
1890	-371.608385	-372.708937
3207	-355.520098	-351.010763
3508	-309.675176	-301.588443
394	-344.385642	-330.547521
3991	-372.765028	-333.019254
2313	-312.122262	-316.829979
2893	-274.985796	-281.007906
2410	-361.673369	-360.741786
2582	-320.773768	-320.004518
2518	-360.566272	-392.000203
317	-325.797397	-326.627597
3057	-301.381127	-298.402255
2049	-344.463291	-325.934417
2997	-380.371074	-338.729526
365	-361.740208	-361.462431
36	-344.382282	-324.244833
308	-303.428586	-286.122652
2880	-346.831172	-336.907561
207	-285.281032	-250.090587
2981	-327.026688	-329.083288
3374	-324.551244	-324.490992
1523	-340.646229	-320.612352
2487	-361.694757	-361.460675
143	-302.355005	-266.611838
522	-309.680641	-301.810309
1256	-312.119596	-316.928999
633	-325.759393	-326.391027
2512	-346.823548	-336.933449
2295	-305.898313	-297.644995
2522	-307.545457	-307.085193
1696	-320.785074	-320.358411
579	-281.480583	-246.762616
919	-272.589999	-265.183365
1626	-345.619567	-339.831348
1155	-272.838189	-275.558322
3160	-362.937857	-362.713188
2396	-307.546144	-306.903219
2257	-307.238509	-294.687906
2035	-249.294409	-236.622089
2451	-359.328735	-354.135627
3657	-312.124380	-317.135041
1218	-287.431740	-287.574378
3067	-271.304881	-269.593747
2156	-346.827596	-336.717862
2243	-340.673964	-320.413268
952	-325.717725	-326.684544
3230	-344.454591	-325.614690
3946	-286.438084	-270.696224
1470	-272.542270	-265.643746
1313	-324.502042	-324.659218
230	-271.617434	-273.917449
3653	-309.763576	-300.834181
902	-310.940195	-313.364106
1035	-284.385189	-281.337159
3897	-324.519277	-323.406663
1019	-327.016183	-328.725560
2345	-342.329232	-338.215622
3307	-318.647923	-282.148804
1090	-272.500426	-264.977259
2459	-273.761223	-277.368747
2440	-317.433049	-319.121346
1208	-345.608535	-338.593094
2764	-195.179738	-183.231198
3819	-397.692021	-425.546240
449	-325.753993	-326.593414
321	-324.604397	-323.774227
2045	-324.495988	-322.855438
494	-345.611057	-342.391187
635	-324.578381	-323.621505
2222	-340.678668	-320.681163
3425	-324.547564	-323.792522
3013	-346.883127	-337.134395
2124	-345.600825	-342.333883
1789	-310.905299	-313.154132
3798	-310.941861	-313.152868
518	-289.791234	-292.789617
2766	-285.279992	-249.908279
2611	-346.824672	-336.787564
3947	-382.782251	-374.478804
2826	-308.764658	-309.729808
583	-285.016369	-282.878733
1181	-323.657279	-307.591169
2107	-325.766177	-326.512716
2509	-344.380267	-326.731527
1824	-336.855265	-315.615593
1419	-344.350927	-323.763509
740	-344.452972	-325.208899
1685	-338.273553	-339.829661
2920	-326.952797	-328.669296
1004	-355.416555	-350.661916
1459	-306.320451	-341.521554
1733	-322.169100	-319.003512
1232	-336.811744	-316.999129
3398	-304.686259	-301.790596
716	-325.758431	-326.436015
2038	-348.056093	-349.079755
2183	-339.459869	-300.532829
227	-377.805829	-357.195827
1491	-344.421383	-325.197147
1807	-344.469516	-328.666155
1739	-303.454720	-287.059033
253	-305.838224	-297.160145
1439	-340.590431	-320.216999
3390	-309.736085	-301.055115
569	-376.620836	-337.309845
1329	-309.710338	-300.477858
296	-345.688916	-339.643124
694	-344.360007	-324.817135
3967	-273.758273	-277.373612
2349	-301.357553	-298.148267
1033	-339.482903	-300.219944
3534	-320.785748	-319.962487
845	-40.478930	19.742016
3980	-372.708066	-333.711405
4	-270.439280	-270.730037
3284	-343.290242	-303.438926
1658	-287.337578	-287.239214
2735	-309.690179	-301.385566
3656	-310.918831	-312.986015
1084	-309.711894	-300.364913
3501	-318.409788	-314.531918
2983	-346.833689	-336.848649
1285	-346.860450	-336.536404
2944	-309.687280	-300.506070
1528	-360.446475	-391.288110
2127	-308.519863	-303.646185
306	-307.335530	-289.708862
187	-341.842120	-337.793128
2557	-273.774103	-277.563389
3848	-324.564634	-323.363865
560	-344.385047	-326.018091
3702	-362.951503	-362.782241
2137	-324.588239	-323.123093
209	-308.493663	-305.193715
1162	-309.684472	-300.711555
3520	-325.752207	-326.535882
1815	-345.663783	-339.230790
1637	-343.503600	-374.428829
1912	-310.915653	-313.312152
3794	-317.361117	-318.847441
2891	-308.511094	-306.281521
333	-308.507517	-304.319674
1534	-340.632075	-322.602524
2006	-339.486095	-300.246540
1515	-360.502298	-390.617892
1611	-348.044714	-349.293673
2567	-320.795216	-320.035026
2740	-360.536920	-392.669274
576	-345.655968	-341.928486
1099	-231.975652	-268.122847
818	-387.475673	-387.638601
2052	-325.809179	-326.509949
1938	-341.826148	-335.919551
3582	-344.436500	-324.330431
588	-309.684571	-301.247193
2033	-310.919833	-313.126376
1715	-286.486570	-270.346267
234	-308.467880	-304.218673
2321	-381.536295	-359.725647
3029	-285.281493	-250.029552
3035	-344.404557	-327.942096
1379	-325.731549	-326.524385
744	-249.332005	-234.142441
861	-360.488871	-390.654021
97	-286.495035	-270.516510
3860	-308.505267	-304.560788
2091	-346.904050	-337.216231
2798	-307.259167	-295.867180
2372	-322.217569	-318.005166
2671	-344.377098	-324.467836
3265	-324.569062	-323.748234
178	-188.042067	-180.015924
3424	-348.051118	-349.399022
971	-324.624537	-324.275403
2360	-340.636727	-318.917956
2391	-310.927566	-312.751613
3842	-376.587741	-337.239479
2837	-325.730097	-326.452419
1224	-308.420805	-305.667535
931	-361.763293	-360.315806
3699	-355.497878	-350.941109
647	-338.268974	-339.563309
2690	-231.093096	-202.920270
3209	-346.834502	-336.935258
1121	-333.449362	-336.362220
1006	-336.843788	-315.060323
2417	-336.838171	-316.400661
764	-233.560626	-231.144619
2757	-346.855643	-337.333304
2999	-307.237456	-289.386225
3617	-345.608658	-343.307811
2420	-340.625366	-320.047946
2768	-340.690205	-322.952327
3464	-234.470922	-238.400544
2265	-360.469291	-392.396219
1100	-380.373569	-340.079317
867	-283.179781	-286.149498
774	-395.551843	-397.842801
793	-326.950540	-328.844927
954	-324.612244	-323.644188
2163	-324.503356	-324.471015
2008	-336.802659	-315.888384
1645	-324.477059	-323.866949
782	-361.678341	-361.237475
3490	-359.315205	-354.743176
912	-323.344400	-357.543103
532	-344.369744	-324.557885
2464	-297.555801	-294.434080
474	-281.476832	-247.016317
3141	-345.651109	-341.485855
1628	-345.637174	-340.194550
2870	-289.872470	-292.415590
2548	-340.654465	-320.884195
2084	-361.708021	-360.660777
3194	-301.367422	-298.287881
2252	-382.779570	-375.992570
3480	-286.460642	-269.098778
1532	-309.731599	-300.788932
2957	-323.644468	-304.881983
1672	-336.831068	-316.796471
2978	-340.669862	-318.247847
3227	-348.043668	-349.460082
3137	-272.533448	-264.895477
1207	-324.584396	-324.627702
3204	-306.313706	-337.085253
2474	-357.944802	-357.204935
2460	-345.631797	-338.876846
3965	-273.764529	-276.944256
2181	-340.656656	-320.505711
2328	-320.732586	-320.299097
3640	-309.692577	-300.865140
3587	-322.421320	-283.664582
1939	-242.205627	-246.974153
721	-185.648533	-364.891691
3250	-360.517106	-391.900836
3771	-309.655144	-300.926103
2279	-309.711101	-300.466312
1189	-287.322957	-285.903649
3470	-416.814878	-380.471209
222	-412.548009	-413.326490
1897	-197.629387	-195.037764
2940	-339.418028	-301.585231
3975	-309.693760	-302.356041
2866	-344.431605	-325.591491
3647	-325.794522	-326.705643
2432	-274.987245	-280.579129
2621	-305.145002	-301.870053
2276	-309.679242	-301.005651
1182	-304.738393	-299.547900
2128	-308.504896	-306.526575
2620	-324.587670	-323.976015
1113	-234.484521	-238.656877
718	-392.601894	-387.530125
3486	-437.484875	-170.752189
415	-309.692626	-300.757550
1303	-345.676156	-339.610214
1516	-249.358446	-239.523088
713	-308.484017	-305.655291
2535	-272.835594	-276.405342
250	-360.538828	-390.708018
877	-359.317823	-354.378956
1279	-377.837977	-358.451408
2963	-287.651399	-287.606402
3126	-360.523204	-389.442642
1704	-274.984793	-280.868888
1309	-287.723848	-283.522298
3216	-344.380260	-326.118107
3112	-327.021680	-329.432992
1298	-308.505512	-306.179078
1016	-305.129953	-301.553623
1275	-310.936083	-312.833013
3275	-308.757315	-309.863152
723	-361.717032	-361.230439
875	-376.554863	-336.929585
2519	-323.585680	-306.161990
284	-360.500454	-391.683412
2269	-308.452310	-305.283941
566	-303.472917	-287.799917
2416	-344.406447	-325.862236
2305	-376.633716	-336.720581
3943	-376.602183	-337.388137
2917	-267.068488	-270.160343
2324	-346.831385	-337.149949
3841	-371.541704	-372.908092
3778	-309.700675	-301.610799
3950	-270.439135	-270.889218
3693	-273.779498	-276.969658
2369	-273.760271	-276.871189
3776	-320.773105	-320.390282
3346	-318.327053	-314.609292
1777	-265.408147	-301.234049
1584	-251.727102	-246.845048
79	-324.605178	-324.027025
3882	-194.261089	-230.997320
1972	-233.542445	-234.223651
478	-119.052475	-130.904719
401	-325.712603	-326.523481
862	-361.764434	-361.153599
1416	-308.514570	-305.202199
804	-248.395289	-285.429152
3925	-325.718488	-326.465890
3320	-310.952127	-313.154330
2394	-355.446449	-350.966255
456	-336.811524	-315.614786
611	-248.364357	-284.368750
3369	-158.342346	-136.341563
2201	-452.728039	-460.079634
2436	-308.473229	-302.518849
3143	-286.432042	-272.025274
3792	-360.525610	-392.270595
282	-325.714378	-326.766922
418	-324.565412	-324.638678
2736	-310.922181	-312.842807
3536	-352.836930	-385.634413
2591	-325.773278	-326.366293
1281	-308.457113	-307.324494
1240	-310.907666	-313.237256
1094	-304.696023	-300.306931
1211	-286.498633	-270.859550
2062	-303.437471	-286.469628
1958	-340.595950	-319.071204
3222	-344.494043	-324.455716
2119	-323.665987	-304.884192
1825	-271.656372	-273.994121
630	-273.762561	-277.055946
629	-309.712115	-300.692956
1188	-306.054267	-271.094142
1104	-287.315479	-286.529851
2511	-250.500016	-251.618634
3682	-291.017820	-296.224991
756	-325.798888	-326.613968
2601	-333.464063	-336.366260
2173	-304.678340	-302.839917
1952	-344.408452	-326.805021
2881	-345.594203	-340.868596
552	-340.639366	-321.873376
2167	-309.681554	-300.632150
2175	-324.545475	-324.207780
3063	-317.413890	-319.147728
2314	-345.658870	-341.086199
1781	-324.582445	-322.817886
2865	-342.307696	-338.461835
1686	-288.648208	-290.205742
7	-309.722879	-301.249761
3184	-308.439671	-304.963105
1846	-344.370966	-323.924103
2144	-324.574829	-323.815945
2290	-343.224836	-304.148857
1352	-304.677606	-302.372952
3219	-339.428557	-300.434453
2700	-304.687547	-302.257507
2397	-308.772292	-309.783794
843	-308.437835	-306.176383
3432	-297.523580	-294.609000
2845	-307.602080	-307.326086
2462	-325.752244	-326.546323
812	-308.509197	-304.074874
2220	-272.538190	-265.275237
762	-346.863396	-336.439284
3743	-325.726182	-326.619130
3675	-360.534222	-392.332090
940	-325.787515	-326.533485
2463	-288.576502	-290.649818
700	-310.938181	-312.789179
2344	-305.915175	-298.069707
335	-361.729115	-360.934178
3564	-303.533472	-292.156753
1180	-306.364186	-341.211160
926	-345.680086	-341.564939
3716	-361.720799	-361.069958
2744	-288.573110	-290.378663
1866	-310.940708	-313.443480
3268	-324.562156	-324.642875
2679	-312.130526	-316.956051
2161	-361.735863	-360.918756
3540	-321.236907	-322.875924
3853	-271.336383	-268.827425
2994	-345.597078	-341.909163
3466	-325.794624	-326.357310
2120	-381.630205	-363.166836
554	-340.688787	-320.676235
536	-323.348544	-358.112927
724	-320.775720	-319.911514
2805	-272.587161	-265.280129
303	-375.328197	-375.922450
2901	-318.323005	-314.631971
3569	-272.588302	-265.561370
1348	-309.683859	-300.592087
3911	-345.639354	-340.052637
83	-344.434906	-325.392289
3968	-287.425634	-287.194923
1346	-308.542644	-306.002924
203	-340.663148	-320.645589
2450	-312.124760	-317.300428
2353	-281.504579	-246.924055
3331	-233.545899	-232.808384
2839	-362.930315	-362.987975
3495	-288.563768	-290.675005
983	-341.851447	-335.771877
988	-341.827199	-335.445308
3680	-305.904722	-298.326537
1924	-340.591587	-319.493363
2648	-325.728744	-326.317043
741	-344.434318	-324.754891
1200	-346.908492	-336.570721
660	-271.630416	-273.807338
2564	-325.789398	-326.349294
388	-340.594424	-320.985652
1971	-362.906662	-362.779664
945	-264.243028	-263.187321
3550	-341.825957	-337.410285
216	-307.283509	-290.679156
3870	-345.605387	-339.445067
2650	-361.727711	-360.846337
929	-272.832690	-275.659166
1327	-320.768458	-321.074513
2861	-288.654312	-290.256373
1254	-325.753541	-326.592113
1701	-344.428649	-324.046263
225	-346.842403	-336.327199
2488	-363.508158	-358.637900
2044	-373.173910	-344.610690
3790	-286.502445	-275.922413
3139	-344.437158	-321.945270
3266	-287.736841	-284.805097
3704	-348.035847	-349.478318
1767	-285.277900	-250.053828
3244	-323.320332	-358.147963
2973	-324.604156	-323.381818
1096	-309.689595	-300.642867
1961	-197.629416	-196.151500
3719	-320.742924	-320.486596
1869	-269.207716	-303.556174
2160	-345.674929	-341.360626
1574	-245.997884	-250.403561
3865	-362.899954	-362.995671
110	-346.869123	-336.420858
1782	-308.555419	-305.037826
1274	-309.686648	-301.643606
34	-306.355655	-339.209051
3713	-325.748400	-326.580401
490	-231.142581	-202.645018
1192	-326.947461	-328.496830
3001	-270.386138	-271.246033
1977	-312.131398	-316.476591
1920	-361.714679	-361.353060
1249	-272.543724	-265.875575
702	-379.000257	-366.523106
426	-362.933001	-362.767793
371	-380.374978	-339.678266
2630	-282.871678	-281.648975
2721	-271.401725	-269.253860
3123	-309.702150	-300.365158
1322	-271.619912	-274.107299
3504	-308.561061	-302.817793
1983	-320.792773	-320.214104
3629	-359.312853	-354.212831
2897	-346.825923	-337.508327
3712	-300.148891	-305.632078
2302	-492.008892	-496.228084
3805	-309.680682	-300.906169
3242	-397.707881	-425.401169
2356	-323.346816	-357.573507
1663	-232.351764	-218.040834
3572	-322.172641	-318.420836
9	-344.468531	-324.096735
52	-345.627428	-339.323686
1150	-308.551121	-305.894706
2286	-309.728265	-300.418627
299	-195.196751	-191.208932
2111	-348.048744	-349.422577
2275	-312.122563	-316.679205
543	-310.937295	-312.826687
979	-309.713440	-300.423019
2001	-346.833365	-336.845803
856	-324.568212	-324.223889
2304	-286.431160	-270.467659
3103	-340.631134	-322.584280
2146	-310.932540	-313.326474
2706	-345.667357	-341.368392
425	-289.769718	-293.916473
376	-309.732528	-300.802858
3559	-309.721434	-300.284524
2574	-273.812881	-277.223908
2142	-324.624987	-324.092564
64	-362.945802	-362.877633
3482	-281.480993	-247.518376
3046	-322.057728	-317.991873
970	-310.911364	-312.971758
3772	-356.752251	-388.392496
3686	-344.462681	-325.122066
2773	-325.684055	-326.450775
3276	-344.508729	-324.052762
2056	-325.729141	-326.556406
2931	-361.729140	-360.723365
85	-272.550580	-266.723518
1576	-247.184334	-245.684595
2632	-306.344083	-342.488003
1337	-286.498779	-270.708921
2216	-308.505718	-304.401755
98	-303.553222	-284.510036
1178	-382.751729	-375.938011
728	-309.678404	-300.417119
3038	-288.542113	-290.673058
1932	-310.911279	-312.747473
1590	-344.415609	-326.921251
3697	-312.119261	-316.990403
1776	-325.785476	-326.386851
890	-344.458979	-323.897563
991	-345.602096	-340.334205
955	-345.632414	-338.920829
390	-306.070291	-271.110212
3016	-309.730329	-300.896203
3382	-341.145624	-341.168011
1400	-306.067385	-271.042200
2254	-359.388326	-354.043521
3252	-340.610842	-321.795887
1849	-324.547957	-324.039907
2178	-339.455981	-301.684996
2259	-361.734611	-360.848430
1490	-309.691591	-300.958593
3181	-307.209274	-288.066950
3251	-306.056425	-270.774598
3908	-272.847530	-276.544351
1154	-310.937644	-313.117945
616	-345.676243	-341.564517
1505	-308.487195	-305.680658
3453	-321.254976	-323.141170
3040	-360.506446	-393.201563
2769	-376.563238	-336.052709
1468	-345.650338	-340.668303
1993	-339.504090	-300.670216
1442	-308.465594	-307.241934
1996	-356.687774	-389.056689
1092	-360.552974	-391.572098
41	-345.649146	-339.556265
2081	-273.775864	-277.744132
1600	-249.301818	-239.099338
3403	-339.424322	-300.179368
134	-308.516376	-302.598149
1377	-325.768959	-326.624827
2770	-288.588657	-290.370651
1577	-355.468067	-350.834446
2042	-232.364952	-221.813984
3128	-341.867138	-336.764494
2631	-380.316551	-339.319408
1558	-270.389386	-271.553219
3838	-271.318933	-270.035342
1804	-324.542706	-323.726139
405	-273.804251	-277.335013
2367	-361.723620	-361.187562
2536	-273.758980	-277.174549
3734	-326.940196	-328.792530
3660	-288.651313	-290.350470
1847	-325.753767	-326.563044
1615	-287.344000	-287.192864
2625	-291.021574	-295.602598
693	-234.520624	-238.868295
1049	-323.336196	-357.723823
1265	-227.324775	-200.740075
2707	-310.915408	-312.961276
948	-336.827390	-315.492007
3737	-361.714817	-361.506841
2168	-310.899911	-312.767766
666	-381.593528	-363.728100
1273	-355.513035	-350.917162
2389	-361.728546	-360.374182
2828	-232.030352	-264.509456
2807	-269.176124	-306.174831
1411	-327.023352	-328.655542
927	-340.676668	-324.633953
3797	-376.587519	-336.899376
374	-372.796889	-332.720461
1487	-345.665813	-342.655280
3855	-304.746925	-299.450646
1835	-376.631067	-336.259323
1106	-231.106310	-204.195047
2493	-346.822460	-337.307174
1463	-362.938449	-362.461371
2067	-280.248350	-282.812866
2746	-247.190194	-245.800167
1647	-343.242553	-304.518514
909	-325.789320	-326.679106
2908	-271.620997	-274.213119
3844	-308.450468	-303.184492
3807	-361.706503	-361.141451
3002	-269.479234	-253.606449
3099	-324.530718	-324.090960
3448	-324.634377	-323.941471
999	-308.512721	-303.291453
20	-270.370102	-270.889119
1421	-360.526142	-391.802418
754	-361.718210	-360.929198
1565	-325.735821	-326.238655
2121	-324.619773	-322.658645
3833	-324.559324	-323.525943
1057	-391.518453	-388.812611
1800	-212.439286	-215.915365
1608	-361.758032	-361.452743
1678	-310.955296	-313.256773
2	-324.551643	-323.878722
1911	-272.582516	-264.947995
1374	-322.175807	-318.853654
2793	-306.384286	-335.941853
2526	-340.601771	-322.981812
1308	-341.814212	-336.629631
2118	-324.560961	-324.032852
3757	-281.482952	-247.031673
3957	-307.291354	-291.681397
269	-325.729080	-326.557674
1955	-339.498757	-300.919418
3109	-324.582824	-324.061606
3502	-376.564063	-336.469841
788	-324.467888	-323.847068
1234	-325.796704	-326.313134
3613	-308.483617	-304.160582
133	-271.642927	-273.683221
545	-356.698773	-388.467747
965	-323.329385	-358.146395
3167	-309.688639	-300.791658
2104	-379.006904	-369.891597
2150	-324.570860	-323.948242
1315	-288.533780	-290.595170
2609	-322.351046	-283.287851
1681	-310.908780	-313.301921
1199	-377.813742	-359.754545
1149	-325.796862	-326.599017
3745	-310.912788	-312.920120
2229	-319.560814	-349.251187
60	-382.768883	-373.672249
722	-310.935212	-312.794037
3988	-309.707600	-300.489559
2242	-362.870426	-362.928960
2716	-303.464433	-286.705691
1552	-346.865957	-337.086480
148	-345.629933	-338.867226
3316	-264.261826	-261.347472
2857	-362.899149	-362.965263
553	-271.666055	-273.988356
2500	-286.498235	-268.300231
1872	-272.566631	-265.180919
3867	-356.726146	-389.305083
617	-376.521083	-335.733813
3120	-309.689111	-300.601142
107	-307.580090	-307.757129
1517	-359.342366	-354.642011
3092	-340.610697	-320.659836
1954	-226.144377	-229.382295
884	-276.202586	-281.693092
1936	-360.564423	-392.756476
2411	-193.075202	-194.254052
2171	-359.346839	-354.330778
432	-344.390227	-324.236128
1794	-325.712420	-326.577923
2755	-381.595252	-361.110788
1543	-323.360471	-353.269462
3799	-291.018995	-296.928211
3527	-309.716030	-300.389717
3200	-265.433051	-304.019061
1405	-361.711854	-360.628087
1591	-249.397368	-234.068183
3517	-396.475511	-390.901274
3544	-312.133269	-317.197867
3684	-362.958208	-362.889782
3105	-346.821661	-337.180781
3223	-341.794931	-338.578758
2292	-343.246371	-303.718044
1535	-324.463541	-323.086046
2672	-355.556836	-351.123572
3442	-381.635659	-359.465403
1449	-308.507220	-303.421274
3045	-310.906568	-313.324874
3962	-341.865856	-334.485360
1369	-392.662003	-387.375621
3078	-383.966179	-374.118236
3438	-312.132858	-316.873661
3915	-309.687698	-300.785533
2904	-302.545112	-335.786918
790	-341.836780	-335.984530
3619	-325.779372	-326.356560
860	-397.697425	-424.206473
2640	-398.880824	-397.363841
704	-235.696677	-240.069357
1919	-407.364323	-426.490025
1848	-273.769835	-276.885116
3177	-287.662612	-283.560652
3201	-346.845480	-336.425875
2967	-305.841708	-297.417865
2065	-340.537496	-323.076942
232	-490.793044	-479.778833
3062	-381.573048	-362.233639
526	-344.430692	-326.064546
669	-377.780670	-358.031676
705	-362.953848	-362.530144
707	-381.585428	-361.231384
1136	-271.296056	-268.873762
980	-356.743821	-387.042506
3487	-210.101789	-208.923551
3612	-309.738513	-301.049251
960	-310.940611	-313.440128
3521	-342.324182	-338.435296
556	-272.600604	-265.666483
2046	-286.493052	-267.099909
2658	-308.461040	-305.066600
3940	-308.464824	-304.886271
876	-325.807685	-326.406019
3087	-392.563319	-388.390400
2055	-304.724717	-299.095744
116	-346.831175	-337.180555
1763	-325.799404	-326.256552
567	-339.489014	-300.650815
2025	-249.363808	-236.915670
1582	-361.735290	-360.438821
1280	-356.683566	-387.861148
2758	-309.696640	-301.745522
369	-361.733362	-360.808773
1066	-375.344926	-375.998769
2246	-287.318502	-286.911224
735	-309.716570	-301.632542
2040	-317.409527	-319.066345
637	-360.557419	-391.211293
3264	-307.260972	-293.908780
356	-372.741729	-333.056636
2485	-392.676111	-387.304879
1371	-288.596392	-290.337507
2524	-392.642251	-387.691461
1691	-272.595294	-265.644823
3246	-340.652252	-320.402731
2198	-382.804255	-377.398571
933	-270.430832	-271.133580
2750	-268.301176	-234.434589
2731	-272.836211	-275.781782
1105	-302.306944	-266.908205
460	-360.488733	-391.572537
2199	-377.815601	-357.272090
3679	-320.794248	-320.052712
2693	-340.638326	-321.461432
992	-377.811306	-358.238983
286	-324.563745	-324.417864
695	-345.700085	-338.031507
1613	-346.890723	-336.315411
3176	-432.852890	-433.121189
538	-324.494520	-323.802811
2342	-309.680487	-300.906260
256	-308.741915	-309.196074
2791	-194.254127	-233.501253
2471	-288.628801	-290.527371
1140	-304.683966	-302.489122
1137	-271.622539	-274.290037
1435	-193.963318	-174.327985
2070	-114.483613	-218.473742
2698	-344.434438	-327.275884
2825	-360.576433	-392.758190
3173	-325.791830	-326.458621
3417	-354.292460	-356.203257
2553	-302.545562	-336.399160
1601	-345.646864	-342.275589
1161	-308.513516	-303.144937
2020	-272.514099	-265.662734
1857	-307.540766	-307.963360
1562	-309.676327	-300.571461
2726	-324.475651	-323.762117
2802	-325.804486	-326.575119
1433	-325.729800	-326.798982
1452	-308.467331	-303.497726
3606	-310.906553	-313.027294
2910	-307.536915	-307.665398
3901	-346.822424	-336.677378
2125	-310.908354	-313.060756
3360	-382.810709	-374.710573
2645	-362.923114	-362.795080
3421	-324.571081	-324.850249
1917	-325.790782	-326.668449
270	-372.752005	-333.172090
229	-361.648305	-360.807371
664	-335.632054	-297.884091
541	-325.714161	-326.551351
1299	-348.043466	-349.428470
2240	-381.627040	-362.398571
2109	-321.219665	-322.801277
2270	-355.497046	-350.967688
332	-304.692914	-301.174504
3496	-302.303890	-266.660745
503	-355.514134	-350.804011
3127	-327.010419	-328.624788
907	-381.607752	-361.295993
1659	-487.002792	-480.471391
2600	-307.237880	-290.915064
3249	-325.739818	-326.776052
2584	-360.567154	-392.153160
1312	-381.612501	-360.670391
1865	-345.609914	-340.911546
758	-307.574899	-307.371769
1642	-344.345376	-325.596820
911	-356.711832	-388.529577
398	-345.636145	-339.427931
1064	-276.202311	-282.112724
840	-289.871520	-292.439174
1319	-308.560759	-304.141610
1751	-339.469166	-300.240439
166	-325.729970	-326.584309
687	-346.841762	-336.968788
2452	-344.424745	-327.668093
3269	-381.624381	-361.436016
1834	-381.615289	-364.872842
199	-309.673895	-300.202186
819	-276.204532	-283.288629
3814	-361.745554	-360.431087
3027	-336.811099	-315.569159
1278	-362.942040	-362.676056
3720	-308.561301	-305.664696
100	-361.702143	-361.590921
1210	-340.641282	-319.805709
2576	-306.418503	-342.184176
3782	-262.035127	-262.185748
2989	-287.317913	-286.460369
169	-309.688569	-300.540115
1588	-323.678800	-304.110660
53	-285.330157	-250.802417
2534	-362.960595	-362.813787
2326	-320.768781	-320.140588
1844	-325.808754	-326.489507
3277	-354.254979	-356.501519
3506	-320.804155	-320.139693
3961	-308.561152	-304.590101
1670	-269.230258	-304.057110
1238	-360.499088	-392.474358
194	-308.496245	-305.148202
3134	-271.319942	-269.032812
1018	-354.272548	-356.012691
1966	-302.558699	-338.293468
1909	-345.630398	-343.410892
1831	-323.386306	-356.594919
57	-345.635513	-338.687305
95	-351.666551	-347.332064
1017	-308.419735	-306.969687
413	-301.369263	-297.877773
2331	-308.516808	-304.763116
1135	-310.903412	-313.133020
3754	-324.570035	-324.495903
2964	-362.945907	-362.536159
104	-360.574432	-392.202951
92	-301.343578	-297.974568
577	-343.087962	-333.140561
3164	-344.379764	-323.631169
1885	-345.647670	-341.074080
2577	-381.600777	-363.477957
1428	-265.391486	-301.121026
1749	-302.579654	-338.022114
26	-301.359287	-298.409397
3313	-360.526364	-390.283271
1332	-209.144909	-216.479650
2085	-309.695312	-300.379723
2588	-376.538277	-335.715075
3310	-309.721850	-300.982674
500	-308.452306	-306.339336
2760	-155.908941	-160.627672
1093	-325.718074	-326.740416
1438	-356.728392	-389.169666
2002	-286.504040	-270.218811
3885	-304.728655	-299.196501
2945	-307.281910	-285.924185
3740	-356.684693	-389.493388
1500	-345.609230	-340.995210
3125	-308.510840	-305.493361
2598	-308.508949	-304.315599
3573	-325.730390	-326.492749
3096	-338.175960	-339.625993
838	-361.709679	-360.686059
908	-310.911406	-313.103739
2568	-325.718022	-326.538196
1674	-360.499243	-391.394352
3409	-356.696744	-389.439406
3641	-360.485033	-390.602568
3328	-324.549529	-323.887828
1350	-343.076530	-333.453410
1745	-264.171923	-262.422217
1766	-270.387395	-270.685897
1151	-392.620909	-387.483524
349	-309.687623	-300.669723
2482	-268.321270	-234.213758
1812	-307.275809	-288.308379
3465	-324.548021	-324.119367
1115	-325.773014	-326.402558
1999	-233.547877	-234.045305
3178	-345.605421	-340.774173
2970	-339.501361	-300.979765
778	-324.573162	-323.370203
2245	-308.434866	-306.033960
517	-344.434827	-324.358145
2438	-392.565188	-387.257105
2555	-287.427764	-287.532706
1943	-325.729335	-326.371510
150	-309.732713	-300.754906
3876	-304.574737	-301.441736
2143	-288.628466	-290.727368
1923	-287.427777	-287.145521
1165	-309.706371	-300.163529
2169	-356.733974	-389.159853
2932	-285.320198	-250.088725
2141	-307.287454	-290.024971
1720	-309.692095	-300.930792
3334	-325.800680	-326.249342
794	-248.143861	-219.423228
2034	-345.586124	-340.272817
2419	-287.353473	-287.279882
2832	-250.585843	-248.059187
1981	-306.313924	-342.049928
2263	-274.983122	-281.020076
149	-380.415966	-339.507264
768	-193.039603	-195.441912
891	-325.767721	-326.547919
2889	-341.871347	-335.087380
747	-359.350089	-354.429526
1119	-304.733360	-299.298154
934	-345.650323	-339.586973
1034	-356.732791	-388.836556
950	-324.580266	-323.705924
2180	-340.665904	-323.364826
161	-285.276468	-250.003928
676	-272.584377	-265.130358
1641	-340.647224	-318.934485
1076	-361.656187	-361.613959
973	-325.790444	-326.345567
482	-272.599303	-265.618719
2190	-324.574822	-323.271708
1990	-281.482892	-246.632197
1660	-274.985107	-280.973364
1799	-346.861635	-336.634894
3158	-269.271320	-305.405626
271	-361.759779	-359.446094
2060	-362.945811	-362.627930
1354	-382.790027	-375.109732
1698	-325.800949	-326.895713
3121	-344.419977	-325.762666
1425	-288.648476	-290.417777
800	-324.611571	-323.546199
2684	-310.940657	-313.175277
585	-229.918003	-235.183473
3475	-321.247305	-322.945209
2467	-325.805017	-326.978237
76	-325.685245	-326.534562
3707	-271.620156	-273.856275
3590	-340.660106	-318.567717
1960	-345.602645	-342.316751
2277	-383.973315	-374.545109
1245	-310.907810	-313.035915
1175	-361.742598	-360.707531
2652	-317.377404	-319.076461
410	-325.835955	-326.546248
3132	-309.670613	-300.302605
208	-270.399081	-270.702197
2739	-362.946034	-362.567987
1172	-357.927353	-356.467748
1801	-301.335636	-298.033472
540	-346.830523	-337.045833
3441	-372.686714	-332.986527
251	-265.386781	-300.495464
1407	-235.694798	-240.376535
2863	-287.423372	-287.331165
3368	-308.496367	-306.309721
2312	-344.416076	-326.298580
3874	-323.344889	-356.988384
3597	-360.539435	-390.956675
523	-345.565792	-342.488372
3212	-360.575745	-391.158700
1871	-306.406578	-341.208497
3166	-326.949535	-328.572817
3459	-346.831382	-337.223536
1205	-304.682331	-301.858652
2501	-232.377706	-219.244331
3315	-269.176979	-305.971038
1874	-416.367317	-417.193687
2393	-324.608961	-323.605641
1561	-325.749687	-326.763337
3066	-345.688382	-341.273258
3978	-282.861121	-287.068841
2170	-274.987123	-280.813916
1805	-344.380468	-325.962763
1547	-335.613384	-297.199823
1296	-345.612257	-340.292013
3401	-338.175569	-339.429364
3339	-356.699649	-389.051357
1367	-325.812267	-326.678855
917	-323.320690	-352.376872
3589	-324.543443	-324.155592
2392	-272.551442	-265.002677
3361	-324.558989	-323.843635
527	-324.629301	-323.542615
2960	-271.360631	-269.727410
2586	-191.810916	-185.452179
2782	-340.664407	-322.523505
3561	-343.190300	-303.224527
2306	-287.354343	-287.201598
2827	-345.615042	-342.442185
1129	-340.618148	-320.830923
3857	-340.686134	-320.455982
1398	-234.469383	-238.110196
77	-348.062001	-349.278350
3873	-348.051405	-349.511715
3396	-273.815873	-277.021083
962	-376.587043	-336.817500
972	-341.869909	-333.516290
759	-398.888473	-396.530330
1881	-361.772040	-360.479942
1456	-308.496384	-305.622107
2971	-312.131841	-316.668712
2502	-309.685960	-300.565960
937	-306.397642	-339.479764
2071	-246.029150	-251.461422
1056	-271.618179	-274.152777
3633	-380.412093	-340.832177
3555	-360.547370	-391.649209
172	-282.667163	-268.046715
2808	-340.646073	-323.478817
1567	-356.714706	-389.701957
3849	-360.531172	-391.300394
3560	-286.463470	-271.003241
1744	-288.535621	-290.634783
3989	-272.542369	-265.973731
2852	-274.986857	-280.884244
89	-249.259410	-234.208028
3507	-376.594067	-337.184699
1542	-370.291993	-387.766661
3083	-381.591448	-361.768035
2639	-302.580808	-337.957388
3725	-309.710255	-300.369029
3136	-340.660061	-322.691509
993	-317.364547	-319.021764
389	-271.336957	-270.608295
2043	-344.484341	-323.999802
1134	-343.068226	-333.496052
2498	-288.539500	-290.495315
2661	-323.448833	-357.708857
1454	-288.652757	-290.295577
2892	-325.728271	-326.406515
2092	-288.572051	-290.275127
2687	-377.816463	-357.349371
775	-344.469204	-323.322515
274	-272.539126	-266.350299
59	-248.430371	-285.864247
417	-344.440065	-326.951747
690	-375.420808	-376.750238
828	-361.684892	-360.014575
1475	-362.957353	-362.800940
2074	-285.300440	-251.157912
748	-324.572987	-323.309146
2398	-319.533364	-353.375712
1560	-340.645686	-319.654084
1880	-346.873992	-337.618429
1808	-356.676972	-389.582503
2907	-344.466563	-326.539848
1074	-304.697680	-300.887100
2337	-324.588418	-323.094353
2703	-309.722894	-300.640907
310	-308.480308	-303.901906
924	-324.528533	-324.071127
1427	-340.646339	-321.562395
2209	-382.781841	-376.383636
402	-312.124533	-317.016885
1148	-284.062954	-286.503834
2068	-308.471269	-303.825293
3392	-361.774979	-359.568628
3639	-345.680996	-340.231573
88	-345.655534	-340.310652
2817	-340.641240	-322.048252
2589	-361.718361	-361.537473
2023	-317.402836	-319.094221
1251	-322.482659	-285.054313
481	-307.573371	-307.545104
1039	-360.575277	-392.517570
2339	-326.954728	-328.790833
81	-318.390876	-314.417782
3990	-303.459637	-286.997902
3563	-227.798785	-254.217734
600	-268.859550	-238.320198
3852	-361.710525	-360.849709
3872	-340.691219	-325.104137
21	-278.059333	-297.640818
2882	-322.444150	-285.082442
951	-307.548619	-307.207662
1623	-229.615446	-230.677697
2738	-324.555069	-323.367654
752	-324.557693	-323.964442
1953	-308.457242	-304.213295
373	-379.522177	-380.375576
2541	-341.834413	-336.400151
2965	-344.689237	-345.722247
25	-309.712046	-300.217197
1725	-360.495137	-390.920647
742	-272.588370	-265.698125
923	-322.135797	-318.199727
471	-324.532283	-323.475442
932	-361.764881	-360.968293
1318	-310.897519	-312.934946
2783	-272.537685	-264.751239
2974	-396.486691	-391.421983
331	-309.734363	-300.553270
3937	-361.713179	-360.890351
1599	-304.689816	-301.791722
2796	-345.678871	-341.711288
925	-307.567279	-307.362457
1360	-362.941781	-362.758466
830	-320.767103	-319.669128
1059	-303.436180	-287.016600
3061	-392.552088	-387.270309
2594	-335.586914	-297.116210
450	-235.729507	-241.361148
1114	-302.353948	-266.576156
260	-359.369049	-354.716968
2532	-301.405558	-297.821372
1453	-309.720334	-301.036228
1527	-271.621836	-274.378847
2264	-346.831590	-337.192646
316	-341.858490	-335.516025
3070	-281.491976	-246.868961
757	-345.678211	-340.787445
520	-309.720011	-300.298706
151	-270.397623	-270.881514
2653	-361.749428	-360.784258
3893	-341.097446	-340.003375
2319	-271.316064	-267.919958
3551	-345.646761	-342.090361
3348	-304.715963	-301.315185
3600	-325.781571	-326.713502
3	-346.838279	-336.650190
2918	-271.326117	-268.446042
173	-396.486463	-391.249145
2204	-310.904876	-313.173755
3260	-345.595084	-342.457667
3452	-361.758902	-359.746151
1198	-308.449457	-306.204851
101	-324.507184	-324.078565
2847	-307.566260	-307.145385
434	-338.195462	-339.835230
3484	-341.890999	-335.440220
2691	-308.505543	-303.651646
858	-340.661797	-321.275821
941	-340.652570	-320.164730
537	-361.731930	-360.950294
32	-287.509315	-287.962256
2543	-376.588479	-336.694335
3938	-345.645388	-341.179079
2818	-335.618370	-297.371798
958	-302.599262	-338.641951
3203	-308.459279	-304.080403
2151	-289.802108	-292.997047
626	-288.653249	-290.526152
412	-372.768039	-334.087280
2644	-320.786990	-320.122421
1263	-345.642008	-339.003910
900	-288.561991	-290.578138
1000	-339.452428	-300.620201
678	-308.506580	-305.321769
3308	-381.582831	-360.739535
3426	-307.387663	-289.864020
3273	-288.589678	-290.183974
839	-302.254301	-266.411688
953	-392.650949	-387.306182
3454	-376.600944	-337.025788
590	-346.857871	-336.667544
878	-308.466070	-306.070083
3447	-270.389803	-270.008414
2232	-56.525887	-27.047806
1460	-309.684108	-300.403210
3004	-288.652346	-290.588561
2606	-323.344105	-352.583797
1548	-306.308471	-342.233577
3987	-324.506120	-323.206586
896	-323.312767	-357.130083
2614	-232.164586	-268.503779
1418	-325.725274	-326.712621
2469	-270.392444	-271.160573
2226	-276.206257	-282.955565
2334	-472.135006	-432.440443
1610	-196.406419	-201.699886
3376	-273.775510	-277.622924
1717	-345.603646	-338.941492
1201	-224.944660	-239.784572
3913	-308.551230	-303.905346
3578	-286.432515	-270.316762
1310	-307.529289	-307.651238
2723	-324.554067	-323.974076
3971	-360.530885	-390.422878
607	-301.373496	-298.079695
3793	-381.580932	-362.984314
3671	-326.941692	-328.581400
3594	-272.544482	-265.730688
1587	-322.133444	-318.159309
883	-340.647778	-322.377159
786	-307.544728	-307.188318
3003	-325.798735	-326.477666
892	-288.621895	-290.838676
1401	-307.265351	-295.108026
3154	-309.714008	-300.400415
2404	-323.340989	-357.916707
2340	-310.899612	-312.871981
2948	-382.790431	-375.598205
3972	-359.339915	-354.925826
1185	-324.558175	-324.228052
2878	-285.336744	-249.937214
872	-309.711438	-300.419812
3353	-324.514429	-323.872965
3394	-376.613178	-336.507601
3296	-345.650105	-342.323846
3233	-304.691526	-301.795459
3108	-361.653332	-360.395294
2579	-273.765811	-277.615549
3574	-398.876124	-397.890531
2666	-303.423742	-286.155274
406	-359.295180	-354.926456
3774	-305.130184	-301.789683
701	-265.396194	-299.368780
3278	-298.952950	-288.064848
1041	-371.504707	-372.323956
589	-340.604189	-319.835481
1509	-345.612220	-339.836848
1735	-320.791360	-320.075727
1127	-345.659797	-338.422013
2138	-340.684371	-320.367804
614	-383.982605	-373.580863
1760	-326.940002	-328.707995
3919	-304.721921	-299.885501
2129	-356.722498	-389.059731
1472	-306.080007	-270.933846
1095	-324.603415	-324.583127
2053	-320.769272	-319.907112
3709	-340.613243	-321.325994
1079	-287.347000	-286.952236
2461	-269.170508	-306.073576
836	-324.606601	-324.343809
714	-356.669324	-389.065603
3389	-309.689740	-300.443390
1164	-340.611734	-321.651708
3072	-340.671263	-322.221037
1480	-324.584824	-324.418399
1399	-341.826906	-337.227789
1522	-324.485746	-323.438153
3584	-281.484877	-247.293593
2050	-362.937518	-362.914090
2191	-359.317050	-354.509032
914	-361.707841	-360.580967
1111	-335.656557	-297.519127
1796	-307.536544	-306.902935
3458	-345.693035	-337.949021
2492	-396.477101	-391.687517
3788	-361.725962	-360.782465
2446	-361.740252	-360.433525
1778	-305.036659	-302.737153
1173	-344.465017	-326.961628
3192	-313.554802	-315.228763
1219	-306.334850	-343.185729
3118	-236.917873	-243.210195
334	-245.983375	-250.348427
1746	-396.470299	-391.260203
2448	-346.833271	-337.139588
109	-158.340943	-136.913667
3791	-360.491959	-391.939162
2517	-308.462063	-304.712072
2330	-287.681216	-286.808993
1014	-301.385442	-297.905720
118	-352.905052	-385.895612
3419	-335.590859	-296.704721
1959	-324.603913	-323.800395
3767	-324.568597	-324.568502
2399	-308.430606	-305.035925
3868	-360.526225	-391.719299
2743	-234.516409	-238.072011
3557	-344.382663	-324.036344
1902	-324.615795	-323.288099
3518	-340.655390	-321.328073
2212	-346.837271	-337.035056
1176	-288.584832	-290.146595
3887	-242.196351	-246.570114
49	-396.507540	-391.419700
2236	-235.698987	-240.630115
419	-312.128001	-317.008229
3375	-324.594534	-323.843488
2737	-322.442708	-283.814580
289	-321.949791	-322.585657
3146	-289.872162	-291.985905
2638	-309.688194	-301.245757
2664	-348.047695	-348.807305
834	-346.828689	-337.300429
1058	-324.585402	-323.733799
726	-346.870614	-337.230630
869	-327.026488	-328.936917
1330	-324.575010	-324.296404
3451	-319.606765	-354.384916
3548	-79.764152	6.047596
3970	-305.897998	-297.415858
2855	-268.917900	-238.525448
2428	-309.682996	-302.233120
3082	-272.586248	-264.871235
592	-307.614861	-306.934613
3469	-356.686540	-388.557572
712	-294.081616	-224.191400
881	-234.470813	-238.200301
1593	-335.598739	-297.506742
2912	-346.883119	-337.029978
2195	-289.873479	-291.971967
2022	-344.425164	-331.849197
1204	-361.704371	-361.765188
1841	-325.788368	-326.476410
1769	-324.569009	-323.991843
472	-273.761356	-277.031449
318	-310.954514	-313.374172
2856	-376.586976	-337.500348
2496	-326.954795	-328.430867
1867	-324.583096	-323.178715
3341	-291.021228	-295.706242
1790	-345.664882	-339.428624
3009	-307.265383	-286.738070
1261	-268.282665	-235.131178
3193	-320.725883	-320.874655
2683	-309.686061	-300.687634
2425	-322.435505	-283.517894
1643	-310.910140	-312.964871
1267	-341.841438	-333.780056
3318	-308.513124	-303.105421
1803	-270.394458	-270.443519
3025	-324.573338	-324.413888
942	-325.715957	-326.363142
382	-344.494711	-323.764954
245	-340.656722	-320.283937
2610	-309.711468	-300.375531
1451	-348.052763	-349.512710
287	-307.560718	-307.567618
1876	-251.732828	-245.748122
866	-340.620625	-321.146239
2941	-340.635024	-326.349752
2958	-324.580268	-323.379611
1832	-309.737802	-300.736482
1614	-325.736331	-326.518328
1606	-308.462382	-304.635517
895	-356.728690	-388.805237
189	-322.167165	-317.891981
1904	-304.752598	-299.068678
140	-309.676929	-301.092165
1991	-285.282532	-251.154283
2207	-301.330754	-297.896818
3808	-345.614760	-337.519489
1817	-339.459612	-300.284697
2325	-273.732431	-277.031195
1187	-264.235803	-262.717615
1404	-346.883049	-336.727412
2975	-345.579201	-340.194453
1344	-341.767606	-336.484362
2024	-306.349032	-338.785629
128	-303.785832	-303.582419
1227	-322.155306	-318.398286
3190	-232.325947	-218.529184
139	-338.257996	-340.333374
771	-346.903261	-337.039823
2407	-377.829134	-357.931499
3018	-345.638117	-342.299630
2642	-324.578146	-324.301065
145	-310.929561	-312.888956
3287	-271.458576	-270.216772
3777	-339.431092	-300.022522
2112	-304.729640	-298.803168
833	-325.761605	-326.497264
3714	-265.398572	-301.123617
3916	-273.810780	-276.992325
2699	-346.864540	-337.146196
3329	-310.909123	-312.950394
3879	-339.483894	-300.199777
488	-346.861837	-336.533535
2883	-308.757991	-309.995134
3306	-361.650084	-360.913527
1126	-270.392715	-270.037473
470	-303.460335	-286.490807
2437	-356.692640	-389.125101
2475	-381.524347	-359.755162
3804	-324.573632	-323.552268
3333	-361.709769	-362.134589
328	-310.911163	-313.072635
2953	-348.047609	-349.287176
2710	-361.773017	-360.406291
1693	-234.474613	-238.142014
3180	-323.669200	-303.048230
3097	-309.716094	-300.252109
1931	-310.900102	-313.075676
767	-346.861463	-337.364187
1605	-345.703157	-339.605259
380	-307.581989	-307.912145
2998	-246.027383	-250.788422
1994	-383.983835	-373.752688
2376	-346.840597	-336.840162
1976	-346.831692	-336.864251
15	-288.542593	-290.619427
2285	-340.578657	-320.245370
1634	-324.563073	-323.696469
599	-343.312201	-304.412019
1571	-470.915515	-454.853274
1289	-344.439723	-325.645830
964	-291.014970	-296.207910
3789	-273.762938	-277.227934
244	-346.835129	-336.878488
2403	-326.955365	-328.888502
24	-345.608180	-337.613279
2318	-348.039301	-349.472549
2849	-355.442748	-350.956795
3658	-309.682445	-300.651520
2790	-287.732329	-284.441066
3522	-309.691414	-301.098872
2027	-376.585000	-336.611759
3414	-285.313674	-250.927135
3000	-309.688191	-300.594280
1395	-375.348487	-376.123822
3107	-281.504745	-247.542057
3468	-345.710017	-338.747748
2804	-344.433943	-325.366635
3953	-325.792503	-326.248605
3290	-341.859618	-335.205860
3948	-340.614465	-320.575410
340	-273.789697	-277.158058
1040	-268.307873	-234.179715
1179	-343.195060	-303.394329
1818	-371.535911	-373.016588
1342	-361.712098	-360.032151
643	-345.663386	-339.357686
3314	-305.846541	-297.097509
263	-341.853650	-335.723651
217	-271.648392	-273.646880
2903	-308.505951	-305.765845
1366	-345.633122	-338.777853
16	-273.806874	-277.167918
770	-381.612946	-360.397719
2749	-340.645995	-320.241113
1573	-233.255259	-235.309242
2719	-286.477365	-271.303279
1901	-362.946498	-362.449541
2210	-325.710772	-326.440276
2715	-345.709596	-339.153235
3969	-324.609784	-324.274228
2159	-324.581067	-324.374358
224	-324.628594	-323.587764
2985	-304.745635	-299.959226
725	-325.725266	-326.350552
2116	-340.646768	-321.277932
2267	-291.016020	-294.165144
3100	-361.716824	-360.729071
37	-381.587333	-361.117812
3531	-344.458268	-328.377488
3830	-346.817778	-337.367551
3259	-359.368793	-354.625022
186	-340.606711	-321.613248
3014	-269.263802	-305.175716
3593	-304.614300	-303.046871
3834	-324.589539	-323.662563
157	-376.519880	-335.775794
1531	-345.640098	-341.849615
2352	-288.589622	-290.239889
1878	-346.819711	-336.414158
3224	-286.504546	-267.656363
1755	-304.686811	-302.238442
1622	-346.869712	-336.976855
1229	-288.582662	-290.282647
2961	-348.061993	-349.380972
1284	-320.761539	-319.774285
3024	-251.729571	-245.969089
42	-376.564691	-336.205323
995	-360.542928	-391.045505
2681	-308.466840	-304.103104
440	-307.226474	-287.299063
163	-319.624414	-354.931990
2727	-271.330291	-269.459979
3827	-270.435807	-271.109967
2122	-348.040439	-349.416702
1028	-360.421732	-390.892604
214	-348.052027	-349.350282
3528	-233.262752	-235.259275
358	-272.544323	-265.523530
3191	-284.360325	-281.235961
2409	-324.595526	-323.448370
2131	-320.777849	-319.706774
200	-345.625804	-339.627554
1942	-382.751274	-372.805452
613	-309.689486	-301.176644
1710	-361.726166	-361.465712
1673	-309.733829	-300.608817
3960	-336.825944	-315.836265
1892	-382.805933	-373.842678
2797	-345.646914	-342.311233
2348	-285.253877	-249.712143
2185	-344.343476	-325.331132
1292	-323.652284	-303.690364
307	-302.239101	-266.887835
3736	-355.517745	-351.046037
2544	-381.632480	-363.380354
3624	-324.614194	-323.761979
1235	-265.447270	-303.513570
3881	-357.951284	-355.829627
3759	-270.393902	-270.829340
2373	-302.564379	-336.947994
1987	-325.775071	-326.315538
3059	-363.508158	-358.637899
180	-360.505528	-391.976178
1141	-115.679136	-107.345424
2132	-377.826580	-358.188471
1695	-344.411060	-325.980289
1117	-345.566120	-342.206167
1045	-344.449852	-323.827108
688	-324.491475	-323.011924
281	-322.479769	-284.702013
928	-345.665412	-340.405861
920	-281.489179	-246.975004
798	-208.842347	-207.048835
608	-309.688960	-300.812198
3762	-351.646368	-347.225882
1707	-288.590006	-290.690236
2427	-339.474134	-300.469436
519	-309.687078	-301.690112
3585	-308.497008	-305.364997
3738	-274.982053	-281.019823
885	-324.623780	-324.159737
922	-272.844560	-275.677588
65	-312.125621	-316.985672
3445	-286.508374	-272.236711
3428	-288.564752	-290.840837
319	-352.845678	-386.004222
1633	-247.201165	-245.679145
587	-307.283919	-294.843653
3812	-271.623066	-274.135139
1012	-266.609146	-266.705114
378	-356.705084	-388.967432
2602	-345.645491	-340.424364
3053	-490.831786	-484.965539
220	-276.205821	-282.738798
2968	-310.909942	-313.122728
1946	-346.841836	-336.738243
3383	-360.602876	-391.410874
1333	-270.359564	-270.806737
2823	-309.730966	-300.523158
3074	-272.553250	-266.032519
564	-272.569586	-265.199242
3263	-285.326726	-250.079907
865	-304.728720	-299.716448
35	-343.197784	-303.274466
1935	-361.677841	-361.031887
1258	-344.472090	-325.219146
119	-327.012568	-328.968868
3900	-308.465445	-304.516095
2197	-309.684327	-301.429227
3064	-326.983087	-328.657519
1225	-196.409349	-202.169284
1206	-342.315546	-338.318780
2384	-281.469893	-246.819394
2966	-308.428791	-304.696797
802	-359.306313	-354.420576
3488	-340.672417	-320.992356
605	-456.103432	-456.592767
1589	-324.608694	-323.953380
491	-287.737498	-283.676972
3643	-309.660190	-300.724194
513	-355.518342	-350.672730
1326	-266.616319	-267.301329
3509	-288.685117	-290.580308
211	-357.939331	-356.563593
467	-273.793804	-277.008917
1520	-309.728493	-300.963132
510	-234.491176	-238.166060
3568	-308.468418	-306.654298
1714	-132.718150	-121.437517
1631	-345.642285	-341.401518
1110	-325.781398	-326.522437
3645	-304.681903	-302.040176
779	-356.732185	-388.673973
969	-325.797425	-326.493386
835	-320.740782	-320.355988
3646	-305.130313	-301.458543
1307	-303.460433	-287.606822
2076	-274.982287	-281.329203
1408	-379.527030	-380.281730
1968	-324.538807	-324.173013
1314	-324.460304	-323.768780
159	-273.773408	-277.478877
3299	-325.725069	-326.552087
2980	-274.983908	-280.585905
733	-345.660927	-340.265114
2377	-236.916033	-243.751797
921	-325.682121	-326.690705
2021	-346.818246	-337.128808
28	-324.630221	-324.107312
3395	-248.436061	-285.020451
3748	-376.556657	-336.524015
3437	-288.585212	-290.097312
3138	-345.651520	-337.678347
387	-268.248806	-234.299942
3513	-340.637067	-322.383598
114	-361.772743	-360.361273
824	-310.952875	-313.156020
246	-313.537245	-314.388973
1112	-287.644079	-287.073464
30	-325.717105	-326.416861
2646	-325.800095	-326.586148
3637	-309.764115	-301.018068
448	-346.831139	-336.946615
3596	-285.328258	-250.501067
2851	-356.699504	-388.926498
1010	-340.666160	-320.832831
2810	-273.763107	-277.540375
364	-117.824798	-115.729859
1038	-267.106213	-269.691474
3151	-362.873906	-362.896601
1930	-341.835805	-337.099675
1007	-235.694216	-240.618515
112	-340.648166	-322.825164
3345	-312.120708	-317.015665
2322	-355.508682	-350.846266
2993	-346.825502	-336.575719
372	-337.283890	-340.092168
1321	-234.472577	-238.395707
1288	-324.635136	-324.296482
2701	-326.942959	-328.485857
2087	-286.484121	-269.024182
1388	-250.583643	-251.420514
2563	-247.215049	-245.200219
1934	-341.769746	-338.083811
642	-234.476516	-238.581837
3822	-309.665941	-300.641555
3433	-308.465425	-304.592473
3648	-324.631468	-323.820069
947	-322.454079	-283.894322
2946	-345.649552	-342.050760
1494	-345.654016	-340.679610
236	-325.758113	-326.640456
859	-308.468407	-303.734667
3973	-356.659922	-388.820714
679	-340.668108	-320.303978
2774	-310.910631	-312.923864
3735	-360.522940	-389.049069
841	-361.736259	-360.974824
1013	-271.300649	-268.757012
1925	-309.677276	-300.137756
534	-324.575799	-323.229516
2336	-344.433499	-325.729505
3846	-318.393987	-314.362744
3632	-340.612805	-321.097124
2962	-309.686114	-300.849928
461	-273.773506	-277.401221
3500	-323.345473	-351.927396
1621	-346.884834	-337.335461
2134	-344.433965	-325.244770
2725	-269.218553	-301.733760
1215	-335.566430	-297.262891
1810	-288.653294	-290.600695
2227	-356.712771	-388.288438
3048	-381.616883	-362.027687
304	-322.464725	-285.003597
3694	-338.246643	-339.677781
3208	-288.572843	-290.463179
298	-377.795528	-357.371728
889	-272.539307	-265.985245
783	-273.806375	-277.162020
1392	-353.321142	-354.044787
3601	-308.749822	-309.519918
3188	-325.807242	-326.820410
2772	-343.232602	-304.133031
659	-326.976670	-328.622571
2435	-229.013797	-233.763914
361	-376.622353	-337.321509
3152	-335.591582	-297.062384
2051	-325.790442	-326.507991
359	-346.832402	-337.164460
1250	-309.686189	-301.033770
2447	-323.330261	-357.464026
2573	-307.303421	-289.357828
1597	-336.805704	-317.138103
165	-327.013034	-328.309955
3356	-270.447268	-271.095782
2806	-234.476081	-238.030312
1579	-288.589020	-290.533038
50	-357.934562	-356.219071
1341	-301.373831	-297.947479
67	-172.006141	-178.407314
3898	-356.700248	-389.481091
2976	-356.737615	-389.233768
2528	-308.467760	-304.631294
944	-320.766684	-320.064969
651	-232.334436	-217.786180
1286	-310.906869	-312.820376
2228	-308.518356	-303.208065
525	-273.812813	-277.278916
3168	-323.614890	-305.914999
2136	-263.278851	-266.530948
3731	-310.913156	-312.845423
1437	-376.547304	-337.339278
2362	-305.134491	-302.050242
1266	-324.582035	-324.266867
1355	-361.727678	-360.355327
1774	-324.585556	-324.147204
131	-345.603479	-344.262600
2374	-285.279236	-249.618946
1944	-325.796840	-326.301238
549	-372.785072	-333.049978
1551	-324.575851	-323.956182
240	-286.517094	-268.782515
396	-372.782655	-333.028972
324	-307.534482	-306.644361
3262	-235.693825	-240.208433
484	-351.639205	-347.292940
829	-310.909285	-312.784585
2057	-288.540318	-290.648365
2013	-343.195410	-303.477467
3372	-309.705858	-300.664079
2708	-308.512758	-303.735901
632	-361.705069	-360.896084
3809	-310.902628	-312.962037
610	-324.629068	-323.869669
2030	-273.804223	-277.293808
661	-335.635079	-297.133607
2224	-307.568767	-307.754923
1797	-194.267232	-232.024959
249	-306.347185	-339.838277
350	-320.793580	-320.302428
502	-306.349558	-340.400003
3387	-309.727603	-301.210464
1009	-266.763445	-272.565953
3796	-341.875439	-334.223036
3683	-308.510782	-304.928870
124	-271.621961	-273.751225
3688	-322.476720	-284.482710
2182	-340.610000	-323.266774
3863	-346.804974	-336.455137
357	-307.245430	-290.462940
1282	-346.860539	-337.111784
12	-377.816587	-358.125693
3135	-272.569212	-266.035546
2486	-307.239887	-290.167864
279	-306.012858	-270.001980
959	-492.026657	-526.738794
2585	-249.269471	-232.398125
1492	-310.927319	-313.090122
3388	-271.606364	-273.998985
1860	-308.507458	-304.283488
1639	-345.640072	-342.294776
3165	-356.724041	-389.443204
887	-361.720206	-361.387605
3474	-309.730988	-300.798546
1563	-376.575382	-336.528754
454	-265.283843	-304.023985
337	-312.123120	-316.931565
1244	-345.616998	-339.831460
710	-340.625597	-320.308195
2824	-304.720708	-300.587456
3700	-361.717469	-361.467713
622	-341.886905	-335.261394
1190	-377.830859	-360.270383
3818	-308.470796	-305.049768
3856	-306.313590	-341.452117
2624	-309.699280	-301.090493
3130	-270.427802	-270.606846
2929	-345.638912	-343.822186
2162	-340.613712	-323.747057
2476	-346.865438	-336.725439
2916	-340.655601	-322.070564
1742	-288.583008	-290.574454
1821	-308.473320	-303.579653
1461	-346.899170	-337.033177
156	-288.654408	-290.154892
2307	-346.859945	-336.679762
2516	-309.661518	-300.592251
1640	-304.583737	-301.420595
3119	-301.090914	-304.157019
1933	-270.396100	-270.728752
45	-266.615452	-267.357827
469	-325.775843	-326.424364
3031	-270.411205	-270.885902
1985	-339.481708	-300.260007
650	-193.034094	-195.239301
673	-345.680831	-339.518691
765	-317.447668	-319.181379
323	-309.647349	-300.628231
3077	-336.822591	-315.957632
430	-307.543210	-307.248904
1918	-319.573117	-355.202866
2685	-344.426408	-324.706110
1713	-323.381747	-357.916272
342	-323.351196	-355.966019
3673	-309.691463	-300.694946
3651	-303.463214	-286.823797
3088	-308.459859	-304.095378
615	-345.676743	-340.940991
1732	-269.170665	-304.490799
3179	-270.408713	-270.369989
1050	-304.643392	-301.373931
1196	-346.840727	-336.775316
2613	-338.214346	-340.001388
2697	-360.495788	-391.856656
3992	-319.576017	-353.708003
498	-273.791878	-276.939435
3272	-173.147782	-152.395315
1397	-271.624640	-273.869663
2234	-272.580839	-265.554766
2759	-393.905418	-422.551051
2580	-309.722373	-301.080334
1353	-359.297643	-354.554875
451	-362.932378	-362.793581
2542	-326.951186	-328.597033
355	-273.761263	-277.217243
3579	-356.677429	-389.375022
3783	-310.912792	-312.984695
3093	-334.424572	-336.097949
3115	-340.620294	-319.653823
1023	-309.663477	-300.775404
3532	-344.464356	-326.221679
74	-310.918822	-312.858101
2527	-297.554699	-294.424742
3689	-308.467642	-303.346839
404	-324.595399	-324.369365
2754	-309.674575	-300.640530
785	-273.796695	-276.996861
176	-308.554162	-304.286874
2380	-327.025010	-329.512903
1602	-318.339586	-314.830519
3733	-309.678068	-300.591359
3058	-247.214450	-246.212996
3652	-361.720088	-360.899306
1702	-251.727632	-246.293035
3906	-309.685651	-300.454614
288	-355.557059	-350.896069
1536	-324.492974	-323.416312
1910	-326.978724	-328.445852
1203	-261.802956	-273.124163
3768	-227.338075	-200.651845
1612	-310.902795	-313.241527
3541	-379.527167	-380.079287
2603	-341.863083	-334.711127
1502	-340.679724	-319.053434
1921	-310.904960	-313.353621
760	-324.605411	-323.369775
480	-325.760797	-326.818796
2192	-307.232824	-288.259752
228	-346.859384	-336.956122
13	-360.526646	-391.788050
3717	-275.014300	-281.229562
69	-265.441614	-302.825953
142	-307.594137	-307.180325
826	-248.137789	-219.504630
1566	-380.438011	-340.806970
1845	-302.309526	-267.011439
8	-272.545439	-266.069491
437	-309.705971	-300.486543
3221	-308.477915	-304.302383
1592	-271.616430	-274.089525
2244	-414.351653	-414.226839
2752	-381.632242	-360.100848
496	-377.794221	-358.892560
3239	-361.708121	-360.792422
2921	-310.904813	-313.010516
1875	-242.186010	-246.958804
1359	-229.927277	-234.905959
3155	-376.605641	-336.669852
597	-309.683901	-300.723969
572	-356.752533	-388.499667
1773	-304.696646	-300.241112
1073	-233.249538	-235.257153
2147	-382.781806	-374.293072
1975	-341.829025	-336.095591
1949	-340.674935	-323.618559
1248	-304.732336	-299.826905
3779	-308.476903	-304.528188
2833	-248.375248	-286.308746
2969	-286.484904	-269.821713
499	-340.611683	-321.331316
1471	-346.857623	-336.775547
1381	-303.795699	-303.670710
586	-376.582598	-337.674452
465	-266.553159	-266.691726
1496	-268.248371	-234.068022
3723	-345.597175	-340.343681
3463	-304.735360	-299.179602
2441	-310.909223	-313.035445
936	-382.773457	-377.057228
1688	-324.567893	-324.111189
3303	-272.589883	-265.255826
2089	-308.469081	-305.080891
1839	-355.496901	-350.790803
703	-340.656580	-322.019813
1998	-324.536830	-323.926982
1088	-291.017433	-294.108115
1482	-312.132386	-316.941333
2031	-269.170061	-305.309182
3821	-308.427345	-305.846948
1146	-339.465889	-300.984933
3362	-345.632413	-341.565231
2300	-453.655583	-451.336138
1375	-345.645053	-339.973843
248	-339.489875	-300.487818
2355	-336.816043	-314.603078
2256	-303.503801	-287.287353
2414	-382.803358	-377.509628
1687	-344.407598	-322.205320
3199	-273.811544	-277.071355
3400	-289.799552	-292.940038
158	-308.540079	-305.685055
692	-362.917261	-362.836065
1393	-271.647465	-273.754643
3005	-249.248680	-232.271372
1723	-307.290176	-290.020879
3959	-305.831035	-297.338988
781	-362.918463	-362.570177
1037	-306.397746	-342.159352
1272	-308.486687	-304.693489
974	-303.468081	-288.447060
3575	-309.736328	-301.219153
727	-272.562906	-264.998104
2166	-343.239068	-304.747442
1504	-360.489720	-391.648411
731	-355.501990	-350.599257
3665	-323.329494	-357.866907
2550	-271.628346	-273.760569
2840	-284.048718	-286.498210
2988	-310.923406	-312.863108
1169	-346.819305	-337.055182
468	-322.150234	-317.776800
2378	-339.490841	-300.800803
2114	-307.528446	-306.072309
3335	-275.020322	-281.066465
2559	-319.571638	-354.954734
2117	-346.839895	-336.956372
2814	-325.804528	-326.719513
330	-286.408473	-269.381094
514	-309.685045	-300.688575
1138	-308.444609	-304.690186
2219	-265.437885	-303.457621
2329	-324.557240	-323.392547
2711	-322.460671	-284.665003
1906	-324.613156	-324.113644
2048	-235.699029	-240.160228
3491	-361.750275	-360.697077
1788	-345.646841	-341.287591
1145	-312.129019	-316.270266
2911	-289.871661	-292.059105
1080	-288.570006	-290.272865
3523	-325.728070	-326.218974
3129	-361.692023	-361.063925
806	-308.768073	-309.984644
910	-270.384937	-270.849663
3410	-271.316922	-270.593525
3023	-323.343769	-355.537090
487	-307.223588	-290.915028
511	-320.778636	-319.956660
2583	-346.859078	-336.712725
39	-340.687222	-321.771047
1905	-231.145151	-203.426115
3236	-310.912270	-313.074868
506	-234.516241	-238.006264
1779	-288.583563	-290.768162
1603	-232.363630	-223.923168
3248	-322.477268	-283.734165
1537	-309.692993	-300.639683
423	-304.694187	-300.967967
797	-278.075775	-294.848178
3710	-308.565933	-301.541212
265	-236.916125	-243.806340
2899	-310.930659	-313.059122
3301	-371.491061	-372.788568
2788	-345.596027	-340.896695
3280	-344.483775	-323.900498
3581	-319.540355	-355.364366
1894	-360.532510	-391.595508
2523	-344.512144	-323.878832
1690	-339.426816	-301.800304
2061	-345.638357	-340.657943
2218	-325.756157	-326.907871
1538	-348.050463	-349.375626
2741	-297.520999	-294.267257
2986	-340.629609	-319.696353
171	-361.745138	-361.304846
1003	-308.516378	-305.750748
1197	-308.462932	-304.571566
1965	-288.555445	-290.630982
3056	-269.180682	-304.035554
1347	-359.361259	-354.893702
160	-309.685140	-300.213841
485	-250.585183	-250.453670
2101	-361.717364	-361.086945
3349	-207.916786	-219.395799
2704	-320.786981	-320.038604
3556	-276.202384	-282.050795
96	-375.359188	-376.288820
205	-269.465281	-255.594190
3261	-232.025930	-266.801024
1478	-309.691634	-300.775313
1270	-307.571937	-307.402274
2338	-268.888303	-238.835040
436	-360.521191	-392.420453
1632	-340.673967	-319.360391
3810	-372.726782	-332.287374
745	-344.464270	-323.575355
706	-303.481839	-283.571372
578	-382.825717	-373.713367
649	-340.685408	-320.455374
2674	-342.352279	-338.231212
1448	-372.747155	-333.312570
2003	-324.579943	-323.509207
2667	-308.455402	-303.641909
3722	-308.759135	-309.760470
144	-271.323089	-270.121616
1324	-270.399280	-270.401292
1220	-325.800532	-326.924657
3358	-326.934987	-328.436321
3255	-345.578846	-340.865313
1979	-308.462923	-304.175841
291	-304.683134	-301.057952
1508	-308.462196	-305.650146
1929	-324.551800	-323.300544
2272	-324.528642	-323.971702
596	-325.754527	-326.568395
2288	-345.612787	-341.075218
2895	-273.764673	-277.224952
2303	-309.719920	-301.187245
195	-296.296482	-299.028147
2838	-324.547436	-324.025076
3687	-325.793945	-326.811217
3185	-348.053386	-349.398624
1864	-312.133063	-317.006267
1570	-325.783642	-326.418602
2186	-320.782523	-319.886474
3225	-362.875945	-362.703960
805	-309.658574	-300.461872
3267	-320.776472	-320.236434
237	-268.287661	-234.542282
1915	-361.705669	-362.358682
2189	-325.762375	-326.576930
2382	-380.343633	-339.843607
2315	-273.793520	-276.981919
2506	-307.526911	-306.332313
3081	-302.557878	-337.697093
2095	-348.034975	-349.370891
2133	-323.338627	-357.636751
3399	-307.229313	-288.212838
1202	-361.725394	-360.431020
1444	-304.691748	-300.776014
1555	-324.529724	-324.795426
3949	-359.301320	-354.544995
2364	-360.507160	-391.309524
3787	-381.580675	-361.754105
2357	-325.754267	-326.438235
2206	-312.126404	-317.055884
1756	-326.935440	-328.103221
976	-382.776658	-375.661993
108	-345.614707	-340.154381
967	-372.742461	-333.114770
1629	-272.526778	-265.356345
300	-324.602433	-323.588235
1644	-325.774769	-326.649417
2489	-250.583259	-250.379717
1008	-248.448467	-285.392876
2587	-376.609234	-337.269542
3274	-196.407957	-201.424325
1294	-345.612830	-339.173055
3483	-308.500974	-303.498285
773	-309.674485	-301.292853
351	-345.625747	-341.196709
3235	-339.416290	-301.800908
1638	-344.481904	-324.735087
1798	-312.126342	-317.251372
2332	-342.335241	-338.246939
1793	-325.725688	-326.435576
2309	-272.583285	-265.493302
2877	-324.556404	-324.795327
1783	-320.761312	-319.800670
512	-346.861026	-337.179542
1383	-344.398797	-323.461934
1625	-320.776082	-320.457323
686	-391.370332	-392.666960
75	-381.566310	-362.302970
3770	-272.544060	-265.965061
814	-308.509272	-303.988542
17	-345.612580	-339.095190
497	-287.470402	-286.697127
72	-325.720699	-326.526740
438	-381.565482	-361.588671
2036	-309.733888	-300.607494
1414	-377.797879	-357.977803
1736	-273.764207	-277.200055
1271	-310.902165	-313.154405
1255	-381.635881	-360.357103
1759	-305.906809	-297.780769
996	-307.544316	-307.831031
1432	-324.522792	-323.553675
2090	-308.473428	-303.109787
1676	-296.285473	-300.117286
3952	-269.175627	-307.569073
2465	-339.464024	-300.630118
3344	-325.748658	-326.781195
1316	-361.652250	-360.973531
3747	-324.521162	-323.809157
593	-303.525517	-287.706383
3455	-270.401061	-270.571385
466	-382.782183	-377.256147
309	-309.718312	-300.730074
2919	-340.635773	-322.181487
3695	-309.651827	-300.698489
2592	-308.486071	-305.185202
3104	-310.941183	-312.965163
2341	-377.784360	-357.882169
1784	-324.497693	-323.581842
283	-355.460155	-351.058295
2301	-324.616647	-323.414777
811	-304.567859	-302.282221
1481	-376.634518	-337.335475
3015	-359.362011	-354.785292
2453	-268.273240	-234.356405
3148	-324.567513	-325.516728
2947	-355.510313	-350.971247
2231	-346.825174	-336.926686
1488	-320.766344	-320.287963
2887	-345.641890	-342.753278
844	-324.606050	-324.037712
175	-361.754326	-360.841515
2853	-325.794835	-326.165967
1345	-376.540686	-335.793514
2113	-344.391557	-323.455297
61	-308.462933	-305.902997
939	-344.481802	-326.815356
863	-285.288405	-250.121562
489	-356.745773	-388.708723
3026	-250.478855	-247.889154
3373	-271.613890	-274.010309
544	-340.643340	-324.780921
2627	-235.695309	-239.799493
2709	-345.632155	-340.979613
2215	-289.795079	-292.873036
3243	-377.816466	-357.350961
3147	-338.530072	-334.743169
817	-345.619715	-339.118801
2261	-233.260156	-234.362822
1226	-195.226072	-183.884307
1724	-381.594558	-362.411315
127	-322.216227	-318.307229
1158	-268.251114	-234.349914
3758	-272.557350	-264.802968
2433	-324.552283	-324.715814
2829	-340.622886	-322.099390
2039	-360.553317	-392.828662
2996	-324.566568	-323.479426
366	-324.576206	-323.372107
3197	-309.714859	-300.609781
1152	-308.448572	-304.133931
3312	-323.647099	-307.237004
1833	-302.579718	-336.897973
1856	-321.958301	-322.649989
2255	-360.513163	-392.045265
0	-351.615495	-347.090072
2179	-361.698233	-361.444670
3729	-376.562796	-336.100157
1819	-249.292101	-232.558971
1572	-322.170570	-318.327657
1170	-310.895183	-313.308314
1671	-309.708282	-300.401687
1554	-320.728167	-321.451023
1770	-309.719198	-300.580400
1705	-286.218259	-317.241991
851	-270.117027	-258.999232
1859	-324.577613	-323.884372
2659	-324.461004	-323.679480
3408	-287.661454	-285.819584
1758	-271.616401	-273.923369
1811	-346.855968	-336.364261
2952	-308.511290	-303.933970
913	-352.855499	-385.715017
2424	-273.764093	-276.826860
1214	-341.865386	-337.320072
1842	-362.894239	-362.972728
1747	-360.559076	-392.387309
3422	-340.663929	-319.476153
2873	-307.545713	-306.980888
3930	-338.542975	-334.375091
3028	-346.861640	-337.004585
3054	-269.129580	-307.951213
515	-287.727890	-285.201632
594	-325.809558	-326.441887
3922	-270.394284	-271.234508
3324	-345.641848	-340.435838
2787	-324.505365	-323.858497
2816	-310.905786	-313.239927
2470	-309.688189	-302.256149
3611	-324.577560	-324.271872
2605	-346.869041	-336.995956
852	-361.731511	-360.315262
1940	-334.429558	-336.290298
1624	-340.670034	-318.793717
3616	-225.221461	-227.905542
3604	-273.812100	-276.890118
1809	-324.559733	-324.320336
1649	-346.868661	-336.387149
2082	-302.567313	-336.629436
1596	-492.022084	-500.167178
711	-341.849127	-335.518307
3806	-309.676410	-300.453131
3836	-346.833711	-336.577637
3156	-362.941094	-362.601890
3801	-310.937414	-312.903947
3300	-344.499155	-323.560461
192	-310.897684	-313.314043
2018	-286.492357	-269.773641
2439	-324.485913	-323.913308
2009	-273.812948	-276.838723
3256	-153.459846	-139.160039
3514	-340.654233	-320.827271
1586	-272.837559	-275.706752
2282	-375.368783	-376.275509
870	-345.646965	-340.429330
3231	-380.446861	-341.518102
853	-76.404702	-87.543356
1101	-307.244627	-293.904381
698	-274.985880	-280.965088
2000	-309.736479	-300.992211
3667	-249.293044	-236.086117
1237	-360.542541	-392.230625
129	-308.512092	-306.192207
1884	-307.577822	-307.063544
1786	-325.785038	-326.217291
170	-340.667287	-319.189717
1855	-360.497728	-391.963102
1721	-339.479764	-300.253496
2549	-375.410333	-376.543838
2194	-273.757530	-277.005564
3365	-396.458774	-390.949691
550	-319.568017	-353.515310
1666	-289.872246	-292.289039
459	-348.056615	-349.054045
3460	-288.678290	-290.080247
1349	-286.542391	-269.078404
3920	-319.574905	-353.270563
1969	-360.529678	-391.165489
1011	-310.942660	-313.096426
141	-287.734664	-283.540782
2359	-360.468392	-391.702093
408	-208.863267	-207.080408
2444	-318.641916	-282.160627
23	-304.679494	-303.204168
3985	-324.548763	-323.432358
2072	-344.431636	-324.165133
2896	-356.725069	-389.039758
3405	-269.206920	-301.432633
3006	-308.470648	-306.134789
11	-356.688211	-387.857940
946	-324.577279	-323.826017
416	-271.318448	-269.634188
3343	-320.735225	-320.641698
3599	-308.482454	-304.814068
3364	-305.057353	-301.629876
1213	-324.530103	-323.715443
3086	-360.507527	-391.315728
2350	-341.853951	-335.671784
1926	-273.773955	-277.489185
3305	-310.955141	-312.978485
2780	-272.545389	-265.820629
1027	-360.529992	-390.035033
1729	-361.740062	-360.866692
