no_training:1500	no_test:2493file identifier	 training data
1465	-382.796989
3877	-340.623773
1426	-381.607770
1394	-396.500849
2800	-287.478272
1065	-360.485823
1616	-272.539058
2309	-272.583285
2265	-360.469291
283	-355.460155
2742	-348.048844
3612	-309.738513
2670	-326.934805
1025	-324.520219
1383	-344.398797
2386	-352.829520
2886	-324.530742
2534	-362.960595
294	-308.506421
1359	-229.927277
2747	-301.332569
112	-340.648166
3504	-308.561061
2414	-382.803358
2447	-323.330261
741	-344.434318
2874	-309.725707
2201	-452.728039
3403	-339.424322
536	-323.348544
3071	-273.789182
241	-309.718177
1044	-304.687053
2786	-327.009009
3840	-309.681264
1202	-361.725394
2695	-346.871133
3532	-344.464356
669	-377.780670
3492	-345.645245
504	-356.680129
3333	-361.709769
1221	-344.436348
2477	-360.539944
1067	-273.762417
3730	-291.017996
3566	-325.830752
1215	-335.566430
3652	-361.720088
2506	-307.526911
2995	-381.584942
1472	-306.080007
3265	-324.569062
3164	-344.379764
250	-360.538828
871	-309.680919
3239	-361.708121
422	-288.692943
1357	-375.307060
2299	-280.273691
1462	-312.136049
3297	-360.526636
2885	-309.686862
3477	-348.046236
1708	-324.502429
959	-492.026657
840	-289.871520
2029	-380.417684
2842	-308.450204
1549	-340.689515
517	-344.434827
594	-325.809558
3705	-345.665479
3202	-310.908741
814	-308.509272
3230	-344.454591
212	-324.605613
3954	-271.611366
2427	-339.474134
3870	-345.605387
2461	-269.170508
1812	-307.275809
2379	-361.769162
3625	-326.948771
3746	-309.736797
188	-339.406341
514	-309.685045
1450	-273.757658
16	-273.806874
3660	-288.651313
149	-380.415966
3217	-306.392828
1150	-308.551121
1143	-367.635675
2122	-348.040439
3350	-339.431591
1197	-308.462932
2848	-339.419688
41	-345.649146
3964	-336.853985
3782	-262.035127
3178	-345.605421
1379	-325.731549
403	-272.843742
640	-345.616264
706	-303.481839
1800	-212.439286
3531	-344.458268
3629	-359.312853
778	-324.573162
3881	-357.951284
2098	-327.020807
2947	-355.510313
1484	-273.817328
618	-308.467888
940	-325.787515
2563	-247.215049
2962	-309.686114
3662	-360.469577
377	-360.527122
2873	-307.545713
111	-344.470970
998	-302.306196
1376	-348.053064
3005	-249.248680
2278	-345.650717
1861	-235.696852
2180	-340.665904
3666	-309.735874
3339	-356.699649
780	-308.769557
134	-308.516376
2690	-231.093096
3325	-341.836362
2513	-345.631685
3349	-207.916786
3469	-356.686540
2227	-356.712771
1296	-345.612257
219	-307.221351
87	-490.834069
2655	-235.723792
1635	-360.520081
1906	-324.613156
1454	-288.652757
3734	-326.940196
1703	-286.154755
2204	-310.904876
1576	-247.184334
2237	-325.784144
3411	-286.134060
712	-294.081616
1991	-285.282532
1560	-340.645686
2059	-345.674176
1835	-376.631067
1717	-345.603646
3370	-396.486664
2422	-325.718957
1712	-345.612640
1588	-323.678800
3246	-340.652252
2389	-361.728546
2483	-322.158791
2816	-310.905786
2620	-324.587670
1889	-361.731388
2613	-338.214346
2157	-309.686797
2686	-340.697732
197	-233.549368
109	-158.340943
3937	-361.713179
2159	-324.581067
2737	-322.442708
930	-346.898838
1931	-310.900102
3903	-340.636306
713	-308.484017
601	-324.603558
1623	-229.615446
953	-392.650949
2259	-361.734611
1534	-340.632075
127	-322.216227
1681	-310.908780
1729	-361.740062
3959	-305.831035
3775	-324.576188
452	-324.575287
1287	-355.515622
275	-344.442225
1998	-324.536830
2214	-245.994065
3120	-309.689111
108	-345.614707
1249	-272.543724
36	-344.382282
1964	-309.726463
1312	-381.612501
1826	-285.242094
3670	-286.248451
2914	-270.422403
3003	-325.798735
2915	-344.371144
409	-306.383308
1417	-381.586740
2597	-412.494644
3437	-288.585212
2499	-376.539208
660	-271.630416
1846	-344.370966
3703	-287.697316
1301	-309.679190
3607	-325.801523
3769	-304.586424
1746	-396.470299
3581	-319.540355
2963	-287.651399
2176	-345.608670
3721	-284.372483
3971	-360.530885
813	-361.733052
1858	-343.238086
2287	-310.905485
3296	-345.650105
163	-319.624414
1470	-272.542270
3755	-341.874216
1599	-304.689816
566	-303.472917
262	-345.647032
1581	-345.660520
1453	-309.720334
3106	-273.735646
1553	-323.448965
343	-360.502305
1408	-379.527030
3051	-192.736096
3811	-274.982348
1849	-324.547957
3171	-345.599912
1707	-288.590006
2853	-325.794835
2575	-308.759090
2588	-376.538277
3343	-320.735225
2105	-335.635972
1586	-272.837559
2292	-343.246371
48	-304.689512
3844	-308.450468
323	-309.647349
1769	-324.569009
2979	-320.767064
2667	-308.455402
3641	-360.485033
1213	-324.530103
2217	-344.408081
1811	-346.855968
3516	-324.634527
1781	-324.582445
995	-360.542928
3060	-270.441145
2791	-194.254127
495	-342.297848
225	-346.842403
347	-309.687405
3413	-308.440890
2977	-310.909944
2548	-340.654465
59	-248.430371
3467	-308.494487
2879	-265.401151
2301	-324.616647
2605	-346.869041
1344	-341.767606
1233	-265.440660
1445	-396.491525
889	-272.539307
769	-271.361537
3084	-325.781161
666	-381.593528
3675	-360.534222
654	-309.727166
2139	-381.581478
3603	-326.952955
2382	-380.343633
3359	-325.733758
701	-265.396194
181	-412.528245
3828	-288.650589
2931	-361.729140
1642	-344.345376
875	-376.554863
3692	-281.505078
3942	-287.507193
3791	-360.491959
2117	-346.839895
1922	-248.132701
3461	-320.776316
1993	-339.504090
1269	-307.563525
1648	-345.660642
3270	-273.788787
385	-305.159206
1851	-361.717868
610	-324.629068
3146	-289.872162
3434	-360.560766
3428	-288.564752
312	-234.485640
1705	-286.218259
2484	-344.359905
1487	-345.665813
1947	-303.533559
1295	-346.829652
605	-456.103432
1836	-268.273739
2553	-302.545562
460	-360.488733
842	-360.514766
3024	-251.729571
3520	-325.752207
1898	-360.497612
23	-304.679494
1370	-242.180146
1691	-272.595294
1248	-304.732336
288	-355.557059
2060	-362.945811
3992	-319.576017
929	-272.832690
439	-288.690999
3745	-310.912788
379	-391.337881
2272	-324.528642
1871	-306.406578
116	-346.831175
21	-278.059333
1845	-302.309526
1490	-309.691591
1185	-324.558175
1101	-307.244627
2770	-288.588657
1258	-344.472090
335	-361.729115
1327	-320.768458
3704	-348.035847
3313	-360.526364
1307	-303.460433
3000	-309.688191
2181	-340.656656
592	-307.614861
2329	-324.557240
2402	-235.696227
1743	-346.856186
296	-345.688916
880	-345.648463
505	-338.531538
2662	-345.635068
1230	-323.396217
3122	-232.329070
3817	-288.554600
1157	-309.691584
3743	-325.726182
1170	-310.895183
170	-340.667287
3102	-310.903589
3314	-305.846541
1850	-323.407987
1738	-273.759338
1741	-345.629842
1626	-345.619567
3308	-381.582831
3047	-285.293918
3346	-318.327053
35	-343.197784
3644	-345.587398
1148	-284.062954
1016	-305.129953
758	-307.574899
9	-344.468531
1973	-340.637231
1103	-273.764642
3317	-269.177232
3425	-324.547564
355	-273.761263
2423	-338.238743
2182	-340.610000
727	-272.562906
3420	-306.358581
3979	-345.651111
1261	-268.282665
2067	-280.248350
956	-230.183076
3174	-272.844804
1151	-392.620909
3368	-308.496367
3499	-309.702237
3119	-301.090914
101	-324.507184
207	-285.281032
884	-276.202586
2307	-346.859945
3497	-392.627857
334	-245.983375
3432	-297.523580
2365	-345.689766
1747	-360.559076
154	-324.538764
854	-383.971058
1302	-339.445855
1316	-361.652250
1096	-309.689595
3693	-273.779498
2845	-307.602080
2106	-286.476486
3609	-269.176442
73	-233.293627
3168	-323.614890
2527	-297.554699
1819	-249.292101
1866	-310.940708
3491	-361.750275
915	-304.734226
2999	-307.237456
2652	-317.377404
3570	-272.514475
2766	-285.279992
3583	-325.721011
2753	-310.904304
3726	-382.754967
2754	-309.674575
2871	-308.460407
1981	-306.313924
1867	-324.583096
3459	-346.831382
589	-340.604189
1512	-346.839595
3825	-93.411888
3463	-304.735360
2367	-361.723620
84	-345.610574
868	-312.124574
643	-345.663386
820	-326.934229
2226	-276.206257
2630	-282.871678
827	-303.556664
2196	-338.559964
438	-381.565482
397	-288.630839
570	-275.012535
3888	-323.359825
1856	-321.958301
2866	-344.431605
1719	-232.050342
2294	-341.831947
2186	-320.782523
3950	-270.439135
3834	-324.589539
2769	-376.563238
3353	-324.514429
609	-377.817369
795	-246.023231
2241	-346.857051
2434	-377.845502
1862	-319.615129
860	-397.697425
3341	-291.021228
55	-335.683118
1539	-382.755486
3882	-194.261089
3860	-308.505267
3293	-360.535142
3823	-303.527274
677	-324.594116
1429	-288.579114
2480	-344.385369
1926	-273.773955
750	-344.384630
2779	-381.606362
461	-273.773506
645	-308.540795
1251	-322.482659
3056	-269.180682
1698	-325.800949
2631	-380.316551
2636	-306.112153
2276	-309.679242
1995	-362.946041
2239	-346.823312
3175	-309.649998
451	-362.932378
228	-346.859384
635	-324.578381
2083	-322.434119
2058	-356.710498
2936	-324.504178
1934	-341.769746
153	-347.466594
2562	-375.357530
1754	-269.221561
3602	-361.683811
454	-265.283843
3626	-310.902465
3332	-376.610619
655	-325.771459
3918	-289.794194
3807	-361.706503
1664	-310.904974
3364	-305.057353
114	-361.772743
2987	-271.618137
311	-287.724713
1575	-334.447259
3395	-248.436061
1275	-310.936083
3605	-372.755216
2377	-236.916033
3862	-271.646263
3900	-308.465445
272	-322.161948
3050	-303.940271
2197	-309.684327
40	-344.338878
3799	-291.018995
3765	-453.654335
837	-360.512026
1500	-345.609230
2797	-345.646914
3020	-287.430903
1141	-115.679136
1568	-324.555249
2512	-346.823548
942	-325.715957
1756	-326.935440
597	-309.683901
3776	-320.773105
2008	-336.802659
3585	-308.497008
2982	-325.722723
2539	-321.276274
1231	-324.569596
3049	-324.610004
1264	-324.536694
1798	-312.126342
264	-339.450073
615	-345.676743
3737	-361.714817
1980	-345.680616
1456	-308.496384
2305	-376.633716
3613	-308.483617
1604	-347.456674
2290	-343.224836
2450	-312.124760
2009	-273.812948
3163	-319.610683
2277	-383.973315
3599	-308.482454
3369	-158.342346
2198	-382.804255
2787	-324.505365
1351	-309.733696
3794	-317.361117
588	-309.684571
1421	-360.526142
231	-346.860243
1660	-274.985107
3637	-309.764115
2357	-325.754267
2173	-304.678340
2894	-309.717750
3739	-324.566515
1229	-288.582662
3143	-286.432042
1322	-271.619912
1982	-345.609374
3919	-304.721921
1954	-226.144377
3619	-325.779372
3320	-310.952127
3426	-307.387663
1163	-397.709232
1536	-324.492974
3281	-309.716743
2419	-287.353473
3847	-356.693135
2352	-288.589622
3400	-289.799552
1360	-362.941781
3801	-310.937414
3536	-352.836930
3397	-356.702115
3892	-271.608843
1645	-324.477059
1068	-308.470010
3390	-309.736085
1283	-345.605635
2085	-309.695312
542	-382.793238
2420	-340.625366
2200	-344.426799
747	-359.350089
2129	-356.722498
3680	-305.904722
3282	-362.972786
735	-309.716570
1508	-308.462196
266	-308.477155
338	-272.544500
3076	-247.198000
3414	-285.313674
1277	-309.706892
1196	-346.840727
2531	-157.115484
766	-312.133805
1466	-340.657975
386	-325.776001
144	-271.323089
3264	-307.260972
1529	-354.275774
806	-308.768073
3724	-324.573480
924	-324.528533
3358	-326.934987
2213	-287.433999
3344	-325.748658
46	-372.766726
1886	-302.286171
676	-272.584377
1090	-272.500426
2128	-308.504896
2593	-321.252793
2328	-320.732586
3198	-288.680991
2442	-345.636611
1883	-346.839066
1155	-272.838189
1443	-346.867442
3422	-340.663929
1923	-287.427777
3634	-340.646592
3949	-359.301320
3895	-325.808333
1436	-375.359407
1428	-265.391486
549	-372.785072
3510	-340.674744
3610	-360.476593
1680	-377.842223
3394	-376.613178
150	-309.732713
2322	-355.508682
682	-302.303791
2571	-309.686348
3513	-340.637067
1494	-345.654016
3312	-323.647099
3077	-336.822591
2025	-249.363808
2902	-271.653205
3927	-323.326298
606	-343.235457
1832	-309.737802
1802	-361.715983
803	-325.789564
3748	-376.556657
2680	-340.664901
1121	-333.449362
784	-377.848074
3493	-232.333258
3303	-272.589883
2078	-324.575989
8	-272.545439
1592	-271.616430
2759	-393.905418
2967	-305.841708
2034	-345.586124
1130	-346.826923
1355	-361.727678
3568	-308.468418
2428	-309.682996
341	-273.735711
2596	-339.467484
2606	-323.344105
2668	-310.906004
3628	-272.509064
192	-310.897684
3302	-324.577047
586	-376.582598
3768	-227.338075
698	-274.985880
1332	-209.144909
2829	-340.622886
1165	-309.706371
2316	-306.361448
3237	-303.553222
1425	-288.648476
2004	-346.839235
1184	-286.506282
636	-382.818623
321	-324.604397
486	-288.678720
1920	-361.714679
3797	-376.587519
3928	-377.799358
637	-360.557419
2050	-362.937518
2199	-377.815601
1093	-325.718074
1176	-288.584832
361	-376.622353
3015	-359.362011
1649	-346.868661
1807	-344.469516
673	-345.680831
1318	-310.897519
2956	-360.528914
3244	-323.320332
1732	-269.170665
432	-344.390227
3538	-271.350701
1774	-324.585556
2780	-272.545389
3232	-345.686487
3920	-319.574905
2230	-262.056533
1407	-235.694798
1620	-270.431243
268	-362.957295
2037	-345.620113
977	-285.160699
2308	-324.460752
3980	-372.708066
3145	-324.570872
759	-398.888473
1930	-341.835805
777	-307.544712
2687	-377.816463
3362	-345.632413
2431	-309.684774
1911	-272.582516
2192	-307.232824
736	-325.799293
3549	-323.437779
3617	-345.608658
2503	-345.653983
3981	-249.257629
3014	-269.263802
2040	-317.409527
1968	-324.538807
2011	-270.099401
2235	-318.409670
1066	-375.344926
3135	-272.569212
3922	-270.394284
3089	-327.025329
2348	-285.253877
3867	-356.726146
3972	-359.339915
850	-271.623957
3073	-309.734862
105	-309.727110
2020	-272.514099
2090	-308.473428
3236	-310.912270
1161	-308.513516
2755	-381.595252
1562	-309.676327
1641	-340.647224
2436	-308.473229
7	-309.722879
3973	-356.659922
1622	-346.869712
1627	-301.363590
3866	-341.882531
1532	-309.731599
172	-282.667163
359	-346.832402
1510	-322.425235
3752	-345.686524
3635	-308.475489
1343	-310.895432
3784	-344.450127
1195	-285.287913
2356	-323.346816
418	-324.565412
858	-340.661797
2903	-308.505951
3961	-308.561152
1695	-344.411060
2120	-381.630205
3197	-309.714859
3552	-325.793166
1285	-346.860450
2189	-325.762375
887	-361.720206
1069	-375.370023
1319	-308.560759
3714	-265.398572
1759	-305.906809
2018	-286.492357
1368	-288.584029
1188	-306.054267
3354	-360.529236
2832	-250.585843
1525	-345.608193
1431	-344.392695
305	-346.859213
3038	-288.542113
3606	-310.906553
3985	-324.548763
1117	-345.566120
1385	-309.679840
867	-283.179781
2637	-325.687098
2533	-265.438520
810	-269.144656
704	-235.696677
2937	-324.573883
1172	-357.927353
2650	-361.727711
955	-345.632414
1706	-382.777508
2552	-340.624424
1591	-249.397368
1563	-376.575382
2860	-345.600676
3347	-286.510514
1000	-339.452428
1650	-341.836348
1132	-310.938583
2172	-308.472272
2872	-288.581144
349	-309.687623
2925	-301.394865
1902	-324.615795
3455	-270.401061
3301	-371.491061
1724	-381.594558
1328	-376.531779
284	-360.500454
3489	-308.508824
800	-324.611571
1611	-348.044714
351	-345.625747
1718	-356.706262
1098	-356.649302
2838	-324.547436
1194	-381.612648
3958	-291.015785
137	-287.440932
2733	-310.940764
719	-309.693538
3028	-346.861640
1256	-312.119596
817	-345.619715
1728	-362.942862
356	-372.741729
203	-340.663148
1594	-323.433551
2649	-381.581036
1430	-361.720960
2440	-317.433049
3092	-340.610697
3842	-376.587741
1504	-360.489720
2627	-235.695309
3108	-361.653332
428	-324.570042
1813	-307.550360
1643	-310.910140
1937	-287.438379
2262	-325.780603
2761	-309.696507
1085	-231.092208
3683	-308.510782
326	-236.917664
2036	-309.733888
3523	-325.728070
2462	-325.752244
3831	-451.528971
1679	-288.576381
1593	-335.598739
876	-325.807685
948	-336.827390
2536	-273.758980
3941	-231.108368
1266	-324.582035
3284	-343.290242
3107	-281.504745
2302	-492.008892
1105	-302.306944
578	-382.825717
619	-325.787161
1992	-325.723538
2243	-340.673964
2140	-325.715372
674	-346.879260
2657	-308.451299
2836	-345.652670
3481	-357.941534
857	-245.711897
3657	-312.124380
3559	-309.721434
2882	-322.444150
2594	-335.586914
1210	-340.641282
3708	-270.397474
716	-325.758431
189	-322.167165
709	-286.134079
1187	-264.235803
2777	-336.817321
353	-197.632222
492	-305.904760
274	-272.539126
3159	-324.612512
1108	-341.839596
1578	-233.217482
2790	-287.732329
3371	-286.517424
1139	-270.382725
2696	-353.269456
1218	-287.431740
1974	-345.655745
1970	-362.897428
1265	-227.324775
2828	-232.030352
2573	-307.303421
1893	-344.385273
1682	-269.215705
285	-249.362379
972	-341.869909
581	-287.683128
3773	-345.602641
2417	-336.838171
2558	-472.145935
462	-234.474088
1989	-287.426977
1873	-346.842529
3033	-325.785262
248	-339.489875
337	-312.123120
25	-309.712046
2429	-306.081547
3251	-306.056425
1618	-345.629039
2439	-324.485913
1565	-325.735821
295	-320.770299
416	-271.318448
3117	-346.824942
3588	-272.549011
787	-360.525379
3838	-271.318933
123	-269.263476
45	-266.615452
238	-233.253760
2247	-348.046805
1115	-325.773014
2325	-273.732431
751	-361.724921
1853	-359.314227
3711	-303.469034
3970	-305.897998
2094	-325.812885
548	-233.555951
628	-325.726991
3111	-318.340705
2261	-233.260156
1063	-265.440996
2708	-308.512758
3348	-304.715963
954	-324.612244
534	-324.575799
503	-355.514134
1505	-308.487195
375	-346.857432
132	-308.469258
1667	-323.323781
3318	-308.513124
3274	-196.407957
37	-381.587333
2610	-309.711468
2678	-285.255563
2983	-346.833689
2288	-345.612787
426	-362.933001
3883	-308.516508
3158	-269.271320
1304	-356.679729
168	-325.810050
2205	-318.391203
18	-309.719641
1497	-251.731545
3886	-270.388222
3806	-309.676410
415	-309.692626
3166	-326.949535
752	-324.557693
1960	-345.602645
3095	-339.431197
3938	-345.645388
1053	-340.610046
2178	-339.455981
3758	-272.557350
3398	-304.686259
2994	-345.597078
1789	-310.905299
2372	-322.217569
823	-361.732840
3770	-272.544060
2643	-372.711859
237	-268.287661
3562	-360.524672
2841	-360.524422
2935	-297.516418
3471	-416.384141
3415	-308.495275
2268	-302.558547
1473	-340.678945
1232	-336.811744
1239	-356.710448
3407	-343.517848
2734	-309.719592
2475	-381.524347
2802	-325.804486
3989	-272.542369
2991	-272.841336
892	-288.621895
1559	-380.372123
2868	-270.407057
2887	-345.641890
2256	-303.503801
3103	-340.631134
535	-248.416462
1441	-303.469082
2862	-309.693471
3845	-344.454717
2254	-359.388326
3022	-234.455424
1646	-340.684749
1684	-320.783029
1008	-248.448467
2158	-340.663379
3216	-344.380260
982	-307.235414
2263	-274.983122
3352	-272.834623
2772	-343.232602
2470	-309.688189
441	-380.414967
3565	-286.474509
920	-281.489179
2957	-323.644468
3453	-321.254976
1345	-376.540686
78	-270.472470
685	-320.029854
1136	-271.296056
2612	-345.627545
1621	-346.884834
482	-272.599303
3498	-381.585231
963	-345.645239
2363	-324.610150
2955	-346.822341
3943	-376.602183
267	-345.641113
2741	-297.520999
327	-324.607903
1074	-304.697680
193	-307.285557
1609	-210.001565
3496	-302.303890
396	-372.782655
1346	-308.542644
2867	-361.734339
994	-323.428670
459	-348.056615
2076	-274.982287
2547	-323.328581
702	-379.000257
206	-309.688611
3826	-372.742383
3406	-286.459793
1552	-346.865957
3672	-309.689612
2545	-324.614082
98	-303.553222
3040	-360.506446
2449	-341.841190
1579	-288.589020
3476	-304.737418
3648	-324.631468
2705	-270.384180
74	-310.918822
3671	-326.941692
2375	-360.564233
1696	-320.785074
1569	-234.503085
783	-273.806375
162	-232.324966
2066	-432.401755
978	-324.545574
3967	-273.758273
853	-76.404702
276	-380.379743
1340	-271.616723
232	-490.793044
1181	-323.657279
3256	-153.459846
1282	-346.860539
1673	-309.733829
1250	-309.686189
184	-322.436757
3074	-272.553250
2326	-320.768781
507	-309.697879
2156	-346.827596
951	-307.548619
1427	-340.646339
319	-352.845678
585	-229.918003
1076	-361.656187
508	-325.801512
2487	-361.694757
1489	-266.777425
3837	-343.468335
3802	-356.724118
3863	-346.804974
3528	-233.262752
3165	-356.724041
625	-308.514390
2361	-304.727460
2095	-348.034975
1875	-242.186010
969	-325.797425
3841	-371.541704
3507	-376.594067
3560	-286.463470
3874	-323.344889
927	-340.676668
616	-345.676243
3409	-356.696744
3728	-234.474951
2392	-272.551442
1084	-309.711894
3987	-324.506120
3502	-376.564063
1996	-356.687774
453	-375.430225
568	-303.458583
3324	-345.641848
939	-344.481802
401	-325.712603
3036	-310.907823
1204	-361.704371
539	-341.886521
42	-376.564691
1097	-325.784473
1655	-338.217210
0	-351.615495
1179	-343.195060
2807	-269.176124
1060	-345.713205
2760	-155.908941
979	-309.713440
987	-273.765811
3080	-344.436248
2282	-375.368783
2645	-362.923114
3519	-376.604739
450	-235.729507
3130	-270.427802
3176	-432.852890
2321	-381.536295
3643	-309.660190
1337	-286.498779
1461	-346.899170
1333	-270.359564
3945	-304.737186
3253	-281.476938
3399	-307.229313
989	-272.839582
1087	-324.508933
497	-287.470402
1817	-339.459612
3792	-360.525610
2849	-355.442748
812	-308.509197
1380	-288.625728
792	-310.898648
2559	-319.571638
919	-272.589999
1081	-310.912796
1180	-306.364186
3732	-320.774305
1166	-324.576650
3727	-285.317454
828	-361.684892
3495	-288.563768
2286	-309.728265
1864	-312.133063
2561	-325.778234
3223	-341.794931
86	-190.624631
2456	-345.610758
1701	-344.428649
2794	-304.681399
743	-309.719124
1577	-355.468067
2275	-312.122563
3853	-271.336383
124	-271.621961
488	-346.861837
2911	-289.871661
3509	-288.685117
2478	-339.450173
1987	-325.775071
1815	-345.663783
2468	-307.193849
3045	-310.906568
1630	-323.431776
2016	-308.569875
1610	-196.406419
1566	-380.438011
1768	-289.789940
3983	-322.115604
3203	-308.459279
1348	-309.683859
340	-273.789697
233	-301.382062
913	-352.855499
1234	-325.796704
394	-344.385642
2131	-320.777849
1292	-323.652284
2271	-310.916474
3149	-372.694726
2520	-307.284294
1958	-340.595950
2441	-310.909223
3240	-338.234966
1478	-309.691634
2167	-309.681554
83	-344.434906
932	-361.764881
1519	-352.874613
3884	-323.333263
1257	-346.855622
730	-336.821088
3593	-304.614300
2595	-303.465315
406	-359.295180
3953	-325.792503
1174	-345.614442
357	-307.245430
3719	-320.742924
1338	-320.793141
739	-309.678703
3170	-271.626697
1734	-359.354596
1790	-345.664882
1999	-233.547877
1753	-375.351387
576	-345.655968
1818	-371.535911
3851	-326.998454
3596	-285.328258
1634	-324.563073
1089	-344.451793
1925	-309.677276
2488	-363.508158
574	-271.665153
2693	-340.638326
31	-359.310420
303	-375.328197
3889	-360.533387
3852	-361.710525
1030	-309.683546
1758	-271.616401
1830	-345.641862
3464	-234.470922
3540	-321.236907
649	-340.685408
2393	-324.608961
3079	-270.401391
215	-356.645883
1080	-288.570006
376	-309.732528
3579	-356.677429
2364	-360.507160
1135	-310.903412
1205	-304.682331
391	-345.584667
1561	-325.749687
1082	-310.901659
2175	-324.545475
1983	-320.792773
2458	-361.683558
5	-351.628383
695	-345.700085
1977	-312.131398
3751	-339.491316
2430	-304.688809
3741	-169.860788
1897	-197.629387
923	-322.135797
2027	-376.585000
3873	-348.051405
1632	-340.673967
293	-377.807580
60	-382.768883
981	-303.499320
3517	-396.475511
1483	-309.723988
2823	-309.730966
1688	-324.567893
1921	-310.904960
348	-196.432825
3273	-288.589678
270	-372.752005
2617	-248.151318
2125	-310.908354
2190	-324.574822
2101	-361.717364
1506	-339.437849
3384	-357.949026
3651	-303.463214
1869	-269.207716
819	-276.204532
366	-324.576206
17	-345.612580
2806	-234.476081
3356	-270.447268
522	-309.680641
1467	-345.613895
3375	-324.594534
1797	-194.267232
2381	-346.856604
1942	-382.751274
2335	-346.825562
1963	-325.761942
2675	-303.787203
3963	-271.323381
3041	-345.692143
1463	-362.938449
66	-337.302324
410	-325.835955
1040	-268.307873
1313	-324.502042
1477	-303.462312
3663	-344.446747
3383	-360.602876
2774	-310.910631
431	-361.712798
3929	-321.233569
299	-195.196751
2878	-285.336744
3485	-324.614459
3125	-308.510840
1201	-224.944660
1042	-305.904676
1907	-346.819476
2353	-281.504579
3013	-346.883127
3789	-273.762938
1412	-242.195730
1574	-245.997884
3940	-308.464824
611	-248.364357
333	-308.507517
3104	-310.941183
2644	-320.786990
1896	-326.971392
2014	-371.537915
322	-346.832352
3829	-323.654114
3218	-325.743746
1704	-274.984793
15	-288.542593
1058	-324.585402
996	-307.544316
2614	-232.164586
3233	-304.691526
3208	-288.572843
3234	-287.349937
1026	-325.765414
3822	-309.665941
2880	-346.831172
2274	-308.463553
818	-387.475673
1274	-309.686648
2815	-324.570906
922	-272.844560
433	-396.498209
553	-271.666055
1952	-344.408452
3821	-308.427345
3915	-309.687698
3526	-249.285024
1796	-307.536544
3759	-270.393902
1481	-376.634518
245	-340.656722
2537	-317.434422
442	-356.712228
2564	-325.789398
3849	-360.531172
2576	-306.418503
822	-336.845442
94	-362.955075
1827	-343.492484
1881	-361.772040
1219	-306.334850
3229	-271.614305
3621	-346.815715
498	-273.791878
3575	-309.736328
2656	-376.622509
732	-327.023478
3374	-324.551244
1814	-360.537947
2191	-359.317050
2905	-307.206439
3815	-288.574763
3764	-308.483519
1207	-324.584396
545	-356.698773
714	-356.669324
520	-309.720011
244	-346.835129
1978	-281.485530
3659	-340.683837
1969	-360.529678
1792	-363.504227
2408	-356.708234
1364	-267.963366
1661	-322.148261
329	-380.402442
3037	-288.567911
2211	-340.648620
3423	-308.555641
470	-303.460335
2922	-352.890573
3391	-306.403144
2038	-348.056093
1986	-344.459234
846	-270.434394
2231	-346.825174
1543	-323.360471
1091	-309.678344
1447	-469.758395
1694	-273.743311
269	-325.729080
2108	-267.944278
2048	-235.699029
2047	-286.246880
2642	-324.578146
1110	-325.781398
563	-345.644179
1464	-381.610550
3798	-310.941861
3438	-312.132858
2315	-273.793520
1794	-325.712420
2063	-344.402806
2543	-376.588479
3272	-173.147782
1820	-324.522751
2124	-345.600825
121	-361.711483
484	-351.639205
3876	-304.574737
2958	-324.580268
1959	-324.603913
2444	-318.641916
2812	-381.619786
653	-344.473681
1240	-310.907666
286	-324.563745
6	-345.687671
2671	-344.377098
729	-343.084333
934	-345.650323
917	-323.320690
852	-361.731511
3292	-326.937372
3247	-360.531175
1272	-308.486687
791	-309.662433
2324	-346.831385
647	-338.268974
973	-325.790444
1636	-233.551389

file identifier 	 test data 	 predicted
2528	-308.467760	-330.022313
2297	-322.412936	-348.333962
552	-340.639366	-490.671274
555	-361.677945	-398.955202
802	-359.306313	-373.178569
2746	-247.190194	-272.251545
2340	-310.899612	-328.756484
1388	-250.583643	-279.347806
236	-325.758113	-348.429677
1037	-306.397746	-340.927155
2712	-274.985024	-294.992966
2883	-308.757991	-332.537613
2743	-234.516409	-266.169593
370	-356.698196	-387.024164
1870	-309.686187	-330.441218
120	-323.345161	-359.768605
3793	-381.580932	-521.640281
2110	-341.867094	-358.349934
2985	-304.745635	-324.835634
2584	-360.567154	-390.402732
614	-383.982605	-401.276564
1658	-287.337578	-317.660707
444	-340.665581	-487.189608
2965	-344.689237	-383.389769
2280	-359.345792	-373.441186
1342	-361.712098	-405.478647
332	-304.692914	-325.439403
1972	-233.542445	-257.261691
3682	-291.017820	-308.081704
62	-309.677968	-331.039106
2990	-376.661483	-398.514078
3287	-271.458576	-298.418851
387	-268.248806	-302.124401
2163	-324.503356	-363.537216
221	-310.917273	-327.921322
1848	-273.769835	-294.229219
196	-341.759398	-356.767702
1666	-289.872246	-310.896725
1102	-116.609549	-159.572039
2792	-362.944759	-386.127873
1075	-325.751822	-347.371577
1241	-345.608395	-358.471382
1766	-270.387395	-317.722675
717	-380.401348	-400.192846
1785	-273.751900	-294.313528
2508	-324.574476	-358.199883
271	-361.759779	-405.582313
773	-309.674485	-331.235924
1306	-288.682324	-314.971897
3624	-324.614194	-361.756858
3445	-286.508374	-437.144157
152	-306.286325	-340.354910
1837	-381.574917	-529.281562
135	-301.341304	-319.861622
3786	-308.759185	-331.799826
166	-325.729970	-349.493137
3859	-308.499978	-328.511343
757	-345.678211	-361.183898
1168	-308.454820	-326.388624
1607	-303.462115	-451.874943
598	-193.088340	-229.496054
2412	-310.904086	-328.240809
1055	-345.681183	-367.086075
3601	-308.749822	-331.303869
2492	-396.477101	-407.430030
2943	-340.654874	-485.858019
1878	-346.819711	-364.481881
1152	-308.448572	-325.652857
352	-288.557016	-314.939873
2471	-288.628801	-316.658577
1276	-340.667317	-489.076354
3219	-339.428557	-365.365294
1985	-339.481708	-366.163242
3616	-225.221461	-249.353771
3757	-281.482952	-311.153050
2714	-398.878264	-430.826895
414	-192.762455	-221.337317
2130	-271.612772	-298.697814
2694	-317.396153	-329.733630
557	-312.122696	-327.873469
3328	-324.549529	-360.345771
429	-288.570364	-316.408581
501	-345.630685	-357.268288
1284	-320.761539	-357.676595
1160	-286.467220	-433.095614
204	-287.353313	-326.274621
156	-288.654408	-317.494565
2801	-310.932716	-327.587902
3025	-324.573338	-356.590211
2952	-308.511290	-330.147796
2717	-309.726244	-329.446578
3699	-355.497878	-369.363610
1029	-325.751230	-348.296532
1162	-309.684472	-328.614563
725	-325.725266	-348.950256
1279	-377.837977	-523.331629
395	-234.447743	-266.795502
2474	-357.944802	-391.880779
1280	-356.683566	-386.696829
662	-341.843824	-358.462857
473	-346.828378	-365.735740
3780	-323.320574	-358.751827
3947	-382.782251	-397.150342
2603	-341.863083	-359.490996
3161	-309.678595	-331.545512
2152	-308.540101	-327.351859
3543	-287.318584	-318.405608
3142	-376.617653	-397.358847
509	-307.238995	-459.789100
836	-324.606601	-356.297910
726	-346.870614	-365.380253
496	-377.794221	-525.702617
1479	-309.677142	-331.598442
1480	-324.584824	-364.155775
2057	-288.540318	-315.577387
1022	-310.902683	-328.245874
2019	-340.659620	-489.435463
310	-308.480308	-326.153897
481	-307.573371	-337.612211
2466	-325.785959	-349.354153
912	-323.344400	-359.112060
789	-324.581906	-356.464957
3907	-291.017966	-308.233813
2782	-340.664407	-488.949786
3804	-324.573632	-362.515275
900	-288.561991	-315.599562
1950	-232.331230	-375.872250
564	-272.569586	-296.188340
2521	-361.728609	-395.926231
2421	-249.395323	-396.733178
3740	-356.684693	-385.369788
217	-271.648392	-299.497643
3482	-281.480993	-313.890557
3587	-322.421320	-349.810514
3468	-345.710017	-362.278839
3304	-346.843297	-366.227497
1341	-301.373831	-320.092605
928	-345.665412	-360.039269
1050	-304.643392	-322.403908
2899	-310.930659	-328.265714
1211	-286.498633	-431.701158
2284	-359.298380	-375.209794
765	-317.447668	-330.347858
1521	-323.665247	-475.220276
3058	-247.214450	-273.529487
962	-376.587043	-397.229620
2560	-339.452794	-364.816044
2651	-273.744309	-294.104007
1300	-324.595031	-358.200970
3564	-303.533472	-450.735563
1460	-309.684108	-328.992305
3118	-236.917873	-260.118045
3321	-251.726162	-276.348661
1225	-196.409349	-230.110031
1439	-340.590431	-484.576657
1027	-360.529992	-392.833891
3760	-280.314080	-295.241693
656	-376.605347	-398.320894
1740	-376.599676	-397.088840
1413	-247.214861	-274.115665
1253	-312.126356	-328.832637
499	-340.611683	-487.443849
2358	-322.169697	-339.798082
1731	-381.565314	-519.739266
1939	-242.205627	-263.733130
3053	-490.831786	-495.976299
3694	-338.246643	-352.335916
1325	-356.758284	-386.638069
2026	-272.837907	-294.973041
1083	-309.726295	-329.795512
1079	-287.347000	-318.155576
1633	-247.201165	-272.975565
1321	-234.472577	-265.647148
1111	-335.656557	-360.996399
3836	-346.833711	-365.374530
2446	-361.740252	-392.832889
3316	-264.261826	-287.893444
2062	-303.437471	-449.579850
799	-310.910909	-328.480072
3382	-341.145624	-358.633378
2051	-325.790442	-349.092006
1697	-345.613396	-360.829554
3454	-376.600944	-397.177235
2796	-345.678871	-362.632336
3934	-381.630276	-524.990596
633	-325.759393	-349.080967
1070	-361.752301	-391.034858
2658	-308.461040	-333.793129
1880	-346.873992	-366.542443
3331	-233.545899	-258.179739
1298	-308.505512	-334.058668
485	-250.585183	-277.012425
1437	-376.547304	-395.926772
1763	-325.799404	-352.215601
257	-324.569867	-371.203278
2549	-375.410333	-385.561394
436	-360.521191	-389.590170
291	-304.683134	-325.681602
1078	-309.738888	-327.020007
477	-265.399968	-307.069302
2827	-345.615042	-359.961967
1448	-372.747155	-393.330030
3879	-339.483894	-366.108529
3534	-320.785748	-355.619591
1054	-323.427722	-358.199146
3294	-340.693392	-485.471874
1773	-304.696646	-326.061077
2413	-345.604177	-359.050694
849	-360.532987	-390.481877
1725	-360.495137	-390.103846
1393	-271.647465	-297.855305
2523	-344.512144	-489.655812
903	-309.685872	-330.962525
3572	-322.172641	-340.031192
1733	-322.169100	-343.456505
2465	-339.464024	-364.818101
187	-341.842120	-359.781817
909	-325.789320	-348.673205
171	-361.745138	-393.980655
2426	-340.650391	-485.712467
1133	-308.517070	-327.334817
1289	-344.439723	-495.644093
3580	-345.661657	-361.053829
3137	-272.533448	-295.099580
1486	-380.373644	-401.152647
1226	-195.226072	-325.765960
3615	-210.071468	-240.919780
1109	-333.411326	-347.992213
3105	-346.821661	-367.096572
3632	-340.612805	-485.732579
1603	-232.363630	-372.792217
2699	-346.864540	-366.115868
290	-348.056024	-362.667714
1957	-206.721858	-228.773408
1791	-272.554824	-295.696677
3501	-318.409788	-337.055186
3260	-345.595084	-357.805978
843	-308.437835	-323.307569
494	-345.611057	-358.734301
3642	-324.565306	-358.446622
1125	-285.292217	-314.870201
2831	-356.723059	-385.523970
1123	-375.393636	-386.909850
848	-309.744522	-329.993997
2716	-303.464433	-453.414828
782	-361.678341	-395.583690
863	-285.288405	-314.695413
2532	-301.405558	-320.053917
3518	-340.655390	-489.480937
1094	-304.696023	-325.948586
2514	-354.197108	-365.728311
1554	-320.728167	-359.425650
2720	-231.102112	-266.250475
3310	-309.721850	-330.709411
165	-327.013034	-344.470655
693	-234.520624	-264.171309
3262	-235.693825	-261.760728
3558	-339.464817	-365.417084
500	-308.452306	-326.730161
1017	-308.419735	-324.930584
1894	-360.532510	-390.551540
1625	-320.776082	-362.041149
1273	-355.513035	-370.113241
2391	-310.927566	-327.981009
1739	-303.454720	-453.609512
1847	-325.753767	-348.088338
2542	-326.951186	-344.344448
2044	-373.173910	-299.308686
56	-345.599154	-359.931743
3790	-286.502445	-433.286981
3377	-360.549337	-390.830891
1659	-487.002792	-490.994958
2930	-310.906738	-327.873745
2634	-326.927446	-343.809260
195	-296.296482	-316.304096
711	-341.849127	-356.246423
624	-312.119017	-328.065444
3285	-247.192524	-271.463302
1918	-319.573117	-353.213006
3099	-324.530718	-372.268957
516	-312.134532	-327.386363
2252	-382.779570	-394.185979
2928	-324.540084	-360.947369
2969	-286.484904	-432.673888
13	-360.526646	-390.150629
3542	-344.409533	-487.099886
3569	-272.588302	-295.426133
2215	-289.795079	-310.323916
3598	-340.671493	-488.730541
1551	-324.575851	-365.109619
2136	-263.278851	-280.171861
3878	-360.554015	-389.293458
2433	-324.552283	-360.020586
2102	-361.723581	-397.660274
1124	-271.651913	-298.864839
230	-271.617434	-298.322536
2438	-392.565188	-402.867230
3512	-340.641866	-484.158037
1243	-323.582949	-475.470330
1199	-377.813742	-526.137690
916	-345.608831	-369.760808
118	-352.905052	-382.696760
1540	-285.217962	-316.776914
2961	-348.061993	-362.058193
3141	-345.651109	-360.034435
2973	-324.604156	-365.570755
776	-325.781815	-349.088144
2981	-327.026688	-343.552307
2150	-324.570860	-359.488292
3177	-287.662612	-308.960758
2723	-324.554067	-359.533538
53	-285.330157	-314.231984
734	-233.242250	-268.203906
3207	-355.520098	-370.130191
579	-281.480583	-312.765208
3490	-359.315205	-373.284903
2768	-340.690205	-493.208976
3894	-322.469844	-351.303478
2452	-344.424745	-495.377241
2240	-381.627040	-525.677936
3767	-324.568597	-353.836904
1910	-326.978724	-343.465270
2457	-382.757134	-397.247541
945	-264.243028	-290.226108
3299	-325.725069	-348.577730
3295	-231.069318	-265.880943
2388	-309.695742	-332.614759
3763	-344.416821	-494.616298
2701	-326.942959	-344.177950
1548	-306.308471	-340.463913
785	-273.796695	-294.610035
2331	-308.516808	-326.139129
2721	-271.401725	-300.159974
2493	-346.822460	-367.089582
826	-248.137789	-286.304680
2622	-346.829131	-366.218781
3252	-340.610842	-487.962439
1051	-346.860404	-366.797799
835	-320.740782	-360.316083
2203	-310.911529	-328.074500
1106	-231.106310	-269.319757
3027	-336.811099	-481.035935
1423	-344.413850	-490.370291
128	-303.785832	-339.280946
2517	-308.462063	-327.985594
2207	-301.330754	-320.085441
634	-154.960361	-179.745553
731	-355.501990	-370.113562
933	-270.430832	-305.564891
3904	-356.716094	-386.058508
2291	-286.514923	-431.403518
1668	-344.433140	-494.504509
3298	-345.599182	-359.722883
133	-271.642927	-297.872031
2144	-324.574829	-361.574428
738	-324.592221	-358.238254
2052	-325.809179	-348.721839
3363	-345.658313	-364.647024
2685	-344.426408	-490.308913
2142	-324.624987	-355.406071
1362	-249.387499	-397.370283
316	-341.858490	-358.428323
3646	-305.130313	-325.483051
2	-324.551643	-359.723308
50	-357.934562	-394.015612
2618	-361.768020	-395.604521
110	-346.869123	-363.182650
1537	-309.692993	-329.795279
538	-324.494520	-353.403615
440	-307.226474	-452.648546
1702	-251.727632	-277.702076
957	-360.490486	-391.939884
2233	-319.556235	-356.453054
1771	-287.657053	-305.873329
2676	-325.784384	-349.989518
3030	-324.500475	-355.511815
491	-287.737498	-311.208150
2646	-325.800095	-348.141606
794	-248.143861	-286.326272
658	-307.234503	-456.831795
844	-324.606050	-358.903140
583	-285.016369	-309.431715
1777	-265.408147	-307.492835
967	-372.742461	-393.515913
3974	-323.433262	-357.662901
342	-323.351196	-359.949372
1852	-309.685790	-331.935565
3818	-308.470796	-323.459611
938	-331.411639	-363.786431
388	-340.594424	-485.846343
3327	-348.059242	-362.133078
249	-306.347185	-342.507142
3697	-312.119261	-328.464650
540	-346.830523	-365.995011
1966	-302.558699	-337.936696
1546	-318.321510	-336.498631
2653	-361.749428	-401.900476
1349	-286.542391	-435.664748
3034	-360.418556	-390.524454
3537	-346.860694	-364.431536
681	-312.126544	-328.103233
551	-382.817123	-397.245147
627	-359.304956	-374.873788
2257	-307.238509	-455.627134
1435	-193.963318	-235.365641
1683	-346.829154	-365.209001
3289	-270.437636	-305.319251
1909	-345.630398	-362.216601
3334	-325.800680	-351.866233
3729	-376.562796	-397.355370
3110	-236.917458	-259.825262
2220	-272.538190	-294.464947
571	-339.423497	-365.072011
2818	-335.618370	-360.566859
1138	-308.444609	-325.950167
2463	-288.576502	-315.008255
1061	-343.531666	-374.675345
373	-379.522177	-389.411989
1400	-306.067385	-336.220073
3132	-309.670613	-329.853065
3002	-269.479234	-416.553049
1238	-360.499088	-389.208126
324	-307.534482	-348.880644
3515	-346.852204	-364.903605
1944	-325.796840	-351.154965
88	-345.655534	-363.432279
3283	-287.404397	-330.063838
180	-360.505528	-391.219000
1596	-492.022084	-495.391562
2756	-153.742562	-175.354964
2385	-310.911571	-328.226774
1530	-272.549380	-295.485477
3872	-340.691219	-491.227563
2665	-348.031230	-363.141168
469	-325.775843	-348.456845
1414	-377.797879	-522.106413
1874	-416.367317	-424.279902
3258	-324.473847	-355.476638
1597	-336.805704	-484.286945
3965	-273.764529	-294.358554
3655	-287.379629	-318.319366
1839	-355.496901	-369.881838
2927	-324.500425	-357.832088
3595	-345.600227	-365.360243
200	-345.625804	-358.320533
1086	-272.587059	-295.154460
3756	-326.943546	-344.363444
3062	-381.573048	-521.994931
390	-306.070291	-338.256955
2515	-323.341413	-357.779243
2621	-305.145002	-324.994182
2724	-376.591176	-396.071932
1994	-383.983835	-400.160956
423	-304.694187	-328.641610
1806	-324.610229	-361.397583
3255	-345.578846	-360.185168
680	-325.806369	-348.195508
2248	-377.773452	-522.442574
3401	-338.175569	-350.164918
2684	-310.940657	-328.805241
2378	-339.490841	-365.743261
2989	-287.317913	-326.038051
1514	-320.781098	-357.949479
2298	-270.396464	-310.336659
3960	-336.825944	-483.490934
102	-307.230370	-456.671898
3261	-232.025930	-278.095572
2112	-304.729640	-323.507864
136	-343.240623	-368.451367
2380	-327.025010	-343.655699
1209	-392.612820	-403.749081
1432	-324.522792	-360.857971
1749	-302.579654	-338.802057
64	-362.945802	-384.191955
2729	-323.315925	-359.604435
1409	-285.282853	-316.419528
793	-326.950540	-343.491788
974	-303.468081	-453.455531
2010	-323.385837	-360.342797
3766	-344.436564	-492.121851
2805	-272.587161	-295.024792
558	-344.464151	-489.801692
3367	-269.216969	-310.099362
3527	-309.716030	-329.344424
3446	-306.044918	-336.571988
1840	-360.536972	-390.854345
804	-248.395289	-290.154059
63	-287.377993	-318.607427
4	-270.439280	-308.407865
3206	-346.853173	-366.859936
2850	-288.580309	-314.808705
52	-345.627428	-360.400628
1382	-360.492675	-390.144760
1046	-271.618580	-299.367308
556	-272.600604	-296.982234
1689	-336.823026	-491.088895
2789	-340.629283	-484.968406
3410	-271.316922	-295.366694
2673	-345.652182	-359.057418
1493	-335.643923	-360.795235
1580	-271.339821	-300.397414
43	-319.572842	-353.283411
3109	-324.582824	-359.685851
2194	-273.757530	-294.828667
2494	-274.984732	-295.048068
1378	-346.867789	-366.328129
888	-323.328290	-358.584599
252	-305.913756	-328.046601
3839	-231.155780	-267.909087
2080	-325.793131	-349.213129
527	-324.629301	-360.790032
2485	-392.676111	-404.272017
3373	-271.613890	-298.051992
2698	-344.434438	-486.848277
2700	-304.687547	-327.717215
692	-362.917261	-383.729156
3372	-309.705858	-328.718524
157	-376.519880	-397.758936
839	-302.254301	-334.381902
2585	-249.269471	-395.407540
1932	-310.911279	-328.258875
2896	-356.725069	-386.753241
69	-265.441614	-305.200553
3127	-327.010419	-343.722805
2688	-284.964138	-309.554371
575	-272.582834	-295.736636
1587	-322.133444	-339.661558
1887	-361.696319	-393.633581
651	-232.334436	-375.831886
2817	-340.641240	-492.798943
1971	-362.906662	-384.037026
671	-310.897268	-328.284801
3880	-357.942023	-392.364366
1962	-382.756724	-398.757172
2232	-56.525887	-368.050758
3736	-355.517745	-370.290405
3861	-234.486176	-269.498032
3157	-335.619981	-361.081908
2944	-309.687280	-329.288041
1459	-306.320451	-340.809798
3923	-309.737951	-331.076521
683	-348.060054	-362.988442
392	-345.637570	-358.308228
2611	-346.824672	-364.715349
749	-249.280474	-394.697330
3931	-288.683173	-317.029466
722	-310.935212	-327.441125
2210	-325.710772	-347.629313
779	-356.732185	-386.632865
2758	-309.696640	-332.229182
544	-340.643340	-490.791172
2164	-304.744503	-324.755491
3004	-288.652346	-315.507540
2865	-342.307696	-358.853515
34	-306.355655	-343.328125
970	-310.911364	-328.216317
155	-324.571682	-368.945973
1267	-341.841438	-362.956877
3213	-339.438949	-365.712240
1363	-355.525451	-369.606466
1387	-361.698635	-400.599421
3066	-345.688382	-362.751182
1810	-288.653294	-316.976320
413	-301.369263	-320.123258
1900	-309.689410	-330.814495
3224	-286.504546	-432.002055
365	-361.740208	-395.526987
2148	-309.718089	-329.138373
2851	-356.699504	-385.442826
2730	-286.492223	-433.626721
2187	-310.904927	-327.710778
3279	-356.732861	-385.785503
2281	-345.643890	-363.182963
1056	-271.618179	-299.016145
315	-302.472397	-338.914627
3067	-271.304881	-292.859424
3749	-249.363949	-392.867302
3668	-309.700336	-328.128908
2064	-309.687401	-330.267328
3486	-437.484875	-403.389573
879	-303.556846	-453.914209
2242	-362.870426	-382.438603
3452	-361.758902	-394.242871
755	-324.568345	-364.131718
2218	-325.756157	-347.361707
389	-271.336957	-294.132130
2154	-360.512793	-389.705270
378	-356.705084	-386.888993
2854	-325.810616	-349.770401
3153	-340.622406	-488.401523
2913	-361.630982	-394.400003
449	-325.753993	-347.947291
718	-392.601894	-403.710396
753	-361.710299	-401.213363
58	-304.683044	-327.189623
2398	-319.533364	-355.614635
213	-249.281074	-391.692823
214	-348.052027	-362.779409
1048	-286.495416	-432.005111
1358	-340.682075	-489.917016
2975	-345.579201	-358.795988
2929	-345.638912	-361.876655
2096	-345.661705	-361.110418
1517	-359.342366	-374.263369
3795	-310.908453	-328.171443
304	-322.464725	-349.808579
28	-324.630221	-360.945200
424	-309.717380	-329.087036
2472	-209.159302	-232.242692
2310	-338.194242	-350.256909
3405	-269.206920	-312.121251
1192	-326.947461	-344.434893
263	-341.853650	-360.092453
372	-337.283890	-348.654014
1809	-324.559733	-356.761529
1713	-323.381747	-356.777144
1335	-283.156647	-300.424386
3195	-274.982322	-294.928104
639	-270.405973	-322.753163
2726	-324.475651	-359.702480
2970	-339.501361	-364.279656
1527	-271.621836	-298.107224
2946	-345.649552	-364.671971
1401	-307.265351	-455.516300
629	-309.712115	-327.626965
3638	-306.320806	-343.099735
2833	-248.375248	-289.809997
3136	-340.660061	-488.825602
1515	-360.502298	-392.125042
1433	-325.729800	-346.891841
1369	-392.662003	-404.238338
1173	-344.465017	-492.741883
3257	-308.472221	-329.592518
3774	-305.130184	-325.435535
901	-270.446915	-313.071396
3418	-308.467120	-327.950177
2229	-319.560814	-358.239714
2300	-453.655583	-460.487240
2114	-307.528446	-345.232276
1071	-360.495618	-391.374961
3152	-335.591582	-361.299017
3148	-324.567513	-364.690991
2403	-326.955365	-344.305072
3921	-343.218379	-367.144902
455	-340.664551	-490.912474
1686	-288.648208	-317.625841
3957	-307.291354	-455.017613
1390	-340.660793	-486.142601
786	-307.544728	-343.853336
521	-262.065493	-273.905678
161	-285.276468	-318.220482
3431	-323.229212	-355.423129
1366	-345.633122	-358.330306
1638	-344.481904	-491.424962
2236	-235.698987	-260.424128
2857	-362.899149	-382.508303
2476	-346.865438	-365.423210
3854	-346.867382	-365.706600
1879	-288.594527	-317.943999
3530	-309.739069	-329.867790
425	-289.769718	-310.631190
3990	-303.459637	-453.450993
2473	-324.497671	-359.535690
3494	-324.573795	-361.524441
2752	-381.632242	-525.240795
2926	-320.764569	-354.587097
3678	-285.255880	-316.774728
3305	-310.955141	-328.384553
2764	-195.179738	-325.952003
2134	-344.433965	-488.788093
2921	-310.904813	-327.417615
1854	-382.743932	-395.815204
3819	-397.692021	-424.743870
2919	-340.635773	-485.432418
2451	-359.328735	-375.065190
2706	-345.667357	-361.288986
227	-377.805829	-523.332332
740	-344.452972	-493.031451
3326	-381.616196	-523.241143
1967	-288.573475	-316.180551
2498	-288.539500	-315.481297
865	-304.728720	-324.164900
1908	-286.508233	-435.962636
2679	-312.130526	-328.418695
3508	-309.675176	-332.295219
3381	-309.731402	-329.527038
216	-307.283509	-454.661866
2813	-232.063900	-278.516036
2773	-325.684055	-347.138997
882	-169.557758	-170.011686
2600	-307.237880	-457.780636
1882	-273.764420	-294.512255
1474	-340.654517	-489.433348
2920	-326.952797	-343.796957
2725	-269.218553	-311.777234
895	-356.728690	-386.607700
1737	-323.398064	-359.854451
986	-347.459586	-373.307216
487	-307.223588	-453.815217
1914	-288.576123	-316.943214
710	-340.625597	-484.418380
3220	-273.806349	-294.930846
2592	-308.486071	-327.005011
3389	-309.689740	-330.034746
815	-285.324641	-318.212890
3608	-372.729173	-393.179535
1347	-359.361259	-373.386047
140	-309.676929	-330.312795
2185	-344.343476	-484.775953
3781	-274.984614	-294.793236
3017	-271.339346	-302.960143
1189	-287.322957	-326.994048
3681	-310.914919	-327.744456
3539	-324.625415	-360.484135
754	-361.718210	-396.995582
3139	-344.437158	-492.227289
689	-341.818686	-360.982571
767	-346.861463	-365.283550
3275	-308.757315	-331.608803
1389	-272.510742	-296.180264
3196	-297.530335	-316.686041
1323	-289.811983	-310.321902
2522	-307.545457	-344.720791
646	-323.641347	-470.614962
3044	-363.519194	-376.510981
2776	-313.573888	-326.343857
3075	-324.616343	-357.015568
811	-304.567859	-320.613271
990	-309.684377	-331.024171
3685	-381.602419	-527.081088
2370	-360.496984	-389.518730
2355	-336.816043	-481.550761
1757	-285.313612	-314.757452
2460	-345.631797	-359.044898
2953	-348.047609	-363.123406
1557	-322.456250	-350.376453
382	-344.494711	-493.113827
278	-397.667072	-424.009618
2748	-321.271406	-333.983414
2174	-324.606491	-363.353346
3357	-361.779217	-397.083453
3351	-285.306999	-316.273583
1901	-362.946498	-385.444731
694	-344.360007	-487.380111
774	-395.551843	-399.811319
126	-274.991042	-294.498937
1254	-325.753541	-347.619026
2161	-361.735863	-392.006730
1039	-360.575277	-389.072596
374	-372.796889	-394.456082
3709	-340.613243	-487.554319
523	-345.565792	-357.063265
3623	-341.892484	-357.165509
3750	-346.838572	-364.172130
1305	-319.621560	-353.699821
3718	-195.186772	-327.843735
3742	-271.272557	-292.977074
1723	-307.290176	-455.316907
364	-117.824798	-146.371068
532	-344.369744	-489.054096
2718	-382.782995	-393.698191
3654	-307.541973	-345.616985
1259	-288.590804	-316.253796
1404	-346.883049	-366.391496
1129	-340.618148	-494.145154
280	-271.324234	-302.225602
1924	-340.591587	-484.088869
997	-361.688335	-394.988865
1888	-276.201993	-297.123932
1200	-346.908492	-365.564788
177	-362.872710	-384.074548
435	-306.309029	-340.652582
297	-325.833945	-348.635747
3555	-360.547370	-390.820898
1823	-340.656176	-491.070234
344	-343.305175	-369.618787
2703	-309.722894	-328.898757
3969	-324.609784	-358.728493
2567	-320.795216	-352.294139
1542	-370.291993	-372.565080
1262	-356.712023	-385.748476
591	-325.760915	-349.189951
1451	-348.052763	-363.727956
421	-288.627624	-315.689980
3761	-352.866322	-381.858131
265	-236.916125	-260.683558
2049	-344.463291	-487.666928
130	-274.988525	-294.942091
2317	-308.503515	-327.996082
122	-339.419649	-365.844005
1052	-361.770383	-390.383829
1198	-308.449457	-330.985330
600	-268.859550	-302.825819
1961	-197.629416	-227.897494
936	-382.773457	-398.086934
3805	-309.680682	-330.711387
1834	-381.615289	-526.396933
2785	-310.915445	-327.804340
2820	-308.557865	-328.099400
1021	-232.328175	-375.063141
663	-323.347275	-360.019312
182	-324.474954	-356.819678
737	-336.836792	-484.288804
2803	-327.013853	-343.169207
1004	-355.416555	-369.893642
3286	-361.731914	-390.830206
2396	-307.546144	-345.619176
1507	-310.914024	-327.469853
2669	-309.763785	-330.381306
573	-286.504534	-434.285133
3896	-307.280331	-452.559196
1399	-341.826906	-363.804417
2502	-309.685960	-329.687523
2411	-193.075202	-226.797602
1352	-304.677606	-325.684769
894	-338.247875	-353.568751
1339	-285.316421	-317.070253
2858	-346.862070	-366.720130
3966	-376.570141	-395.624051
1449	-308.507220	-332.535574
3188	-325.807242	-348.607621
2166	-343.239068	-368.592495
2538	-344.417597	-494.753885
3042	-269.468415	-412.077010
3433	-308.465425	-332.417178
3035	-344.404557	-490.228125
720	-381.594735	-522.778100
2491	-381.634033	-523.649285
201	-308.561649	-329.524871
2245	-308.434866	-324.357387
891	-325.767721	-348.522144
3779	-308.476903	-328.598720
2924	-348.045292	-362.631087
617	-376.521083	-398.877284
502	-306.349558	-342.055767
3982	-324.592116	-355.833083
1601	-345.646864	-361.768273
3007	-319.573727	-357.343136
825	-340.536374	-487.945634
247	-304.688358	-330.508260
81	-318.390876	-336.820682
3385	-324.583090	-362.181602
1615	-287.344000	-317.549055
2843	-308.509454	-329.583178
3128	-341.867138	-359.946452
2541	-341.834413	-364.396339
2193	-383.976576	-401.326793
672	-345.661057	-360.512816
1567	-356.714706	-385.778023
1828	-284.993731	-309.443261
3242	-397.707881	-423.612553
1877	-287.407788	-330.105665
3686	-344.462681	-486.330465
3533	-232.036378	-279.255384
3640	-309.692577	-328.621956
1299	-348.043466	-362.875418
2077	-309.736028	-330.450574
2401	-263.280728	-279.970715
2399	-308.430606	-325.884183
1291	-285.276634	-317.224316
2704	-320.786981	-353.097208
1228	-345.640969	-360.581849
119	-327.012568	-343.571917
3473	-360.527434	-389.806406
2616	-272.542567	-294.733921
2881	-345.594203	-359.664864
3856	-306.313590	-340.936361
1617	-355.508183	-370.257694
2069	-346.855971	-366.034454
1119	-304.733360	-326.368986
595	-340.652012	-488.661100
3322	-272.536448	-296.406062
2132	-377.826580	-525.015516
3112	-327.021680	-343.723862
1290	-345.660459	-361.572213
788	-324.467888	-359.393701
222	-412.548009	-421.007869
1772	-361.717972	-390.570709
2168	-310.899911	-327.451411
679	-340.668108	-488.301047
2303	-309.719920	-331.123409
2065	-340.537496	-487.409946
1146	-339.465889	-364.149247
2997	-380.371074	-401.543152
3550	-341.825957	-362.309910
1315	-288.533780	-314.612894
1614	-325.736331	-349.780279
205	-269.465281	-414.001693
3249	-325.739818	-346.517651
1381	-303.795699	-341.447053
2629	-356.679047	-386.440934
1145	-312.129019	-327.234575
2511	-250.500016	-271.140050
1784	-324.497693	-359.818368
3442	-381.635659	-525.555530
457	-380.372151	-401.021183
1855	-360.497728	-388.587155
1391	-323.317575	-356.538812
2212	-346.837271	-365.020073
604	-320.777491	-355.332248
1416	-308.514570	-329.573147
146	-377.813815	-526.110234
3447	-270.389803	-309.530073
3029	-285.281493	-316.670869
2285	-340.578657	-484.684674
1935	-361.677841	-398.535296
2619	-326.939536	-344.149397
3090	-287.362939	-326.307764
2336	-344.433499	-493.148871
3893	-341.097446	-358.489432
1904	-304.752598	-326.867287
2681	-308.466840	-328.283187
1975	-341.829025	-364.510665
1639	-345.640072	-363.061846
2345	-342.329232	-358.387547
1804	-324.542706	-360.789995
3088	-308.459859	-323.747594
437	-309.705971	-328.614403
489	-356.745773	-386.683969
3926	-325.748612	-347.980767
2162	-340.613712	-486.047595
113	-360.478880	-390.814001
1825	-271.656372	-300.568391
703	-340.656580	-487.422530
475	-304.691568	-325.269575
2942	-325.778444	-350.124269
2578	-324.576080	-354.942443
2895	-273.764673	-294.978967
1104	-287.315479	-319.520176
3018	-345.638117	-361.721626
944	-320.766684	-352.144975
966	-339.467091	-367.011432
984	-248.443503	-289.713510
2640	-398.880824	-428.172063
3288	-348.045786	-362.101682
3667	-249.293044	-392.832048
3214	-344.426062	-493.394344
1762	-361.755551	-396.560479
1997	-271.666841	-299.218872
2238	-281.495234	-311.389823
906	-383.969892	-401.722676
159	-273.773408	-295.590597
1191	-360.510716	-392.368881
235	-270.375081	-309.985716
260	-359.369049	-373.299229
771	-346.903261	-364.942920
2021	-346.818246	-365.816867
3803	-287.351460	-319.911414
2464	-297.555801	-316.817419
3231	-380.446861	-399.637966
358	-272.544323	-297.337227
3456	-276.206318	-296.385410
1838	-356.685238	-385.684165
2314	-345.658870	-364.145002
2097	-345.639692	-358.214903
1476	-308.455419	-329.205369
1190	-377.830859	-518.586659
961	-326.950279	-344.489188
1223	-324.586663	-356.276880
3639	-345.680996	-364.716188
106	-362.952198	-385.105339
2663	-361.722327	-395.172399
3291	-362.911941	-383.660092
705	-362.953848	-385.069478
75	-381.566310	-521.953203
258	-371.546126	-382.004268
2784	-273.803873	-294.841611
419	-312.128001	-328.013145
446	-305.831164	-327.687945
3951	-326.977685	-344.007606
3440	-322.135917	-339.614052
3190	-232.325947	-376.718754
2481	-324.614891	-362.816062
1308	-341.814212	-359.223212
2495	-307.596472	-347.866776
1134	-343.068226	-361.411803
1687	-344.407598	-494.547560
139	-338.257996	-352.013688
3521	-342.324182	-359.578192
317	-325.797397	-348.842547
1154	-310.937644	-328.698259
2017	-310.940345	-329.234676
1367	-325.812267	-349.126677
1183	-325.750970	-349.198399
1028	-360.421732	-392.088479
2088	-362.871515	-383.804914
210	-362.938898	-383.892345
3545	-310.915918	-327.380516
1516	-249.358446	-391.488528
1570	-325.783642	-349.322578
1663	-232.351764	-373.129999
3140	-284.987905	-309.360717
3850	-308.528193	-325.034352
3816	-272.830720	-294.075129
2904	-302.545112	-340.727380
3134	-271.319942	-300.507147
2507	-291.014750	-308.211619
2661	-323.448833	-357.247492
1245	-310.907810	-328.637048
131	-345.603479	-358.660897
2273	-324.579188	-355.566475
1324	-270.399280	-322.055379
2917	-267.068488	-284.308102
3689	-308.467642	-328.821763
2628	-359.341296	-374.536374
1455	-381.570969	-519.675713
1424	-212.438188	-253.987152
657	-270.392759	-317.794378
1710	-361.726166	-393.354351
96	-375.359188	-385.772364
960	-310.940611	-329.694322
1776	-325.785476	-349.237545
434	-338.195462	-350.094313
253	-305.838224	-327.417517
1122	-345.601318	-360.601903
54	-195.186228	-326.990045
1127	-345.659797	-357.657724
2635	-323.324700	-358.751436
881	-234.470813	-265.817621
2763	-272.548325	-296.941423
1402	-286.203815	-327.025607
2330	-287.681216	-306.438914
2736	-310.922181	-327.225339
3824	-302.288055	-332.864465
3386	-309.684862	-329.845869
3345	-312.120708	-327.390703
239	-270.446608	-311.828598
2246	-287.318502	-318.354106
480	-325.760797	-348.099271
796	-344.453746	-488.800591
1831	-323.386306	-359.385364
490	-231.142581	-266.212507
533	-287.720383	-308.062710
39	-340.687222	-487.764166
3505	-274.983383	-295.062197
2343	-325.781464	-347.919251
3936	-326.951067	-343.879577
2289	-325.766945	-350.307320
19	-309.720734	-329.972356
697	-340.621200	-485.055300
2082	-302.567313	-339.244601
949	-344.463502	-491.820121
1524	-272.550818	-295.651438
3081	-302.557878	-338.754300
493	-336.819674	-483.353709
1545	-308.468255	-327.843842
1024	-302.535621	-338.423344
3698	-360.508088	-392.151560
2153	-309.673226	-329.620291
2454	-288.578155	-315.013942
964	-291.014970	-308.286677
468	-322.150234	-340.724273
1502	-340.679724	-488.728246
2376	-346.840597	-364.868789
1035	-284.385189	-304.667234
1513	-306.368494	-342.285876
2253	-325.818163	-349.296948
3830	-346.817778	-366.503845
1605	-345.703157	-361.790096
407	-287.508781	-324.048455
3647	-325.794522	-348.685751
2244	-414.351653	-426.308540
531	-226.107205	-247.280551
3366	-323.268818	-354.929083
1940	-334.429558	-347.641651
798	-208.842347	-239.047813
572	-356.752533	-386.858345
1326	-266.616319	-316.596400
883	-340.647778	-489.314261
2976	-356.737615	-385.364467
2869	-306.113519	-335.028332
3556	-276.202384	-296.529248
1786	-325.785038	-350.791110
2341	-377.784360	-526.251639
2453	-268.273240	-302.988406
70	-346.874234	-366.287676
1872	-272.566631	-294.147753
1780	-345.606551	-357.430651
3487	-210.101789	-240.765069
3684	-362.958208	-384.845010
2900	-272.554670	-297.298650
763	-308.429953	-326.252324
3072	-340.671263	-490.761074
3535	-323.235679	-356.322875
1005	-273.786179	-294.270261
1541	-310.912991	-328.802373
3778	-309.700675	-332.482923
2602	-345.645491	-363.089221
2033	-310.919833	-328.090217
2738	-324.555069	-363.433549
2540	-211.295796	-258.187203
3525	-340.662316	-487.594884
3600	-325.781571	-349.161084
1859	-324.577613	-368.465640
1206	-342.315546	-358.321818
3783	-310.912792	-328.175460
302	-340.632285	-486.197167
1236	-155.897345	-193.418059
2501	-232.377706	-376.285921
1153	-325.764669	-349.431506
3582	-344.436500	-493.078280
3905	-395.515911	-401.106090
178	-188.042067	-221.724732
3179	-270.408713	-317.085146
2906	-340.657508	-487.231929
3001	-270.386138	-314.198926
2030	-273.804223	-295.331427
1538	-348.050463	-362.005320
2550	-271.628346	-299.309433
1833	-302.579718	-338.988519
905	-360.513668	-391.001713
3636	-324.624318	-361.260313
3868	-360.526225	-391.336741
821	-307.566593	-348.392206
226	-360.556344	-391.497514
1503	-327.014214	-343.594558
3402	-234.522504	-266.580317
1444	-304.691748	-325.655292
246	-313.537245	-324.965125
3183	-345.642870	-362.427567
3021	-360.495540	-389.621377
3948	-340.614465	-485.482678
3688	-322.476720	-347.727004
3430	-341.828533	-359.338092
2933	-360.538112	-391.824112
748	-324.572987	-366.240875
1498	-340.654582	-487.433684
561	-264.226909	-288.071994
1595	-309.686571	-330.663830
1665	-336.802871	-484.231805
1227	-322.155306	-342.676894
2366	-286.466852	-432.528131
1356	-271.372094	-297.064107
721	-185.648533	-544.534228
411	-397.680771	-424.629761
3259	-359.368793	-373.444021
3956	-345.698757	-359.630024
3551	-345.646761	-361.975085
1778	-305.036659	-321.920353
993	-317.364547	-330.047536
2986	-340.629609	-487.014401
528	-288.538806	-315.267233
1397	-271.624640	-299.650471
2830	-325.800699	-349.822716
3488	-340.672417	-485.948753
2359	-360.468392	-390.921733
958	-302.599262	-337.315225
3547	-324.582904	-359.079208
2625	-291.021574	-306.606232
1628	-345.637174	-359.261666
1572	-322.170570	-340.032416
328	-310.911163	-328.127502
99	-336.813559	-481.763321
723	-361.717032	-402.227281
3910	-309.703111	-329.935071
2964	-362.945907	-384.602311
24	-345.608180	-359.245534
612	-397.697891	-424.904217
1329	-309.710338	-329.191610
2959	-289.795007	-310.208685
2535	-272.835594	-292.019006
2901	-318.323005	-336.478842
2709	-345.632155	-359.599072
1928	-326.927990	-344.439513
859	-308.468407	-333.444846
3101	-360.503577	-390.010205
3016	-309.730329	-328.728007
3577	-361.716705	-398.031316
3201	-346.845480	-364.529067
2739	-362.946034	-384.235496
898	-305.906901	-327.871940
2554	-345.649886	-362.060793
772	-381.599310	-520.676700
3475	-321.247305	-335.164703
3378	-325.831718	-348.894580
2337	-324.588418	-368.101738
2835	-362.925466	-382.123040
991	-345.602096	-360.280448
976	-382.776658	-400.155509
1509	-345.612220	-358.441863
1676	-296.285473	-315.715893
2870	-289.872470	-310.821719
1842	-362.894239	-382.008256
2731	-272.836211	-294.014159
2304	-286.431160	-431.593917
3777	-339.431092	-365.531860
2443	-288.547509	-315.597093
2133	-323.338627	-357.294374
3911	-345.639354	-357.583335
1452	-308.467331	-323.997554
644	-376.595314	-399.526966
1149	-325.796862	-348.967504
33	-264.504487	-296.892276
1765	-285.335887	-316.415447
914	-361.707841	-396.831748
2035	-249.294409	-393.622612
3069	-346.878430	-366.119098
1255	-381.635881	-523.669372
872	-309.711438	-328.276192
1418	-325.725274	-348.092431
3054	-269.129580	-306.417644
511	-320.778636	-359.013143
2654	-304.679740	-326.131681
926	-345.680086	-359.316866
2234	-272.580839	-294.594262
744	-249.332005	-395.005834
3278	-298.952950	-342.196581
3061	-392.552088	-403.107572
3138	-345.651520	-356.522586
2972	-320.764992	-354.240042
251	-265.386781	-307.544832
1941	-286.206129	-327.535492
384	-343.291812	-368.111616
2767	-340.635968	-486.095327
1714	-132.718150	-163.075649
2332	-342.335241	-357.547168
2875	-344.475122	-490.331900
298	-377.795528	-527.660693
2006	-339.486095	-365.491294
1726	-381.506605	-522.711448
90	-327.017113	-342.634671
3019	-301.357437	-320.295681
1073	-233.249538	-283.531022
3267	-320.776472	-355.564910
3221	-308.477915	-329.010828
985	-320.770329	-356.295780
686	-391.370332	-397.878737
1675	-271.277972	-295.581761
3890	-341.849730	-361.087938
65	-312.125621	-328.079947
3472	-340.657197	-484.898887
2856	-376.586976	-397.000458
2327	-381.624797	-529.840686
3421	-324.571081	-356.536843
3952	-269.175627	-306.510941
3337	-286.438448	-433.479423
309	-309.718312	-330.269081
845	-40.478930	-17.658125
474	-281.476832	-311.355057
190	-354.290746	-364.205063
61	-308.462933	-332.136764
1099	-231.975652	-272.745772
1518	-309.683200	-331.434132
2489	-250.583259	-279.378190
1330	-324.575010	-358.134229
1263	-345.642008	-358.650278
1912	-310.915653	-328.403328
3271	-454.878708	-474.651500
3070	-281.491976	-312.726071
1913	-310.912131	-328.488618
3026	-250.478855	-272.693337
1938	-341.826148	-364.028397
1212	-304.733723	-325.782021
1927	-361.739999	-402.929549
2633	-324.627681	-355.766563
3827	-270.435807	-308.409554
801	-273.763117	-294.713542
2338	-268.888303	-305.385261
760	-324.605411	-363.579246
2223	-288.657055	-317.559167
2346	-310.909551	-327.606914
599	-343.312201	-367.446250
447	-271.627826	-299.490162
1361	-346.840635	-365.146204
632	-361.705069	-396.175332
622	-341.886905	-358.074891
1013	-271.300649	-293.408980
1531	-345.640098	-360.583967
1485	-309.731369	-329.263454
292	-308.517192	-328.996745
768	-193.039603	-227.758138
3126	-360.523204	-393.026620
2992	-343.202564	-368.233962
318	-310.954514	-328.888208
2762	-306.370119	-342.184108
1334	-273.765782	-294.335249
2740	-360.536920	-388.502052
2582	-320.773768	-351.348742
1353	-359.297643	-374.162961
3151	-362.873906	-382.514287
3809	-310.902628	-327.674306
983	-341.851447	-358.057503
1526	-269.267574	-307.413626
2255	-360.513163	-390.085058
3715	-381.567301	-523.618034
608	-309.688960	-329.655134
2319	-271.316064	-301.009476
3939	-317.386479	-329.957842
72	-325.720699	-348.513069
3576	-325.729906	-350.408499
117	-211.295163	-259.573589
209	-308.493663	-324.840403
2151	-289.802108	-310.341765
1965	-288.555445	-314.539575
483	-309.705795	-329.231668
1438	-356.728392	-386.291254
1755	-304.686811	-324.675750
3762	-351.646368	-366.455146
1775	-306.353871	-341.554869
194	-308.496245	-333.440056
2951	-308.569129	-329.523012
1946	-346.841836	-364.695236
2042	-232.364952	-374.101784
1350	-343.076530	-361.329979
1491	-344.421383	-495.538206
3975	-309.693760	-332.847525
3611	-324.577560	-353.556698
2954	-305.915530	-328.585873
240	-286.517094	-432.697008
530	-360.503506	-390.909558
3416	-320.770681	-354.355789
1899	-308.478846	-327.650090
1373	-324.557383	-361.091210
3010	-361.720579	-397.890859
1018	-354.272548	-365.644638
174	-229.928448	-252.478835
2984	-362.935648	-383.858612
1523	-340.646229	-484.825874
393	-323.334482	-357.484692
2939	-352.864008	-383.016476
1821	-308.473320	-323.836568
670	-324.618078	-355.715547
12	-377.816587	-524.413059
2793	-306.384286	-344.670122
1803	-270.394458	-308.776466
2056	-325.729141	-348.964541
797	-278.075775	-293.248936
3553	-346.830674	-364.410611
1656	-323.352987	-356.558711
1956	-308.461475	-329.276423
3254	-287.469473	-332.097645
1242	-308.508254	-332.467127
841	-361.736259	-392.634514
211	-357.939331	-391.794318
3187	-272.591906	-297.183181
3263	-285.326726	-314.899769
2496	-326.954795	-343.690479
1612	-310.902795	-328.589978
3846	-318.393987	-336.818791
2555	-287.427764	-337.157220
2524	-392.642251	-403.670108
3113	-324.531139	-362.696417
761	-312.126820	-328.720994
1844	-325.808754	-348.858006
2910	-307.536915	-350.273850
1917	-325.790782	-348.344008
30	-325.717105	-348.185526
151	-270.397623	-309.093265
404	-324.595399	-362.810955
467	-273.793804	-294.486037
2599	-355.457663	-369.914343
2437	-356.692640	-385.375403
3082	-272.586248	-295.898417
687	-346.841762	-364.895454
1988	-312.124451	-328.919312
1805	-344.380468	-490.082755
1644	-325.774769	-348.043362
3209	-346.834502	-364.826734
3039	-341.851538	-357.819242
2988	-310.923406	-327.257121
3665	-323.329494	-356.428469
1511	-271.315027	-304.285974
3800	-346.862839	-363.349281
2416	-344.406447	-490.467808
1764	-304.725676	-323.808462
3147	-338.530072	-354.451249
2360	-340.636727	-487.538403
1469	-324.444698	-355.892184
3065	-344.486202	-489.173202
2581	-234.469389	-266.376076
1	-360.499843	-392.245468
2525	-324.569051	-366.006444
2664	-348.047695	-363.123026
80	-392.672883	-403.468825
2940	-339.418028	-365.961906
3653	-309.763576	-330.690164
1488	-320.766344	-351.432311
1933	-270.396100	-317.488723
665	-288.571762	-315.127992
14	-302.238859	-332.456734
1064	-276.202311	-294.419847
1651	-273.809498	-294.939786
623	-265.457424	-304.668770
243	-323.389193	-359.493704
3225	-362.875945	-382.161704
3656	-310.918831	-327.856583
3679	-320.794248	-351.996175
3589	-324.543443	-366.861411
2844	-301.377995	-320.250781
2735	-309.690179	-331.927447
1496	-268.248371	-302.777424
3116	-312.128429	-328.121386
1647	-343.242553	-369.039510
3713	-325.748400	-348.932551
2384	-281.469893	-311.428952
93	-340.615011	-484.342108
661	-335.635079	-361.071959
3376	-273.775510	-295.389543
3913	-308.551230	-326.539707
728	-309.678404	-328.491499
2179	-361.698233	-397.371167
1492	-310.927319	-328.017381
2580	-309.722373	-331.741476
3707	-271.620156	-298.649881
3578	-286.432515	-433.923026
3524	-308.455477	-330.250545
1415	-338.156727	-350.096156
141	-287.734664	-308.879375
3169	-310.902849	-327.504844
2510	-325.797299	-349.614487
2068	-308.471269	-327.966227
1788	-345.646841	-364.115647
3567	-309.693494	-332.865662
1678	-310.955296	-328.397347
2795	-379.572458	-389.527544
3439	-301.389192	-320.134707
2225	-324.612179	-362.889112
420	-362.950092	-383.831307
402	-312.124533	-328.615297
3032	-360.508895	-393.869625
2971	-312.131841	-327.935821
2311	-193.034988	-226.272174
546	-306.365166	-341.377743
2024	-306.349032	-343.442928
2318	-348.039301	-363.750516
1006	-336.843788	-482.950608
620	-346.820834	-365.727992
638	-345.695868	-363.117047
1159	-325.779568	-349.513971
3392	-361.774979	-400.319469
904	-345.608456	-368.796597
3858	-308.459001	-328.078177
668	-267.103350	-284.252102
408	-208.863267	-236.771355
3380	-345.606939	-359.155703
3912	-308.435951	-326.570203
3813	-340.620847	-484.999593
3361	-324.558989	-358.384648
1744	-288.535621	-314.657793
2373	-302.564379	-339.495130
2339	-326.954728	-344.211320
3924	-270.393737	-306.019444
3436	-361.762744	-402.243669
2127	-308.519863	-333.092356
1072	-272.554773	-297.072780
1890	-371.608385	-383.546778
2001	-346.833365	-365.555018
1760	-326.940002	-343.894022
988	-341.827199	-365.215188
1748	-288.688929	-315.281517
688	-324.491475	-361.685741
466	-382.782183	-398.649613
1584	-251.727102	-274.023946
2918	-271.326117	-301.470034
2778	-325.711441	-347.975314
2892	-325.728271	-347.602526
1100	-380.373569	-400.802435
2518	-360.566272	-390.648988
2950	-360.498298	-391.172143
1564	-288.555332	-314.539196
3661	-287.358011	-325.695871
1544	-324.594826	-364.133503
138	-362.875317	-384.230687
3898	-356.700248	-385.304534
524	-308.507004	-333.147905
2400	-345.592410	-359.276514
458	-340.699868	-490.392292
2031	-269.170061	-309.465829
2814	-325.804528	-348.991679
3063	-317.413890	-329.770895
1354	-382.790027	-399.765888
2258	-303.453218	-453.204886
515	-287.727890	-308.431092
1556	-340.659506	-489.368869
2590	-340.650928	-494.661030
3771	-309.655144	-331.592834
3706	-345.687338	-363.562097
893	-232.317400	-374.343551
1700	-320.782427	-355.086921
2757	-346.855643	-366.257928
1396	-346.886411	-365.579754
1555	-324.529724	-364.431026
3479	-265.289023	-304.301370
2949	-346.838702	-364.842069
2266	-289.766576	-310.710582
1281	-308.457113	-324.936258
2863	-287.423372	-331.591515
2222	-340.678668	-489.397574
3048	-381.616883	-526.241595
3571	-309.676719	-329.978908
1222	-325.805865	-348.511235
417	-344.440065	-493.668550
27	-324.573866	-363.250457
158	-308.540079	-326.931230
1984	-287.441165	-321.633634
1001	-304.724431	-323.958010
3167	-309.688639	-329.349719
3192	-313.554802	-326.294968
51	-283.168740	-301.065300
1375	-345.645053	-360.192945
2202	-324.602888	-365.258694
831	-346.867207	-366.143861
1945	-361.754136	-394.859612
1077	-326.938562	-344.020857
3009	-307.265383	-455.727187
167	-310.912077	-328.082600
1311	-288.545722	-314.253689
330	-286.408473	-431.851510
3901	-346.822424	-365.912776
2638	-309.688194	-331.189311
2312	-344.416076	-490.183088
3078	-383.966179	-400.312224
2371	-307.253245	-454.721253
999	-308.512721	-325.145191
2839	-362.930315	-382.671257
1395	-375.348487	-385.838404
1112	-287.644079	-306.996334
368	-345.595021	-365.460537
1297	-345.621773	-368.667253
2556	-321.958604	-348.304211
3097	-309.716094	-329.226062
3191	-284.360325	-304.783761
1014	-301.385442	-320.264169
1955	-339.498757	-364.322753
3772	-356.752251	-386.714549
1059	-303.436180	-449.244346
2579	-273.765811	-295.321387
2115	-266.626759	-313.417321
176	-308.554162	-329.086286
3717	-275.014300	-294.557440
2432	-274.987245	-294.223137
367	-360.491873	-388.808773
1177	-325.808092	-349.390684
1770	-309.719198	-330.337440
1943	-325.729335	-347.701441
325	-345.637577	-361.856169
2916	-340.655601	-491.523926
3594	-272.544482	-297.776504
173	-396.486463	-408.576115
3676	-346.840522	-364.414996
3701	-248.211932	-282.440233
943	-303.497783	-450.054494
1434	-344.482088	-489.837670
3330	-323.360126	-358.421959
1685	-338.273553	-351.218123
3544	-312.133269	-328.494254
1915	-361.705669	-398.576937
3238	-340.667053	-485.638804
764	-233.560626	-259.599419
3129	-361.692023	-393.835638
3832	-346.836423	-365.635194
1824	-336.855265	-483.373050
3023	-323.343769	-359.845127
3379	-273.761967	-294.808394
465	-266.553159	-308.743890
1979	-308.462923	-327.806501
3869	-324.525580	-366.342619
1841	-325.788368	-349.935214
345	-309.704732	-328.465270
829	-310.909285	-327.806113
3984	-344.418857	-489.244468
1331	-310.941319	-327.615779
3365	-396.458774	-407.282204
95	-351.666551	-366.362304
1745	-264.171923	-290.401575
3557	-344.382663	-487.867407
2012	-382.788561	-400.547714
3336	-308.477672	-325.423899
273	-323.312375	-357.049838
2216	-308.505718	-327.203070
1949	-340.674935	-491.585967
1752	-296.265627	-315.828986
224	-324.628594	-365.104954
2306	-287.354343	-325.493647
2344	-305.915175	-328.292459
3622	-304.726439	-323.963535
2677	-309.684577	-330.134182
2647	-262.017735	-273.465109
2100	-343.199390	-368.598193
838	-361.709679	-392.161992
3429	-274.987297	-294.670785
2745	-322.118085	-341.785364
3323	-232.335768	-377.091757
2350	-341.853951	-361.506261
2407	-377.829134	-519.982742
2683	-309.686061	-329.301028
3785	-348.045948	-363.058805
834	-346.828689	-365.601023
2169	-356.733974	-385.763139
1309	-287.723848	-307.054296
1268	-344.411146	-489.106456
3096	-338.175960	-350.182580
941	-340.652570	-485.702808
2615	-360.501085	-393.069122
1558	-270.389386	-304.113374
870	-345.646965	-360.056330
1677	-344.412416	-487.001411
947	-322.454079	-349.454265
3978	-282.861121	-293.467430
3396	-273.815873	-294.418699
847	-324.608363	-358.089973
2557	-273.774103	-295.712217
2945	-307.281910	-459.344150
1613	-346.890723	-366.289736
3848	-324.564634	-359.793171
1062	-324.496997	-359.237515
613	-309.689486	-330.523512
3808	-345.614760	-365.114144
306	-307.335530	-453.428687
3962	-341.865856	-358.820030
2099	-288.573876	-315.020707
3268	-324.562156	-360.556833
2005	-305.155985	-324.847311
1171	-325.721867	-349.190898
2448	-346.833271	-367.033906
3700	-361.717469	-394.868956
675	-346.827397	-365.996956
3977	-288.552886	-314.915395
354	-285.174014	-316.121018
2530	-345.673444	-365.758647
980	-356.743821	-388.928009
2996	-324.566568	-368.388993
281	-322.479769	-350.403087
3744	-339.414779	-363.753656
3156	-362.941094	-383.923439
2118	-324.560961	-365.876051
1422	-361.728608	-397.406340
3658	-309.682445	-329.944561
2165	-319.567241	-353.933479
430	-307.543210	-346.947909
3865	-362.899954	-382.363151
91	-275.011437	-294.792315
148	-345.629933	-358.704936
2111	-348.048744	-362.302015
2000	-309.736479	-330.240938
1573	-233.255259	-278.117670
3810	-372.726782	-393.711780
3835	-309.693085	-330.273914
562	-456.105229	-466.599167
2137	-324.588239	-367.661564
1863	-381.631601	-523.012626
1843	-362.899677	-383.888432
2405	-318.344936	-336.516936
103	-291.024232	-308.041385
607	-301.373496	-320.180557
2960	-271.360631	-297.097861
2039	-360.553317	-389.125151
3875	-309.655400	-330.379148
1629	-272.526778	-295.038517
229	-361.648305	-396.618199
3855	-304.746925	-325.406017
1203	-261.802956	-303.335727
3189	-324.510378	-358.505441
2632	-306.344083	-339.566583
1286	-310.906869	-328.638117
2219	-265.437885	-304.719826
1822	-344.395150	-489.863165
1829	-382.804482	-398.327791
20	-270.370102	-302.445468
3712	-300.148891	-321.764674
584	-309.681686	-332.254559
282	-325.714378	-349.226723
2046	-286.493052	-433.771042
1672	-336.831068	-482.626235
57	-345.635513	-359.604655
3124	-308.562031	-328.155055
2362	-305.134491	-324.378106
3306	-361.650084	-399.127801
918	-310.917344	-327.736914
529	-309.725786	-330.636917
569	-376.620836	-397.566434
3241	-319.515995	-351.880473
3968	-287.425634	-330.373853
3064	-326.983087	-343.218132
807	-340.681309	-488.409918
1023	-309.663477	-330.935287
2041	-346.821470	-365.358239
77	-348.062001	-362.367232
1721	-339.479764	-365.861700
145	-310.929561	-327.671415
287	-307.560718	-341.394623
2819	-360.551444	-389.112430
3933	-307.569255	-339.073851
3946	-286.438084	-434.747306
2659	-324.461004	-357.124648
1420	-286.516174	-435.663157
3462	-272.538255	-294.952689
642	-234.476516	-269.628424
650	-193.034094	-228.457004
877	-359.317823	-374.430929
946	-324.577279	-370.341596
2188	-288.690060	-315.869926
1884	-307.577822	-352.204692
3008	-323.359336	-358.252737
3630	-287.660591	-308.700471
513	-355.518342	-369.627988
456	-336.811524	-485.845496
885	-324.623780	-359.136044
3891	-346.821929	-365.138942
175	-361.754326	-401.278543
2267	-291.016020	-306.919736
864	-323.337623	-357.426702
2013	-343.195410	-369.022939
1699	-272.541597	-297.851432
3976	-273.765901	-294.651264
1144	-264.255612	-287.548087
3121	-344.419977	-493.236008
3083	-381.591448	-520.678542
2002	-286.504040	-435.230711
1990	-281.482892	-311.876036
85	-272.550580	-298.583144
1857	-307.540766	-343.680010
44	-309.735489	-331.445183
1948	-195.158734	-329.400922
560	-344.385047	-486.572559
2073	-345.600119	-362.231822
1118	-306.032266	-337.322562
3677	-307.571921	-347.553862
1903	-309.678054	-329.979666
2320	-362.876210	-385.080603
3597	-360.539435	-391.473536
724	-320.775720	-357.544357
3733	-309.678068	-328.938668
1787	-325.795649	-347.462185
2147	-382.781806	-403.619359
2279	-309.711101	-328.901426
2351	-304.614169	-321.219228
937	-306.397642	-342.985306
630	-273.762561	-294.479494
277	-302.288351	-332.522043
234	-308.467880	-331.371430
2184	-360.501473	-392.336093
2586	-191.810916	-224.113421
2283	-231.111403	-269.455634
3871	-346.859809	-366.582457
541	-325.714161	-347.432457
968	-308.470667	-324.283243
910	-270.384937	-305.239596
3154	-309.714008	-329.607256
1783	-320.761312	-352.775169
1293	-271.369084	-295.348403
3184	-308.439671	-324.788088
1246	-318.406529	-337.000968
360	-346.890881	-364.497787
2604	-304.743934	-323.936549
3649	-343.292778	-368.778183
587	-307.283919	-453.083332
1169	-346.819305	-365.353799
1310	-307.529289	-344.226932
2808	-340.646073	-490.136647
3470	-416.814878	-435.785301
2074	-285.300440	-317.547430
1624	-340.670034	-488.446983
2859	-362.909074	-383.888721
2861	-288.654312	-317.552533
2387	-391.391111	-399.483681
3068	-306.015194	-334.875632
129	-308.512092	-328.320856
824	-310.952875	-327.679057
2799	-340.702898	-488.182106
3194	-301.367422	-320.201764
2707	-310.915408	-327.878803
2087	-286.484121	-434.513632
805	-309.658574	-329.956580
2846	-273.780933	-294.473266
3843	-309.717869	-331.328051
577	-343.087962	-363.148670
664	-335.632054	-363.583690
2425	-322.435505	-349.471169
1164	-340.611734	-485.326602
2409	-324.595526	-361.790492
3753	-271.652242	-298.650135
445	-319.610687	-353.810587
1662	-377.834156	-524.633390
2710	-361.773017	-390.571033
71	-346.864282	-363.130019
1252	-301.395982	-320.474342
3457	-324.559213	-357.753784
559	-362.935404	-384.714158
1158	-268.251114	-300.136844
1038	-267.106213	-282.898334
3687	-325.793945	-349.388877
1722	-362.946707	-384.251421
3586	-287.506415	-325.271003
733	-345.660927	-361.839710
1654	-360.518768	-388.668394
1751	-339.469166	-366.396969
3908	-272.847530	-293.147043
1571	-470.915515	-490.291509
547	-360.540793	-388.230847
1892	-382.805933	-398.098378
3388	-271.606364	-297.775399
708	-306.313133	-339.371648
2107	-325.766177	-349.754879
1384	-361.755719	-402.932758
2141	-307.287454	-459.554791
3673	-309.691463	-330.967389
2072	-344.431636	-489.788143
3541	-379.527167	-389.336514
1868	-326.949224	-344.368358
1876	-251.732828	-274.861553
1372	-381.574124	-523.122673
1905	-231.145151	-269.440220
659	-326.976670	-343.883352
448	-346.831139	-366.232124
1186	-359.296697	-374.437648
648	-287.422111	-333.167079
3674	-309.731169	-330.666130
873	-273.763068	-295.822645
67	-172.006141	-200.483353
691	-361.734668	-395.140109
202	-226.160842	-244.585078
363	-320.778723	-354.811920
1410	-273.759553	-294.711981
1808	-356.676972	-385.725388
208	-270.399081	-310.601224
2648	-325.728744	-349.568892
1499	-320.779994	-351.281239
1458	-288.648179	-315.917669
3925	-325.718488	-349.183592
1761	-376.622507	-398.378576
3162	-324.546164	-360.981561
3	-346.838279	-365.056492
261	-310.905322	-329.272133
463	-309.715058	-328.420164
856	-324.568212	-362.168776
1547	-335.613384	-360.757208
1602	-318.339586	-339.070552
2682	-324.528297	-366.645079
47	-247.225618	-272.398475
3669	-285.267165	-316.230486
1015	-344.454928	-493.106348
1128	-361.695007	-398.792325
2023	-317.402836	-330.444624
3720	-308.561301	-328.981130
1522	-324.485746	-356.044536
3419	-335.590859	-361.062192
2697	-360.495788	-389.695038
537	-361.731930	-393.438288
2891	-308.511094	-326.593670
2569	-281.476967	-310.329396
3086	-360.507527	-391.377138
1033	-339.482903	-365.092403
2877	-324.556404	-363.794478
1193	-324.550139	-363.904851
861	-360.488871	-392.475828
770	-381.612946	-526.025916
2486	-307.239887	-458.075774
336	-308.524858	-325.494344
1220	-325.800532	-348.640132
1709	-326.941251	-344.036472
1237	-360.542541	-390.757747
1131	-324.580815	-361.659924
1652	-301.316399	-319.467696
2043	-344.484341	-491.054828
2032	-287.663174	-308.195593
874	-271.611192	-297.054926
851	-270.117027	-413.770443
2728	-304.742823	-324.875784
3812	-271.623066	-298.532686
816	-356.748545	-385.835888
3909	-310.945132	-328.558431
2526	-340.601771	-489.324294
3887	-242.196351	-263.710288
2003	-324.579943	-357.792642
1020	-303.566436	-456.232694
3155	-376.605641	-397.818563
1865	-345.609914	-360.288078
3046	-322.057728	-340.884451
2138	-340.684371	-484.088093
2482	-268.321270	-301.283164
1501	-288.653529	-316.676114
3277	-354.254979	-363.035316
1690	-339.426816	-364.514036
2504	-325.805550	-348.530097
1011	-310.942660	-327.994107
2775	-382.812383	-396.057369
3618	-309.731536	-329.293369
3725	-309.710255	-328.577061
2209	-382.781841	-395.498975
254	-285.284456	-316.863386
2978	-340.669862	-485.586754
1386	-362.967171	-384.985593
2809	-344.506029	-490.627089
626	-288.653249	-316.569063
371	-380.374978	-400.533630
1036	-340.609236	-488.560799
1271	-310.902165	-328.944115
1533	-309.671865	-329.825453
931	-361.763293	-398.130924
1114	-302.353948	-333.389729
1007	-235.694216	-261.491027
2415	-340.676441	-488.260046
2821	-308.511516	-326.874366
3087	-392.563319	-403.141061
756	-325.798888	-348.472612
582	-325.833302	-348.847741
1182	-304.738393	-322.804952
3986	-355.516778	-369.798317
76	-325.685245	-348.704680
3738	-274.982053	-294.781710
1043	-324.605875	-365.635886
684	-361.753989	-394.797314
2938	-346.875201	-366.165258
2251	-430.448052	-289.728933
965	-323.329385	-356.103031
464	-324.485629	-358.257592
3548	-79.764152	-160.762306
2893	-274.985796	-294.617209
1320	-340.656628	-486.611626
412	-372.768039	-393.454439
3012	-276.205920	-298.662972
1495	-286.516879	-435.992846
762	-346.863396	-363.678386
320	-232.333410	-374.626291
32	-287.509315	-327.762432
314	-233.255379	-279.857333
1720	-309.692095	-329.571949
2071	-246.029150	-266.603032
3100	-361.716824	-399.973214
2177	-346.868453	-365.792662
2804	-344.433943	-489.667112
49	-396.507540	-407.300426
2007	-308.499105	-330.281253
2568	-325.718022	-347.502931
1107	-267.060326	-285.007267
3500	-323.345473	-362.232792
3620	-359.351415	-373.670634
3114	-309.692389	-330.863832
1600	-249.301818	-392.117822
3360	-382.810709	-396.185071
2104	-379.006904	-392.588958
1929	-324.551800	-365.316080
3182	-287.440436	-341.177647
1047	-346.836177	-365.331242
107	-307.580090	-347.801672
97	-286.495035	-433.455543
1535	-324.463541	-358.532885
1891	-323.382399	-357.696103
3474	-309.730988	-328.922165
3427	-325.793904	-350.161433
307	-302.239101	-332.480760
2608	-306.369631	-342.710611
1278	-362.942040	-384.757634
2624	-309.699280	-333.088471
2022	-344.425164	-493.173370
3451	-319.606765	-354.127762
2826	-308.764658	-333.726908
3131	-303.560907	-455.006940
3696	-308.474441	-327.190323
2143	-288.628466	-315.095361
3055	-285.313284	-317.473150
1520	-309.728493	-330.267887
1916	-360.557411	-388.599575
125	-228.992613	-251.414100
1214	-341.865386	-358.493326
2824	-304.720708	-323.320850
3412	-335.628480	-360.430804
3300	-344.499155	-494.083422
29	-344.425700	-488.203770
104	-360.574432	-388.888398
3710	-308.565933	-328.154991
3250	-360.517106	-390.622456
2086	-308.486338	-324.504828
2719	-286.477365	-431.771248
1032	-346.816694	-366.247090
975	-357.171724	-361.120797
2565	-345.591597	-361.496078
1885	-345.647670	-361.562061
667	-360.533083	-390.649505
3185	-348.053386	-363.399154
3181	-307.209274	-453.861411
3722	-308.759135	-331.861745
79	-324.605178	-366.165661
3796	-341.875439	-358.938428
2909	-361.687451	-397.151068
26	-301.359287	-319.684174
2788	-345.596027	-364.521852
1716	-325.784331	-347.759848
3222	-344.494043	-491.687784
2369	-273.760271	-294.403816
1736	-273.764207	-294.791141
2264	-346.831590	-366.355107
631	-371.449232	-381.636480
2908	-271.620997	-298.086578
2459	-273.761223	-295.532394
2467	-325.805017	-348.373574
1735	-320.791360	-355.691294
183	-362.962787	-383.477585
2598	-308.508949	-325.080482
3690	-346.829378	-365.449095
1116	-356.691214	-386.231678
2751	-273.787799	-294.163885
1471	-346.857623	-365.735287
2091	-346.904050	-363.997239
1793	-325.725688	-347.974217
38	-309.736982	-330.101079
1693	-234.474613	-266.916977
1398	-234.469383	-267.135907
2519	-323.585680	-471.576941
3584	-281.484877	-313.460947
2674	-342.352279	-356.639609
869	-327.026488	-342.912523
2295	-305.898313	-328.067167
2570	-324.626187	-359.767118
223	-339.501781	-365.291818
2224	-307.568767	-340.263328
3458	-345.693035	-361.530075
746	-273.802095	-294.839305
1147	-304.755780	-325.528305
593	-303.525517	-454.007578
2054	-302.588564	-338.840256
2577	-381.600777	-526.419798
1377	-325.768959	-349.736686
3387	-309.727603	-330.960584
2135	-346.861074	-364.401000
92	-301.343578	-319.852562
2771	-310.910278	-328.478561
2691	-308.505543	-334.627061
3441	-372.686714	-393.821191
1715	-286.486570	-434.489067
2079	-363.517297	-376.588899
3695	-309.651827	-329.672897
1657	-338.273162	-351.026063
3614	-288.627505	-316.287888
1374	-322.175807	-341.609144
1598	-308.471397	-328.875138
1270	-307.571937	-358.418994
603	-346.867624	-365.388947
2109	-321.219665	-334.336744
1010	-340.666160	-485.513488
2912	-346.883119	-365.371433
554	-340.688787	-488.996999
2081	-273.775864	-294.882581
3091	-341.869641	-357.966408
2834	-325.699665	-348.082285
2572	-360.495461	-393.150800
2084	-361.708021	-405.111620
3633	-380.412093	-401.029502
405	-273.804251	-295.507515
2546	-248.018573	-280.856954
1045	-344.449852	-498.142118
3897	-324.519277	-366.943061
950	-324.580266	-361.866502
3466	-325.794624	-350.171941
1640	-304.583737	-323.415696
2744	-288.573110	-314.401875
2092	-288.572051	-315.387462
2732	-324.579850	-364.145620
2781	-288.581699	-315.829253
3307	-318.647923	-347.019407
2249	-392.653825	-403.934288
3172	-274.982310	-294.863354
3315	-269.176979	-309.355849
1631	-345.642285	-359.951858
3574	-398.876124	-432.171805
2349	-301.357553	-319.699756
3329	-310.909123	-327.862213
1767	-285.277900	-318.306495
1120	-353.283458	-356.135211
1392	-353.321142	-355.415539
3449	-297.510804	-316.139891
3787	-381.580675	-528.096255
3944	-381.563295	-522.903573
2269	-308.452310	-324.040852
3631	-303.560350	-455.590469
3914	-325.805781	-348.906853
808	-320.774349	-353.410467
3563	-227.798785	-232.371428
1919	-407.364323	-400.806973
2566	-346.832253	-366.088525
1440	-270.441325	-310.745493
2591	-325.773278	-350.349897
1002	-287.689262	-308.457918
2206	-312.126404	-328.281743
2998	-246.027383	-268.349799
3211	-310.908555	-328.435092
1528	-360.446475	-390.770593
908	-310.911406	-328.685429
1619	-340.600021	-486.106424
2479	-271.622821	-298.585109
2406	-306.386594	-341.311030
2639	-302.580808	-339.289440
830	-320.767103	-356.716168
2641	-270.394309	-306.367219
652	-345.620593	-359.300704
1405	-361.711854	-402.414547
3093	-334.424572	-347.508126
198	-303.934323	-323.723573
1216	-308.465534	-325.256007
3483	-308.500974	-325.913775
2347	-308.476587	-332.050069
147	-345.615452	-361.461476
1590	-344.415609	-488.242003
3864	-288.639421	-315.854896
3573	-325.730390	-348.569092
3031	-270.411205	-302.424382
2121	-324.619773	-371.504857
2966	-308.428791	-325.107314
2270	-355.497046	-369.930809
2395	-297.523583	-316.747296
1860	-308.507458	-325.853755
1442	-308.465594	-332.559852
11	-356.688211	-386.821876
2469	-270.392444	-303.937805
3144	-308.472241	-325.038318
3716	-361.720799	-395.460665
1608	-361.758032	-393.399162
1235	-265.447270	-304.342314
1403	-308.462299	-330.445356
2601	-333.464063	-344.922314
3561	-343.190300	-367.018889
1034	-356.732791	-386.541353
2660	-307.582044	-346.901779
3215	-320.793270	-356.573152
2898	-310.940190	-327.229378
2342	-309.680487	-331.004686
2837	-325.730097	-348.817242
1095	-324.603415	-368.006786
2811	-326.944158	-344.058711
3059	-363.508158	-377.028481
2183	-339.459869	-364.900897
3266	-287.736841	-311.727545
742	-272.588370	-295.193027
745	-344.464270	-488.599690
191	-307.610450	-342.084191
3204	-306.313706	-345.417584
3011	-310.902708	-328.327309
510	-234.491176	-266.796755
82	-309.701458	-329.119661
3424	-348.051118	-362.337860
2890	-309.738198	-332.113797
2119	-323.665987	-475.709965
2589	-361.718361	-392.467447
3319	-376.604793	-396.925393
301	-324.570823	-354.107324
478	-119.052475	-165.278413
696	-356.709466	-386.912869
160	-309.685140	-331.470643
3988	-309.707600	-329.553895
700	-310.938181	-327.895141
1670	-269.230258	-310.222050
2840	-284.048718	-300.722912
179	-362.928160	-382.476747
3448	-324.634377	-361.798874
3417	-354.292460	-364.251427
2551	-325.792606	-349.589857
3311	-344.433172	-496.452832
2313	-312.122262	-327.729549
1092	-360.552974	-390.740449
565	-356.730212	-388.452127
100	-361.702143	-399.469053
369	-361.733362	-393.065791
400	-376.570473	-398.099309
2948	-382.790431	-400.245357
2672	-355.556836	-369.880636
2505	-344.440744	-491.078165
3902	-382.757521	-397.830352
3228	-381.648857	-524.464128
313	-361.721849	-394.013548
3280	-344.483775	-492.413406
2666	-303.423742	-447.662399
2155	-343.243883	-371.885399
2907	-344.466563	-491.818778
897	-345.659998	-363.879677
1671	-309.708282	-329.177730
1288	-324.635136	-359.500015
3043	-196.405320	-225.044858
2089	-308.469081	-330.412107
471	-324.532283	-365.288412
775	-344.469204	-486.278144
2123	-327.010026	-343.006674
2228	-308.518356	-330.610398
992	-377.811306	-526.907372
2410	-361.673369	-397.332204
899	-321.230055	-334.603786
3529	-341.843027	-362.016453
2250	-339.462492	-366.458096
115	-356.682218	-385.705150
921	-325.682121	-349.131629
2260	-271.351786	-302.413233
2055	-304.724717	-323.300402
2455	-344.431301	-492.724414
3150	-310.942587	-327.711006
971	-324.624537	-358.786565
2932	-285.320198	-316.386335
3935	-289.875063	-309.647741
781	-362.918463	-384.311577
1003	-308.516378	-327.193833
2075	-345.606444	-360.541764
472	-273.761356	-294.443221
3094	-324.601619	-359.694672
2509	-344.380267	-487.401404
427	-382.798099	-395.442400
2941	-340.635024	-487.773966
2418	-304.734646	-326.018770
3833	-324.559324	-359.016091
1371	-288.596392	-317.497844
381	-341.835557	-360.577433
1799	-346.861635	-365.735833
2727	-271.330291	-301.661775
169	-309.688569	-328.732177
2497	-325.763216	-348.353636
1294	-345.612830	-361.838685
2296	-309.691365	-329.069035
2713	-310.904631	-329.342294
2149	-341.878745	-358.426255
1750	-287.645651	-305.590662
443	-325.754109	-348.565349
3057	-301.381127	-320.108858
3503	-266.630629	-310.569751
1167	-309.729139	-330.655598
1446	-319.575102	-354.684394
362	-289.871990	-310.910022
602	-275.010289	-294.239134
308	-303.428586	-446.954554
3173	-325.791830	-350.856671
866	-340.620625	-493.714486
3857	-340.686134	-488.826407
3444	-289.794376	-310.506759
1336	-334.362330	-346.520647
2333	-338.234590	-351.240428
2015	-308.518276	-331.098924
3355	-345.648365	-359.291910
2221	-308.512137	-327.070324
2574	-273.812881	-294.784527
3199	-273.811544	-294.716307
2323	-310.954565	-327.928411
2394	-355.446449	-369.849632
3450	-382.824468	-395.713534
256	-308.741915	-330.346046
331	-309.734363	-329.877897
2968	-310.909942	-328.676341
2783	-272.537685	-295.353297
1314	-324.460304	-356.122377
3006	-308.470648	-329.505357
641	-322.439472	-347.685136
3404	-309.733988	-330.374619
10	-344.512001	-491.233211
1419	-344.350927	-486.213614
907	-381.607752	-526.849546
1126	-270.392715	-312.776596
2404	-323.340989	-356.778399
2715	-345.709596	-361.709876
3052	-291.017787	-307.306341
398	-345.636145	-359.256458
2711	-322.460671	-350.286907
3604	-273.812100	-294.428016
259	-309.735245	-329.760374
350	-320.793580	-350.938933
3906	-309.685651	-330.242890
2383	-324.593866	-360.167324
3702	-362.951503	-381.176922
3820	-340.655117	-485.393716
3193	-320.725883	-363.404854
2852	-274.986857	-294.181978
833	-325.761605	-350.511030
1582	-361.735290	-395.259096
1711	-345.611239	-358.518327
2934	-324.462733	-354.687417
2847	-307.566260	-343.204061
1175	-361.742598	-396.601599
590	-346.857871	-363.370981
886	-304.728323	-323.830800
2765	-381.546975	-525.717333
2876	-360.574465	-389.144384
2435	-229.013797	-251.646551
3814	-361.745554	-405.822802
3212	-360.575745	-391.362972
3160	-362.937857	-382.251301
2623	-235.700285	-260.483010
479	-77.308427	-420.317075
3554	-309.689751	-330.080650
346	-307.586014	-352.291783
809	-361.738091	-392.390380
3645	-304.681903	-324.917234
2722	-344.423318	-492.772553
2028	-346.821466	-364.995973
3098	-345.658421	-359.036698
2516	-309.661518	-330.441873
2126	-270.399529	-308.941750
1727	-324.606977	-357.203981
3788	-361.725962	-394.607020
2397	-308.772292	-334.704246
1031	-304.643927	-321.661666
3885	-304.728655	-325.282819
1801	-301.335636	-319.588739
2702	-309.685148	-328.428446
1041	-371.504707	-381.970812
621	-310.899323	-328.139304
3115	-340.620294	-489.035369
2093	-324.473588	-358.908417
1365	-361.755045	-396.858703
3460	-288.678290	-317.886112
2888	-361.704536	-395.946194
3408	-287.661454	-308.712496
526	-344.430692	-491.118345
3650	-382.756764	-397.022856
1224	-308.420805	-324.244360
2607	-275.007113	-294.446150
2374	-285.279236	-315.605242
3514	-340.654233	-485.869794
220	-276.205821	-298.495124
2116	-340.646768	-485.535978
1653	-157.116735	-209.894589
2368	-325.804686	-349.046405
1049	-323.336196	-357.738331
2445	-324.576679	-363.621087
2145	-346.844016	-364.671933
3227	-348.043668	-363.653505
2822	-310.902197	-329.951645
2045	-324.495988	-363.480848
896	-323.312767	-357.428338
255	-309.672030	-330.127247
3480	-286.460642	-435.677336
1468	-345.650338	-361.709642
3506	-320.804155	-351.914499
2609	-322.351046	-350.028869
567	-339.489014	-365.079000
707	-381.585428	-524.733664
2626	-305.900638	-328.744964
1057	-391.518453	-400.006807
678	-308.506580	-327.946228
1156	-154.972731	-181.175662
1208	-345.608535	-359.601392
3309	-274.989422	-294.314878
1317	-344.393241	-483.683825
164	-340.675814	-485.592676
1406	-375.394844	-386.687959
3917	-274.985822	-294.762279
1137	-271.622539	-298.183562
1411	-327.023352	-343.857849
832	-308.470270	-328.440489
790	-341.836780	-359.455002
2529	-229.969129	-247.982128
1637	-343.503600	-375.901143
3916	-273.810780	-294.602460
3123	-309.702150	-328.736561
1019	-327.016183	-343.628208
3546	-233.219124	-271.968656
380	-307.581989	-347.472173
3245	-327.024699	-343.796794
3899	-337.265273	-352.698472
2170	-274.987123	-294.430607
2864	-340.658990	-487.764326
3443	-346.866543	-366.005421
3511	-324.552260	-360.007490
1951	-317.408548	-330.430255
1457	-288.573089	-314.470741
3691	-352.852117	-382.366642
3085	-322.130736	-343.827869
580	-360.537290	-389.844194
3435	-361.728293	-400.222220
2798	-307.259167	-457.020133
1669	-287.426878	-329.401469
279	-306.012858	-334.626522
3592	-323.367866	-357.574818
1589	-324.608694	-359.957112
2061	-345.638357	-361.198464
2195	-289.873479	-311.666691
339	-356.705991	-385.915504
3735	-360.522940	-393.251779
3723	-345.597175	-365.432489
1795	-356.736238	-385.674234
186	-340.606711	-487.766683
3590	-340.660106	-484.297586
143	-302.355005	-334.001440
3393	-359.297522	-374.229340
525	-273.812813	-294.826617
3180	-323.669200	-469.481620
1009	-266.763445	-289.770721
3340	-229.879598	-249.076064
1247	-325.770105	-349.380129
3335	-275.020322	-294.363638
3478	-343.296547	-369.369189
3664	-269.219315	-310.386723
3186	-346.829695	-364.894895
1782	-308.555419	-328.599621
519	-309.687078	-332.439036
289	-321.949791	-347.078232
1217	-325.773675	-348.548202
518	-289.791234	-311.453671
2424	-273.764093	-295.016271
2689	-309.673807	-331.075272
878	-308.466070	-332.231317
3205	-341.842686	-359.201607
3226	-339.491316	-364.743316
2884	-324.471313	-356.338527
3342	-153.787612	-184.441522
1816	-344.357220	-487.836445
2750	-268.301176	-301.560202
690	-375.420808	-385.344118
3955	-323.391458	-358.123926
952	-325.717725	-348.607631
1583	-345.655509	-359.611992
2146	-310.932540	-329.046811
3591	-273.762889	-296.153531
3133	-356.679691	-385.467249
2810	-273.763107	-296.405054
2974	-396.486691	-408.286809
242	-340.623533	-485.304014
2692	-356.663387	-385.870054
512	-346.861026	-365.667619
2208	-286.486509	-432.029726
142	-307.594137	-345.662917
1779	-288.583563	-315.521971
185	-361.726913	-388.615761
2587	-376.609234	-396.014961
1475	-362.957353	-383.723508
3338	-308.466631	-327.866278
3276	-344.508729	-493.853252
1606	-308.462382	-324.760149
3932	-360.472117	-389.339907
2583	-346.859078	-364.345469
2293	-269.216495	-312.058605
22	-324.575190	-361.977660
1012	-266.609146	-312.482395
3747	-324.521162	-355.337462
2053	-320.769272	-355.773171
1142	-309.702591	-328.948087
2113	-344.391557	-497.158234
2160	-345.674929	-365.767953
1585	-360.545832	-393.298668
476	-397.686127	-424.136350
2500	-286.498235	-437.492354
1088	-291.017433	-308.028958
1244	-345.616998	-363.750708
1674	-360.499243	-389.849581
902	-310.940195	-329.405859
3248	-322.477268	-350.302051
2544	-381.632480	-524.840392
1936	-360.564423	-389.319477
3754	-324.570035	-361.575067
1178	-382.751729	-399.349508
199	-309.673895	-330.102592
399	-304.735224	-327.652469
2354	-387.558484	-393.671006
1482	-312.132386	-327.997588
890	-344.458979	-492.170012
596	-325.754527	-349.419736
543	-310.937295	-327.836136
3930	-338.542975	-354.261449
3290	-341.859618	-357.371170
3200	-265.433051	-303.907155
2171	-359.346839	-373.470887
1953	-308.457242	-325.484010
218	-285.311823	-314.639497
935	-269.154939	-306.246048
3243	-377.816466	-525.461649
1976	-346.831692	-365.740925
2889	-341.871347	-357.633832
2103	-346.834331	-365.440392
550	-319.568017	-356.469714
1692	-362.862736	-382.627738
2897	-346.825923	-365.880629
2855	-268.917900	-305.724661
2980	-274.983908	-294.658323
2490	-343.078368	-361.345210
3522	-309.691414	-330.782744
3269	-381.624381	-526.061381
1895	-324.551432	-357.286138
300	-324.602433	-362.429730
1730	-345.663299	-357.688108
506	-234.516241	-266.346345
1140	-304.683966	-328.705667
2749	-340.645995	-484.031023
3235	-339.416290	-365.513093
1260	-270.417842	-305.185599
1742	-288.583008	-315.987413
2070	-114.483613	-513.660160
89	-249.259410	-394.886358
911	-356.711832	-386.900256
2993	-346.825502	-364.922928
715	-285.275928	-317.072723
2390	-270.097243	-414.113373
68	-286.519735	-436.975816
2923	-325.801905	-348.667034
3731	-310.913156	-327.346645
699	-307.243079	-454.921239
1303	-345.676156	-360.675778
1550	-301.345683	-322.297113
3484	-341.890999	-358.119404
1113	-234.484521	-267.193115
925	-307.567279	-351.321556
3991	-372.765028	-394.350599
3210	-336.808333	-485.192210
3465	-324.548021	-356.356777
862	-361.764434	-388.549537
3627	-323.347112	-357.232119
855	-271.614051	-299.067447
383	-361.702346	-402.266494
2334	-472.135006	-583.503604
2825	-360.576433	-388.652335
