no_training:3000	no_test:993file identifier	 training data
241	-309.718177
3416	-320.770681
1825	-271.656372
2241	-346.857051
2846	-273.780933
3287	-271.458576
3782	-262.035127
1121	-333.449362
1109	-333.411326
3520	-325.752207
150	-309.732713
882	-169.557758
468	-322.150234
1692	-362.862736
472	-273.761356
3848	-324.564634
1077	-326.938562
409	-306.383308
202	-226.160842
3959	-305.831035
47	-247.225618
3958	-291.015785
3130	-270.427802
1656	-323.352987
277	-302.288351
1808	-356.676972
3560	-286.463470
1151	-392.620909
144	-271.323089
2386	-352.829520
3092	-340.610697
831	-346.867207
178	-188.042067
434	-338.195462
3953	-325.792503
2811	-326.944158
784	-377.848074
2521	-361.728609
2856	-376.586976
411	-397.680771
1460	-309.684108
2915	-344.371144
1208	-345.608535
777	-307.544712
3180	-323.669200
2666	-303.423742
1173	-344.465017
2550	-271.628346
944	-320.766684
1458	-288.648179
1221	-344.436348
314	-233.255379
2966	-308.428791
3715	-381.567301
1445	-396.491525
2775	-382.812383
2954	-305.915530
3832	-346.836423
650	-193.034094
1092	-360.552974
1243	-323.582949
1970	-362.897428
3451	-319.606765
3559	-309.721434
2476	-346.865438
683	-348.060054
3242	-397.707881
1370	-242.180146
2682	-324.528297
2578	-324.576080
3592	-323.367866
2305	-376.633716
2928	-324.540084
1264	-324.536694
1189	-287.322957
3340	-229.879598
3700	-361.717469
1968	-324.538807
984	-248.443503
2639	-302.580808
1320	-340.656628
3665	-323.329494
764	-233.560626
2118	-324.560961
220	-276.205821
1621	-346.884834
2159	-324.581067
3453	-321.254976
2362	-305.134491
1655	-338.217210
2828	-232.030352
1665	-336.802871
3888	-323.359825
825	-340.536374
3556	-276.202384
3824	-302.288055
1212	-304.733723
3473	-360.527434
3723	-345.597175
3102	-310.903589
3836	-346.833711
2870	-289.872470
2771	-310.910278
3972	-359.339915
2673	-345.652182
1361	-346.840635
2269	-308.452310
3347	-286.510514
780	-308.769557
3237	-303.553222
2764	-195.179738
867	-283.179781
443	-325.754109
2127	-308.519863
3391	-306.403144
1204	-361.704371
1070	-361.752301
2875	-344.475122
3075	-324.616343
2757	-346.855643
1700	-320.782427
1567	-356.714706
1724	-381.594558
183	-362.962787
1990	-281.482892
812	-308.509197
2794	-304.681399
3291	-362.911941
1694	-273.743311
1140	-304.683966
305	-346.859213
1702	-251.727632
3370	-396.486664
1169	-346.819305
3547	-324.582904
106	-362.952198
3235	-339.416290
1209	-392.612820
1292	-323.652284
3985	-324.548763
2065	-340.537496
1432	-324.522792
2222	-340.678668
3614	-288.627505
1600	-249.301818
1404	-346.883049
3187	-272.591906
1508	-308.462196
1531	-345.640098
1537	-309.692993
970	-310.911364
3512	-340.641866
2570	-324.626187
2893	-274.985796
572	-356.752533
3112	-327.021680
3449	-297.510804
3988	-309.707600
3186	-346.829695
3714	-265.398572
478	-119.052475
931	-361.763293
3052	-291.017787
922	-272.844560
3179	-270.408713
206	-309.688611
783	-273.806375
1500	-345.609230
1200	-346.908492
3107	-281.504745
1950	-232.331230
3586	-287.506415
2435	-229.013797
504	-356.680129
1878	-346.819711
471	-324.532283
2332	-342.335241
2419	-287.353473
2938	-346.875201
1959	-324.603913
1856	-321.958301
1983	-320.792773
259	-309.735245
64	-362.945802
3533	-232.036378
2634	-326.927446
1126	-270.392715
3326	-381.616196
2611	-346.824672
2256	-303.503801
3913	-308.551230
3783	-310.912792
1137	-271.622539
2390	-270.097243
1620	-270.431243
2763	-272.548325
715	-285.275928
3432	-297.523580
2523	-344.512144
1833	-302.579718
1240	-310.907666
2769	-376.563238
2866	-344.431605
2867	-361.734339
3156	-362.941094
2883	-308.757991
1579	-288.589020
1039	-360.575277
2384	-281.469893
288	-355.557059
2066	-432.401755
1569	-234.503085
79	-324.605178
432	-344.390227
1114	-302.353948
320	-232.333410
1203	-261.802956
337	-312.123120
3352	-272.834623
3709	-340.613243
2905	-307.206439
2329	-324.557240
3454	-376.600944
3821	-308.427345
3056	-269.180682
3789	-273.762938
238	-233.253760
102	-307.230370
1716	-325.784331
1330	-324.575010
27	-324.573866
3754	-324.570035
886	-304.728323
2028	-346.821466
2525	-324.569051
2781	-288.581699
3021	-360.495540
3781	-274.984614
2683	-309.686061
1798	-312.126342
3175	-309.649998
2488	-363.508158
2968	-310.909942
1352	-304.677606
1943	-325.729335
3500	-323.345473
2249	-392.653825
1144	-264.255612
1135	-310.903412
3640	-309.692577
3583	-325.721011
154	-324.538764
429	-288.570364
3252	-340.610842
2101	-361.717364
1852	-309.685790
360	-346.890881
1491	-344.421383
3196	-297.530335
1882	-273.764420
3683	-308.510782
3842	-376.587741
1104	-287.315479
3208	-288.572843
866	-340.620625
35	-343.197784
3133	-356.679691
1431	-344.392695
103	-291.024232
3351	-285.306999
3529	-341.843027
2742	-348.048844
2077	-309.736028
2224	-307.568767
1164	-340.611734
555	-361.677945
2064	-309.687401
3070	-281.491976
549	-372.785072
2858	-346.862070
561	-264.226909
2777	-336.817321
2465	-339.464024
204	-287.353313
865	-304.728720
246	-313.537245
3361	-324.558989
1873	-346.842529
3475	-321.247305
3562	-360.524672
362	-289.871990
1774	-324.585556
1666	-289.872246
776	-325.781815
2108	-267.944278
3205	-341.842686
1480	-324.584824
3207	-355.520098
3309	-274.989422
2589	-361.718361
3109	-324.582824
3854	-346.867382
164	-340.675814
1497	-251.731545
3612	-309.738513
2767	-340.635968
1743	-346.856186
3792	-360.525610
901	-270.446915
2453	-268.273240
3128	-341.867138
2953	-348.047609
734	-233.242250
123	-269.263476
1510	-322.425235
659	-326.976670
1804	-324.542706
3271	-454.878708
2654	-304.679740
1228	-345.640969
2192	-307.232824
1283	-345.605635
3315	-269.176979
1941	-286.206129
615	-345.676743
2432	-274.987245
3510	-340.674744
6	-345.687671
1065	-360.485823
1834	-381.615289
209	-308.493663
2335	-346.825562
1190	-377.830859
3731	-310.913156
3545	-310.915918
2947	-355.510313
3227	-348.043668
1122	-345.601318
2495	-307.596472
670	-324.618078
390	-306.070291
3685	-381.602419
3726	-382.754967
3127	-327.010419
3311	-344.433172
1363	-355.525451
583	-285.016369
1928	-326.927990
972	-341.869909
3777	-339.431092
1557	-322.456250
954	-324.612244
3236	-310.912270
1286	-310.906869
2474	-357.944802
3374	-324.551244
3417	-354.292460
2304	-286.431160
2448	-346.833271
974	-303.468081
2158	-340.663379
2114	-307.528446
354	-285.174014
3817	-288.554600
3084	-325.781161
1239	-356.710448
1447	-469.758395
2078	-324.575989
1999	-233.547877
905	-360.513668
1472	-306.080007
2442	-345.636611
2117	-346.839895
3889	-360.533387
1956	-308.461475
3815	-288.574763
3071	-273.789182
1062	-324.496997
198	-303.934323
2209	-382.781841
446	-305.831164
3819	-397.692021
3445	-286.508374
3757	-281.482952
3859	-308.499978
1598	-308.471397
3411	-286.134060
3788	-361.725962
3986	-355.516778
1043	-324.605875
3746	-309.736797
1756	-326.935440
1486	-380.373644
2405	-318.344936
1174	-345.614442
2046	-286.493052
2527	-297.554699
3933	-307.569255
1942	-382.751274
3123	-309.702150
507	-309.697879
2690	-231.093096
827	-303.556664
167	-310.912077
2226	-276.206257
578	-382.825717
915	-304.734226
1269	-307.563525
1335	-283.156647
579	-281.480583
2408	-356.708234
3885	-304.728655
2418	-304.734646
3145	-324.570872
2022	-344.425164
2853	-325.794835
1947	-303.533559
3710	-308.565933
1815	-345.663783
417	-344.440065
1116	-356.691214
2019	-340.659620
3830	-346.817778
2250	-339.462492
564	-272.569586
502	-306.349558
641	-322.439472
2425	-322.435505
1921	-310.904960
1097	-325.784473
1061	-343.531666
2612	-345.627545
2456	-345.610758
596	-325.754527
2215	-289.795079
3025	-324.573338
57	-345.635513
3621	-346.815715
870	-345.646965
3288	-348.045786
1544	-324.594826
2208	-286.486509
2743	-234.516409
2940	-339.418028
830	-320.767103
2843	-308.509454
3185	-348.053386
2218	-325.756157
3611	-324.577560
3385	-324.583090
3742	-271.272557
2351	-304.614169
1848	-273.769835
279	-306.012858
3814	-361.745554
1738	-273.759338
3464	-234.470922
475	-304.691568
2153	-309.673226
3272	-173.147782
1791	-272.554824
2877	-324.556404
1536	-324.492974
1360	-362.941781
3444	-289.794376
1101	-307.244627
2017	-310.940345
1552	-346.865957
967	-372.742461
3884	-323.333263
1128	-361.695007
3838	-271.318933
2590	-340.650928
1563	-376.575382
3711	-303.469034
215	-356.645883
1175	-361.742598
2591	-325.773278
3876	-304.574737
1718	-356.706262
1750	-287.645651
2223	-288.657055
2266	-289.766576
3736	-355.517745
3166	-326.949535
869	-327.026488
1558	-270.389386
253	-305.838224
3401	-338.175569
1467	-345.613895
3991	-372.765028
3812	-271.623066
2801	-310.932716
3314	-305.846541
3212	-360.575745
3262	-235.693825
2985	-304.745635
1953	-308.457242
3204	-306.313706
2942	-325.778444
539	-341.886521
2789	-340.629283
1525	-345.608193
3320	-310.952127
2839	-362.930315
2129	-356.722498
3596	-285.328258
807	-340.681309
3136	-340.660061
1632	-340.673967
1930	-341.835805
1832	-309.737802
946	-324.577279
1186	-359.296697
3964	-336.853985
2951	-308.569129
53	-285.330157
3918	-289.794194
2872	-288.581144
176	-308.554162
1482	-312.132386
919	-272.589999
3666	-309.735874
1485	-309.731369
2484	-344.359905
3749	-249.363949
814	-308.509272
3977	-288.552886
3081	-302.557878
2564	-325.789398
3673	-309.691463
914	-361.707841
1136	-271.296056
1571	-470.915515
1837	-381.574917
1659	-487.002792
1961	-197.629416
2387	-391.391111
3706	-345.687338
1379	-325.731549
543	-310.937295
2377	-236.916033
681	-312.126544
1463	-362.938449
2566	-346.832253
1176	-288.584832
3518	-340.655390
510	-234.491176
1251	-322.482659
3869	-324.525580
3938	-345.645388
142	-307.594137
3875	-309.655400
3641	-360.485033
1277	-309.706892
2140	-325.715372
175	-361.754326
1255	-381.635881
469	-325.775843
2805	-272.587161
2245	-308.434866
3260	-345.595084
1653	-157.116735
3211	-310.908555
1198	-308.449457
580	-360.537290
278	-397.667072
2349	-301.357553
371	-380.374978
1362	-249.387499
3383	-360.602876
342	-323.351196
2882	-322.444150
588	-309.684571
899	-321.230055
740	-344.452972
1879	-288.594527
2380	-327.025010
676	-272.584377
2717	-309.726244
742	-272.588370
3174	-272.844804
2301	-324.616647
1739	-303.454720
2923	-325.801905
598	-193.088340
765	-317.447668
2900	-272.554670
2692	-356.663387
1412	-242.195730
3474	-309.730988
835	-320.740782
894	-338.247875
1870	-309.686187
1610	-196.406419
2819	-360.551444
18	-309.719641
925	-307.567279
755	-324.568345
3122	-232.329070
3914	-325.805781
489	-356.745773
1027	-360.529992
2599	-355.457663
989	-272.839582
1268	-344.411146
1997	-271.666841
773	-309.674485
3263	-285.326726
524	-308.507004
1863	-381.631601
756	-325.798888
2662	-345.635068
3355	-345.648365
2338	-268.888303
3803	-287.351460
3194	-301.367422
3881	-357.951284
1855	-360.497728
2201	-452.728039
3028	-346.861640
3514	-340.654233
986	-347.459586
1741	-345.629842
1797	-194.267232
1089	-344.451793
3820	-340.655117
3265	-324.569062
1713	-323.381747
1534	-340.632075
3525	-340.662316
2075	-345.606444
1130	-346.826923
3776	-320.773105
1831	-323.386306
3459	-346.831382
1427	-340.646339
2535	-272.835594
3058	-247.214450
813	-361.733052
3833	-324.559324
2033	-310.919833
2498	-288.539500
3576	-325.729906
1889	-361.731388
1098	-356.649302
1155	-272.838189
848	-309.744522
3952	-269.175627
180	-360.505528
2987	-271.618137
467	-273.793804
526	-344.430692
3422	-340.663929
3856	-306.313590
1603	-232.363630
574	-271.665153
3040	-360.506446
1078	-309.738888
1864	-312.133063
3724	-324.573480
3269	-381.624381
2184	-360.501473
2623	-235.700285
76	-325.685245
3735	-360.522940
2606	-323.344105
84	-345.610574
943	-303.497783
2368	-325.804686
1850	-323.407987
2635	-323.324700
647	-338.268974
24	-345.608180
2632	-306.344083
1876	-251.732828
3798	-310.941861
2739	-362.946034
2170	-274.987123
3793	-381.580932
2310	-338.194242
2493	-346.822460
3690	-346.829378
2834	-325.699665
523	-345.565792
28	-324.630221
1046	-271.618580
1744	-288.535621
663	-323.347275
2761	-309.696507
2404	-323.340989
2055	-304.724717
1397	-271.624640
1977	-312.131398
3727	-285.317454
3230	-344.454591
2452	-344.424745
2986	-340.629609
2259	-361.734611
430	-307.543210
1910	-326.978724
3031	-270.411205
327	-324.607903
42	-376.564691
1636	-233.551389
2109	-321.219665
2015	-308.518276
2509	-344.380267
2360	-340.636727
786	-307.544728
3890	-341.849730
1948	-195.158734
2638	-309.688194
96	-375.359188
2687	-377.816463
2807	-269.176124
3865	-362.899954
1380	-288.625728
2952	-308.511290
608	-309.688960
3648	-324.631468
1496	-268.248371
537	-361.731930
2920	-326.952797
2978	-340.669862
1914	-288.576123
1909	-345.630398
2376	-346.840597
1309	-287.723848
3297	-360.526636
3508	-309.675176
1222	-325.805865
2407	-377.829134
1764	-304.725676
1901	-362.946498
2459	-273.761223
1996	-356.687774
1336	-334.362330
3823	-303.527274
1234	-325.796704
1435	-193.963318
3627	-323.347112
2544	-381.632480
2291	-286.514923
2186	-320.782523
1076	-361.656187
3553	-346.830674
393	-323.334482
1649	-346.868661
2602	-345.645491
3509	-288.685117
1581	-345.660520
1146	-339.465889
221	-310.917273
1017	-308.419735
2120	-381.630205
1094	-304.696023
3542	-344.409533
1235	-265.447270
1776	-325.785476
97	-286.495035
597	-309.683901
2045	-324.495988
2659	-324.461004
494	-345.611057
2402	-235.696227
3024	-251.729571
3610	-360.476593
404	-324.595399
193	-307.285557
1423	-344.413850
2195	-289.873479
173	-396.486463
625	-308.514390
2685	-344.426408
1386	-362.967171
3280	-344.483775
1526	-269.267574
1639	-345.640072
1009	-266.763445
2713	-310.904631
2151	-289.802108
248	-339.489875
717	-380.401348
3992	-319.576017
1178	-382.751729
55	-335.683118
2457	-382.757134
2171	-359.346839
184	-322.436757
3240	-338.234966
2596	-339.467484
3329	-310.909123
21	-278.059333
1414	-377.797879
3597	-360.539435
2832	-250.585843
3372	-309.705858
2886	-324.530742
210	-362.938898
1623	-229.615446
568	-303.458583
3674	-309.731169
8	-272.545439
691	-361.734668
32	-287.509315
1229	-288.582662
2104	-379.006904
1527	-271.621836
948	-336.827390
518	-289.791234
863	-285.288405
100	-361.702143
3931	-288.683173
3010	-361.720579
2348	-285.253877
2702	-309.685148
3857	-340.686134
2290	-343.224836
672	-345.661057
3965	-273.764529
3765	-453.654335
2463	-288.576502
1806	-324.610229
3758	-272.557350
2961	-348.061993
3108	-361.653332
2744	-288.573110
1591	-249.397368
3807	-361.706503
3053	-490.831786
231	-346.860243
2397	-308.772292
46	-372.766726
1711	-345.611239
3942	-287.507193
1935	-361.677841
410	-325.835955
2696	-353.269456
2277	-383.973315
1285	-346.860450
2458	-361.683558
619	-325.787161
1300	-324.595031
54	-195.186228
2475	-381.524347
2661	-323.448833
3852	-361.710525
93	-340.615011
2137	-324.588239
3882	-194.261089
448	-346.831139
3580	-345.661657
2082	-302.567313
885	-324.623780
3734	-326.940196
2554	-345.649886
3773	-345.602641
1145	-312.129019
437	-309.705971
94	-362.955075
3860	-308.505267
2043	-344.484341
2268	-302.558547
661	-335.635079
3279	-356.732861
3293	-360.535142
803	-325.789564
1034	-356.732791
2074	-285.300440
1925	-309.677276
62	-309.677968
708	-306.313133
2604	-304.743934
358	-272.544323
1469	-324.444698
3989	-272.542369
1542	-370.291993
1642	-344.345376
2964	-362.945907
904	-345.608456
1357	-375.307060
956	-230.183076
1605	-345.703157
1773	-304.696646
375	-346.857432
3439	-301.389192
3548	-79.764152
450	-235.729507
3521	-342.324182
3954	-271.611366
460	-360.488733
2510	-325.797299
245	-340.656722
1588	-323.678800
2808	-340.646073
3209	-346.834502
3768	-227.338075
1052	-361.770383
1597	-336.805704
2416	-344.406447
2136	-263.278851
1522	-324.485746
2221	-308.512137
573	-286.504534
1420	-286.516174
3135	-272.569212
1784	-324.497693
3389	-309.689740
2621	-305.145002
815	-285.324641
1315	-288.533780
1854	-382.743932
1516	-249.358446
937	-306.397642
1514	-320.781098
287	-307.560718
2450	-312.124760
703	-340.656580
190	-354.290746
3282	-362.972786
1499	-320.779994
1498	-340.654582
137	-287.440932
3013	-346.883127
1972	-233.542445
302	-340.632285
2174	-324.606491
1449	-308.507220
2004	-346.839235
129	-308.512092
1839	-355.496901
950	-324.580266
1250	-309.686189
2891	-308.511094
570	-275.012535
1143	-367.635675
3966	-376.570141
1685	-338.273553
2146	-310.932540
1408	-379.527030
2738	-324.555069
945	-264.243028
871	-309.680919
1142	-309.702591
1986	-344.459234
67	-172.006141
303	-375.328197
2092	-288.572051
2778	-325.711441
900	-288.561991
3327	-348.059242
219	-307.221351
3310	-309.721850
1877	-287.407788
590	-346.857871
720	-381.594735
2588	-376.538277
85	-272.550580
3605	-372.755216
2157	-309.686797
2896	-356.725069
3138	-345.651520
713	-308.484017
569	-376.620836
338	-272.544500
3418	-308.467120
87	-490.834069
286	-324.563745
1041	-371.504707
1929	-324.551800
3974	-323.433262
1230	-323.396217
1376	-348.053064
2134	-344.433965
834	-346.828689
1081	-310.912796
744	-249.332005
2020	-272.514099
138	-362.875317
3677	-307.571921
400	-376.570473
932	-361.764881
3598	-340.671493
2024	-306.349032
2876	-360.574465
2477	-360.539944
873	-273.763068
1233	-265.440660
525	-273.812813
1519	-352.874613
1369	-392.662003
1897	-197.629387
1257	-346.855622
1871	-306.406578
911	-356.711832
3506	-320.804155
896	-323.312767
2833	-248.375248
3167	-309.688639
3686	-344.462681
735	-309.716570
1869	-269.207716
226	-360.556344
3939	-317.386479
2732	-324.579850
3582	-344.436500
636	-382.818623
1373	-324.557383
2688	-284.964138
1795	-356.736238
86	-190.624631
26	-301.359287
3537	-346.860694
166	-325.729970
2663	-361.722327
907	-381.607752
840	-289.871520
3094	-324.601619
1875	-242.186010
2469	-270.392444
3251	-306.056425
3479	-265.289023
2071	-246.029150
3630	-287.660591
1014	-301.385442
3916	-273.810780
3912	-308.435951
422	-288.692943
1905	-231.145151
1899	-308.478846
3637	-309.764115
3392	-361.774979
701	-265.396194
3429	-274.987297
473	-346.828378
3570	-272.514475
3794	-317.361117
536	-323.348544
851	-270.117027
2194	-273.757530
1657	-338.273162
1757	-285.313612
3498	-381.585231
3476	-304.737418
2172	-308.472272
2443	-288.547509
356	-372.741729
1001	-304.724431
1249	-272.543724
2367	-361.723620
1192	-326.947461
2193	-383.976576
3082	-272.586248
3982	-324.592116
1388	-250.583643
1818	-371.535911
1976	-346.831692
1306	-288.682324
1280	-356.683566
3423	-308.555641
585	-229.918003
3943	-376.602183
2076	-274.982287
3550	-341.825957
3017	-271.339346
1244	-345.616998
3228	-381.648857
224	-324.628594
1312	-381.612501
15	-288.542593
1978	-281.485530
2350	-341.853951
1177	-325.808092
3378	-325.831718
3634	-340.646592
440	-307.226474
2489	-250.583259
2355	-336.816043
3284	-343.290242
3740	-356.684693
1962	-382.756724
2148	-309.718089
1940	-334.429558
3255	-345.578846
898	-305.906901
1730	-345.663299
599	-343.312201
2617	-248.151318
318	-310.954514
546	-306.365166
2281	-345.643890
1328	-376.531779
2800	-287.478272
1419	-344.350927
545	-356.698773
2559	-319.571638
1036	-340.609236
973	-325.790444
1556	-340.659506
3600	-325.781571
760	-324.605411
627	-359.304956
1725	-360.495137
2433	-324.552283
1273	-355.513035
1152	-308.448572
2626	-305.900638
1515	-360.502298
3990	-303.459637
1493	-335.643923
1207	-324.584396
263	-341.853650
1337	-286.498779
3027	-336.811099
2616	-272.542567
3106	-273.735646
1012	-266.609146
2580	-309.722373
1611	-348.044714
3602	-361.683811
811	-304.567859
503	-355.514134
1916	-360.557411
1256	-312.119596
3772	-356.752251
988	-341.827199
233	-301.382062
634	-154.960361
3441	-372.686714
553	-271.666055
1495	-286.516879
820	-326.934229
638	-345.695868
731	-355.501990
3639	-345.680996
3688	-322.476720
361	-376.622353
2517	-308.462063
3157	-335.619981
685	-320.029854
1981	-306.313924
1153	-325.764669
1858	-343.238086
2025	-249.363808
1678	-310.955296
2760	-155.908941
781	-362.918463
1051	-346.860404
3696	-308.474441
2982	-325.722723
2197	-309.684327
2363	-324.610150
3753	-271.652242
1399	-341.826906
2205	-318.391203
1826	-285.242094
1761	-376.622507
2182	-340.610000
655	-325.771459
1913	-310.912131
609	-377.817369
2793	-306.384286
1323	-289.811983
3281	-309.716743
3606	-310.906553
3874	-323.344889
3756	-326.943546
1614	-325.736331
1828	-284.993731
2972	-320.764992
2421	-249.395323
2232	-56.525887
2116	-340.646768
3903	-340.636306
547	-360.540793
431	-361.712798
521	-262.065493
2032	-287.663174
766	-312.133805
143	-302.355005
3497	-392.627857
39	-340.687222
3419	-335.590859
2984	-362.935648
3486	-437.484875
2560	-339.452794
987	-273.765811
3379	-273.761967
1327	-320.768458
416	-271.318448
1954	-226.144377
1459	-306.320451
2921	-310.904813
3828	-288.650589
258	-371.546126
629	-309.712115
2890	-309.738198
1468	-345.650338
344	-343.305175
3649	-343.292778
2762	-306.370119
122	-339.419649
2515	-323.341413
2909	-361.687451
3879	-339.483894
211	-357.939331
1745	-264.171923
3328	-324.549529
3318	-308.513124
3561	-343.190300
436	-360.521191
1992	-325.723538
761	-312.126820
491	-287.737498
1054	-323.427722
2573	-307.303421
3987	-324.506120
1587	-322.133444
2049	-344.463291
1492	-310.927319
298	-377.795528
938	-331.411639
3203	-308.459279
711	-341.849127
3590	-340.660106
260	-359.369049
2779	-381.606362
1906	-324.613156
2011	-270.099401
3626	-310.902465
3275	-308.757315
746	-273.802095
3907	-291.017966
3099	-324.530718
3337	-286.438448
1823	-340.656176
3286	-361.731914
2552	-340.624424
1274	-309.686648
3111	-318.340705
1802	-361.715983
1995	-362.946041
2105	-335.635972
488	-346.861837
819	-276.204532
1634	-324.563073
1671	-309.708282
2156	-346.827596
205	-269.465281
3341	-291.021228
3894	-322.469844
923	-322.135797
1150	-308.551121
2089	-308.469081
3704	-348.035847
1090	-272.500426
1005	-273.786179
2091	-346.904050
2441	-310.909223
1225	-196.409349
191	-307.610450
2973	-324.604156
2323	-310.954565
2358	-322.169697
884	-276.202586
208	-270.399081
2379	-361.769162
3153	-340.622406
294	-308.506421
1444	-304.691748
512	-346.861026
283	-355.460155
2530	-345.673444
2545	-324.614082
3462	-272.538255
3000	-309.688191
3846	-318.393987
962	-376.587043
2592	-308.486071
1662	-377.834156
2562	-375.357530
3863	-346.804974
3067	-271.304881
1025	-324.520219
151	-270.397623
380	-307.581989
2850	-288.580309
413	-301.369263
3267	-320.776472
1794	-325.712420
1583	-345.655509
3585	-308.497008
3900	-308.465445
3578	-286.432515
3909	-310.945132
2755	-381.595252
2649	-381.581036
3044	-363.519194
3699	-355.497878
463	-309.715058
3679	-320.794248
2504	-325.805550
2694	-317.396153
1149	-325.796862
2374	-285.279236
3750	-346.838572
3276	-344.508729
757	-345.678211
1602	-318.339586
3467	-308.494487
2347	-308.476587
1720	-309.692095
2021	-346.818246
1965	-288.555445
1517	-359.342366
3780	-323.320574
3692	-281.505078
1742	-288.583008
447	-271.627826
3223	-341.794931
3171	-345.599912
1341	-301.373831
1697	-345.613396
1219	-306.334850
577	-343.087962
3551	-345.646761
952	-325.717725
2785	-310.915445
1487	-345.665813
3032	-360.508895
3038	-288.542113
148	-345.629933
406	-359.295180
2149	-341.878745
2267	-291.016020
2646	-325.800095
847	-324.608363
1780	-345.606551
1722	-362.946707
2610	-309.711468
2353	-281.504579
3066	-345.688382
2999	-307.237456
875	-376.554863
369	-361.733362
2878	-285.336744
1236	-155.897345
2703	-309.722894
2712	-274.985024
782	-361.678341
3359	-325.733758
1629	-272.526778
3804	-324.573632
31	-359.310420
9	-344.468531
3062	-381.573048
3851	-326.998454
993	-317.364547
1853	-359.314227
2507	-291.014750
2912	-346.883119
1861	-235.696852
3118	-236.917873
2820	-308.557865
2916	-340.655601
3786	-308.759185
3813	-340.620847
1063	-265.440996
682	-302.303791
3601	-308.749822
3870	-345.605387
3350	-339.431591
741	-344.434318
2007	-308.499105
3366	-323.268818
2160	-345.674929
156	-288.654408
3682	-291.017820
3086	-360.507527
2119	-323.665987
3113	-324.531139
3234	-287.349937
2597	-412.494644
2058	-356.710498
275	-344.442225
3083	-381.591448
633	-325.759393
2081	-273.775864
2631	-380.316551
3182	-287.440436
3858	-308.459001
2327	-381.624797
3283	-287.404397
3577	-361.716705
1660	-274.985107
3217	-306.392828
3644	-345.587398
2083	-322.434119
3195	-274.982322
595	-340.652012
3406	-286.459793
2346	-310.909551
2871	-308.460407
1763	-325.799404
2168	-310.899911
2977	-310.909944
908	-310.911406
778	-324.573162
2229	-319.560814
1037	-306.397746
2210	-325.710772
1015	-344.454928
2868	-270.407057
2643	-372.711859
1387	-361.698635
462	-234.474088
1358	-340.682075
680	-325.806369
396	-372.782655
3117	-346.824942
2053	-320.769272
1161	-308.513516
2500	-286.498235
297	-325.833945
3864	-288.639421
976	-382.776658
3256	-153.459846
3979	-345.651111
3698	-360.508088
2551	-325.792606
1425	-288.648476
1068	-308.470010
242	-340.623533
347	-309.687405
2044	-373.173910
2189	-325.762375
3657	-312.124380
1293	-271.369084
280	-271.324234
698	-274.985880
3150	-310.942587
3250	-360.517106
2745	-322.118085
1354	-382.790027
2699	-346.864540
963	-345.645239
2320	-362.876210
1072	-272.554773
3840	-309.681264
753	-361.710299
3937	-361.713179
2812	-381.619786
719	-309.693538
2664	-348.047695
844	-324.606050
3427	-325.793904
1045	-344.449852
2784	-273.803873
130	-274.988525
994	-323.428670
2026	-272.837907
3728	-234.474951
674	-346.879260
1165	-309.706371
921	-325.682121
2650	-361.727711
2676	-325.784384
332	-304.692914
2814	-325.804528
2198	-382.804255
743	-309.719124
3394	-376.613178
1796	-307.536544
52	-345.627428
1134	-343.068226
3546	-233.219124
262	-345.647032
997	-361.688335
107	-307.580090
2213	-287.433999
3332	-376.610619
1646	-340.684749
2340	-310.899612
2983	-346.833689
3037	-288.567911
3054	-269.129580
1319	-308.560759
1787	-325.795649
940	-325.787515
1504	-360.489720
2371	-307.253245
2394	-355.446449
593	-303.525517
1553	-323.448965
199	-309.673895
2062	-303.437471
3806	-309.676410
3910	-309.703111
1584	-251.727102
1771	-287.657053
3173	-325.791830
3169	-310.902849
3181	-307.209274
1316	-361.652250
363	-320.778723
268	-362.957295
2941	-340.635024
2115	-266.626759
2548	-340.654465
1511	-271.315027
3373	-271.613890
566	-303.472917
58	-304.683044
3928	-377.799358
80	-392.672883
3091	-341.869641
3563	-227.798785
255	-309.672030
1378	-346.867789
582	-325.833302
1538	-348.050463
3399	-307.229313
1529	-354.275774
1377	-325.768959
1058	-324.585402
933	-270.430832
1530	-272.549380
1381	-303.795699
2995	-381.584942
2754	-309.674575
2072	-344.431636
1817	-339.459612
2835	-362.925466
335	-361.729115
95	-351.666551
966	-339.467091
124	-271.621961
239	-270.446608
171	-361.745138
926	-345.680086
2720	-231.102112
237	-268.287661
678	-308.506580
2996	-324.566568
3079	-270.401391
1022	-310.902683
2285	-340.578657
3059	-363.508158
2565	-345.591597
2283	-231.111403
1505	-308.487195
953	-392.650949
2715	-345.709596
3161	-309.678595
2815	-324.570906
705	-362.953848
850	-271.623957
2006	-339.486095
2462	-325.752244
1740	-376.599676
3613	-308.483617
769	-271.361537
2758	-309.696640
2892	-325.728271
1441	-303.469082
127	-322.216227
1105	-302.306944
1737	-323.398064
520	-309.720011
120	-323.345161
3716	-361.720799
3743	-325.726182
250	-360.538828
621	-310.899323
2967	-305.841708
1345	-376.540686
2388	-309.695742
1195	-285.287913
1989	-287.426977
575	-272.582834
3680	-305.904722
2177	-346.868453
1555	-324.529724
350	-320.793580
2911	-289.871661
902	-310.940195
3289	-270.437636
3333	-361.709769
3015	-359.362011
2306	-287.354343
3257	-308.472221
3433	-308.465425
1723	-307.290176
426	-362.933001
270	-372.752005
2697	-360.495788
1988	-312.124451
960	-310.940611
1758	-271.616401
235	-270.375081
852	-361.731511
1637	-343.503600
1708	-324.502429
1952	-344.408452
816	-356.748545
2969	-286.484904
312	-234.485640
66	-337.302324
3936	-326.951067
1474	-340.654517
1067	-273.762417
3248	-322.477268
2971	-312.131841
2917	-267.068488
2107	-325.766177
2750	-268.301176
2178	-339.455981
3019	-301.357437
1281	-308.457113
2487	-361.694757
1171	-325.721867
614	-383.982605
1955	-339.498757
420	-362.950092
2790	-287.732329
3850	-308.528193
272	-322.161948
1701	-344.428649
616	-345.676243
3448	-324.634377
3809	-310.902628
1964	-309.726463
1284	-320.761539
3319	-376.604793
3599	-308.482454
230	-271.617434
1786	-325.785038
3841	-371.541704
3074	-272.553250
2110	-341.867094
1324	-270.399280
2994	-345.597078
285	-249.362379
3904	-356.716094
1908	-286.508233
3759	-270.393902
3607	-325.801523
1576	-247.184334
3331	-233.545899
3651	-303.463214
2647	-262.017735
1969	-360.529678
808	-320.774349
1945	-361.754136
1630	-323.431776
2042	-232.364952
2262	-325.780603
1904	-304.752598
3198	-288.680991
1211	-286.498633
1310	-307.529289
2677	-309.684577
1809	-324.559733
3524	-308.455477
505	-338.531538
466	-382.782183
2658	-308.461040
3403	-339.424322
2837	-325.730097
2701	-326.942959
402	-312.124533
254	-285.284456
88	-345.655534
1418	-325.725274
2431	-309.684774
624	-312.119017
2503	-345.653983
2307	-346.859945
2173	-304.678340
758	-307.574899
225	-346.842403
1206	-342.315546
1258	-344.472090
693	-234.520624
2278	-345.650717
3978	-282.861121
38	-309.736982
1926	-273.773955
2603	-341.863083
3799	-291.018995
2375	-360.564233
395	-234.447743
589	-340.604189
648	-287.422111
3691	-352.852117
2630	-282.871678
3670	-286.248451
2356	-323.346816
821	-307.566593
1754	-269.221561
2337	-324.588418
2894	-309.717750
3725	-309.710255
1115	-325.773014
2331	-308.516808
1385	-309.679840
2097	-345.639692
187	-341.842120
3522	-309.691414
2428	-309.682996
1938	-341.826148
1426	-381.607770
1226	-195.226072
2740	-360.536920
602	-275.010289
1303	-345.676156
2615	-360.501085
1777	-265.408147
2788	-345.596027
763	-308.429953
897	-345.659998
3693	-273.779498
1395	-375.348487
3303	-272.589883
45	-266.615452
111	-344.470970
1812	-307.275809
348	-196.432825
2981	-327.026688
168	-325.810050
3681	-310.914919
2181	-340.656656
140	-309.676929
706	-303.481839
787	-360.525379
2364	-360.507160
985	-320.770329
2963	-287.651399
747	-359.350089
2791	-194.254127
188	-339.406341
2887	-345.641890
2725	-269.218553
141	-287.734664
1520	-309.728493
3558	-339.464817
3557	-344.382663
2770	-288.588657
2333	-338.234590
1984	-287.441165
618	-308.467888
61	-308.462933
3338	-308.466631
2188	-288.690060
3752	-345.686524
3539	-324.625415
324	-307.534482
1564	-288.555332
1401	-307.265351
70	-346.874234
1799	-346.861635
2288	-345.612787
428	-324.570042
2722	-344.423318
3831	-451.528971
3871	-346.859809
828	-361.684892
1562	-309.676327
1241	-345.608395
959	-492.026657
887	-361.720206
1374	-322.175807
3595	-345.600227
2067	-280.248350
1661	-322.148261
529	-309.725786
71	-346.864282
3791	-360.491959
1454	-288.652757
343	-360.502305
3274	-196.407957
891	-325.767721
1470	-272.542270
2063	-344.402806
1781	-324.582445
401	-325.712603
2354	-387.558484
364	-117.824798
3970	-305.897998
136	-343.240623
2052	-325.809179
3232	-345.686487
3229	-271.614305
2598	-308.508949
3901	-346.822424
1686	-288.648208
749	-249.280474
482	-272.599303
2233	-319.556235
3215	-320.793270
403	-272.843742
2345	-342.329232
1245	-310.907810
1892	-382.805933
2747	-301.332569
3005	-249.248680
2944	-309.687280
2413	-345.604177
697	-340.621200
3488	-340.672417
2176	-345.608670
1626	-345.619567
3421	-324.571081
2899	-310.930659
1958	-340.595950
3667	-249.293044
3408	-287.661454
1501	-288.653529
1247	-325.770105
1218	-287.431740
3412	-335.628480
293	-377.807580
2516	-309.661518
2038	-348.056093
1103	-273.764642
284	-360.500454
2142	-324.624987
2248	-377.773452
1484	-273.817328
2014	-371.537915
25	-309.712046
3531	-344.458268
480	-325.760797
329	-380.402442
2164	-304.744503
2366	-286.466852
3663	-344.446747
2665	-348.031230
500	-308.452306
2823	-309.730966
1355	-361.727678
1064	-276.202311
3767	-324.568597
2733	-310.940764
2473	-324.497671
3131	-303.560907
2796	-345.678871
373	-379.522177
2865	-342.307696
2706	-345.667357
3202	-310.908741
2492	-396.477101
2261	-233.260156
2138	-340.684371
519	-309.687078
2756	-153.742562
1645	-324.477059
2824	-304.720708
790	-341.836780
2568	-325.718022
1733	-322.169100
3305	-310.955141
2546	-248.018573
1124	-271.651913
3672	-309.689612
301	-324.570823
1735	-320.791360
3619	-325.779372
2068	-308.471269
2496	-326.954795
1627	-301.363590
540	-346.830523
3095	-339.431197
1599	-304.689816
2316	-306.361448
108	-345.614707
895	-356.728690
2139	-381.581478
3906	-309.685651
2537	-317.434422
2471	-288.628801
2183	-339.459869
1829	-382.804482
2605	-346.869041
2864	-340.658990
2236	-235.698987
2929	-345.638912
261	-310.905322
3188	-325.807242
23	-304.679494
3380	-345.606939
2838	-324.547436
2059	-345.674176
1326	-266.616319
3896	-307.280331
2080	-325.793131
1191	-360.510716
592	-307.614861
3461	-320.776316
2029	-380.417684
44	-309.735489
3697	-312.119261
3292	-326.937372
2910	-307.536915
1651	-273.809498
1340	-271.616723
218	-285.311823
2403	-326.955365
1719	-232.050342
438	-381.565482
1282	-346.860539
3402	-234.522504
2440	-317.433049
1676	-296.285473
2979	-320.767064
2050	-362.937518
2543	-376.588479
3618	-309.731536
384	-343.291812
2711	-322.460671
3438	-312.132858
1593	-335.598739
550	-319.568017
1085	-231.092208
2491	-381.634033
330	-286.408473
657	-270.392759
1883	-346.839066
2057	-288.540318
3642	-324.565306
1055	-345.681183
2869	-306.113519
2569	-281.476967
3593	-304.614300
2653	-361.749428
1347	-359.361259
2752	-381.632242
788	-324.467888
3774	-305.130184
1835	-376.631067
3745	-310.912788
1982	-345.609374
1572	-322.170570
1747	-360.559076
2641	-270.394309
2759	-393.905418
3862	-271.646263
3762	-351.646368
2506	-307.526911
2902	-271.653205
2123	-327.010026
1205	-304.682331
1107	-267.060326
800	-324.611571
1346	-308.542644
3482	-281.480993
1372	-381.574124
1721	-339.479764
2797	-345.646914
3505	-274.983383
1911	-272.582516
737	-336.836792
792	-310.898648
1923	-287.427777
1570	-325.783642
121	-361.711483
425	-289.769718
2827	-345.615042
2313	-312.122262
69	-265.441614
3669	-285.267165
3694	-338.246643
1199	-377.813742
2746	-247.190194
2803	-327.013853
2395	-297.523583
754	-361.718210
2980	-274.983908
1931	-310.900102
2133	-323.338627
2931	-361.729140
2802	-325.804486
2228	-308.518356
2595	-303.465315
2992	-343.202564
1963	-325.761942
256	-308.741915
2508	-324.574476
2729	-323.315925
2998	-246.027383
1731	-381.565314
2575	-308.759090
2410	-361.673369
2860	-345.600676
2627	-235.695309
1405	-361.711854
311	-287.724713
3608	-372.729173
1568	-324.555249
1827	-343.492484
601	-324.603558
3878	-360.554015
2541	-341.834413
345	-309.704732
1167	-309.729139
3414	-285.313674
1934	-341.769746
1766	-270.387395
1489	-266.777425
216	-307.283509
1157	-309.691584
554	-340.688787
2669	-309.763785
1056	-271.618179
3718	-195.186772
3877	-340.623773
1417	-381.586740
2768	-340.690205
3434	-360.560766
328	-310.911163
1040	-268.307873
2094	-325.812885
3975	-309.693760
349	-309.687623
2086	-308.486338
2002	-286.504040
2918	-271.326117
1119	-304.733360
2088	-362.871515
3552	-325.793166
1342	-361.712098
186	-340.606711
2393	-324.608961
1767	-285.277900
341	-273.735711
1215	-335.566430
3661	-287.358011
196	-341.759398
1398	-234.469383
978	-324.545574
1026	-325.765414
1033	-339.482903
394	-344.385642
2792	-362.944759
1654	-360.518768
1296	-345.612257
2243	-340.673964
378	-356.705084
36	-344.382282
3983	-322.115604
465	-266.553159
2810	-273.763107
339	-356.705991
2842	-308.450204
3658	-309.682445
1023	-309.663477
551	-382.817123
1338	-320.793141
947	-322.454079
667	-360.533083
1549	-340.689515
223	-339.501781
1726	-381.506605
3424	-348.051118
1141	-115.679136
2536	-273.758980
3785	-348.045948
1922	-248.132701
1201	-224.944660
964	-291.014970
2330	-287.681216
1262	-356.712023
3893	-341.097446
2993	-346.825502
1048	-286.495416
316	-341.858490
913	-352.855499
613	-309.689486
2884	-324.471313
3957	-307.291354
2396	-307.546144
2526	-340.601771
3165	-356.724041
2439	-324.485913
709	-286.134079
1851	-361.717868
1028	-360.421732
1691	-272.595294
3435	-361.728293
3499	-309.702237
684	-361.753989
3336	-308.477672
1429	-288.579114
826	-248.137789
2298	-270.396464
101	-324.507184
1394	-396.500849
2093	-324.473588
671	-310.897268
2341	-377.784360
1749	-302.579654
2914	-270.422403
1966	-302.558699
1279	-377.837977
1246	-318.406529
2719	-286.477365
1433	-325.729800
3238	-340.667053
3307	-318.647923
2901	-318.323005
2212	-346.837271
2112	-304.729640
2293	-269.216495
3622	-304.726439
3624	-324.614194
3968	-287.425634
2734	-309.719592
3342	-153.787612
2648	-325.728744
1020	-303.566436
1709	-326.941251
2447	-323.330261
2678	-285.255563
548	-233.555951
159	-273.773408
5	-351.628383
1608	-361.758032
2481	-324.614891
733	-345.660927
710	-340.625597
1095	-324.603415
861	-360.488871
3397	-356.702115
1949	-340.674935
768	-193.039603
20	-270.370102
2946	-345.649552
1073	-233.249538
3325	-341.836362
3492	-345.645245
534	-324.575799
273	-323.312375
2950	-360.498298
1008	-248.448467
3528	-233.262752
1895	-324.551432
117	-211.295163
581	-287.683128
977	-285.160699
2809	-344.506029
1123	-375.393636
386	-325.776001
274	-272.539126
2132	-377.826580
3178	-345.605421
1672	-336.831068
3160	-362.937857
2000	-309.736479
642	-234.476516
2318	-348.039301
352	-288.557016
2254	-359.388326
3635	-308.475489
1566	-380.438011
849	-360.532987
3477	-348.046236
692	-362.917261
736	-325.799293
2449	-341.841190
3617	-345.608658
174	-229.928448
3948	-340.614465
19	-309.720734
637	-360.557419
515	-287.727890
1635	-360.520081
3101	-360.503577
3011	-310.902708
3041	-345.692143
1993	-339.504090
1612	-310.902795
3829	-323.654114
3532	-344.464356
1633	-247.201165
1682	-269.215705
1138	-308.444609
3144	-308.472241
3360	-382.810709
3317	-269.177232
725	-325.725266
802	-359.306313
203	-340.663148
3344	-325.748658
600	-268.859550
1322	-271.619912
1663	-232.351764
1664	-310.904974
2845	-307.602080
1021	-232.328175
2202	-324.602888
1872	-272.566631
1038	-267.106213
3487	-210.101789
135	-301.341304
133	-271.642927
3530	-309.739069
2949	-346.838702
1849	-324.547957
3810	-372.726782
3294	-340.693392
729	-343.084333
1162	-309.684472
3176	-432.852890
3790	-286.502445
3880	-357.942023
240	-286.517094
1919	-407.364323
1422	-361.728608
3456	-276.206318
3917	-274.985822
2962	-309.686114
3110	-236.917458
928	-345.665412
2361	-304.727460
2955	-346.822341
556	-272.600604
195	-296.296482
1528	-360.446475
1159	-325.779568
81	-318.390876
2830	-325.800699
1301	-309.679190
3764	-308.483519
2567	-320.795216
3353	-324.514429
1004	-355.416555
3847	-356.693135
1158	-268.251114
1668	-344.433140
3969	-324.609784
322	-346.832352
2455	-344.431301
639	-270.405973
1407	-235.694798
1814	-360.537947
838	-361.709679
1641	-340.647224
74	-310.918822
2464	-297.555801
941	-340.652570
119	-327.012568
452	-324.575287
1410	-273.759553
3268	-324.562156
1586	-272.837559
2095	-348.034975
1066	-375.344926
762	-346.863396
1172	-357.927353
728	-309.678404
2693	-340.638326
2409	-324.595526
2799	-340.702898
1082	-310.901659
1707	-288.590006
1216	-308.465534
1154	-310.937644
89	-249.259410
818	-387.475673
2240	-381.627040
1060	-345.713205
1183	-325.750970
695	-345.700085
620	-346.820834
917	-323.320690
12	-377.816587
1214	-341.865386
1147	-304.755780
2430	-304.688809
2130	-271.612772
2976	-356.737615
3162	-324.546164
477	-265.399968
3800	-346.862839
2581	-234.469389
2039	-360.553317
759	-398.888473
3924	-270.393737
3006	-308.470648
508	-325.801512
3440	-322.135917
3396	-273.815873
351	-345.625747
1473	-340.678945
2018	-286.492357
3638	-306.320806
1305	-319.621560
673	-345.680831
635	-324.578381
3504	-308.561061
1884	-307.577822
1824	-336.855265
1862	-319.615129
2003	-324.579943
109	-158.340943
1860	-308.507458
2357	-325.754267
2359	-360.468392
700	-310.938181
1304	-356.679729
2143	-288.628466
1712	-345.612640
128	-303.785832
1844	-325.808754
3483	-308.500974
3339	-356.699649
1699	-272.541597
2782	-340.664407
2411	-193.075202
2881	-345.594203
3415	-308.495275
134	-308.516376
1874	-416.367317
115	-356.682218
3797	-376.587519
2852	-274.986857
2454	-288.578155
1762	-361.755551
1168	-308.454820
3140	-284.987905
3296	-345.650105
2680	-340.664901
3386	-309.684862
4	-270.439280
1778	-305.036659
2467	-325.805017
2370	-360.496984
131	-345.603479
3647	-325.794522
2319	-271.316064
704	-235.696677
3121	-344.419977
2709	-345.632155
2609	-322.351046
2520	-307.284294
419	-312.128001
185	-361.726913
3214	-344.426062
916	-345.608831
796	-344.453746
3409	-356.696744
3096	-338.175960
2943	-340.654874
1112	-287.644079
3569	-272.588302
1252	-301.395982
3895	-325.808333
1307	-303.460433
2111	-348.048744
2705	-270.384180
2391	-310.927566
2292	-343.246371
1647	-343.242553
646	-323.641347
353	-197.632222
3033	-325.785262
1772	-361.717972
2253	-325.818163
2483	-322.158791
2200	-344.426799
3967	-273.758273
461	-273.773506
1156	-154.972731
980	-356.743821
2252	-382.779570
1367	-325.812267
1333	-270.359564
3026	-250.478855
656	-376.605347
1278	-362.942040
3348	-304.715963
1227	-322.155306
1717	-345.603646
3973	-356.659922
3192	-313.554802
1789	-310.905299
1455	-381.570969
1585	-360.545832
1220	-325.800532
2529	-229.969129
2054	-302.588564
1820	-324.522751
856	-324.568212
1669	-287.426878
3707	-271.620156
1402	-286.203815
3469	-356.686540
3566	-325.830752
3335	-275.020322
3183	-345.642870
2586	-191.810916
3616	-225.221461
1506	-339.437849
3034	-360.418556
1613	-346.890723
2991	-272.841336
2295	-305.898313
3801	-310.937414
1857	-307.540766
3650	-382.756764
3633	-380.412093
2707	-310.915408
3980	-372.708066
2726	-324.475651
793	-326.950540
2098	-327.020807
445	-319.610687
3594	-272.544482
1650	-341.836348
2840	-284.048718
3549	-323.437779
3481	-357.941534
1456	-308.496384
1086	-272.587059
310	-308.480308
652	-345.620593
3591	-273.762889
290	-348.056024
775	-344.469204
3739	-324.566515
1238	-360.499088
3729	-376.562796
455	-340.664551
10	-344.512001
1900	-309.689410
3254	-287.469473
1127	-345.659797
2542	-326.951186
2906	-340.657508
2895	-273.764673
1224	-308.420805
2163	-324.503356
809	-361.738091
1800	-212.439286
2614	-232.164586
3502	-376.564063
3478	-343.296547
1217	-325.773675
163	-319.624414
1532	-309.731599
2965	-344.689237
3323	-232.335768
2401	-263.280728
785	-273.796695
3290	-341.859618
3321	-251.726162
3231	-380.446861
853	-76.404702
1242	-308.508254
1887	-361.696319
2311	-193.034988
751	-361.724921
3055	-285.313284
1108	-341.839596
3300	-344.499155
3837	-343.468335
3308	-381.582831
2336	-344.433499
918	-310.917344
2372	-322.217569
3678	-285.255880
2519	-323.585680
1578	-233.217482
2933	-360.538112
2090	-308.473428
2167	-309.681554
3199	-273.811544
441	-380.414967
2389	-361.728546
1193	-324.550139
3712	-300.148891
1457	-288.573089
774	-395.551843
397	-288.630839
334	-245.983375
3784	-344.450127
2930	-310.906738
1696	-320.785074
1991	-285.282532
522	-309.680641
1490	-309.691591
3771	-309.655144
552	-340.639366
2753	-310.904304
626	-288.653249
2624	-309.699280
2385	-310.911571
1894	-360.532510
1759	-305.906809
1471	-346.857623
2417	-336.838171
2246	-287.318502
571	-339.423497
2373	-302.564379
1266	-324.582035
531	-226.107205
3225	-362.875945
1706	-382.777508
3579	-356.677429
665	-288.571762
2238	-281.495234
2451	-359.328735
2096	-345.661705
309	-309.718312
846	-270.434394
2185	-344.343476
3324	-345.641848
3460	-288.678290
113	-360.478880
3636	-324.624318
388	-340.594424
3527	-309.716030
3625	-326.948771
3956	-345.698757
560	-344.385047
2841	-360.524422
2220	-272.538190
2314	-345.658870
1803	-270.394458
3045	-310.906568
906	-383.969892
1752	-296.265627
739	-309.678703
2478	-339.450173
3002	-269.479234
3216	-344.380260
3220	-273.806349
3119	-301.090914
3695	-309.651827
1975	-341.829025
2675	-303.787203
1616	-272.539058
3891	-346.821929
3654	-307.541973
1384	-361.755719
2155	-343.243883
2511	-250.500016
2264	-346.831590
169	-309.688569
607	-301.373496
3452	-361.758902
1518	-309.683200
3471	-416.384141
3012	-276.205920
2579	-273.765811
1139	-270.382725
1160	-286.467220
464	-324.485629
2466	-325.785959
2099	-288.573876
1622	-346.869712
1690	-339.426816
439	-288.690999
2642	-324.578146
3016	-309.730329
3390	-309.736085
699	-307.243079
3147	-338.530072
2490	-343.078368
2555	-287.427764
2817	-340.641240
1843	-362.899677
1059	-303.436180
878	-308.466070
3358	-326.934987
1270	-307.571937
2470	-309.688189
2282	-375.368783
1409	-285.282853
3008	-323.359336
1187	-264.235803
1751	-339.469166
1170	-310.895183
2061	-345.638357
824	-310.952875
3656	-310.918831
893	-232.317400
2436	-308.473229
1452	-308.467331
3947	-382.782251
3190	-232.325947
424	-309.717380
1703	-286.154755
1180	-306.364186
1918	-319.573117
2438	-392.565188
292	-308.517192
996	-307.544316
3574	-398.876124
1946	-346.841836
423	-304.694187
3927	-323.326298
3020	-287.430903
3014	-269.263802
723	-361.717032
3458	-345.693035
1343	-310.895432
2857	-362.899149
2047	-286.246880
1790	-345.664882
1755	-304.686811
3826	-372.742383
2645	-362.923114
3751	-339.491316
3955	-323.391458
116	-346.831175
2296	-309.691365
3703	-287.697316
1550	-301.345683
3778	-309.700675
2445	-324.576679
1375	-345.645053
2009	-273.812948
3659	-340.683837
2672	-355.556836
1308	-341.814212
3664	-269.219315
833	-325.761605
843	-308.437835
3382	-341.145624
2263	-274.983122
3364	-305.057353
2829	-340.622886
1513	-306.368494
718	-392.601894
862	-361.764434
3503	-266.630629
289	-321.949791
1845	-302.309526
1088	-291.017433
3189	-324.510378
3898	-356.700248
3170	-271.626697
266	-308.477155
3766	-344.436564
1917	-325.790782
2102	-361.723581
3526	-249.285024
229	-361.648305
2618	-361.768020
3226	-339.491316
333	-308.507517
2956	-360.528914
2533	-265.438520
2023	-317.402836
3137	-272.533448
3177	-287.662612
2957	-323.644468
1865	-345.609914
41	-345.649146
2628	-359.341296
3501	-318.409788
2655	-235.723792
1223	-324.586663
2297	-322.412936
1488	-320.766344
3306	-361.650084
3371	-286.517424
3761	-352.866322
3494	-324.573795
3404	-309.733988
3960	-336.825944
2990	-376.661483
1050	-304.643392
2271	-310.916474
2060	-362.945811
1573	-233.255259
2885	-309.686862
3495	-288.563768
1451	-348.052763
2206	-312.126404
3675	-360.534222
3213	-339.438949
584	-309.681686
839	-302.254301
2637	-325.687098
3039	-341.851538
3689	-308.467642
3811	-274.982348
675	-346.827397
3472	-340.657197
487	-307.223588
1443	-346.867442
2822	-310.902197
1302	-339.445855
3950	-270.439135
3519	-376.604739
877	-359.317823
1317	-344.393241
1084	-309.711894
2343	-325.781464
1334	-273.765782
2640	-398.880824
1465	-382.796989
3060	-270.441145
2204	-310.904876
2165	-319.567241
990	-309.684377
435	-306.309029
2988	-310.923406
3517	-396.475511
1748	-288.688929
251	-265.386781
3114	-309.692389
449	-325.753993
2031	-269.170061
3367	-269.216969
3395	-248.436061
3883	-308.516508
3587	-322.421320
1148	-284.062954
2187	-310.904927
1590	-344.415609
2718	-382.782995
1933	-270.396100
842	-360.514766
855	-271.614051
3437	-288.585212
1179	-343.195060
457	-380.372151
1652	-301.316399
3603	-326.952955
2427	-339.474134
3349	-207.916786
2412	-310.904086
3921	-343.218379
2040	-317.409527
3302	-324.577047
1430	-361.720960
1396	-346.886411
752	-324.557693
340	-273.789697
1582	-361.735290
1253	-312.126356
387	-268.248806
7	-309.722879
3976	-273.765901
49	-396.507540
957	-360.490486
2932	-285.320198
3369	-158.342346
1805	-344.380468
3516	-324.634527
3827	-270.435807
16	-273.806874
1903	-309.678054
3628	-272.509064
22	-324.575190
2352	-288.589622
399	-304.735224
1866	-310.940708
3867	-356.726146
82	-309.701458
3887	-242.196351
34	-306.355655
1117	-345.566120
1880	-346.873992
3923	-309.737951
170	-340.667287
3540	-321.236907
936	-382.773457
78	-270.472470
3447	-270.389803
407	-287.508781
2522	-307.545457
222	-412.548009
243	-323.389193
317	-325.797397
3708	-270.397474
2735	-309.690179
1891	-323.382399
666	-381.593528
530	-360.503506
139	-338.257996
3046	-322.057728
2783	-272.537685
868	-312.124574
2774	-310.910631
1524	-272.550818
1509	-345.612220
2854	-325.810616
927	-340.676668
2926	-320.764569
1746	-396.470299
622	-341.886905
3572	-322.172641
2538	-344.417597
313	-361.721849
1782	-308.555419
1785	-273.751900
1289	-344.439723
2553	-302.545562
707	-381.585428
2309	-272.583285
955	-345.632414
1658	-287.337578
2849	-355.442748
1705	-286.218259
1643	-310.910140
3141	-345.651109
3125	-308.510840
1210	-340.641282
836	-324.606601
3330	-323.360126
2656	-376.622509
888	-323.328290
1131	-324.580815
1596	-492.022084
3538	-271.350701
3730	-291.017996
567	-339.489014
3159	-324.612512
3345	-312.120708
1994	-383.983835
2499	-376.539208
858	-340.661797
1619	-340.600021
3152	-335.591582
535	-248.416462
1299	-348.043466
114	-361.772743
3961	-308.561152
217	-271.648392
3007	-319.573727
874	-271.611192
949	-344.463502
942	-325.715957
2426	-340.650391
660	-271.630416
2207	-301.330754
779	-356.732185
3720	-308.561301
2012	-382.788561
2460	-345.631797
197	-233.549368
1436	-375.359407
1133	-308.517070
631	-371.449232
2414	-382.803358
612	-397.697891
481	-307.573371
541	-325.714161
3312	-323.647099
2	-324.551643
679	-340.668108
2034	-345.586124
3770	-272.544060
3631	-303.560350
418	-324.565412
2691	-308.505543
653	-344.473681
1213	-324.530103
2486	-307.239887
1080	-288.570006
1561	-325.749687
1886	-302.286171
1113	-234.484521
2273	-324.579188
147	-345.615452
1349	-286.542391
3184	-308.439671
2975	-345.579201
857	-245.711897
77	-348.062001
326	-236.917664
2813	-232.063900
872	-309.711438
470	-303.460335
2927	-324.500425
1294	-345.612830
3935	-289.875063
2203	-310.911529
2695	-346.871133
281	-322.479769
2280	-359.345792
2660	-307.582044
192	-310.897684
2162	-340.613712
3436	-361.762744
586	-376.582598
3420	-306.358581
1275	-310.936083
3511	-324.552260
1288	-324.635136
992	-377.811306
623	-265.457424
1907	-346.819476
177	-362.872710
983	-341.851447
486	-288.678720
3073	-309.734862
162	-232.324966
1830	-345.641862
2836	-345.652670
3158	-269.271320
2144	-324.574829
2958	-324.580268
1106	-231.106310
1885	-345.647670
1677	-344.412416
791	-309.662433
372	-337.283890
2382	-380.343633
1732	-269.170665
153	-347.466594
3575	-309.736328
357	-307.245430
3443	-346.866543
991	-345.602096
3945	-304.737186
132	-308.469258
3629	-359.312853
3139	-344.437158
1951	-317.408548
3065	-344.486202
951	-307.548619
3080	-344.436248
1421	-360.526142
2444	-318.641916
1442	-308.465594
3795	-310.908453
1248	-304.732336
1013	-271.300649
29	-344.425700
346	-307.586014
677	-324.594116
1535	-324.463541
72	-325.720699
2737	-322.442708
3645	-304.681903
389	-271.336957
542	-382.793238
2300	-453.655583
165	-327.013034
2005	-305.155985
1607	-303.462115
3892	-271.608843
3940	-308.464824
3428	-288.564752
3132	-309.670613
2908	-271.620997
2344	-305.915175
3334	-325.800680
1565	-325.735821
651	-232.334436
2284	-359.298380
903	-309.685872
3003	-325.798735
658	-307.234503
50	-357.934562
2582	-320.773768
43	-319.572842
3023	-323.343769
1184	-286.506282
1437	-376.547304
1368	-288.584029
433	-396.498209
104	-360.574432
3702	-362.951503
408	-208.863267
30	-325.717105
1793	-325.725688
3313	-360.526364
1000	-339.452428
1507	-310.914024
1071	-360.495618
3919	-304.721921
1197	-308.462932
1944	-325.796840
3381	-309.731402
304	-322.464725
1313	-324.502042
3407	-343.517848
558	-344.464151
2651	-273.744309
2924	-348.045292
2051	-325.790442
51	-283.168740
1194	-381.612648
644	-376.595314
687	-346.841762
2325	-273.732431
3029	-285.281493
3721	-284.372483
1356	-271.372094
1689	-336.823026
2714	-398.878264
2429	-306.081547
3241	-319.515995

file identifier 	 test data 	 predicted
3164	-344.379764	-330.738232
1365	-361.755045	-368.778264
1681	-310.908780	-298.655900
3172	-274.982310	-258.187116
750	-344.384630	-326.585725
1466	-340.657975	-330.322576
1541	-310.912991	-298.615861
3489	-308.508824	-290.016657
3191	-284.360325	-413.818186
3839	-231.155780	-137.759231
1967	-288.573475	-270.588595
112	-340.648166	-326.981579
1111	-335.656557	-244.232608
3393	-359.297522	-497.841239
2851	-356.699504	-369.764752
227	-377.805829	-363.173697
3588	-272.549011	-249.890614
2399	-308.430606	-288.387399
881	-234.470813	-206.807748
1232	-336.811744	-324.447847
3455	-270.401061	-268.644375
1615	-287.344000	-290.075219
3343	-320.735225	-328.196033
934	-345.650323	-329.093848
2922	-352.890573	-376.752372
1559	-380.372123	-299.128185
643	-345.663386	-330.426262
1979	-308.462923	-289.629579
2583	-346.859078	-339.453668
2169	-356.733974	-375.206848
3218	-325.743746	-309.804283
3646	-305.130313	-436.157896
1768	-289.789940	-275.054355
3902	-382.757521	-367.952871
1551	-324.575851	-329.038574
2378	-339.490841	-252.063332
1807	-344.469516	-330.605816
3589	-324.543443	-328.716576
1024	-302.535621	-316.650471
2898	-310.940190	-300.433265
2826	-308.764658	-284.459431
1594	-323.433551	-324.087508
17	-345.612580	-329.079381
2141	-307.287454	-294.761832
2844	-301.377995	-435.291988
2154	-360.512793	-385.408668
640	-345.616264	-329.502034
668	-267.103350	-282.234927
421	-288.627624	-266.873324
3134	-271.319942	-247.544493
3962	-341.865856	-324.727735
415	-309.692626	-289.864490
398	-345.636145	-332.014775
2574	-273.812881	-258.537091
1574	-245.997884	-240.715039
2584	-360.567154	-372.343105
845	-40.478930	-30.396583
2935	-297.516418	-429.936830
3219	-339.428557	-254.933525
2773	-325.684055	-307.844418
730	-336.821088	-324.030757
3089	-327.025329	-311.759251
2904	-302.545112	-288.582626
2997	-380.371074	-301.884426
1406	-375.394844	-389.763125
2879	-265.401151	-250.708926
3604	-273.812100	-258.170729
3763	-344.416821	-322.192631
3915	-309.687698	-296.476269
1881	-361.772040	-365.968181
2480	-344.385369	-327.264332
2816	-310.905786	-299.510904
1503	-327.014214	-313.919569
3387	-309.727603	-297.934074
2913	-361.630982	-371.584263
490	-231.142581	-132.821322
158	-308.540079	-292.582638
3845	-344.454717	-329.150608
2859	-362.909074	-348.051340
2766	-285.279992	-186.920431
3886	-270.388222	-273.041256
3246	-340.652252	-325.514311
2925	-301.394865	-433.221349
1710	-361.726166	-370.242850
189	-322.167165	-452.716790
2461	-269.170508	-266.985005
3949	-359.301320	-497.665032
3760	-280.314080	-295.150853
3088	-308.459859	-288.808504
3822	-309.665941	-298.128348
1734	-359.354596	-497.848166
118	-352.905052	-377.905436
145	-310.929561	-300.063693
511	-320.778636	-325.557529
1413	-247.214861	-364.098477
499	-340.611683	-322.397952
2196	-338.559964	-476.406293
40	-344.338878	-332.655923
2084	-361.708021	-368.662684
890	-344.458979	-332.480349
3554	-309.689751	-298.846207
563	-345.644179	-332.860671
1120	-353.283458	-341.786342
1030	-309.683546	-300.779557
1110	-325.781398	-307.978177
3717	-275.014300	-258.353533
686	-391.370332	-390.889631
822	-336.845442	-323.099910
1729	-361.740062	-368.615577
3849	-360.531172	-372.151448
2572	-360.495461	-343.276256
1260	-270.417842	-275.740497
1129	-340.618148	-323.273112
1936	-360.564423	-383.640103
1628	-345.637174	-330.757562
3077	-336.822591	-319.191649
181	-412.528245	-424.664440
1937	-287.438379	-285.945325
2960	-271.360631	-249.535954
3457	-324.559213	-333.916369
1125	-285.292217	-186.987045
3222	-344.494043	-325.419370
2863	-287.423372	-288.078992
2216	-308.505718	-287.555149
2512	-346.823548	-346.322285
2381	-346.856604	-336.331140
3064	-326.983087	-314.910572
1018	-354.272548	-353.340340
2780	-272.545389	-248.620206
1271	-310.902165	-298.815437
880	-345.648463	-329.659829
1753	-375.351387	-389.207778
2315	-273.793520	-259.220228
2190	-324.574822	-329.086932
3652	-361.720088	-366.703386
160	-309.685140	-293.069310
2667	-308.455402	-289.023782
3853	-271.336383	-245.843425
453	-375.430225	-383.788717
3049	-324.610004	-331.791531
1494	-345.654016	-328.787823
1479	-309.677142	-295.837198
864	-323.337623	-322.079601
33	-264.504487	-167.987007
65	-312.125621	-297.436736
1311	-288.545722	-269.592452
3555	-360.547370	-360.870938
2652	-317.377404	-332.522556
3744	-339.414779	-247.478988
267	-345.641113	-332.187240
3571	-309.676719	-300.067169
2494	-274.984732	-258.040325
1389	-272.510742	-257.602434
1166	-324.576650	-332.964300
1540	-285.217962	-194.648901
3253	-281.476938	-182.949647
2804	-344.433943	-333.618776
1577	-355.468067	-493.564375
3316	-264.261826	-386.908505
3941	-231.108368	-139.878479
2041	-346.821470	-344.563782
2821	-308.511516	-289.523934
3609	-269.176442	-271.547218
3346	-318.327053	-453.717413
2272	-324.528642	-330.613839
981	-303.499320	-287.669797
2070	-114.483613	-126.685716
3573	-325.730390	-307.464308
2514	-354.197108	-351.330985
2601	-333.464063	-332.355476
2600	-307.237880	-286.542527
1554	-320.728167	-329.898303
3981	-249.257629	-233.714475
1032	-346.816694	-337.374015
2528	-308.467760	-290.121909
1006	-336.843788	-320.651251
2035	-249.294409	-229.105931
3043	-196.405320	-164.364915
3098	-345.658421	-330.857583
200	-345.625804	-328.699638
3124	-308.562031	-287.363621
3365	-396.458774	-532.442983
1069	-375.370023	-389.097336
3925	-325.718488	-305.394422
1695	-344.411060	-327.448512
910	-270.384937	-271.794870
532	-344.369744	-334.890794
1044	-304.687053	-284.773170
1788	-345.646841	-330.262516
795	-246.023231	-251.420429
1533	-309.671865	-297.572853
3426	-307.387663	-293.477272
3684	-362.958208	-349.022373
1007	-235.694216	-213.508909
1867	-324.583096	-326.112773
2231	-346.825174	-341.724825
1971	-362.906662	-346.767799
2247	-348.046805	-337.167049
1842	-362.894239	-347.294153
3076	-247.198000	-365.543224
149	-380.415966	-299.343141
2100	-343.199390	-258.576277
1400	-306.067385	-220.946410
2147	-382.781806	-370.349875
632	-361.705069	-367.995065
1087	-324.508933	-331.072059
3825	-93.411888	-121.658282
2679	-312.130526	-298.276234
968	-308.470667	-288.936217
3808	-345.614760	-328.570956
3018	-345.638117	-330.170901
247	-304.688358	-283.773783
1031	-304.643927	-285.422717
2258	-303.453218	-281.660124
694	-344.360007	-331.497157
1093	-325.718074	-308.415388
1792	-363.504227	-501.507069
1924	-340.591587	-324.516497
213	-249.281074	-231.997080
1502	-340.679724	-326.793864
2422	-325.718957	-306.864701
3741	-169.860788	-161.433896
3534	-320.785748	-326.657024
727	-272.562906	-248.400156
3357	-361.779217	-368.721111
321	-324.604397	-329.875687
1	-360.499843	-360.692210
3258	-324.473847	-331.399595
1390	-340.660793	-327.956297
3816	-272.830720	-254.133195
3687	-325.793945	-311.852268
1102	-116.609549	-114.733851
1272	-308.486687	-290.320525
1523	-340.646229	-324.947153
105	-309.727110	-293.672167
444	-340.665581	-324.617701
1539	-382.755486	-370.917213
2230	-262.056533	-248.006342
1609	-210.001565	-312.081861
3796	-341.875439	-327.106346
3934	-381.630276	-367.247951
427	-382.798099	-370.629342
2434	-377.845502	-364.660039
806	-308.768073	-286.581424
3671	-326.941692	-314.440455
249	-306.347185	-278.733270
1841	-325.788368	-309.273099
2959	-289.795007	-275.440648
2674	-342.352279	-478.296525
2302	-492.008892	-532.953808
3154	-309.714008	-294.910826
2728	-304.742823	-282.113762
126	-274.991042	-257.997771
610	-324.629068	-329.945501
2237	-325.784144	-305.758163
1276	-340.667317	-329.233701
3149	-372.694726	-285.111677
3356	-270.447268	-274.261887
2406	-306.386594	-294.727987
3048	-381.616883	-364.029603
236	-325.758113	-306.068559
2125	-310.908354	-300.262249
1783	-320.761312	-324.173333
1760	-326.940002	-314.144905
0	-351.615495	-488.521899
1476	-308.455419	-288.535894
1957	-206.721858	-55.404343
1448	-372.747155	-285.313746
2085	-309.695312	-297.124950
3932	-360.472117	-376.367199
3022	-234.455424	-209.157682
1132	-310.938583	-299.439967
1047	-346.836177	-342.257342
1715	-286.486570	-271.811866
1440	-270.441325	-269.718967
308	-303.428586	-296.990036
2889	-341.871347	-325.466594
1819	-249.292101	-230.650862
2989	-287.317913	-289.942503
3376	-273.775510	-256.930144
3544	-312.133269	-298.094603
2242	-362.870426	-345.921574
1927	-361.739999	-368.231846
37	-381.587333	-366.138469
110	-346.869123	-336.042805
995	-360.542928	-360.646606
797	-278.075775	-256.005961
2392	-272.551442	-250.857238
376	-309.732528	-294.769584
2342	-309.680487	-298.350073
594	-325.809558	-307.470051
1902	-324.615795	-327.647509
832	-308.470270	-287.380484
2671	-344.377098	-334.385235
1998	-324.536830	-327.988643
2724	-376.591176	-289.163298
2636	-306.112153	-214.889812
2736	-310.922181	-300.100008
3755	-341.874216	-324.789653
527	-324.629301	-328.016475
391	-345.584667	-330.486039
3425	-324.547564	-330.117501
3653	-309.763576	-293.990893
182	-324.474954	-332.851566
484	-351.639205	-488.853177
3564	-303.533472	-284.932519
1847	-325.753767	-305.323246
3143	-286.432042	-277.921544
1074	-304.697680	-283.100462
617	-376.521083	-293.762798
2446	-361.740252	-366.356768
2289	-325.766945	-304.868244
325	-345.637577	-330.695127
1698	-325.800949	-310.471946
935	-269.154939	-285.890217
1521	-323.665247	-305.485045
492	-305.904760	-288.832958
3705	-345.665479	-331.461750
1351	-309.733696	-295.743917
892	-288.621895	-268.623775
1325	-356.758284	-367.354806
2255	-360.513163	-372.180861
73	-233.293627	-234.004415
319	-352.845678	-382.797786
879	-303.556846	-282.876688
1859	-324.577613	-330.256852
1801	-301.335636	-434.616196
1625	-320.776082	-324.461816
1019	-327.016183	-313.313591
3491	-361.750275	-367.850958
1371	-288.596392	-264.057979
3493	-232.333258	-215.287053
716	-325.758431	-306.847657
3035	-344.404557	-325.685797
155	-324.571682	-327.904758
2472	-209.159302	-221.729669
3515	-346.852204	-341.087061
1042	-305.904676	-285.299133
212	-324.605613	-330.109448
1057	-391.518453	-372.607431
702	-379.000257	-364.491812
3446	-306.044918	-222.164718
3295	-231.069318	-128.216798
3450	-382.824468	-369.800017
2698	-344.434438	-334.690527
745	-344.464270	-328.830117
1601	-345.646864	-330.377917
454	-265.283843	-270.949912
1298	-308.505512	-290.117108
3543	-287.318584	-291.854284
3398	-304.686259	-284.100781
2424	-273.764093	-256.928723
628	-325.726991	-305.840637
2008	-336.802659	-325.087473
696	-356.709466	-364.885872
1896	-326.971392	-314.106123
244	-346.835129	-335.886389
3413	-308.440890	-289.556179
201	-308.561649	-288.030582
125	-228.992613	-232.206965
1261	-268.282665	-189.998819
1332	-209.144909	-220.667367
2145	-346.844016	-341.279883
2620	-324.587670	-331.485232
1675	-271.277972	-248.506403
2874	-309.725707	-295.558631
3233	-304.691526	-286.577968
56	-345.599154	-331.564197
3270	-273.788787	-259.661559
2257	-307.238509	-289.408445
3984	-344.418857	-331.397700
1403	-308.462299	-286.675415
368	-345.595021	-330.234973
1688	-324.567893	-332.517954
1464	-381.610550	-365.268085
382	-344.494711	-327.931829
1287	-355.515622	-492.777326
603	-346.867624	-344.556118
1079	-287.347000	-290.610384
557	-312.122696	-298.633212
2776	-313.573888	-328.648887
315	-302.472397	-288.283777
2937	-324.573883	-332.659322
2122	-348.040439	-338.638135
726	-346.870614	-333.280150
2150	-324.570860	-330.091723
3868	-360.526225	-376.450078
2312	-344.416076	-332.855821
3431	-323.229212	-348.608615
3155	-376.605641	-291.672949
2334	-472.135006	-316.386575
2556	-321.958604	-301.596340
3050	-303.940271	-310.615342
3277	-354.254979	-355.949147
2468	-307.193849	-297.205108
1821	-308.473320	-289.197443
2056	-325.729141	-306.734362
2818	-335.618370	-244.007225
3363	-345.658313	-327.886211
265	-236.916125	-217.313478
2848	-339.419688	-255.308420
3565	-286.474509	-272.129729
498	-273.791878	-259.323968
2549	-375.410333	-389.220485
801	-273.763117	-259.266362
1736	-273.764207	-259.326768
271	-361.759779	-362.991405
1359	-229.927277	-243.111094
3536	-352.836930	-368.247031
3535	-323.235679	-328.743924
2749	-340.645995	-323.070917
3584	-281.484877	-192.985087
3068	-306.015194	-216.222196
1912	-310.915653	-299.350334
3541	-379.527167	-393.182338
1840	-360.536972	-362.898311
3051	-192.736096	-201.797181
2339	-326.954728	-314.572575
2036	-309.733888	-295.155239
3105	-346.821661	-333.962593
1477	-303.462312	-291.241883
2657	-308.451299	-289.435650
3151	-362.873906	-346.590214
3963	-271.323381	-245.330942
2383	-324.593866	-329.440670
2030	-273.804223	-258.566019
2069	-346.855971	-340.948279
442	-356.712228	-359.743711
234	-308.467880	-288.554164
60	-382.768883	-370.916455
939	-344.481802	-331.269643
496	-377.794221	-367.413430
1202	-361.725394	-367.085214
1631	-345.642285	-331.878909
2328	-320.732586	-327.887565
1100	-380.373569	-295.358867
3951	-326.977685	-314.582242
483	-309.705795	-291.950242
2608	-306.369631	-285.360773
514	-309.685045	-296.540389
3470	-416.814878	-341.935795
1364	-267.963366	-386.351101
2299	-280.273691	-296.171944
228	-346.859384	-337.471208
1259	-288.590804	-270.880244
2398	-319.533364	-321.054350
771	-346.903261	-338.154973
2670	-326.934805	-313.576055
3298	-345.599182	-330.365797
295	-320.770299	-323.255007
2644	-320.786990	-325.990440
2179	-361.698233	-371.109574
1728	-362.942862	-348.595857
1415	-338.156727	-352.812041
3047	-285.293918	-186.174762
3660	-288.651313	-263.438794
3899	-337.265273	-328.116355
2321	-381.536295	-362.234972
405	-273.804251	-258.575358
1188	-306.054267	-233.185209
971	-324.624537	-332.331993
2806	-234.476081	-202.962793
1617	-355.508183	-493.236171
383	-361.702346	-369.724927
1932	-310.911279	-298.928293
3057	-301.381127	-434.220367
3620	-359.351415	-496.747064
2286	-309.728265	-293.093147
513	-355.518342	-493.650031
2625	-291.021574	-275.997138
3496	-302.303890	-208.968700
2126	-270.399529	-271.886830
3769	-304.586424	-284.599272
1604	-347.456674	-261.962497
282	-325.714378	-307.554348
3	-346.838279	-342.577238
1679	-288.576381	-264.676853
604	-320.777491	-327.220884
965	-323.329385	-329.267631
3072	-340.671263	-329.809573
3090	-287.362939	-291.087614
2265	-360.469291	-382.168735
355	-273.761263	-259.501384
738	-324.592221	-331.224243
3063	-317.413890	-332.315091
664	-335.632054	-253.600988
1811	-346.855968	-333.482481
2485	-392.676111	-529.671942
3747	-324.521162	-331.183607
1163	-397.709232	-416.647302
2532	-301.405558	-435.294082
688	-324.491475	-329.921497
2684	-310.940657	-298.617990
3078	-383.966179	-379.894020
252	-305.913756	-287.631585
3087	-392.563319	-531.048936
3643	-309.660190	-297.798980
2798	-307.259167	-289.635339
1318	-310.897519	-300.087699
370	-356.698196	-372.315260
459	-348.056615	-337.576474
264	-339.450073	-248.446352
2048	-235.699029	-214.684898
1382	-360.492675	-376.192240
2934	-324.462733	-332.796206
2831	-356.723059	-374.292804
3926	-325.748612	-307.853126
3148	-324.567513	-334.038926
3030	-324.500475	-329.980447
1428	-265.391486	-248.102522
2219	-265.437885	-274.504006
2847	-307.566260	-311.086656
3103	-340.631134	-321.066866
982	-307.235414	-294.075729
1290	-345.660459	-331.326837
365	-361.740208	-371.035075
2369	-273.760271	-259.113653
379	-391.337881	-387.329850
1049	-323.336196	-334.384820
1810	-288.653294	-263.932096
3197	-309.714859	-296.273856
194	-308.496245	-289.305058
649	-340.685408	-327.808136
654	-309.727166	-296.381281
1196	-346.840727	-343.069336
3463	-304.735360	-283.233993
506	-234.516241	-204.854696
3834	-324.589539	-329.363741
2027	-376.585000	-292.038437
451	-362.932378	-343.282917
1383	-344.398797	-330.351871
1029	-325.751230	-307.729995
2161	-361.735863	-368.710005
2974	-396.486691	-532.869614
374	-372.796889	-287.449505
889	-272.539307	-248.087988
1075	-325.751822	-307.668520
1974	-345.655745	-329.880810
2700	-304.687547	-283.740566
3004	-288.652346	-263.346912
2622	-346.829131	-342.483335
841	-361.736259	-367.820555
998	-302.306196	-210.312421
300	-324.602433	-329.361251
2765	-381.546975	-365.595677
3873	-348.051405	-338.956262
2518	-360.566272	-375.720229
2103	-346.834331	-338.104560
924	-324.528533	-330.865922
3465	-324.548021	-330.504523
2873	-307.545713	-312.990163
3713	-325.748400	-304.037806
2308	-324.460752	-332.682953
3748	-376.556657	-290.949587
516	-312.134532	-298.619490
1546	-318.321510	-453.588172
630	-273.762561	-259.820716
2795	-379.572458	-392.976549
307	-302.239101	-216.507782
1893	-344.385273	-326.163000
1453	-309.720334	-295.339593
975	-357.171724	-329.216277
1684	-320.783029	-327.636909
2013	-343.195410	-260.139132
3375	-324.594534	-329.982128
1727	-324.606977	-328.775509
479	-77.308427	-162.358565
3042	-269.468415	-252.055706
2260	-271.351786	-246.010530
381	-341.835557	-325.778504
1580	-271.339821	-247.988834
3523	-325.728070	-304.661107
1083	-309.726295	-296.161646
392	-345.637570	-331.553149
722	-310.935212	-300.331937
2593	-321.252793	-336.503823
3368	-308.496367	-290.608932
59	-248.430371	-235.003045
501	-345.630685	-331.109129
3513	-340.637067	-330.117319
3930	-338.542975	-476.507123
2710	-361.773017	-367.424624
2888	-361.704536	-371.477700
732	-327.023478	-313.391769
75	-381.566310	-362.944059
1366	-345.633122	-332.114648
748	-324.572987	-326.663927
2073	-345.600119	-330.230013
2420	-340.625366	-328.886284
3085	-322.130736	-453.174226
257	-324.569867	-329.366360
3632	-340.612805	-320.601421
576	-345.655968	-329.608276
3210	-336.808333	-323.823450
1674	-360.499243	-360.659537
3097	-309.716094	-294.591659
3946	-286.438084	-273.903704
805	-309.658574	-295.348211
1035	-284.385189	-415.581110
1683	-346.829154	-344.799481
3304	-346.843297	-341.201038
562	-456.105229	-498.733160
3116	-312.128429	-299.053617
214	-348.052027	-338.514532
1595	-309.686571	-293.450698
2415	-340.676441	-329.710300
799	-310.910909	-299.064395
2001	-346.833365	-335.456036
2479	-271.622821	-247.594199
3362	-345.632413	-331.046883
232	-490.793044	-600.777907
2287	-310.905485	-298.992863
859	-308.468407	-288.436470
3273	-288.589678	-265.141699
1263	-345.642008	-331.176267
161	-285.276468	-197.687443
336	-308.524858	-290.811073
2326	-320.768781	-325.384822
3168	-323.614890	-307.362818
587	-307.283919	-291.068889
2502	-309.685960	-295.655329
2948	-382.790431	-370.935827
2513	-345.631685	-330.607786
1182	-304.738393	-286.256791
1416	-308.514570	-287.273950
3701	-248.211932	-153.563940
2244	-414.351653	-380.407127
2723	-324.554067	-331.110446
1295	-346.829652	-333.402099
2862	-309.693471	-298.654457
92	-301.343578	-434.983903
1329	-309.710338	-294.146265
2365	-345.689766	-328.887405
3405	-269.206920	-233.608872
3285	-247.192524	-366.938790
3244	-323.320332	-330.119014
2689	-309.673807	-294.069705
474	-281.476832	-183.076569
3115	-340.620294	-326.009861
1618	-345.629039	-329.481367
1868	-326.949224	-314.341261
2970	-339.501361	-248.556322
3259	-359.368793	-498.459634
669	-377.780670	-362.656289
690	-375.420808	-389.177876
3430	-341.828533	-326.553963
2668	-310.906004	-298.423868
2716	-303.464433	-290.286118
497	-287.470402	-284.993844
3247	-360.531175	-382.214004
3861	-234.486176	-204.047175
11	-356.688211	-354.763732
2547	-323.328581	-311.231440
3484	-341.890999	-326.798103
3201	-346.845480	-342.339634
2239	-346.823312	-340.910941
2607	-275.007113	-258.624072
377	-360.527122	-372.343875
2235	-318.409670	-453.263130
3009	-307.265383	-293.042814
3193	-320.725883	-328.630751
2199	-377.815601	-366.087255
789	-324.581906	-329.045702
2214	-245.994065	-236.317333
854	-383.971058	-380.488898
1265	-227.324775	-143.124737
98	-303.553222	-285.792381
1185	-324.558175	-333.192459
1446	-319.575102	-318.739321
1890	-371.608385	-384.438129
2166	-343.239068	-262.022909
2276	-309.679242	-299.553746
2613	-338.214346	-354.818593
1003	-308.516378	-290.868509
3278	-298.952950	-187.033272
2721	-271.401725	-244.992325
2505	-344.440744	-332.150350
2270	-355.497046	-493.927846
1822	-344.395150	-333.293607
1638	-344.481904	-332.569170
331	-309.734363	-291.165494
509	-307.238995	-288.200790
412	-372.768039	-284.337254
3507	-376.594067	-290.397086
152	-306.286325	-302.171707
528	-288.538806	-268.242297
2539	-321.276274	-336.369580
2633	-324.627681	-330.607153
2594	-335.586914	-244.268391
1888	-276.201993	-260.309585
3466	-325.794624	-305.398734
1393	-271.647465	-248.677591
929	-272.832690	-254.944813
476	-397.686127	-409.517768
3200	-265.433051	-283.404836
2919	-340.635773	-331.188609
611	-248.364357	-221.277028
2855	-268.917900	-193.502507
3866	-341.882531	-326.372551
291	-304.683134	-285.486833
2786	-327.009009	-314.098462
2251	-430.448052	-477.173152
2903	-308.505951	-289.844394
2524	-392.642251	-528.911050
804	-248.395289	-231.682855
1321	-234.472577	-207.151559
2234	-272.580839	-250.495780
2121	-324.619773	-324.985581
1898	-360.497612	-373.352967
3221	-308.477915	-289.509373
2274	-308.463553	-289.878232
1769	-324.569009	-328.299198
1512	-346.839595	-343.582567
63	-287.377993	-292.220908
798	-208.842347	-208.060411
1648	-345.660642	-330.573435
323	-309.647349	-298.279215
306	-307.335530	-291.811825
1438	-356.728392	-377.186218
2275	-312.122563	-299.117497
2128	-308.504896	-290.444779
2730	-286.492223	-269.198030
3737	-361.714817	-368.398805
1765	-285.335887	-191.792066
1939	-242.205627	-234.538910
2016	-308.569875	-288.729723
1680	-377.842223	-367.666392
1667	-323.323781	-327.200433
3264	-307.260972	-294.399248
1350	-343.076530	-335.222360
1475	-362.957353	-350.915227
179	-362.928160	-345.672475
2945	-307.281910	-291.431173
2629	-356.679047	-379.652436
3719	-320.742924	-323.885488
2400	-345.592410	-331.344428
3490	-359.315205	-497.395408
2227	-356.712771	-360.989770
2741	-297.520999	-430.778801
3805	-309.680682	-293.008953
1985	-339.481708	-254.519952
2131	-320.777849	-324.843621
1339	-285.316421	-193.379265
3163	-319.610683	-333.955292
1411	-327.023352	-312.958596
1392	-353.321142	-333.415574
1640	-304.583737	-283.741121
2124	-345.600825	-329.819331
1481	-376.634518	-290.849059
3485	-324.614459	-330.344606
837	-360.512026	-361.873889
414	-192.762455	-202.015976
1592	-271.616430	-248.296866
2557	-273.774103	-256.328864
1099	-231.975652	-246.255038
3787	-381.580675	-366.839436
3733	-309.678068	-293.949271
3872	-340.691219	-330.624066
3261	-232.025930	-219.286232
2037	-345.620113	-332.199836
2317	-308.503515	-288.532079
3299	-325.725069	-305.905765
2571	-309.686348	-299.496165
1016	-305.129953	-431.874261
3581	-319.540355	-345.236051
2531	-157.115484	-160.038107
3224	-286.504546	-265.790186
13	-360.526646	-364.090655
3655	-287.379629	-291.619363
2322	-355.508682	-493.755231
3929	-321.233569	-338.192670
1693	-234.474613	-202.181633
912	-323.344400	-337.539103
714	-356.669324	-374.817580
99	-336.813559	-322.418859
2731	-272.836211	-254.712364
3908	-272.847530	-255.109671
269	-325.729080	-307.373928
1704	-274.984793	-258.437227
3069	-346.878430	-335.097075
2113	-344.391557	-325.427942
3126	-360.523204	-361.513463
2534	-362.960595	-349.533861
883	-340.647778	-331.421579
591	-325.760915	-304.422028
3146	-289.872162	-270.123635
3322	-272.536448	-252.948676
3818	-308.470796	-288.641055
3911	-345.639354	-330.099694
1348	-309.683859	-296.939300
2180	-340.665904	-324.160816
1053	-340.610046	-319.906102
538	-324.494520	-331.727295
456	-336.811524	-322.955597
2501	-232.377706	-208.839065
3676	-346.840522	-344.620114
1450	-273.757658	-259.131762
1775	-306.353871	-297.624562
3567	-309.693494	-292.981256
3061	-392.552088	-526.784064
3036	-310.907823	-298.896699
2303	-309.719920	-298.173641
3922	-270.394284	-275.102190
1391	-323.317575	-322.694839
2211	-340.648620	-325.547456
1548	-306.308471	-309.748779
533	-287.720383	-266.660900
1838	-356.685238	-377.941462
829	-310.909285	-299.572721
3243	-377.816466	-364.860922
3568	-308.468418	-288.760693
605	-456.103432	-498.985663
2482	-268.321270	-171.762857
2748	-321.271406	-336.668753
68	-286.519735	-273.593758
712	-294.081616	10.968553
2825	-360.576433	-384.091867
3249	-325.739818	-308.715828
2880	-346.831172	-338.878640
3410	-271.316922	-248.591998
1987	-325.775071	-307.057246
3738	-274.982053	-258.387219
1670	-269.230258	-254.086580
3843	-309.717869	-293.217041
48	-304.689512	-283.244137
1813	-307.550360	-315.358802
2540	-211.295796	-191.191293
3120	-309.689111	-294.188438
3442	-381.635659	-364.993543
493	-336.819674	-320.872239
689	-341.818686	-323.681717
2577	-381.600777	-362.870097
2576	-306.418503	-315.302757
1846	-344.370966	-331.925609
366	-324.576206	-328.350703
3775	-324.576188	-328.926642
544	-340.643340	-325.072313
299	-195.196751	-170.151988
1254	-325.753541	-304.650882
3971	-360.530885	-343.588604
3245	-327.024699	-312.753371
1960	-345.602645	-331.269783
767	-346.861463	-335.050137
3855	-304.746925	-284.714938
3354	-360.529236	-363.523287
1714	-132.718150	-113.939173
794	-248.143861	-169.330785
823	-361.732840	-368.309210
1606	-308.462382	-289.604690
1980	-345.680616	-329.579589
1344	-341.767606	-326.899504
1353	-359.297643	-497.369887
1816	-344.357220	-332.989467
961	-326.950279	-314.569284
3615	-210.071468	-310.900533
1624	-340.670034	-323.572534
3920	-319.574905	-317.037715
721	-185.648533	-735.396548
2561	-325.778234	-307.461956
1231	-324.569596	-333.879530
810	-269.144656	-274.189956
207	-285.281032	-194.019743
2152	-308.540101	-292.371152
1915	-361.705669	-370.340957
296	-345.688916	-330.797427
1589	-324.608694	-328.978295
3400	-289.799552	-275.049896
2861	-288.654312	-263.762003
1779	-288.583563	-270.561172
1434	-344.482088	-332.478845
172	-282.667163	-261.048639
495	-342.297848	-477.441557
2010	-323.385837	-303.263266
2563	-247.215049	-367.321060
1560	-340.645686	-327.898818
1973	-340.637231	-325.658197
1644	-325.774769	-306.428719
2191	-359.317050	-497.418555
3802	-356.724118	-380.721888
969	-325.797425	-307.184916
3779	-308.476903	-287.823772
958	-302.599262	-311.284655
1836	-268.273739	-170.904519
3468	-345.710017	-329.501167
3239	-361.708121	-367.445025
2135	-346.861074	-337.743568
146	-377.813815	-366.929955
772	-381.599310	-360.620391
3129	-361.692023	-370.115246
1091	-309.678344	-292.025894
1673	-309.733829	-292.288712
1002	-287.689262	-266.970795
662	-341.843824	-326.249361
2727	-271.330291	-247.180966
1237	-360.542541	-378.801536
1920	-361.714679	-369.748919
1424	-212.438188	-210.505396
2907	-344.466563	-336.589018
1314	-324.460304	-331.928441
517	-344.434827	-325.091117
3104	-310.941183	-298.252766
1331	-310.941319	-300.227464
2681	-308.466840	-288.895362
770	-381.612946	-365.136443
1575	-334.447259	-349.720394
1439	-340.590431	-326.083814
3001	-270.386138	-272.649657
2939	-352.864008	-383.027729
3944	-381.563295	-360.530180
1547	-335.613384	-244.582925
2558	-472.145935	-311.516400
1687	-344.407598	-326.887492
3206	-346.853173	-339.472647
2079	-363.517297	-501.923104
91	-275.011437	-258.577417
3480	-286.460642	-273.311596
2217	-344.408081	-328.115064
860	-397.697425	-396.168778
2936	-324.504178	-331.450435
979	-309.713440	-296.952803
2497	-325.763216	-304.793270
1010	-340.666160	-327.155430
276	-380.379743	-296.967182
3100	-361.716824	-366.492260
2587	-376.609234	-289.187439
1011	-310.942660	-299.896256
2279	-309.711101	-292.466570
2619	-326.939536	-315.045642
90	-327.017113	-315.188505
3142	-376.617653	-291.102384
1267	-341.841438	-324.372231
645	-308.540795	-291.290197
385	-305.159206	-438.824850
3835	-309.693085	-297.610932
606	-343.235457	-277.220232
565	-356.730212	-365.436841
3722	-308.759135	-288.332707
2225	-324.612179	-329.034443
876	-325.807685	-306.630815
2897	-346.825923	-338.489896
2437	-356.692640	-374.695291
359	-346.832402	-334.954325
2087	-286.484121	-272.191994
3384	-357.949026	-364.024916
3897	-324.519277	-329.425028
14	-302.238859	-214.442972
3388	-271.606364	-245.781778
3301	-371.491061	-385.463238
3093	-334.424572	-349.537805
1118	-306.032266	-225.737600
1297	-345.621773	-328.277352
3377	-360.549337	-381.687265
1291	-285.276634	-199.519072
485	-250.585183	-226.386130
83	-344.434906	-335.356158
1096	-309.689595	-297.888967
2294	-341.831947	-324.376599
157	-376.519880	-292.001993
2585	-249.269471	-230.591229
2772	-343.232602	-261.450218
1543	-323.360471	-297.790658
3266	-287.736841	-266.231685
920	-281.489179	-185.202659
2106	-286.476486	-275.887521
3905	-395.515911	-393.922548
1545	-308.468255	-287.795255
2686	-340.697732	-329.553865
909	-325.789320	-307.825102
1181	-323.657279	-310.378691
2704	-320.786981	-324.742104
2708	-308.512758	-289.844916
1478	-309.691634	-296.431374
999	-308.512721	-290.719448
3662	-360.469577	-378.008492
817	-345.619715	-330.065276
1770	-309.719198	-295.816563
1462	-312.136049	-298.224706
1483	-309.723988	-296.308572
2751	-273.787799	-259.916117
458	-340.699868	-330.232428
2423	-338.238743	-353.035123
930	-346.898838	-335.231762
2175	-324.545475	-331.961286
3732	-320.774305	-323.734348
3844	-308.450468	-289.299247
1461	-346.899170	-335.548302
367	-360.491873	-384.276539
2787	-324.505365	-328.808640
3668	-309.700336	-296.916204
559	-362.935404	-347.138650
2324	-346.831385	-334.940355
3623	-341.892484	-325.474732
724	-320.775720	-325.087227
