no_training:3000	no_test:993file identifier	 training data
2251	-430.448052
1422	-361.728608
245	-340.656722
2830	-325.800699
3917	-274.985822
2457	-382.757134
871	-309.680919
1356	-271.372094
2103	-346.834331
3888	-323.359825
3370	-396.486664
549	-372.785072
2930	-310.906738
367	-360.491873
2765	-381.546975
1447	-469.758395
1209	-392.612820
3639	-345.680996
2027	-376.585000
1035	-284.385189
696	-356.709466
2013	-343.195410
1458	-288.648179
906	-383.969892
1466	-340.657975
2234	-272.580839
2335	-346.825562
735	-309.716570
2288	-345.612787
66	-337.302324
3653	-309.763576
3463	-304.735360
2943	-340.654874
3391	-306.403144
601	-324.603558
2914	-270.422403
2838	-324.547436
1361	-346.840635
2222	-340.678668
2857	-362.899149
1484	-273.817328
96	-375.359188
1030	-309.683546
3705	-345.665479
1794	-325.712420
1562	-309.676327
2612	-345.627545
3432	-297.523580
784	-377.848074
910	-270.384937
2104	-379.006904
1227	-322.155306
115	-356.682218
201	-308.561649
778	-324.573162
1483	-309.723988
562	-456.105229
1268	-344.411146
3090	-287.362939
3113	-324.531139
2827	-345.615042
3952	-269.175627
1480	-324.584824
830	-320.767103
2211	-340.648620
3042	-269.468415
3473	-360.527434
1036	-340.609236
2084	-361.708021
1444	-304.691748
2238	-281.495234
1141	-115.679136
3213	-339.438949
1410	-273.759553
2591	-325.773278
3980	-372.708066
2292	-343.246371
2869	-306.113519
3117	-346.824942
2309	-272.583285
3842	-376.587741
2125	-310.908354
585	-229.918003
1922	-248.132701
1095	-324.603415
307	-302.239101
789	-324.581906
3203	-308.459279
859	-308.468407
2913	-361.630982
1974	-345.655745
1242	-308.508254
2862	-309.693471
2039	-360.553317
929	-272.832690
751	-361.724921
2059	-345.674176
1664	-310.904974
2783	-272.537685
1401	-307.265351
2653	-361.749428
3285	-247.192524
1897	-197.629387
791	-309.662433
3049	-324.610004
2337	-324.588418
1372	-381.574124
3241	-319.515995
1129	-340.618148
836	-324.606601
815	-285.324641
957	-360.490486
1934	-341.769746
3945	-304.737186
1269	-307.563525
1207	-324.584396
165	-327.013034
1572	-322.170570
1499	-320.779994
272	-322.161948
2818	-335.618370
2994	-345.597078
301	-324.570823
3333	-361.709769
1940	-334.429558
297	-325.833945
2008	-336.802659
3486	-437.484875
191	-307.610450
1605	-345.703157
1478	-309.691634
14	-302.238859
2954	-305.915530
1168	-308.454820
147	-345.615452
1840	-360.536972
2454	-288.578155
104	-360.574432
312	-234.485640
249	-306.347185
176	-308.554162
3654	-307.541973
3820	-340.655117
916	-345.608831
1598	-308.471397
404	-324.595399
2239	-346.823312
2984	-362.935648
3855	-304.746925
834	-346.828689
3869	-324.525580
2453	-268.273240
3412	-335.628480
1683	-346.829154
1111	-335.656557
629	-309.712115
492	-305.904760
3235	-339.416290
1765	-285.335887
281	-322.479769
2948	-382.790431
1448	-372.747155
1769	-324.569009
3871	-346.859809
3821	-308.427345
3331	-233.545899
351	-345.625747
3649	-343.292778
2623	-235.700285
3732	-320.774305
2075	-345.606444
128	-303.785832
3898	-356.700248
2388	-309.695742
3913	-308.551230
3988	-309.707600
3574	-398.876124
3915	-309.687698
2766	-285.279992
1763	-325.799404
1589	-324.608694
814	-308.509272
2478	-339.450173
675	-346.827397
1222	-325.805865
1715	-286.486570
73	-233.293627
2897	-346.825923
3553	-346.830674
3575	-309.736328
174	-229.928448
1467	-345.613895
3829	-323.654114
3759	-270.393902
93	-340.615011
2519	-323.585680
3587	-322.421320
406	-359.295180
2396	-307.546144
1961	-197.629416
429	-288.570364
3784	-344.450127
717	-380.401348
145	-310.929561
1070	-361.752301
571	-339.423497
1368	-288.584029
1127	-345.659797
1656	-323.352987
831	-346.867207
2615	-360.501085
3149	-372.694726
1697	-345.613396
34	-306.355655
3443	-346.866543
3727	-285.317454
3516	-324.634527
469	-325.775843
35	-343.197784
3663	-344.446747
1597	-336.805704
3989	-272.542369
52	-345.627428
3787	-381.580675
1803	-270.394458
1387	-361.698635
3313	-360.526364
3453	-321.254976
305	-346.859213
1830	-345.641862
3723	-345.597175
3902	-382.757521
1594	-323.433551
436	-360.521191
1054	-323.427722
2045	-324.495988
3079	-270.401391
763	-308.429953
3682	-291.017820
3311	-344.433172
2070	-114.483613
1309	-287.723848
3134	-271.319942
2236	-235.698987
3429	-274.987297
1239	-356.710448
3799	-291.018995
948	-336.827390
846	-270.434394
154	-324.538764
1148	-284.062954
3365	-396.458774
1544	-324.594826
2043	-344.484341
776	-325.781815
1313	-324.502042
2550	-271.628346
1649	-346.868661
2134	-344.433965
2908	-271.620997
2492	-396.477101
3289	-270.437636
2501	-232.377706
2682	-324.528297
405	-273.804251
3455	-270.401061
2026	-272.837907
909	-325.789320
817	-345.619715
546	-306.365166
607	-301.373496
1476	-308.455419
647	-338.268974
3110	-236.917458
2797	-345.646914
427	-382.798099
2767	-340.635968
700	-310.938181
537	-361.731930
2681	-308.466840
254	-285.284456
3641	-360.485033
2353	-281.504579
2917	-267.068488
2195	-289.873479
2651	-273.744309
1770	-309.719198
2952	-308.511290
3809	-310.902628
2696	-353.269456
346	-307.586014
5	-351.628383
269	-325.729080
1688	-324.567893
293	-377.807580
2583	-346.859078
3335	-275.020322
2406	-306.386594
3905	-395.515911
2148	-309.718089
833	-325.761605
222	-412.548009
1935	-361.677841
536	-323.348544
1861	-235.696852
3481	-357.941534
707	-381.585428
2704	-320.786981
379	-391.337881
1930	-341.835805
3578	-286.432515
2281	-345.643890
2511	-250.500016
3722	-308.759135
1990	-281.482892
1028	-360.421732
3323	-232.335768
2243	-340.673964
3099	-324.530718
3175	-309.649998
713	-308.484017
1811	-346.855968
365	-361.740208
2348	-285.253877
820	-326.934229
756	-325.798888
1300	-324.595031
3126	-360.523204
2836	-345.652670
2633	-324.627681
2895	-273.764673
2811	-326.944158
2753	-310.904304
3312	-323.647099
3372	-309.705858
554	-340.688787
2052	-325.809179
1152	-308.448572
2297	-322.412936
2625	-291.021574
1720	-309.692095
3683	-308.510782
2782	-340.664407
2603	-341.863083
3265	-324.569062
2024	-306.349032
2308	-324.460752
3044	-363.519194
2469	-270.392444
944	-320.766684
2729	-323.315925
2156	-346.827596
1545	-308.468255
359	-346.832402
1161	-308.513516
723	-361.717032
1316	-361.652250
1166	-324.576650
1234	-325.796704
2785	-310.915445
2215	-289.795079
3665	-323.329494
3652	-361.720088
2254	-359.388326
3132	-309.670613
3474	-309.730988
2346	-310.909551
2273	-324.579188
1314	-324.460304
782	-361.678341
2100	-343.199390
388	-340.594424
2503	-345.653983
3339	-356.699649
645	-308.540795
2089	-308.469081
568	-303.458583
3957	-307.291354
2157	-309.686797
3973	-356.659922
2851	-356.699504
2497	-325.763216
704	-235.696677
2424	-273.764093
2290	-343.224836
2419	-287.353473
2213	-287.433999
20	-270.370102
705	-362.953848
2203	-310.911529
43	-319.572842
287	-307.560718
1552	-346.865957
710	-340.625597
2810	-273.763107
1151	-392.620909
3137	-272.533448
3523	-325.728070
181	-412.528245
644	-376.595314
2795	-379.572458
617	-376.521083
1116	-356.691214
3534	-320.785748
3439	-301.389192
3088	-308.459859
3093	-334.424572
3100	-361.716824
2871	-308.460407
2618	-361.768020
3788	-361.725962
2370	-360.496984
1281	-308.457113
3047	-285.293918
785	-273.796695
2311	-193.034988
437	-309.705971
1661	-322.148261
1951	-317.408548
1124	-271.651913
7	-309.722879
2142	-324.624987
2668	-310.906004
3955	-323.391458
2009	-273.812948
1037	-306.397746
3793	-381.580932
2940	-339.418028
3806	-309.676410
3170	-271.626697
761	-312.126820
3243	-377.816466
118	-352.905052
1909	-345.630398
1522	-324.485746
1848	-273.769835
547	-360.540793
490	-231.142581
2552	-340.624424
3470	-416.814878
3478	-343.296547
3636	-324.624318
3098	-345.658421
2759	-393.905418
1843	-362.899677
321	-324.604397
640	-345.616264
630	-273.762561
2383	-324.593866
2046	-286.493052
3043	-196.405320
701	-265.396194
232	-490.793044
3006	-308.470648
2189	-325.762375
1384	-361.755719
2547	-323.328581
75	-381.566310
3024	-251.729571
3731	-310.913156
2557	-273.774103
2363	-324.610150
2434	-377.845502
2116	-340.646768
1807	-344.469516
748	-324.572987
2220	-272.538190
1225	-196.409349
746	-273.802095
2389	-361.728546
2997	-380.371074
766	-312.133805
162	-232.324966
885	-324.623780
81	-318.390876
1866	-310.940708
1340	-271.616723
384	-343.291812
2987	-271.618137
3397	-356.702115
2663	-361.722327
2708	-308.512758
3545	-310.915918
3711	-303.469034
3326	-381.616196
565	-356.730212
3693	-273.779498
3948	-340.614465
2731	-272.836211
2314	-345.658870
597	-309.683901
3195	-274.982322
1057	-391.518453
526	-344.430692
1588	-323.678800
698	-274.985880
3352	-272.834623
2674	-342.352279
3081	-302.557878
2126	-270.399529
53	-285.330157
3284	-343.290242
3878	-360.554015
3956	-345.698757
896	-323.312767
1475	-362.957353
434	-338.195462
874	-271.611192
2064	-309.687401
2435	-229.013797
2659	-324.461004
1686	-288.648208
284	-360.500454
3465	-324.548021
258	-371.546126
3880	-357.942023
1140	-304.683966
1024	-302.535621
1959	-324.603913
1859	-324.577613
3910	-309.703111
3252	-340.610842
1358	-340.682075
1254	-325.753541
832	-308.470270
3710	-308.565933
256	-308.741915
3431	-323.229212
1742	-288.583008
3769	-304.586424
78	-270.472470
2592	-308.486071
211	-357.939331
505	-338.531538
3216	-344.380260
2636	-306.112153
38	-309.736982
1844	-325.808754
2498	-288.539500
345	-309.704732
2143	-288.628466
62	-309.677968
1888	-276.201993
2815	-324.570906
990	-309.684377
399	-304.735224
3848	-324.564634
3767	-324.568597
87	-490.834069
1402	-286.203815
2995	-381.584942
3958	-291.015785
3695	-309.651827
1712	-345.612640
2096	-345.661705
2812	-381.619786
3867	-356.726146
793	-326.950540
2740	-360.536920
561	-264.226909
2624	-309.699280
3278	-298.952950
2472	-209.159302
3679	-320.794248
457	-380.372151
2824	-304.720708
2230	-262.056533
3560	-286.463470
3936	-326.951067
101	-324.507184
2135	-346.861074
2991	-272.841336
9	-344.468531
3490	-359.315205
3066	-345.688382
1674	-360.499243
445	-319.610687
3672	-309.689612
2970	-339.501361
1123	-375.393636
3233	-304.691526
2300	-453.655583
3030	-324.500475
1079	-287.347000
3480	-286.460642
877	-359.317823
1378	-346.867789
3493	-232.333258
1823	-340.656176
3120	-309.689111
1304	-356.679729
483	-309.705795
412	-372.768039
2749	-340.645995
358	-272.544323
975	-357.171724
2899	-310.930659
2191	-359.317050
3344	-325.748658
2921	-310.904813
1155	-272.838189
3274	-196.407957
809	-361.738091
3142	-376.617653
1919	-407.364323
1620	-270.431243
632	-361.705069
624	-312.119017
2036	-309.733888
2630	-282.871678
583	-285.016369
2088	-362.871515
2207	-301.330754
3127	-327.010419
1147	-304.755780
3141	-345.651109
3452	-361.758902
2022	-344.425164
1746	-396.470299
2460	-345.631797
2802	-325.804486
3846	-318.393987
203	-340.663148
334	-245.983375
2834	-325.699665
1359	-229.927277
3094	-324.601619
3752	-345.686524
1788	-345.646841
3161	-309.678595
2750	-268.301176
2715	-345.709596
2344	-305.915175
1174	-345.614442
451	-362.932378
2613	-338.214346
3102	-310.903589
918	-310.917344
2968	-310.909942
2282	-375.368783
3124	-308.562031
373	-379.522177
849	-360.532987
2422	-325.718957
3075	-324.616343
2463	-288.576502
3696	-308.474441
2257	-307.238509
3841	-371.541704
2665	-348.031230
2956	-360.528914
510	-234.491176
2374	-285.279236
3072	-340.671263
166	-325.729970
253	-305.838224
1382	-360.492675
241	-309.718177
3150	-310.942587
670	-324.618078
1087	-324.508933
507	-309.697879
1232	-336.811744
2876	-360.574465
673	-345.680831
1276	-340.667317
1999	-233.547877
2604	-304.743934
82	-309.701458
2318	-348.039301
616	-345.676243
2734	-309.719592
1322	-271.619912
904	-345.608456
808	-320.774349
2879	-265.401151
2764	-195.179738
3068	-306.015194
1106	-231.106310
1644	-325.774769
3508	-309.675176
25	-309.712046
2158	-340.663379
743	-309.719124
2959	-289.795007
1285	-346.860450
247	-304.688358
3292	-326.937372
234	-308.467880
1928	-326.927990
3438	-312.132858
2889	-341.871347
1785	-273.751900
314	-233.255379
636	-382.818623
3458	-345.693035
352	-288.557016
444	-340.665581
1112	-287.644079
2102	-361.723581
2326	-320.768781
2384	-281.469893
2910	-307.536915
917	-323.320690
3634	-340.646592
3591	-273.762889
1260	-270.417842
364	-117.824798
2073	-345.600119
3139	-344.437158
967	-372.742461
2855	-268.917900
1913	-310.912131
3558	-339.464817
2336	-344.433499
3046	-322.057728
2989	-287.317913
2407	-377.829134
678	-308.506580
1565	-325.735821
1971	-362.906662
2152	-308.540101
3255	-345.578846
1808	-356.676972
1481	-376.634518
3297	-360.526636
884	-276.202586
2572	-360.495461
2000	-309.736479
3939	-317.386479
228	-346.859384
1805	-344.380468
2691	-308.505543
2421	-249.395323
1282	-346.860539
3193	-320.725883
586	-376.582598
3670	-286.248451
1936	-360.564423
792	-310.898648
1495	-286.516879
180	-360.505528
2360	-340.636727
964	-291.014970
3371	-286.517424
907	-381.607752
1626	-345.619567
1590	-344.415609
1056	-271.618179
2216	-308.505718
468	-322.150234
1845	-302.309526
2172	-308.472272
1884	-307.577822
1672	-336.831068
1102	-116.609549
1226	-195.226072
2128	-308.504896
3393	-359.297522
2390	-270.097243
1169	-346.819305
646	-323.641347
3464	-234.470922
762	-346.863396
3319	-376.604793
2692	-356.663387
734	-233.242250
2258	-303.453218
3082	-272.586248
1867	-324.583096
1879	-288.594527
1294	-345.612830
1854	-382.743932
2554	-345.649886
2111	-348.048744
3796	-341.875439
857	-245.711897
2932	-285.320198
3802	-356.724118
1870	-309.686187
275	-344.442225
660	-271.630416
2699	-346.864540
3424	-348.051118
2938	-346.875201
2533	-265.438520
455	-340.664551
2442	-345.636611
2580	-309.722373
261	-310.905322
3909	-310.945132
1042	-305.904676
1017	-308.419735
1336	-334.362330
2206	-312.126404
2190	-324.574822
1551	-324.575851
933	-270.430832
2169	-356.733974
282	-325.714378
1777	-265.408147
2528	-308.467760
3476	-304.737418
3959	-305.831035
1186	-359.296697
1345	-376.540686
1835	-376.631067
3566	-325.830752
664	-335.632054
819	-276.204532
2714	-398.878264
2839	-362.930315
1251	-322.482659
2788	-345.596027
1306	-288.682324
2804	-344.433943
2820	-308.557865
1678	-310.955296
1292	-323.652284
1727	-324.606977
1757	-285.313612
1101	-307.244627
3477	-348.046236
1072	-272.554773
1969	-360.529678
1546	-318.321510
3927	-323.326298
3680	-305.904722
2107	-325.766177
3167	-309.688639
1185	-324.558175
484	-351.639205
3620	-359.351415
3891	-346.821929
891	-325.767721
3772	-356.752251
1177	-325.808092
3336	-308.477672
1165	-309.706371
2146	-310.932540
394	-344.385642
3217	-306.392828
3258	-324.473847
2192	-307.232824
210	-362.938898
1886	-302.286171
2845	-307.602080
452	-324.575287
3708	-270.397474
2520	-307.284294
153	-347.466594
1983	-320.792773
2620	-324.587670
553	-271.666055
3563	-227.798785
2694	-317.396153
915	-304.734226
3832	-346.836423
1537	-309.692993
3533	-232.036378
1841	-325.788368
3647	-325.794522
3000	-309.688191
3347	-286.510514
3069	-346.878430
1398	-234.469383
1952	-344.408452
2447	-323.330261
2996	-324.566568
289	-321.949791
2577	-381.600777
2129	-356.722498
2333	-338.234590
1555	-324.529724
2032	-287.663174
1735	-320.791360
641	-322.439472
2566	-346.832253
132	-308.469258
1529	-354.275774
2657	-308.451299
1023	-309.663477
1310	-307.529289
2427	-339.474134
1117	-345.566120
246	-313.537245
648	-287.422111
1832	-309.737802
1210	-340.641282
442	-356.712228
3929	-321.233569
2807	-269.176124
2255	-360.513163
3001	-270.386138
1312	-381.612501
986	-347.459586
3264	-307.260972
294	-308.506421
264	-339.450073
1750	-287.645651
135	-301.341304
1416	-308.514570
994	-323.428670
2256	-303.503801
3576	-325.729906
872	-309.711438
2342	-309.680487
666	-381.593528
2235	-318.409670
2891	-308.511094
33	-264.504487
1641	-340.647224
80	-392.672883
1729	-361.740062
182	-324.474954
858	-340.661797
1238	-360.499088
3886	-270.388222
1721	-339.479764
3107	-281.504745
2069	-346.855971
3593	-304.614300
3521	-342.324182
1236	-155.897345
1114	-302.353948
3428	-288.564752
3125	-308.510840
1980	-345.680616
2504	-325.805550
3423	-308.555641
2488	-363.508158
3277	-354.254979
1600	-249.301818
625	-308.514390
2170	-274.987123
3290	-341.859618
2949	-346.838702
2138	-340.684371
2283	-231.111403
1898	-360.497612
1561	-325.749687
1617	-355.508183
2649	-381.581036
557	-312.122696
3462	-272.538255
3322	-272.536448
377	-360.527122
1279	-377.837977
1085	-231.092208
3501	-318.409788
1427	-340.646339
1790	-345.664882
1632	-340.673967
912	-323.344400
530	-360.503506
2394	-355.446449
2799	-340.702898
3500	-323.345473
506	-234.516241
1009	-266.763445
3857	-340.686134
3357	-361.779217
3724	-324.573480
687	-346.841762
2180	-340.665904
225	-346.842403
2485	-392.676111
899	-321.230055
1033	-339.482903
1323	-289.811983
2870	-289.872470
317	-325.797397
1329	-309.710338
1162	-309.684472
513	-355.518342
1188	-306.054267
3298	-345.599182
2735	-309.690179
2049	-344.463291
3283	-287.404397
3635	-308.475489
3698	-360.508088
486	-288.678720
2531	-157.115484
608	-309.688960
681	-312.126544
2417	-336.838171
3115	-340.620294
520	-309.720011
1039	-360.575277
482	-272.599303
2846	-273.780933
1671	-309.708282
2973	-324.604156
3003	-325.798735
3457	-324.559213
3864	-288.639421
2127	-308.519863
2010	-323.385837
212	-324.605613
2474	-357.944802
2080	-325.793131
3764	-308.483519
711	-341.849127
1376	-348.053064
1819	-249.292101
3221	-308.477915
3416	-320.770681
854	-383.971058
1778	-305.036659
2001	-346.833365
2471	-288.628801
2619	-326.939536
491	-287.737498
940	-325.787515
2304	-286.431160
1203	-261.802956
1885	-345.647670
2252	-382.779570
2227	-356.712771
360	-346.890881
683	-348.060054
418	-324.565412
2544	-381.632480
2685	-344.426408
856	-324.568212
2608	-306.369631
2177	-346.868453
3301	-371.491061
2246	-287.318502
1865	-345.609914
3961	-308.561152
3637	-309.764115
3618	-309.731536
2248	-377.773452
1438	-356.728392
663	-323.347275
1256	-312.119596
3522	-309.691414
214	-348.052027
494	-345.611057
1221	-344.436348
1328	-376.531779
1513	-306.368494
2525	-324.569051
37	-381.587333
368	-345.595021
1970	-362.897428
931	-361.763293
3119	-301.090914
3673	-309.691463
3918	-289.794194
1333	-270.359564
1856	-321.958301
323	-309.647349
2124	-345.600825
152	-306.286325
818	-387.475673
1851	-361.717868
1518	-309.683200
3223	-341.794931
3399	-307.229313
604	-320.777491
2232	-56.525887
669	-377.780670
3648	-324.631468
2542	-326.951186
1772	-361.717972
780	-308.769557
1863	-381.631601
3740	-356.684693
160	-309.685140
263	-341.853650
1136	-271.296056
2574	-273.812881
1399	-341.826906
2911	-289.871661
105	-309.727110
3976	-273.765901
3728	-234.474951
370	-356.698196
3950	-270.439135
3720	-308.561301
1535	-324.463541
1660	-274.985107
2175	-324.545475
3487	-210.101789
209	-308.493663
1175	-361.742598
1069	-375.370023
1595	-309.686571
1559	-380.372123
456	-336.811524
2280	-359.345792
2371	-307.253245
2675	-303.787203
2942	-325.778444
1497	-251.731545
1493	-335.643923
2095	-348.034975
2553	-302.545562
1353	-359.297643
3655	-287.379629
3254	-287.469473
1853	-359.314227
1346	-308.542644
1691	-272.595294
635	-324.578381
1796	-307.536544
274	-272.539126
653	-344.473681
49	-396.507540
797	-278.075775
3887	-242.196351
1619	-340.600021
905	-360.513668
141	-287.734664
3450	-382.824468
2909	-361.687451
3987	-324.506120
2310	-338.194242
676	-272.584377
2452	-344.424745
543	-310.937295
408	-208.863267
3055	-285.313284
3036	-310.907823
139	-338.257996
1509	-345.612220
193	-307.285557
1761	-376.622507
3892	-271.608843
3386	-309.684862
3923	-309.737951
1510	-322.425235
3934	-381.630276
3378	-325.831718
1065	-360.485823
1547	-335.613384
1694	-273.743311
1726	-381.506605
198	-303.934323
3613	-308.483617
3715	-381.567301
2593	-321.252793
2934	-324.462733
1698	-325.800949
137	-287.440932
3630	-287.660591
2720	-231.102112
1228	-345.640969
3990	-303.459637
1723	-307.290176
439	-288.690999
1567	-356.714706
2266	-289.766576
2159	-324.581067
1923	-287.427777
2154	-360.512793
400	-376.570473
178	-188.042067
1150	-308.551121
2284	-359.298380
2924	-348.045292
804	-248.395289
3174	-272.844804
3883	-308.516508
841	-361.736259
381	-341.835557
3089	-327.025329
3253	-281.476938
2643	-372.711859
2329	-324.557240
2628	-359.341296
1736	-273.764207
2276	-309.679242
308	-303.428586
2546	-248.018573
59	-248.430371
2499	-376.539208
2267	-291.016020
847	-324.608363
313	-361.721849
3894	-322.469844
3215	-320.793270
3025	-324.573338
2479	-271.622821
3899	-337.265273
2319	-271.316064
2883	-308.757991
1824	-336.855265
1611	-348.044714
1193	-324.550139
2622	-346.829131
2784	-273.803873
839	-302.254301
2816	-310.905786
465	-266.553159
3598	-340.671493
1060	-345.713205
3623	-341.892484
1858	-343.238086
941	-340.652570
1454	-288.652757
2584	-360.567154
3054	-269.129580
3916	-273.810780
603	-346.867624
2755	-381.595252
1932	-310.911279
303	-375.328197
3411	-286.134060
3415	-308.495275
3684	-362.958208
467	-273.793804
2510	-325.797299
1755	-304.686811
2687	-377.816463
1962	-382.756724
3039	-341.851538
772	-381.599310
3877	-340.623773
1931	-310.900102
2201	-452.728039
1914	-288.576123
2751	-273.787799
1241	-345.608395
3709	-340.613243
3401	-338.175569
390	-306.070291
2538	-344.417597
3850	-308.528193
1388	-250.583643
3604	-273.812100
2007	-308.499105
3013	-346.883127
1781	-324.582445
953	-392.650949
206	-309.688611
386	-325.776001
699	-307.243079
1696	-320.785074
2316	-306.361448
2817	-340.641240
3273	-288.589678
133	-271.642927
1689	-336.823026
2837	-325.730097
2941	-340.635024
795	-246.023231
1878	-346.819711
589	-340.604189
2632	-306.344083
3975	-309.693760
3063	-317.413890
1461	-346.899170
2781	-288.581699
2600	-307.237880
1318	-310.897519
1652	-301.316399
1392	-353.321142
1570	-325.783642
143	-302.355005
694	-344.360007
428	-324.570042
945	-264.243028
581	-287.683128
656	-376.605347
1759	-305.906809
61	-308.462933
3600	-325.781571
578	-382.825717
1829	-382.804482
2748	-321.271406
966	-339.467091
1717	-345.603646
395	-234.447743
2065	-340.537496
1201	-224.944660
316	-341.858490
125	-228.992613
1645	-324.477059
1752	-296.265627
2570	-324.626187
3984	-344.418857
2438	-392.565188
932	-361.764881
1968	-324.538807
3859	-308.499978
903	-309.685872
2703	-309.722894
1291	-285.276634
3363	-345.658313
3901	-346.822424
190	-354.290746
3681	-310.914919
3153	-340.622406
2569	-281.476967
3377	-360.549337
216	-307.283509
2738	-324.555069
3309	-274.989422
3404	-309.733988
3405	-269.206920
787	-360.525379
1270	-307.571937
3067	-271.304881
122	-339.419649
2132	-377.826580
3835	-309.693085
826	-248.137789
1026	-325.765414
637	-360.557419
3768	-227.338075
2221	-308.512137
2863	-287.423372
828	-361.684892
609	-377.817369
2067	-280.248350
2944	-309.687280
2061	-345.638357
765	-317.447668
3531	-344.458268
2377	-236.916033
1132	-310.938583
1494	-345.654016
3943	-376.602183
430	-307.543210
2988	-310.923406
3642	-324.565306
1822	-344.395150
109	-158.340943
2660	-307.582044
3229	-271.614305
3530	-309.739069
3594	-272.544482
813	-361.733052
1958	-340.595950
1319	-308.560759
655	-325.771459
1868	-326.949224
1394	-396.500849
1365	-361.755045
1014	-301.385442
3714	-265.398572
3561	-343.190300
3721	-284.372483
2355	-336.816043
3805	-309.680682
824	-310.952875
3771	-309.655144
2491	-381.634033
290	-348.056024
65	-312.125621
205	-269.465281
595	-340.652012
3757	-281.482952
3921	-343.218379
3426	-307.387663
1820	-324.522751
662	-341.843824
2097	-345.639692
870	-345.646965
3656	-310.918831
2299	-280.273691
661	-335.635079
3034	-360.418556
2155	-343.243883
3466	-325.794624
1693	-234.474613
3985	-324.548763
714	-356.669324
1709	-326.941251
777	-307.544712
575	-272.582834
1137	-271.622539
1182	-304.738393
3007	-319.573727
2515	-323.341413
548	-233.555951
3610	-360.476593
3346	-318.327053
371	-380.374978
3179	-270.408713
3140	-284.987905
184	-322.436757
3514	-340.654233
1289	-344.439723
599	-343.312201
825	-340.536374
3146	-289.872162
2465	-339.464024
3601	-308.749822
3571	-309.676719
3219	-339.428557
914	-361.707841
2853	-325.794835
1157	-309.691584
3337	-286.438448
213	-249.281074
810	-269.144656
3230	-344.454591
2269	-308.452310
1773	-304.696646
1164	-340.611734
3148	-324.567513
3033	-325.785262
2808	-340.646073
3062	-381.573048
1514	-320.781098
2359	-360.468392
538	-324.494520
2650	-361.727711
3237	-303.553222
614	-383.982605
1073	-233.249538
3903	-340.636306
2847	-307.566260
902	-310.940195
3023	-323.343769
2081	-273.775864
2486	-307.239887
1469	-324.444698
2160	-345.674929
851	-270.117027
1375	-345.645053
2150	-324.570860
2306	-287.354343
1713	-323.381747
2056	-325.729141
283	-355.460155
2212	-346.837271
1115	-325.773014
3369	-158.342346
1473	-340.678945
3303	-272.589883
1875	-242.186010
2982	-325.722723
36	-344.382282
2679	-312.130526
2736	-310.922181
2184	-360.501473
3854	-346.867382
1762	-361.755551
1655	-338.217210
328	-310.911163
42	-376.564691
1271	-310.902165
1942	-382.751274
823	-361.732840
612	-397.697891
2272	-324.528642
1287	-355.515622
2502	-309.685960
2261	-233.260156
2635	-323.324700
2450	-312.124760
218	-285.311823
235	-270.375081
164	-340.675814
576	-345.655968
2224	-307.568767
971	-324.624537
3492	-345.645245
1682	-269.215705
2317	-308.503515
1663	-232.351764
1795	-356.736238
2369	-273.760271
983	-341.851447
1464	-381.610550
747	-359.350089
1133	-308.517070
3971	-360.530885
102	-307.230370
480	-325.760797
3567	-309.693494
3607	-325.801523
3302	-324.577047
2586	-191.810916
111	-344.470970
70	-346.874234
3875	-309.655400
1680	-377.842223
2601	-333.464063
3394	-376.613178
2137	-324.588239
3123	-309.702150
2109	-321.219665
2253	-325.818163
3965	-273.764529
179	-362.928160
1607	-303.462115
1739	-303.454720
1586	-272.837559
803	-325.789564
2607	-275.007113
3856	-306.313590
90	-327.017113
142	-307.594137
148	-345.629933
3246	-340.652252
183	-362.962787
2535	-272.835594
2122	-348.040439
3467	-308.494487
1569	-234.503085
1996	-356.687774
2556	-321.958604
1957	-206.721858
2801	-310.932716
1976	-346.831692
1725	-360.495137
120	-323.345161
731	-355.501990
2093	-324.473588
1229	-288.582662
2140	-325.715372
3197	-309.714859
2880	-346.831172
2270	-355.497046
2440	-317.433049
3	-346.838279
1633	-247.201165
2673	-345.652182
1343	-310.895432
3935	-289.875063
2015	-308.518276
2074	-285.300440
1809	-324.559733
1972	-233.542445
864	-323.337623
3196	-297.530335
2418	-304.734646
3879	-339.483894
3565	-286.474509
882	-169.557758
3605	-372.755216
2490	-343.078368
440	-307.226474
1258	-344.472090
1804	-324.542706
1453	-309.720334
2430	-304.688809
1654	-360.518768
1374	-322.175807
2173	-304.678340
2842	-308.450204
1109	-333.411326
2904	-302.545112
3220	-273.806349
1371	-288.596392
605	-456.103432
2034	-345.586124
551	-382.817123
1628	-345.637174
1580	-271.339821
3151	-362.873906
3318	-308.513124
807	-340.681309
3669	-285.267165
726	-346.870614
3507	-376.594067
1549	-340.689515
2762	-306.370119
163	-319.624414
2828	-232.030352
2055	-304.724717
296	-345.688916
3666	-309.735874
3392	-361.774979
1543	-323.360471
2415	-340.676441
1068	-308.470010
458	-340.699868
2780	-272.545389
1899	-308.478846
2151	-289.802108
1814	-360.537947
2445	-324.576679
454	-265.283843
1479	-309.677142
626	-288.653249
3559	-309.721434
1978	-281.485530
3163	-319.610683
1710	-361.726166
775	-344.469204
1987	-325.775071
3694	-338.246643
2141	-307.287454
2831	-356.723059
1301	-309.679190
742	-272.588370
476	-397.686127
498	-273.791878
2367	-361.723620
2293	-269.216495
2786	-327.009009
3597	-360.539435
3348	-304.715963
1692	-362.862736
1067	-273.762417
2929	-345.638912
1425	-288.648476
1560	-340.645686
3307	-318.647923
1041	-371.504707
1743	-346.856186
3922	-270.394284
534	-324.575799
265	-236.916125
1404	-346.883049
2706	-345.667357
3868	-360.526225
1615	-287.344000
1156	-154.972731
2264	-346.831590
1511	-271.315027
2166	-343.239068
407	-287.508781
2656	-376.622509
3569	-272.588302
85	-272.550580
539	-341.886521
1125	-285.292217
2568	-325.718022
1758	-271.616401
2242	-362.870426
3362	-345.632413
1103	-273.764642
3970	-305.897998
628	-325.726991
13	-360.526646
168	-325.810050
2165	-319.567241
292	-308.517192
2716	-303.464433
310	-308.480308
411	-397.680771
1261	-268.282665
2655	-235.723792
1006	-336.843788
1327	-320.768458
409	-306.383308
2561	-325.778234
3147	-338.530072
2512	-346.823548
2634	-326.927446
3579	-356.677429
3853	-271.336383
2303	-309.719920
2868	-270.407057
926	-345.680086
3402	-234.522504
2881	-345.594203
1915	-361.705669
3209	-346.834502
2709	-345.632155
1139	-270.382725
134	-308.516376
927	-340.676668
3504	-308.561061
1954	-226.144377
1685	-338.273553
2901	-318.323005
1385	-309.679840
1075	-325.751822
658	-307.234503
2690	-231.093096
121	-361.711483
2858	-346.862070
1801	-301.335636
3782	-262.035127
1405	-361.711854
3991	-372.765028
771	-346.903261
3689	-308.467642
220	-276.205821
1787	-325.795649
821	-307.566593
2072	-344.431636
354	-285.174014
3651	-303.463214
805	-309.658574
1629	-272.526778
930	-346.898838
3168	-323.614890
1797	-194.267232
2742	-348.048844
1001	-304.724431
2231	-346.825174
3390	-309.736085
3396	-273.815873
1457	-288.573089
495	-342.297848
2774	-310.910631
3005	-249.248680
3691	-352.852117
525	-273.812813
3791	-360.491959
1817	-339.459612
3612	-309.738513
1217	-325.773675
993	-317.364547
435	-306.309029
2874	-309.725707
2	-324.551643
2922	-352.890573
1154	-310.937644
693	-234.520624
1308	-341.814212
3154	-309.714008
1577	-355.468067
27	-324.573866
2078	-324.575989
251	-265.386781
2480	-344.385369
3345	-312.120708
3436	-361.762744
3057	-301.381127
1690	-339.426816
2990	-376.661483
2658	-308.461040
2524	-392.642251
1266	-324.582035
2183	-339.459869
267	-345.641113
1593	-335.598739
1579	-288.589020
2627	-235.695309
2931	-361.729140
3779	-308.476903
3736	-355.517745
1284	-320.761539
2120	-381.630205
250	-360.538828
2713	-310.904631
3231	-380.446861
1733	-322.169100
3494	-324.573795
2763	-272.548325
718	-392.601894
1587	-322.133444
414	-192.762455
413	-301.369263
3770	-272.544060
1412	-242.195730
3609	-269.176442
555	-361.677945
1459	-306.320451
2606	-323.344105
1263	-345.642008
2532	-301.405558
2476	-346.865438
138	-362.875317
2012	-382.788561
3790	-286.502445
1088	-291.017433
1170	-310.895183
1004	-355.416555
1184	-286.506282
3360	-382.810709
1849	-324.547957
471	-324.532283
189	-322.167165
2892	-325.728271
393	-323.334482
1670	-269.230258
1031	-304.643927
3304	-346.843297
3844	-308.450468
31	-359.310420
3544	-312.133269
989	-272.839582
3953	-325.792503
2153	-309.673226
2790	-287.732329
2565	-345.591597
2672	-355.556836
1583	-345.655509
3643	-309.660190
2939	-352.864008
1172	-357.927353
3828	-288.650589
1505	-308.487195
398	-345.636145
29	-344.425700
1431	-344.392695
3525	-340.662316
2977	-310.909944
1179	-343.195060
3960	-336.825944
259	-309.735245
3640	-309.692577
623	-265.457424
2014	-371.537915
1149	-325.796862
2898	-310.940190
1130	-346.826923
923	-322.135797
2101	-361.717364
3941	-231.108368
1890	-371.608385
325	-345.637577
3332	-376.610619
1211	-286.498633
3157	-335.619981
3944	-381.563295
1501	-288.653529
564	-272.569586
3804	-324.573632
3596	-285.328258
116	-346.831175
1120	-353.283458
2268	-302.558547
3949	-359.301320
1876	-251.732828
721	-185.648533
3435	-361.728293
2423	-338.238743
255	-309.672030
3427	-325.793904
1601	-345.646864
1077	-326.938562
1896	-326.971392
23	-304.679494
3688	-322.476720
1460	-309.684108
2693	-340.638326
1798	-312.126342
1905	-231.145151
1704	-274.984793
3737	-361.714817
779	-356.732185
3156	-362.941094
3964	-336.853985
1482	-312.132386
3967	-273.758273
3208	-288.572843
2410	-361.673369
3383	-360.602876
3263	-285.326726
2859	-362.909074
3662	-360.469577
3564	-303.533472
1135	-310.903412
2188	-288.690060
2777	-336.817321
215	-356.645883
58	-304.683044
1967	-288.573475
1659	-487.002792
613	-309.689486
416	-271.318448
2426	-340.650391
2872	-288.581144
3135	-272.569212
1596	-492.022084
3667	-249.293044
1108	-341.839596
1223	-324.586663
1326	-266.616319
1373	-324.557383
3758	-272.557350
998	-302.306196
1635	-360.520081
1330	-324.575010
934	-345.650323
1533	-309.671865
257	-324.569867
2432	-274.987245
3181	-307.209274
1190	-377.830859
1627	-301.363590
1523	-340.646229
1810	-288.653294
1502	-340.679724
1839	-355.496901
2978	-340.669862
3557	-344.382663
1126	-270.392715
2223	-288.657055
315	-302.472397
1219	-306.334850
357	-307.245430
2639	-302.580808
1711	-345.611239
1582	-361.735290
295	-320.770299
3316	-264.261826
2507	-291.014750
462	-234.474088
1097	-325.784473
2322	-355.508682
1793	-325.725688
3645	-304.681903
2919	-340.635773
2971	-312.131841
2666	-303.423742
2431	-309.684774
900	-288.561991
2573	-307.303421
1446	-319.575102
1745	-264.171923
3456	-276.206318
3547	-324.582904
577	-343.087962
2324	-346.831385
515	-287.727890
598	-193.088340
3552	-325.793166
3257	-308.472221
2483	-322.158791
3373	-271.613890
464	-324.485629
3483	-308.500974
1813	-307.550360
155	-324.571682
2728	-304.742823
1021	-232.328175
3177	-287.662612
3059	-363.508158
3861	-234.486176
518	-289.791234
18	-309.719641
1055	-345.681183
875	-376.554863
978	-324.545574
2167	-309.681554
1274	-309.686648
1489	-266.777425
3420	-306.358581
1419	-344.350927
3631	-303.560350
3885	-304.728655
3513	-340.637067
3109	-324.582824
1107	-267.060326
2840	-284.048718
1782	-308.555419
3595	-345.600227
682	-302.303791
2647	-262.017735
1606	-308.462382
3442	-381.635659
2174	-324.606491
2642	-324.578146
3586	-287.506415
196	-341.759398
2289	-325.766945
659	-326.976670
1985	-339.481708
224	-324.628594
3239	-361.708121
956	-230.183076
3783	-310.912792
2564	-325.789398
2250	-339.462492
509	-307.238995
3414	-285.313674
2145	-346.844016
638	-345.695868
237	-268.287661
3925	-325.718488
2925	-301.394865
2194	-273.757530
869	-327.026488
3296	-345.650105
3234	-287.349937
382	-344.494711
223	-339.501781
728	-309.678404
2770	-288.588657
2967	-305.841708
3489	-308.508824
3777	-339.431092
200	-345.625804
194	-308.496245
1946	-346.841836
1370	-242.180146
621	-310.899323
1231	-324.569596
2047	-286.246880
3354	-360.529236
1470	-272.542270
2265	-360.469291
1420	-286.516174
3162	-324.546164
961	-326.950279
1063	-265.440996
1542	-370.291993
1553	-323.448965
2733	-310.940764
2745	-322.118085
3020	-287.430903
474	-281.476832
2030	-273.804223
3224	-286.504546
1171	-325.721867
2219	-265.437885
1089	-344.451793
1524	-272.550818
3097	-309.716094
2386	-352.829520
3085	-322.130736
3009	-307.265383
2760	-155.908941
2719	-286.477365
1504	-360.489720
1893	-344.385273
980	-356.743821
3972	-359.339915
2218	-325.756157
3763	-344.416821
799	-310.910909
1556	-340.659506
3040	-360.506446
74	-310.918822
3444	-289.794376
45	-266.615452
3817	-288.554600
1332	-209.144909
2401	-263.280728
1086	-272.587059
1414	-377.797879
2133	-323.338627
3422	-340.663929
3515	-346.852204
1774	-324.585556
1450	-273.757658
1984	-287.441165
3626	-310.902465
1540	-285.217962
2680	-340.664901
840	-289.871520
2416	-344.406447
2686	-340.697732
2992	-343.202564
1963	-325.761942
2182	-340.610000
3131	-303.560907
3349	-207.916786
560	-344.385047
3052	-291.017787
1059	-303.436180
3774	-305.130184
2563	-247.215049
2482	-268.321270
3719	-320.742924
524	-308.507004
720	-381.594735
3555	-360.547370
3906	-309.685651
1237	-360.542541
634	-154.960361
477	-265.399968
1429	-288.579114
3751	-339.491316
1995	-362.946041
3977	-288.552886
3520	-325.752207
1786	-325.785038
1262	-356.712023
1146	-339.465889
1445	-396.491525
2350	-341.853951
2873	-307.545713
649	-340.685408
2019	-340.659620
3199	-273.811544
3776	-320.773105
3205	-341.842686
1508	-308.462196
2621	-305.145002
3189	-324.510378
1496	-268.248371
1205	-304.682331
3550	-341.825957
2809	-344.506029
3035	-344.404557
1802	-361.715983
709	-286.134079
3986	-355.516778
1636	-233.551389
1530	-272.549380
2979	-320.767064
1337	-286.498779
2278	-345.650717
3962	-341.865856
1921	-310.904960
2567	-320.795216
2352	-288.589622
2226	-276.206257
769	-271.361537
3602	-361.683811
2051	-325.790442
1053	-340.610046
1200	-346.908492
3112	-327.021680
2186	-320.782523
3194	-301.367422
3190	-232.325947
1224	-308.420805
3475	-321.247305
2822	-310.902197
2516	-309.661518
2233	-319.556235
300	-324.602433
1408	-379.527030
1020	-303.566436
960	-310.940611
3096	-338.175960
374	-372.796889
3185	-348.053386
2351	-304.614169
3212	-360.575745
504	-356.680129
1818	-371.535911
2298	-270.396464
1440	-270.441325
812	-308.509197
3836	-346.833711
3077	-336.822591
3260	-345.595084
1677	-344.412416
3451	-319.606765
3562	-360.524672
2562	-375.357530
2467	-325.805017
475	-304.691568
1724	-381.594558
860	-397.697425
1631	-345.642285
242	-340.623533
3070	-281.491976
3279	-356.732861
2302	-492.008892
63	-287.377993
3446	-306.044918
1084	-309.711894
3704	-348.035847
2391	-310.927566
3064	-326.983087
236	-325.758113
2833	-248.375248
712	-294.081616
2079	-363.517297
2860	-345.600676
835	-320.740782
2927	-324.500425
2458	-361.683558
2462	-325.752244
1275	-310.936083
2340	-310.899612
11	-356.688211
886	-304.728323
1305	-319.621560
3701	-248.211932
226	-360.556344
1767	-285.277900
1883	-346.839066
1568	-324.555249
473	-346.828378
1900	-309.689410
3118	-236.917873
1153	-325.764669
1230	-323.396217
1195	-285.287913
2950	-360.498298
1061	-343.531666
3225	-362.875945
3361	-324.558989
426	-362.933001
898	-305.906901
167	-310.912077
3249	-325.739818
443	-325.754109
1134	-343.068226
2722	-344.423318
341	-273.735711
1938	-341.826148
3180	-323.669200
881	-234.470813
2972	-320.764992
1295	-346.829652
2071	-246.029150
950	-324.580266
479	-77.308427
1873	-346.842529
2918	-271.326117
3754	-324.570035
123	-269.263476
2225	-324.612179
30	-325.717105
336	-308.524858
1066	-375.344926
3822	-309.665941
185	-361.726913
169	-309.688569
758	-307.574899
2244	-414.351653
1979	-308.462923
1265	-227.324775
1428	-265.391486
992	-377.811306
3675	-360.534222
1131	-324.580815
3644	-345.587398
3816	-272.830720
3294	-340.693392
3065	-344.486202
3437	-288.585212
2936	-324.504178
2202	-324.602888
3454	-376.600944
788	-324.467888
1417	-381.586740
853	-76.404702
3900	-308.465445
2414	-382.803358
2700	-304.687547
1667	-323.323781
2006	-339.486095
1708	-324.502429
1463	-362.938449
1468	-345.650338
1991	-285.282532
3798	-310.941861
356	-372.741729
1441	-303.469082
1415	-338.156727
3814	-361.745554
3105	-346.821661
982	-307.235414
3488	-340.672417
2214	-245.994065
1571	-470.915515
3729	-376.562796
2595	-303.465315
2020	-272.514099
2739	-362.946034
3773	-345.602641
270	-372.752005
502	-306.349558
2420	-340.625366
2456	-345.610758
2937	-324.573883
2617	-248.151318
3256	-153.459846
291	-304.683134
1443	-346.867442
1716	-325.784331
3160	-362.937857
1749	-302.579654
1602	-318.339586
3914	-325.805781
2031	-269.170061
2772	-343.232602
827	-303.556664
2985	-304.745635
2718	-382.782995
1092	-360.552974
3526	-249.285024
2539	-321.276274
3963	-271.323381
928	-345.665412
3376	-273.775510
3321	-251.726162
729	-343.084333
3826	-372.742383
691	-361.734668
3895	-325.808333
895	-356.728690
582	-325.833302
3539	-324.625415
848	-309.744522
3158	-269.271320
1452	-308.467331
3403	-339.424322
3862	-271.646263
3245	-327.024699
262	-345.647032
3388	-271.606364
2249	-392.653825
2969	-286.484904
2441	-310.909223
3506	-320.804155
750	-344.384630
3556	-276.202384
3364	-305.057353
1775	-306.353871
333	-308.507517
157	-376.519880
3407	-343.517848
2113	-344.391557
1925	-309.677276
2345	-342.329232
383	-361.702346
1005	-273.786179
1538	-348.050463
1272	-308.486687
3232	-345.686487
3686	-344.462681
757	-345.678211
2247	-348.046805
2676	-325.784384
39	-340.687222
880	-345.648463
2295	-305.898313
2819	-360.551444
1040	-268.307873
1423	-344.413850
1259	-288.590804
1516	-249.358446
3210	-336.808333
2028	-346.821466
3268	-324.562156
2505	-344.440744
1747	-360.559076
3041	-345.692143
1992	-325.723538
447	-271.627826
1395	-375.348487
796	-344.453746
1827	-343.492484
3794	-317.361117
391	-345.584667
1573	-233.255259
1599	-304.689816
3310	-309.721850
1825	-271.656372
6	-345.687671
76	-325.685245
1090	-272.500426
2287	-310.905485
3092	-340.610697
3019	-301.357437
3661	-287.358011
2443	-288.547509
3920	-319.574905
1911	-272.582516
3858	-308.459001
337	-312.123120
2187	-310.904927
937	-306.397642
1836	-268.273739
3874	-323.344889
460	-360.488733
1159	-325.779568
889	-272.539307
2758	-309.696640
959	-492.026657
2710	-361.773017
2555	-287.427764
3482	-281.480993
1246	-318.406529
2331	-308.516808
3173	-325.791830
1003	-308.516378
3091	-341.869641
2890	-309.738198
1902	-324.615795
2315	-273.793520
1869	-269.207716
3827	-270.435807
939	-344.481802
952	-325.717725
3739	-324.566515
867	-283.179781
3434	-360.560766
350	-320.793580
3129	-361.692023
2951	-308.569129
69	-265.441614
1520	-309.728493
2439	-324.485913
3166	-326.949535
3011	-310.902708
3568	-308.468418
3367	-269.216969
1082	-310.901659
2185	-344.343476
2277	-383.973315
1267	-341.841438
331	-309.734363
98	-303.553222
2723	-324.554067
3356	-270.447268
1397	-271.624640
3073	-309.734862
3366	-323.268818
3502	-376.564063
3982	-324.592116
2341	-377.784360
3733	-309.678068
1280	-356.683566
1625	-320.776082
2761	-309.696507
2205	-318.391203
1113	-234.484521
1871	-306.406578
2382	-380.343633
962	-376.587043
493	-336.819674
306	-307.335530
535	-248.416462
2894	-309.717750
1492	-310.927319
1986	-344.459234
643	-345.663386
1022	-310.902683
3538	-271.350701
3334	-325.800680
158	-308.540079
3358	-326.934987
1407	-235.694798
2068	-308.471269
2803	-327.013853
3389	-309.689740
1198	-308.449457
954	-324.612244
1250	-309.686189
1062	-324.496997
2349	-301.357553
2826	-308.764658
2408	-356.708234
2451	-359.328735
1960	-345.602645
8	-272.545439
1791	-272.554824
3603	-326.952955
1887	-361.696319
1437	-376.547304
1145	-312.129019
3907	-291.017966
921	-325.682121
2789	-340.629283
2114	-307.528446
1212	-304.733723
587	-307.283919
1434	-344.482088
204	-287.353313
894	-338.247875
650	-193.034094
1912	-310.915653
1988	-312.124451
170	-340.667287
1173	-344.465017
1220	-325.800532
741	-344.434318
2677	-309.684577
1563	-376.575382
1500	-345.609230
2130	-271.612772
1046	-271.618580
3267	-320.776472
938	-331.411639
3532	-344.464356
2108	-267.944278
335	-361.729115
1290	-345.660459
2050	-362.937518
753	-361.710299
1433	-325.729800
3286	-361.731914
1574	-245.997884
511	-320.778636
680	-325.806369
110	-346.869123
2509	-344.380267
2581	-234.469389
3542	-344.409533
521	-262.065493
1298	-308.505512
1335	-283.156647
2974	-396.486691
2923	-325.801905
159	-273.773408
1576	-247.184334
3269	-381.624381
3247	-360.531175
1541	-310.912991
71	-346.864282
2005	-305.155985
2514	-354.197108
129	-308.512092
3896	-307.280331
3912	-308.435951
1338	-320.793141
1703	-286.154755
1240	-310.907666
1216	-308.465534
1439	-340.590431
3282	-362.972786
523	-345.565792
233	-301.382062
286	-324.563745
566	-303.472917
84	-345.610574
1098	-356.649302
1355	-361.727678
542	-382.793238
876	-325.807685
767	-346.861463
3687	-325.793945
2361	-304.727460
2016	-308.569875
1311	-288.545722
3342	-153.787612
3271	-454.878708
3291	-362.911941
243	-323.389193
1008	-248.448467
697	-340.621200
2976	-356.737615
2339	-326.954728
1651	-273.809498
2848	-339.419688
988	-341.827199
3969	-324.609784
1918	-319.573117
1965	-288.555445
1034	-356.732791
2477	-360.539944
2957	-323.644468
1592	-271.616430
1350	-343.076530
3911	-345.639354
1753	-375.351387
2611	-346.824672
2428	-309.682996
1490	-309.691591
3765	-453.654335
2399	-308.430606
1903	-309.678054
3577	-361.716705
2164	-304.744503
3546	-233.219124
1214	-341.865386
1816	-344.357220
1303	-345.676156
528	-288.538806
570	-275.012535
432	-344.390227
3425	-324.547564
487	-307.223588
946	-324.577279
2551	-325.792606
3116	-312.128429
519	-309.687078
1243	-323.582949
3930	-338.542975
302	-340.632285
2961	-348.061993
1578	-233.217482
3029	-285.281493
2037	-345.620113
3026	-250.478855
3186	-346.829695
1894	-360.532510
2805	-272.587161
343	-360.502305
2726	-324.475651
3324	-345.641848
1907	-346.819476
2091	-346.904050
802	-359.306313
3287	-271.458576
3381	-309.731402
1740	-376.599676
2958	-324.580268
3619	-325.779372
3275	-308.757315
2741	-297.520999
3608	-372.729173
1904	-304.752598
866	-340.620625
1779	-288.583563
88	-345.655534
114	-361.772743
2695	-346.871133
1575	-334.447259
3244	-323.320332
733	-345.660927
1846	-344.370966
380	-307.581989
2605	-346.869041
2747	-301.332569
2806	-234.476081
913	-352.855499
2616	-272.542567
2398	-319.533364
2412	-310.904086
1862	-319.615129
672	-345.661057
2437	-356.692640
3238	-340.667053
1675	-271.277972
2200	-344.426799
3317	-269.177232
3628	-272.509064
3095	-339.431197
3329	-310.909123
2110	-341.867094
3535	-323.235679
2385	-310.911571
596	-325.754527
1050	-304.643392
496	-377.794221
1302	-339.445855
2011	-270.099401
1364	-267.963366
2163	-324.503356
706	-303.481839
611	-248.364357
2534	-362.960595
2518	-360.566272
3430	-341.828533
3114	-309.692389
1477	-303.462312
3419	-335.590859
2645	-362.923114
1705	-286.218259
1676	-296.285473
501	-345.630685
2263	-274.983122
3172	-274.982310
1317	-344.393241
2664	-348.047695
3933	-307.569255
1264	-324.536694
1860	-308.507458
3657	-312.124380
499	-340.611683
1451	-348.052763
3660	-288.651313
3536	-352.836930
1142	-309.702591
2829	-340.622886
378	-356.705084
3061	-392.552088
2118	-324.560961
2669	-309.763785
1608	-361.758032
2307	-346.859945
2176	-345.608670
3222	-344.494043
2285	-340.578657
2689	-309.673807
3101	-360.503577
2684	-310.940657
3441	-372.686714
2402	-235.696227
1634	-324.563073
1363	-355.525451
2495	-307.596472
3202	-310.908741
1557	-322.456250
2328	-320.732586
410	-325.835955
2530	-345.673444
1855	-360.497728
3288	-348.045786
690	-375.420808
481	-307.573371
3121	-344.419977
2470	-309.688189
955	-345.632414
1792	-363.504227
1104	-287.315479
362	-289.871990
2902	-271.653205
17	-345.612580
3863	-346.804974
3580	-345.661657
3484	-341.890999
56	-345.599154
968	-308.470667
2796	-345.678871
3797	-376.587519
140	-309.676929
441	-380.414967
2793	-306.384286
550	-319.568017
1916	-360.557411
2403	-326.955365
3479	-265.289023
2413	-345.604177
1183	-325.750970
2475	-381.524347
3766	-344.436564
1714	-132.718150
3037	-288.567911
1255	-381.635881
770	-381.612946
1121	-333.449362
366	-324.576206
935	-269.154939
446	-305.831164
3807	-361.706503
2209	-382.781841
472	-273.761356
1007	-235.694216
627	-359.304956
2356	-323.346816
2779	-381.606362
689	-341.818686
1474	-340.654517
2240	-381.627040
1821	-308.473320
192	-310.897684
1094	-304.696023
3889	-360.533387
3761	-352.866322
1639	-345.640072
588	-309.684571
801	-273.763117
3928	-377.799358
172	-282.667163
3385	-324.583090
3295	-231.069318
2864	-340.658990
2813	-232.063900
2082	-302.567313
3410	-271.316922
1204	-361.704371
2468	-307.193849
1622	-346.869712
1877	-287.407788
1528	-360.446475
3518	-340.655390
1944	-325.796840
1630	-323.431776
2380	-327.025010
396	-372.782655
3485	-324.614459
3031	-270.411205
2730	-286.492223
202	-226.160842
2558	-472.145935
1828	-284.993731
3418	-308.467120
2404	-323.340989
1245	-310.907810
1339	-285.316421
3017	-271.339346
879	-303.556846
1730	-345.663299
1838	-356.685238
3242	-397.707881
3741	-169.860788
2112	-304.729640
2144	-324.574829
67	-172.006141
2054	-302.588564
1167	-309.729139
304	-322.464725
3214	-344.426062
3908	-272.847530
3184	-308.439671
433	-396.498209
594	-325.809558
677	-324.594116
1621	-346.884834
3320	-310.952127
3138	-345.651520
2798	-307.259167
2835	-362.925466
3873	-348.051405
863	-285.288405
2888	-361.704536
1910	-326.978724
3690	-346.829378
2245	-308.434866
1728	-362.942862
3843	-309.717869
94	-362.955075
3517	-396.475511
1158	-268.251114
347	-309.687405
1491	-344.421383
3128	-341.867138
1943	-325.729335
2436	-308.473229
1380	-288.625728
1681	-310.908780
3919	-304.721921
3810	-372.726782
1826	-285.242094
1486	-380.373644
1657	-338.273162
2484	-344.359905
2707	-310.915408
2885	-309.686862
1517	-359.342366
3050	-303.940271
2294	-341.831947
1702	-251.727632
1741	-345.629842
512	-346.861026
2004	-346.839235
2044	-373.173910
3272	-173.147782
3527	-309.716030
1487	-345.665813
2768	-340.690205
3087	-392.563319
1047	-346.836177
1707	-288.590006
908	-310.911406
783	-273.806375
725	-325.725266
3028	-346.861640
1411	-327.023352
248	-339.489875
1895	-324.551432
48	-304.689512
46	-372.766726
3981	-249.257629
759	-398.888473
288	-355.557059
1776	-325.785476
1642	-344.345376
3734	-326.940196
2473	-324.497671
2711	-322.460671
3611	-324.577560
2274	-308.463553
417	-344.440065
774	-395.551843
3742	-271.272557
3218	-325.743746
2464	-297.555801
3818	-308.470796
3881	-357.951284
2489	-250.583259
3058	-247.214450
2926	-320.764569
1850	-323.407987
3745	-310.912788
3781	-274.984614
1833	-302.579718
3408	-287.661454
1812	-307.275809
3978	-282.861121
2198	-382.804255
1700	-320.782427
2237	-325.784144
2395	-297.523583
838	-361.709679
106	-362.952198
2448	-346.833271
2117	-346.839895
338	-272.544500
2362	-305.134491
633	-325.759393
2920	-326.952797
2466	-325.785959
745	-344.464270
3646	-305.130313
1815	-345.663783
1526	-269.267574
2500	-286.498235
2712	-274.985024
1442	-308.465594
26	-301.359287
969	-325.797425
3845	-344.454717
1977	-312.131398
2090	-308.473428
1975	-341.829025
3815	-288.574763
3133	-356.679691
786	-307.544728
3983	-322.115604
3702	-362.951503
1684	-320.783029
3468	-345.710017
590	-346.857871
3338	-308.466631
3825	-93.411888
1253	-312.126356
1929	-324.551800
1413	-247.214861
3617	-345.608658
2271	-310.916474
3447	-270.389803
3206	-346.853173
2975	-345.579201
2405	-318.344936
252	-305.913756
1585	-360.545832
1000	-339.452428
3931	-288.683173
2662	-345.635068
187	-341.842120
318	-310.954514
2048	-235.699029
1248	-304.732336
739	-309.678703
1406	-375.394844
868	-312.124574
2279	-309.711101
760	-324.605411
369	-361.733362
2527	-297.554699
580	-360.537290
2746	-247.190194
1666	-289.872246
3674	-309.731169
3498	-381.585231
1044	-304.687053
901	-270.446915
1532	-309.731599
695	-345.700085
1731	-381.565314
3497	-392.627857
2040	-317.409527
2900	-272.554670
1334	-273.765782
2638	-309.688194
2325	-273.732431
2411	-193.075202
3207	-355.520098
40	-344.338878
2459	-273.761223
1192	-326.947461
1403	-308.462299
3341	-291.021228
618	-308.467888
622	-341.886905
175	-361.754326
1939	-242.205627
2850	-288.580309
3664	-269.219315
3398	-304.686259
1882	-273.764420
3056	-269.180682
3581	-319.540355
3946	-286.438084
3785	-348.045948
3726	-382.754967
3614	-288.627505
402	-312.124533
2076	-274.982287
1249	-272.543724
3461	-320.776316
3699	-355.497878
3045	-310.906568
1624	-340.670034
1506	-339.437849
665	-288.571762
2115	-266.626759
1324	-270.399280
2041	-346.821470
51	-283.168740
1564	-288.555332
2825	-360.576433
1354	-382.790027
3182	-287.440436
3700	-361.717469
545	-356.698773
1393	-271.647465
3572	-322.172641
2035	-249.294409
2131	-320.777849
888	-323.328290
208	-270.399081
2866	-344.431605
2597	-412.494644
2077	-309.736028
3038	-288.542113
1049	-323.336196
2038	-348.056093
3413	-308.440890
3211	-310.908555
657	-270.392759
3706	-345.687338
2098	-327.020807
652	-345.620593
3327	-348.059242
231	-346.860243
1981	-306.313924
3191	-284.360325
3328	-324.549529
1144	-264.255612
667	-360.533083
552	-340.639366
1764	-304.725676
3433	-308.465425
529	-309.725786
244	-346.835129
703	-340.656580
845	-40.478930
3299	-325.725069
3359	-325.733758
2588	-376.538277
540	-346.830523
448	-346.831139

file identifier 	 test data 	 predicted
2003	-324.579943	-365.747009
1176	-288.584832	-319.321472
1362	-249.387499	-283.398010
631	-371.449232	-400.181580
674	-346.879260	-387.102783
2444	-318.641916	-358.182739
573	-286.504534	-318.366943
2062	-303.437471	-343.054565
2379	-361.769162	-380.304688
736	-325.799293	-353.702454
419	-312.128001	-364.455078
2791	-194.254127	-209.801086
744	-249.332005	-281.961426
298	-377.795528	-403.148010
2946	-345.649552	-391.909729
837	-360.512026	-392.186768
2063	-344.402806	-372.553894
1852	-309.685790	-341.417725
3251	-306.056425	-342.446045
2425	-322.435505	-353.653015
3789	-273.762938	-306.782227
911	-356.711832	-398.819641
3014	-269.263802	-296.645630
3548	-79.764152	-80.782654
1558	-270.389386	-322.501404
21	-278.059333	-322.503693
2392	-272.551442	-308.499268
738	-324.592221	-360.114136
1351	-309.733696	-352.315063
3713	-325.748400	-358.119324
2301	-324.616647	-354.194214
1771	-287.657053	-319.146362
1738	-273.759338	-302.278503
3632	-340.612805	-379.837158
385	-305.159206	-333.430603
2517	-308.462063	-323.600647
2196	-338.559964	-375.753357
1947	-303.533559	-345.520630
3384	-357.949026	-392.776794
522	-309.680641	-374.938354
1906	-324.613156	-352.627686
773	-309.674485	-335.580261
3966	-376.570141	-430.092834
2771	-310.910278	-354.175049
3387	-309.727603	-357.178284
107	-307.580090	-342.780029
2105	-335.635972	-367.090881
2508	-324.574476	-359.396912
1252	-301.395982	-335.496338
2312	-344.416076	-382.422241
1699	-272.541597	-306.803101
3143	-286.432042	-299.279907
1550	-301.345683	-340.046387
3650	-382.756764	-416.004272
1789	-310.905299	-342.610535
2347	-308.476587	-333.820618
3314	-305.846541	-340.599976
2727	-271.330291	-326.584106
3897	-324.519277	-333.674866
1864	-312.133063	-357.709045
2945	-307.281910	-371.614075
3171	-345.599912	-380.806580
64	-362.945802	-385.245728
2171	-359.346839	-391.249023
2773	-325.684055	-338.038635
266	-308.477155	-329.199280
592	-307.614861	-342.673767
924	-324.528533	-357.173950
197	-233.549368	-242.037537
963	-345.645239	-375.410889
1058	-324.585402	-356.012024
3884	-323.333263	-347.271606
1076	-361.656187	-416.563110
3198	-288.680991	-331.305237
942	-325.715957	-355.455566
1381	-303.795699	-330.641296
1213	-324.530103	-376.626587
2854	-325.810616	-348.117920
2610	-309.711468	-347.645142
332	-304.692914	-336.605225
3448	-324.634377	-353.436768
702	-379.000257	-415.827454
1025	-324.520219	-366.741211
2953	-348.047609	-383.666443
2210	-325.710772	-348.500183
861	-360.488871	-407.251953
1665	-336.802871	-370.232117
3551	-345.646761	-382.615967
2861	-288.654312	-339.461365
330	-286.408473	-311.979248
1766	-270.387395	-306.484253
2178	-339.455981	-372.932190
642	-234.476516	-288.428772
1051	-346.860404	-380.628784
724	-320.775720	-346.362122
3519	-376.604739	-402.613098
79	-324.605178	-368.652466
2241	-346.857051	-361.304871
708	-306.313133	-317.841858
2821	-308.511516	-345.409485
1187	-264.235803	-296.414124
2545	-324.614082	-338.743469
2354	-387.558484	-418.419250
3250	-360.517106	-388.460449
2640	-398.880824	-448.903442
2986	-340.629609	-379.905457
740	-344.452972	-372.174377
855	-271.614051	-308.664978
3831	-451.528971	-484.181458
719	-309.693538	-337.460754
2652	-317.377404	-355.431152
2228	-308.518356	-363.621216
3078	-383.966179	-408.641418
3449	-297.510804	-328.167664
3293	-360.535142	-399.217957
816	-356.748545	-392.371704
3968	-287.425634	-319.777161
1081	-310.912796	-365.235474
3718	-195.186772	-291.768005
311	-287.724713	-309.499207
2702	-309.685148	-346.582214
3746	-309.736797	-340.775208
1872	-272.566631	-293.902527
976	-382.776658	-417.621155
1283	-345.605635	-370.015991
3703	-287.697316	-328.176453
3792	-360.525610	-391.727600
403	-272.843742	-316.889648
1658	-287.337578	-332.076050
2449	-341.841190	-378.278564
1110	-325.781398	-351.463318
3280	-344.483775	-395.186401
2865	-342.307696	-397.777832
559	-362.935404	-399.372009
2429	-306.081547	-355.826782
2571	-309.686348	-351.930664
2589	-361.718361	-389.865967
1357	-375.307060	-419.956787
1612	-310.902795	-348.675476
2609	-322.351046	-355.068604
3627	-323.347112	-364.514587
3585	-308.497008	-341.770569
1091	-309.678344	-348.501770
1383	-344.398797	-391.711609
2721	-271.401725	-305.730957
3932	-360.472117	-391.014832
1488	-320.766344	-358.790283
1737	-323.398064	-360.445740
798	-208.842347	-263.028320
1430	-361.720960	-390.967407
3145	-324.570872	-355.285767
151	-270.397623	-299.228394
461	-273.773506	-302.166138
3018	-345.638117	-387.809937
1307	-303.460433	-335.524658
199	-309.673895	-346.418152
3022	-234.455424	-265.062744
2513	-345.631685	-379.513977
2884	-324.471313	-355.893250
2305	-376.633716	-409.883789
3876	-304.574737	-342.422302
3616	-225.221461	-279.280426
355	-273.761263	-300.083740
285	-249.362379	-288.806458
1409	-285.282853	-329.543213
3692	-281.505078	-318.108459
1536	-324.492974	-375.171143
276	-380.379743	-420.165771
3155	-376.605641	-412.950867
2397	-308.772292	-346.227478
2832	-250.585843	-279.350037
1199	-377.813742	-400.871643
1581	-345.660520	-374.712524
1360	-362.941781	-402.347839
517	-344.434827	-376.470581
843	-308.437835	-343.082581
3599	-308.482454	-352.907227
2375	-360.564233	-396.126404
3236	-310.912270	-317.952698
44	-309.735489	-356.864258
1045	-344.449852	-383.525757
3840	-309.681264	-355.664673
732	-327.023478	-342.338501
3947	-382.782251	-427.698669
1945	-361.754136	-399.095215
3350	-339.431591	-396.307495
794	-248.143861	-314.786804
2523	-344.512144	-379.393433
995	-360.542928	-385.958191
514	-309.685045	-341.523682
1002	-287.689262	-342.560608
1831	-323.386306	-359.002441
2057	-288.540318	-319.643311
2882	-322.444150	-348.103333
3276	-344.508729	-394.570312
3183	-345.642870	-389.105469
3744	-339.414779	-380.479553
533	-287.720383	-325.257446
2493	-346.822460	-387.597656
1096	-309.689595	-352.596497
150	-309.732713	-350.610718
1485	-309.731369	-356.173340
2590	-340.650928	-381.255005
2017	-310.940345	-330.938599
3445	-286.508374	-327.351135
1618	-345.629039	-376.642395
100	-361.702143	-392.373779
1701	-344.428649	-389.279968
22	-324.575190	-358.630188
3459	-346.831382	-364.596802
423	-304.694187	-339.791992
68	-286.519735	-318.271362
3747	-324.521162	-355.683044
3584	-281.484877	-336.002197
2626	-305.900638	-342.444763
327	-324.607903	-363.863708
119	-327.012568	-354.903748
1964	-309.726463	-344.316040
2313	-312.122262	-334.968201
973	-325.790444	-371.599976
3893	-341.097446	-415.763275
1784	-324.497693	-358.992188
2661	-323.448833	-363.483521
478	-119.052475	-182.681946
842	-360.514766	-399.640625
2330	-287.681216	-344.055542
2121	-324.619773	-366.404968
531	-226.107205	-259.627625
811	-304.567859	-332.523376
3176	-432.852890	-473.982239
1278	-362.942040	-400.735474
3510	-340.674744	-372.250244
3870	-345.605387	-384.036987
348	-196.432825	-218.254333
1119	-304.733360	-335.847839
1719	-232.050342	-262.041382
3808	-345.614760	-380.711609
3511	-324.552260	-342.236755
349	-309.687623	-347.120911
2878	-285.336744	-326.129333
722	-310.935212	-332.540710
3882	-194.261089	-221.289612
2983	-346.833689	-385.200684
3130	-270.427802	-319.375061
1389	-272.510742	-326.068359
1122	-345.601318	-380.359558
1722	-362.946707	-383.626038
3421	-324.571081	-347.418152
692	-362.917261	-411.257385
1614	-325.736331	-356.043884
1695	-344.411060	-386.104248
1527	-271.621836	-308.224182
2119	-323.665987	-360.424866
3760	-280.314080	-326.679932
2776	-313.573888	-336.596985
2327	-381.624797	-418.952454
3668	-309.700336	-349.585388
615	-345.676743	-396.766602
3086	-360.507527	-402.544128
375	-346.857432	-383.143372
3103	-340.631134	-368.216248
2193	-383.976576	-428.542114
3622	-304.726439	-344.541748
2933	-360.538112	-397.446289
392	-345.637570	-364.264587
527	-324.629301	-367.250244
1105	-302.306944	-350.803894
3753	-271.652242	-303.256042
470	-303.460335	-338.433289
99	-336.813559	-374.485535
790	-341.836780	-381.654358
3775	-324.576188	-363.251221
2343	-325.781464	-364.536438
1998	-324.536830	-361.309387
3852	-361.710525	-402.410706
2856	-376.586976	-422.698669
2559	-319.571638	-358.461060
3725	-309.710255	-331.872192
3554	-309.689751	-340.788452
221	-310.917273	-312.171997
922	-272.844560	-311.731201
2582	-320.773768	-353.909546
1456	-308.496384	-349.047546
3187	-272.591906	-303.931335
219	-307.221351	-322.767456
324	-307.534482	-338.688721
342	-323.351196	-364.117676
2670	-326.934805	-352.302917
2487	-361.694757	-396.436829
1507	-310.914024	-320.781372
3002	-269.479234	-304.141113
1347	-359.361259	-399.094360
3021	-360.495540	-388.383972
424	-309.717380	-357.562195
268	-362.957295	-398.251526
41	-345.649146	-384.128601
2594	-335.586914	-370.148743
2794	-304.681399	-338.375427
3756	-326.943546	-344.254700
1889	-361.731388	-390.863342
489	-356.745773	-392.241882
387	-268.248806	-298.143066
2792	-362.944759	-384.549683
3589	-324.543443	-337.262634
3537	-346.860694	-392.553467
2529	-229.969129	-278.205505
3890	-341.849730	-380.276123
3712	-300.148891	-342.159302
3491	-361.750275	-366.992310
1218	-287.431740	-294.352722
671	-310.897268	-339.639771
77	-348.062001	-384.568970
3624	-324.614194	-357.720215
3529	-341.843027	-379.834961
1756	-326.935440	-352.594055
89	-249.259410	-279.005188
2400	-345.592410	-372.348267
873	-273.763068	-298.230530
227	-377.805829	-412.560425
3786	-308.759185	-334.263184
3837	-343.468335	-430.831604
1352	-304.677606	-350.984436
3499	-309.702237	-346.702942
2378	-339.490841	-384.107788
1160	-286.467220	-313.096802
2841	-360.524422	-398.142639
737	-336.836792	-368.634949
2147	-382.781806	-426.598450
2893	-274.985796	-324.771973
1842	-362.894239	-409.621399
2683	-309.686061	-336.081543
2852	-274.986857	-287.936279
1369	-392.662003	-422.576843
2161	-361.735863	-389.934631
322	-346.832352	-379.450623
1296	-345.612257	-369.912292
1554	-320.728167	-351.383057
727	-272.562906	-304.966492
1455	-381.570969	-430.481201
1196	-346.840727	-377.064514
951	-307.548619	-307.884277
2998	-246.027383	-273.461029
320	-232.333410	-245.858032
72	-325.720699	-358.821472
2204	-310.904876	-358.207825
1163	-397.709232	-442.339966
3496	-302.303890	-332.870361
1837	-381.574917	-406.395020
144	-271.323089	-312.025940
3012	-276.205920	-301.056580
3071	-273.789182	-304.438293
1377	-325.768959	-361.753540
3051	-192.736096	-210.747681
363	-320.778723	-358.482544
3743	-325.726182	-365.501648
260	-359.369049	-396.270142
1386	-362.967171	-394.946045
2587	-376.609234	-408.837646
3755	-341.874216	-378.031128
2993	-346.825502	-381.504639
1341	-301.373831	-337.863831
3860	-308.505267	-355.002625
361	-376.622353	-411.691589
3570	-272.514475	-308.301331
449	-325.753993	-366.548889
567	-339.489014	-371.885864
3824	-302.288055	-336.888794
2877	-324.556404	-353.563660
127	-322.216227	-356.232666
3325	-341.836362	-372.667969
171	-361.745138	-396.825684
3032	-360.508895	-404.950256
620	-346.820834	-383.774048
2823	-309.730966	-362.212097
1673	-309.733829	-348.096008
131	-345.603479	-388.707031
1342	-361.712098	-380.747009
2229	-319.560814	-359.711487
1647	-343.242553	-381.585327
1293	-271.369084	-285.014587
2744	-288.573110	-318.066162
1997	-271.666841	-315.650146
1687	-344.407598	-389.643738
1064	-276.202311	-384.682922
2168	-310.899911	-324.697388
1640	-304.583737	-347.626404
3152	-335.591582	-367.499512
2521	-361.728609	-407.404419
2179	-361.698233	-398.592590
1180	-306.364186	-360.438171
2526	-340.601771	-374.560425
2602	-345.645491	-385.246826
1613	-346.890723	-387.496643
2087	-286.484121	-330.338745
764	-233.560626	-236.321655
3495	-288.563768	-321.789978
500	-308.452306	-344.671936
1178	-382.751729	-439.978638
2757	-346.855643	-379.443237
1744	-288.535621	-321.040344
2962	-309.686114	-323.847229
3685	-381.602419	-407.623352
2955	-346.822341	-388.962830
2023	-317.402836	-356.949646
3353	-324.514429	-364.916565
54	-195.186228	-196.475830
3677	-307.571921	-351.470825
3592	-323.367866	-359.698975
892	-288.621895	-317.032593
497	-287.470402	-323.847656
207	-285.281032	-327.393799
12	-377.816587	-392.638916
3833	-324.559324	-363.467651
2494	-274.984732	-314.240356
1498	-340.654582	-376.009766
3108	-361.653332	-408.730286
1138	-308.444609	-344.239563
579	-281.480583	-317.809570
3104	-310.941183	-364.238098
2576	-306.418503	-347.299988
3615	-210.071468	-261.190491
1043	-324.605875	-368.507812
2843	-308.509454	-347.584534
2099	-288.573876	-325.227112
3008	-323.359336	-361.980164
309	-309.718312	-352.737610
781	-362.918463	-413.880005
3472	-340.657197	-375.402954
654	-309.727166	-348.729553
1603	-232.363630	-245.076904
3543	-287.318584	-325.335754
3015	-359.362011	-401.263916
508	-325.801512	-349.412903
1669	-287.426878	-325.548950
389	-271.336957	-325.086426
2446	-361.740252	-403.514282
887	-361.720206	-403.598755
591	-325.760915	-365.472656
1215	-335.566430	-369.258728
1548	-306.308471	-343.734192
2614	-232.164586	-251.928833
2053	-320.769272	-356.693298
1638	-344.481904	-368.353455
3228	-381.648857	-423.025024
2596	-339.467484	-375.626831
958	-302.599262	-332.623657
488	-346.861837	-367.642944
1950	-232.331230	-268.797241
2033	-310.919833	-354.538635
3259	-359.368793	-400.445435
3762	-351.646368	-384.855530
2536	-273.758980	-281.210388
2540	-211.295796	-271.069824
1948	-195.158734	-314.855713
326	-236.917664	-296.271057
1297	-345.621773	-376.948547
1093	-325.718074	-362.752197
1917	-325.790782	-370.655884
3676	-346.840522	-370.748230
1679	-288.576381	-329.300598
984	-248.443503	-305.233643
1366	-345.633122	-376.138489
1143	-367.635675	-396.160767
1539	-382.755486	-434.574646
2106	-286.476486	-341.795410
3083	-381.591448	-412.089600
563	-345.644179	-382.604370
2094	-325.812885	-372.407288
3748	-376.556657	-423.506897
1235	-265.447270	-296.824402
3812	-271.623066	-331.336304
1800	-212.439286	-231.369690
1424	-212.438188	-261.990906
1966	-302.558699	-345.571655
1525	-345.608193	-381.092224
2724	-376.591176	-412.164673
1604	-347.456674	-387.684387
1019	-327.016183	-366.163391
195	-296.296482	-318.210388
2732	-324.579850	-366.403687
3308	-381.582831	-455.962769
1435	-193.963318	-245.431702
2085	-309.695312	-340.707275
685	-320.029854	-391.627472
1609	-210.001565	-258.267090
2966	-308.428791	-347.530884
2935	-297.516418	-333.616699
822	-336.845442	-375.857056
3795	-310.908453	-359.248840
3625	-326.948771	-364.604797
2701	-326.942959	-362.332642
2296	-309.691365	-356.829224
3080	-344.436248	-377.883545
2372	-322.217569	-353.801392
3509	-288.685117	-319.450928
2162	-340.613712	-378.632568
15	-288.542593	-327.589539
3469	-356.686540	-402.064453
1643	-310.910140	-344.166260
3926	-325.748612	-354.667358
340	-273.789697	-310.121765
2373	-302.564379	-339.699646
2549	-375.410333	-401.313416
2060	-362.945811	-390.475769
177	-362.872710	-388.128784
2775	-382.812383	-422.606323
2181	-340.656656	-373.550781
91	-275.011437	-295.518433
865	-304.728720	-335.371399
800	-324.611571	-360.033997
1257	-346.855622	-380.239075
3830	-346.817778	-393.209290
401	-325.712603	-364.930420
1	-360.499843	-406.624695
2139	-381.581478	-413.121582
2916	-340.655601	-386.214661
113	-360.478880	-401.461426
146	-377.813815	-409.920959
1400	-306.067385	-342.424683
3904	-356.716094	-384.815552
3027	-336.811099	-368.528564
1181	-323.657279	-352.010681
3004	-288.652346	-324.197998
2409	-324.595526	-358.282166
2844	-301.377995	-340.691711
1993	-339.504090	-369.630798
1208	-345.608535	-364.798096
2629	-356.679047	-396.501648
3865	-362.899954	-413.521240
3306	-361.650084	-392.031799
136	-343.240623	-377.734680
3678	-285.255880	-318.224915
1191	-360.510716	-407.162354
3406	-286.459793	-323.337891
668	-267.103350	-346.731720
2887	-345.641890	-384.622375
3016	-309.730329	-341.774048
569	-376.620836	-410.453186
2029	-380.417684	-412.268738
2575	-308.759090	-352.388123
3315	-269.176979	-301.183105
1591	-249.397368	-287.130249
516	-312.134532	-342.355957
2332	-342.335241	-369.097412
1325	-356.758284	-390.819763
3819	-397.692021	-421.145020
86	-190.624631	-228.748444
532	-344.369744	-409.214722
2964	-362.945907	-392.482849
3375	-324.594534	-360.865662
2737	-322.442708	-342.294678
3305	-310.955141	-366.953918
2376	-346.840597	-373.765808
438	-381.565482	-411.817261
1648	-345.660642	-394.265015
1653	-157.116735	-199.507141
2678	-285.255563	-315.984497
112	-340.648166	-378.382324
979	-309.713440	-362.343506
2912	-346.883119	-379.677979
999	-308.512721	-348.430664
883	-340.647778	-369.267578
606	-343.235457	-383.881287
754	-361.718210	-399.967712
1926	-273.773955	-366.062073
1956	-308.461475	-339.357178
1194	-381.612648	-404.619202
1472	-306.080007	-352.330627
3136	-340.660061	-379.365845
1780	-345.606551	-373.733765
3417	-354.292460	-389.969482
1901	-362.946498	-397.208191
2754	-309.674575	-369.065125
3697	-312.119261	-375.375122
280	-271.324234	-286.127075
730	-336.821088	-372.811462
239	-270.446608	-309.539001
3780	-323.320574	-363.426758
1233	-265.440660	-301.174805
1748	-288.688929	-321.589050
47	-247.225618	-308.372620
3954	-271.611366	-297.889526
1189	-287.322957	-330.910889
1032	-346.816694	-381.536194
50	-357.934562	-388.141113
2667	-308.455402	-341.853516
344	-343.305175	-372.275085
3248	-322.477268	-365.638306
2260	-271.351786	-300.592285
544	-340.643340	-381.353088
1668	-344.433140	-388.097229
3590	-340.660106	-372.235657
271	-361.759779	-403.493591
3582	-344.436500	-387.682129
1015	-344.454928	-393.613220
1662	-377.834156	-413.451599
2756	-153.742562	-40.642700
574	-271.665153	-307.132385
878	-308.466070	-343.264160
3540	-321.236907	-349.709106
3847	-356.693135	-391.555664
2461	-269.170508	-309.368530
716	-325.758431	-357.950012
124	-271.621961	-316.465759
2541	-341.834413	-373.782104
943	-303.497783	-331.437988
556	-272.600604	-325.337097
2149	-341.878745	-359.029236
3992	-319.576017	-354.578003
353	-197.632222	-336.430725
0	-351.615495	-388.424866
1465	-382.796989	-411.424744
3204	-306.313706	-358.848022
1029	-325.751230	-368.431946
1857	-307.540766	-369.197144
1432	-324.522792	-355.497437
3707	-271.620156	-318.457275
1247	-325.770105	-356.995789
2579	-273.765811	-285.866394
893	-232.317400	-249.520813
970	-310.911364	-336.806885
2598	-308.508949	-340.765381
156	-288.654408	-335.780029
1880	-346.873992	-360.354736
3749	-249.363949	-293.110657
1078	-309.738888	-357.993958
3800	-346.862839	-397.957214
600	-268.859550	-269.836609
463	-309.715058	-348.185181
2083	-322.434119	-347.799500
2433	-324.552283	-354.459473
1100	-380.373569	-397.896362
558	-344.464151	-384.118225
602	-275.010289	-337.990295
1933	-270.396100	-321.729004
3084	-325.781161	-362.173523
3382	-341.145624	-374.705872
2725	-269.218553	-327.974731
3076	-247.198000	-284.307617
2364	-360.507160	-412.447754
3811	-274.982348	-290.442200
768	-193.039603	-246.745300
897	-345.659998	-385.428772
686	-391.370332	-423.589172
3801	-310.937414	-360.124268
2217	-344.408081	-382.462524
2705	-270.384180	-300.695007
3629	-359.312853	-389.970337
16	-273.806874	-310.213928
3122	-232.329070	-265.135132
2599	-355.457663	-388.889038
397	-288.630839	-324.675842
1892	-382.805933	-425.297424
2021	-346.818246	-370.802734
3621	-346.815715	-394.706482
376	-309.732528	-338.711792
1949	-340.674935	-362.287415
2637	-325.687098	-365.084412
3048	-381.616883	-410.336243
619	-325.787161	-363.701599
2522	-307.545457	-343.803040
2357	-325.754267	-360.843933
2506	-307.526911	-343.222229
2358	-322.169697	-360.258118
684	-361.753989	-392.292664
3849	-360.531172	-394.868958
1011	-310.942660	-353.899170
2800	-287.478272	-321.727356
229	-361.648305	-385.817932
1783	-320.761312	-360.492004
1071	-360.495618	-398.457764
1349	-286.542391	-316.038940
3379	-273.761967	-310.446960
1955	-339.498757	-374.419739
431	-361.712798	-405.272095
965	-323.329385	-349.618225
238	-233.253760	-273.298035
60	-382.768883	-405.555481
2365	-345.689766	-366.366699
541	-325.714161	-358.021057
2455	-344.431301	-382.687073
1038	-267.106213	-289.833069
3355	-345.648365	-370.088928
97	-286.495035	-333.317627
2915	-344.371144	-379.527344
1982	-345.609374	-380.967407
1471	-346.857623	-373.072815
3240	-338.234966	-375.638550
3111	-318.340705	-352.380127
1396	-346.886411	-363.108521
1768	-289.789940	-344.527466
3951	-326.977685	-359.757324
3866	-341.882531	-380.888000
3512	-340.641866	-378.272827
3106	-273.735646	-308.622803
3178	-345.605421	-380.748596
2275	-312.122563	-304.636047
3261	-232.025930	-268.194397
3300	-344.499155	-381.035278
450	-235.729507	-281.296570
2334	-472.135006	-484.445190
3940	-308.464824	-348.783264
1616	-272.539058	-297.225586
1391	-323.317575	-347.446106
2291	-286.514923	-313.760864
95	-351.666551	-384.341675
862	-361.764434	-394.987610
1299	-348.043466	-349.152344
3524	-308.455477	-340.207275
1080	-288.570006	-345.834595
130	-274.988525	-281.565186
415	-309.692626	-342.706726
2743	-234.516409	-276.789673
890	-344.458979	-375.376831
584	-309.681686	-346.537964
1799	-346.861635	-372.162354
1128	-361.695007	-402.702454
2323	-310.954565	-348.781067
1953	-308.457242	-332.162598
1519	-352.874613	-384.758850
1052	-361.770383	-391.059387
1994	-383.983835	-423.821167
1390	-340.660793	-372.969604
3164	-344.379764	-393.564941
1941	-286.206129	-314.069458
1013	-271.300649	-290.607483
2654	-304.679740	-336.327087
3374	-324.551244	-361.721497
3549	-323.437779	-358.648071
2698	-344.434438	-382.260010
3541	-379.527167	-409.224243
3395	-248.436061	-266.856079
1273	-355.513035	-390.715088
161	-285.276468	-324.936279
3192	-313.554802	-327.352356
3872	-340.691219	-372.866272
2136	-263.278851	-346.203156
421	-288.627624	-315.203552
985	-320.770329	-358.767090
1421	-360.526142	-387.434692
3503	-266.630629	-292.494202
974	-303.468081	-326.149536
3409	-356.696744	-384.725830
3659	-340.683837	-375.946533
2787	-324.505365	-316.613708
972	-341.869909	-391.319214
991	-345.602096	-396.106995
422	-288.692943	-337.783020
1623	-229.615446	-268.329102
2368	-325.804686	-364.813904
420	-362.950092	-385.244629
3262	-235.693825	-271.597473
1012	-266.609146	-337.354492
3974	-323.433262	-350.612610
829	-310.909285	-343.511230
1344	-341.767606	-368.090881
2197	-309.684327	-351.261169
2066	-432.401755	-466.500549
32	-287.509315	-323.977600
1734	-359.354596	-391.201294
1016	-305.129953	-340.529358
3851	-326.998454	-360.745178
1320	-340.656628	-371.468994
1010	-340.666160	-378.297852
1566	-380.438011	-397.301819
3979	-345.651111	-378.062317
1847	-325.753767	-371.765076
19	-309.720734	-336.000977
3188	-325.807242	-359.834290
1646	-340.684749	-380.236755
981	-303.499320	-337.335571
3671	-326.941692	-361.995178
2548	-340.654465	-373.623352
1927	-361.739999	-392.361633
806	-308.768073	-343.746521
3937	-361.713179	-399.872192
1074	-304.697680	-360.678772
3074	-272.553250	-309.624939
1367	-325.812267	-353.626648
593	-303.525517	-343.876770
996	-307.544316	-345.948364
3368	-308.496367	-346.804260
1418	-325.725274	-363.854736
1760	-326.940002	-361.752014
1891	-323.382399	-366.023376
3633	-380.412093	-417.311646
217	-271.648392	-289.404053
1706	-382.777508	-414.205811
1321	-234.472577	-285.997498
2338	-268.888303	-324.800781
24	-345.608180	-391.700623
3942	-287.507193	-327.603394
3750	-346.838572	-378.633911
2963	-287.651399	-322.079590
277	-302.288351	-336.792236
1018	-354.272548	-388.659180
1534	-340.632075	-374.683105
715	-285.275928	-324.409729
1379	-325.731549	-363.103271
3735	-360.522940	-402.646667
977	-285.160699	-316.956055
4	-270.439280	-299.405151
1449	-308.507220	-344.479797
920	-281.489179	-314.607300
2387	-391.391111	-428.426453
2543	-376.588479	-408.574463
3460	-288.678290	-326.792908
752	-324.557693	-368.338074
57	-345.635513	-375.089661
1048	-286.495416	-308.126587
2646	-325.800095	-357.287659
3583	-325.721011	-350.627136
2025	-249.363808	-292.879333
1244	-345.616998	-376.944763
3606	-310.906553	-344.254822
2886	-324.530742	-353.403076
1099	-231.975652	-252.115295
1462	-312.136049	-325.622375
3730	-291.017996	-300.103760
688	-324.491475	-353.884338
1806	-324.610229	-356.328613
117	-211.295163	-245.851807
1331	-310.941319	-350.995667
2981	-327.026688	-369.482605
1315	-288.533780	-316.478088
188	-339.406341	-380.358826
1637	-343.503600	-348.257202
3226	-339.491316	-374.944458
240	-286.517094	-324.678345
3839	-231.155780	-309.947327
2905	-307.206439	-347.690186
3201	-346.845480	-376.013977
3823	-303.527274	-351.655029
1083	-309.726295	-337.536743
319	-352.845678	-392.395142
1732	-269.170665	-294.226196
1197	-308.462932	-363.806946
3803	-287.351460	-326.748108
126	-274.991042	-286.647949
10	-344.512001	-377.377014
466	-382.782183	-416.364380
3588	-272.549011	-323.849731
2717	-309.726244	-348.359619
1989	-287.426977	-314.696716
83	-344.434906	-383.091736
2965	-344.689237	-372.109558
2641	-270.394309	-307.932434
3351	-285.306999	-325.843079
3266	-287.736841	-328.805054
997	-361.688335	-403.015747
1118	-306.032266	-376.367981
2560	-339.452794	-382.927246
299	-195.196751	-195.938171
3169	-310.902849	-345.264282
844	-324.606050	-349.916931
925	-307.567279	-329.348694
173	-396.486463	-431.981079
3658	-309.682445	-338.555542
1751	-339.469166	-378.084045
108	-345.614707	-392.074097
3440	-322.135917	-363.445190
2086	-308.486338	-330.924133
947	-322.454079	-353.598389
425	-289.769718	-323.012939
3400	-289.799552	-318.851562
3813	-340.620847	-377.515625
2320	-362.876210	-399.179871
3281	-309.716743	-337.331848
2537	-317.434422	-350.501099
2906	-340.657508	-375.048523
3144	-308.472241	-338.726440
987	-273.765811	-325.986877
2123	-327.010026	-337.770386
2778	-325.711441	-369.231506
339	-356.705991	-391.820740
3380	-345.606939	-390.151489
149	-380.415966	-402.137207
3270	-273.788787	-316.855591
2208	-286.486509	-312.041382
2814	-325.804528	-368.560547
572	-356.752533	-381.576843
1206	-342.315546	-381.099060
329	-380.402442	-415.126953
2481	-324.614891	-365.989746
1881	-361.772040	-424.510498
3330	-323.360126	-361.764771
92	-301.343578	-339.772217
1908	-286.508233	-323.656555
1436	-375.359407	-404.606079
755	-324.568345	-360.112183
1754	-269.221561	-315.374878
1426	-381.607770	-431.575867
2366	-286.466852	-319.031067
1937	-287.438379	-331.710388
2697	-360.495788	-390.998047
1584	-251.727102	-267.067505
852	-361.731511	-400.157898
2903	-308.505951	-342.362793
3717	-275.014300	-310.582581
3060	-270.441145	-315.172363
2585	-249.269471	-277.317871
1973	-340.637231	-366.561646
3716	-361.720799	-396.475586
2980	-274.983908	-388.108704
2578	-324.576080	-361.476807
1874	-416.367317	-441.040955
1348	-309.683859	-342.423218
1521	-323.665247	-362.623169
453	-375.430225	-406.065338
2042	-232.364952	-258.190308
2058	-356.710498	-394.443970
230	-271.617434	-304.178284
3778	-309.700675	-353.953247
28	-324.630221	-361.161072
1202	-361.725394	-407.160706
186	-340.606711	-382.495850
503	-355.514134	-395.315613
2648	-325.728744	-363.376465
1277	-309.706892	-334.359802
279	-306.012858	-343.061890
639	-270.405973	-303.734619
1834	-381.615289	-426.842102
3573	-325.730390	-361.276978
3010	-361.720579	-395.165344
2671	-344.377098	-375.427856
1610	-196.406419	-221.306274
2286	-309.728265	-342.785767
1286	-310.906869	-337.757751
2752	-381.632242	-417.460144
850	-271.623957	-295.940796
3340	-229.879598	-264.273468
3838	-271.318933	-287.350525
679	-340.668108	-379.549622
485	-250.585183	-280.566040
459	-348.056615	-382.274353
2849	-355.442748	-393.043396
3165	-356.724041	-393.820374
610	-324.629068	-366.695618
2867	-361.734339	-374.439636
949	-344.463502	-388.267883
2092	-288.572051	-312.870850
1531	-345.640098	-388.143250
3343	-320.735225	-364.954407
103	-291.024232	-341.358765
2321	-381.536295	-448.187012
2769	-376.563238	-411.759338
3505	-274.983383	-298.218872
2199	-377.815601	-400.246216
2644	-320.786990	-358.333252
2999	-307.237456	-327.696899
55	-335.683118	-367.443237
2018	-286.492357	-329.516907
3638	-306.320806	-339.602661
3471	-416.384141	-436.757568
1288	-324.635136	-353.159119
749	-249.280474	-280.343933
919	-272.589999	-319.449890
1920	-361.714679	-394.246338
1512	-346.839595	-381.500427
273	-323.312375	-363.226868
2896	-356.725069	-392.600525
2928	-324.540084	-362.592773
1027	-360.529992	-384.692688
2496	-326.954795	-368.135986
3159	-324.612512	-354.026367
2393	-324.608961	-348.692688
1718	-356.706262	-378.245239
2688	-284.964138	-293.298157
1515	-360.502298	-389.043335
3924	-270.393737	-294.412964
3834	-324.589539	-359.180847
1924	-340.591587	-373.885864
651	-232.334436	-254.039734
3053	-490.831786	-545.734802
2875	-344.475122	-389.948486
3528	-233.262752	-263.575073
1650	-341.836348	-375.321533
2259	-361.734611	-392.786743
3738	-274.982053	-276.841187
2960	-271.360631	-296.146240
2381	-346.856604	-383.991699
1503	-327.014214	-383.577454
2947	-355.510313	-388.780151
2002	-286.504040	-325.289062
2631	-380.316551	-415.077026
936	-382.773457	-405.019287
2907	-344.466563	-386.660767
372	-337.283890	-369.415405
2262	-325.780603	-381.924438
3938	-345.645388	-377.987305
278	-397.667072	-430.401855
3200	-265.433051	-302.184753
3227	-348.043668	-373.240173
