no_training:3000	no_test:993file identifier	 training data
1531	-345.640098
2620	-324.587670
1205	-304.682331
1059	-303.436180
311	-287.724713
3785	-348.045948
1097	-325.784473
213	-249.281074
3733	-309.678068
913	-352.855499
2497	-325.763216
3207	-355.520098
408	-208.863267
1189	-287.322957
2509	-344.380267
762	-346.863396
962	-376.587043
1043	-324.605875
45	-266.615452
2352	-288.589622
3227	-348.043668
633	-325.759393
2546	-248.018573
3320	-310.952127
586	-376.582598
2539	-321.276274
3377	-360.549337
699	-307.243079
3046	-322.057728
3104	-310.941183
1054	-323.427722
3405	-269.206920
2721	-271.401725
2368	-325.804686
1487	-345.665813
1132	-310.938583
2193	-383.976576
1356	-271.372094
2440	-317.433049
1671	-309.708282
496	-377.794221
2173	-304.678340
3556	-276.202384
3967	-273.758273
1370	-242.180146
2281	-345.643890
1919	-407.364323
2477	-360.539944
2949	-346.838702
3511	-324.552260
2999	-307.237456
412	-372.768039
395	-234.447743
844	-324.606050
1364	-267.963366
1897	-197.629387
3852	-361.710525
3804	-324.573632
1166	-324.576650
2728	-304.742823
1748	-288.688929
2989	-287.317913
1068	-308.470010
1255	-381.635881
706	-303.481839
680	-325.806369
1718	-356.706262
3895	-325.808333
153	-347.466594
3638	-306.320806
784	-377.848074
1283	-345.605635
2685	-344.426408
1512	-346.839595
2100	-343.199390
3090	-287.362939
1426	-381.607770
955	-345.632414
499	-340.611683
3042	-269.468415
384	-343.291812
248	-339.489875
331	-309.734363
2261	-233.260156
1847	-325.753767
468	-322.150234
668	-267.103350
1542	-370.291993
2571	-309.686348
3760	-280.314080
98	-303.553222
3837	-343.468335
532	-344.369744
381	-341.835557
2526	-340.601771
3258	-324.473847
894	-338.247875
1964	-309.726463
1872	-272.566631
994	-323.428670
2686	-340.697732
939	-344.481802
3156	-362.941094
717	-380.401348
2643	-372.711859
2436	-308.473229
3964	-336.853985
1808	-356.676972
2944	-309.687280
3041	-345.692143
2249	-392.653825
3016	-309.730329
2158	-340.663379
17	-345.612580
823	-361.732840
2186	-320.782523
2228	-308.518356
916	-345.608831
2517	-308.462063
1719	-232.050342
232	-490.793044
707	-381.585428
14	-302.238859
2417	-336.838171
3132	-309.670613
122	-339.419649
1112	-287.644079
1028	-360.421732
79	-324.605178
2066	-432.401755
3429	-274.987297
1353	-359.297643
3740	-356.684693
2628	-359.341296
1798	-312.126342
989	-272.839582
3306	-361.650084
237	-268.287661
606	-343.235457
55	-335.683118
3151	-362.873906
1589	-324.608694
2302	-492.008892
3630	-287.660591
3158	-269.271320
2076	-274.982287
2264	-346.831590
2242	-362.870426
3296	-345.650105
3872	-340.691219
553	-271.666055
1905	-231.145151
70	-346.874234
2246	-287.318502
1974	-345.655745
834	-346.828689
2953	-348.047609
829	-310.909285
1978	-281.485530
2124	-345.600825
2287	-310.905485
3084	-325.781161
1119	-304.733360
1171	-325.721867
3763	-344.416821
1519	-352.874613
2714	-398.878264
1732	-269.170665
2536	-273.758980
2780	-272.545389
791	-309.662433
3448	-324.634377
1629	-272.526778
3052	-291.017787
1842	-362.894239
841	-361.736259
2912	-346.883119
3371	-286.517424
2393	-324.608961
3913	-308.551230
3482	-281.480993
1422	-361.728608
3205	-341.842686
1788	-345.646841
2455	-344.431301
820	-326.934229
450	-235.729507
2108	-267.944278
96	-375.359188
1357	-375.307060
2161	-361.735863
3252	-340.610842
997	-361.688335
113	-360.478880
1144	-264.255612
2299	-280.273691
1558	-270.389386
37	-381.587333
215	-356.645883
521	-262.065493
1899	-308.478846
3491	-361.750275
747	-359.350089
1346	-308.542644
2830	-325.800699
2651	-273.744309
3050	-303.940271
306	-307.335530
1034	-356.732791
2754	-309.674575
2394	-355.446449
321	-324.604397
462	-234.474088
1114	-302.353948
821	-307.566593
2002	-286.504040
2765	-381.546975
2682	-324.528297
2972	-320.764992
287	-307.560718
185	-361.726913
3691	-352.852117
3719	-320.742924
2547	-323.328581
1610	-196.406419
477	-265.399968
2344	-305.915175
638	-345.695868
612	-397.697891
555	-361.677945
2698	-344.434438
757	-345.678211
1468	-345.650338
517	-344.434827
1622	-346.869712
2745	-322.118085
1087	-324.508933
2444	-318.641916
3309	-274.989422
3350	-339.431591
2712	-274.985024
1862	-319.615129
1253	-312.126356
3453	-321.254976
1714	-132.718150
3452	-361.758902
2882	-322.444150
1449	-308.507220
2065	-340.537496
678	-308.506580
2390	-270.097243
1158	-268.251114
1274	-309.686648
507	-309.697879
2255	-360.513163
3593	-304.614300
3262	-235.693825
350	-320.793580
2087	-286.484121
1029	-325.751230
3397	-356.702115
2718	-382.782995
3935	-289.875063
3604	-273.812100
140	-309.676929
1389	-272.510742
2496	-326.954795
2225	-324.612179
3847	-356.693135
353	-197.632222
3617	-345.608658
550	-319.568017
2175	-324.545475
1932	-310.911279
3078	-383.966179
790	-341.836780
2635	-323.324700
3587	-322.421320
1987	-325.775071
50	-357.934562
7	-309.722879
91	-275.011437
2954	-305.915530
1858	-343.238086
3960	-336.825944
1423	-344.413850
3239	-361.708121
3105	-346.821661
3564	-303.533472
2254	-359.388326
1210	-340.641282
3102	-310.903589
3584	-281.484877
3694	-338.246643
1828	-284.993731
590	-346.857871
1096	-309.689595
329	-380.402442
831	-346.867207
1368	-288.584029
3929	-321.233569
1851	-361.717868
1155	-272.838189
3629	-359.312853
1013	-271.300649
3224	-286.504546
1431	-344.392695
1200	-346.908492
148	-345.629933
599	-343.312201
651	-232.334436
2304	-286.431160
2885	-309.686862
805	-309.658574
2286	-309.728265
1337	-286.498779
2195	-289.873479
2397	-308.772292
1148	-284.062954
1715	-286.486570
933	-270.430832
1902	-324.615795
228	-346.859384
871	-309.680919
1341	-301.373831
872	-309.711438
347	-309.687405
2434	-377.845502
1213	-324.530103
787	-360.525379
3583	-325.721011
629	-309.712115
3003	-325.798735
2702	-309.685148
998	-302.306196
2151	-289.802108
993	-317.364547
2184	-360.501473
2305	-376.633716
409	-306.383308
1741	-345.629842
573	-286.504534
106	-362.952198
3115	-340.620294
1846	-344.370966
685	-320.029854
2279	-309.711101
1536	-324.492974
3238	-340.667053
3876	-304.574737
107	-307.580090
1430	-361.720960
2595	-303.465315
132	-308.469258
224	-324.628594
2330	-287.681216
3108	-361.653332
2973	-324.604156
2533	-265.438520
2963	-287.651399
689	-341.818686
297	-325.833945
3828	-288.650589
1228	-345.640969
3528	-233.262752
3461	-320.776316
1071	-360.495618
165	-327.013034
2544	-381.632480
230	-271.617434
3286	-361.731914
2811	-326.944158
1248	-304.732336
73	-233.293627
2552	-340.624424
1285	-346.860450
2695	-346.871133
3834	-324.589539
611	-248.364357
447	-271.627826
1962	-382.756724
2983	-346.833689
1197	-308.462932
3677	-307.571921
3783	-310.912792
615	-345.676743
251	-265.386781
407	-287.508781
3553	-346.830674
2132	-377.826580
1928	-326.927990
2450	-312.124760
3438	-312.132858
1103	-273.764642
3374	-324.551244
101	-324.507184
3595	-345.600227
444	-340.665581
3418	-308.467120
3020	-287.430903
571	-339.423497
1495	-286.516879
1642	-344.345376
930	-346.898838
544	-340.643340
3867	-356.726146
845	-40.478930
335	-361.729115
1505	-308.487195
2360	-340.636727
2577	-381.600777
877	-359.317823
3492	-345.645245
3261	-232.025930
291	-304.683134
1520	-309.728493
1117	-345.566120
2424	-273.764093
1729	-361.740062
2277	-383.973315
3285	-247.192524
2700	-304.687547
1968	-324.538807
1966	-302.558699
3040	-360.506446
3829	-323.654114
2772	-343.232602
2757	-346.855643
2345	-342.329232
749	-249.280474
1746	-396.470299
2673	-345.652182
356	-372.741729
641	-322.439472
3263	-285.326726
481	-307.573371
3094	-324.601619
2011	-270.099401
40	-344.338878
3493	-232.333258
388	-340.594424
1270	-307.571937
363	-320.778723
1638	-344.481904
2969	-286.484904
2348	-285.253877
2438	-392.565188
2343	-325.781464
1632	-340.673967
2850	-288.580309
1904	-304.752598
2942	-325.778444
164	-340.675814
244	-346.835129
296	-345.688916
898	-305.906901
345	-309.704732
515	-287.727890
812	-308.509197
975	-357.171724
1261	-268.282665
978	-324.545574
2004	-346.839235
2980	-274.983908
1010	-340.666160
3074	-272.553250
2915	-344.371144
1477	-303.462312
1834	-381.615289
3264	-307.260972
1624	-340.670034
1850	-323.407987
965	-323.329385
3256	-153.459846
3823	-303.527274
2615	-360.501085
3055	-285.313284
2410	-361.673369
2689	-309.673807
445	-319.610687
3410	-271.316922
1754	-269.221561
589	-340.604189
1062	-324.496997
3213	-339.438949
603	-346.867624
567	-339.489014
276	-380.379743
1074	-304.697680
2456	-345.610758
2373	-302.564379
1137	-271.622539
2334	-472.135006
1483	-309.723988
1098	-356.649302
200	-345.625804
679	-340.668108
929	-272.832690
3124	-308.562031
3432	-297.523580
2880	-346.831172
2220	-272.538190
3765	-453.654335
1645	-324.477059
954	-324.612244
2843	-308.509454
3364	-305.057353
3734	-326.940196
2900	-272.554670
1923	-287.427777
87	-490.834069
2454	-288.578155
173	-396.486463
1607	-303.462115
161	-285.276468
2913	-361.630982
1082	-310.901659
1358	-340.682075
1022	-310.902683
732	-327.023478
2988	-310.923406
2112	-304.729640
3674	-309.731169
431	-361.712798
2451	-359.328735
2026	-272.837907
1234	-325.796704
2022	-344.425164
2802	-325.804486
3512	-340.641866
2873	-307.545713
1973	-340.637231
3841	-371.541704
3449	-297.510804
3590	-340.660106
2890	-309.738198
2677	-309.684577
3808	-345.614760
216	-307.283509
1959	-324.603913
3891	-346.821929
1325	-356.758284
2034	-345.586124
305	-346.859213
1036	-340.609236
1984	-287.441165
3575	-309.736328
1165	-309.706371
1491	-344.421383
1012	-266.609146
2510	-325.797299
1207	-324.584396
359	-346.832402
1773	-304.696646
3471	-416.384141
266	-308.477155
1764	-304.725676
1972	-233.542445
2502	-309.685960
3506	-320.804155
2134	-344.433965
527	-324.629301
1290	-345.660459
1443	-346.867442
3894	-322.469844
198	-303.934323
1266	-324.582035
3522	-309.691414
2808	-340.646073
2320	-362.876210
1722	-362.946707
691	-361.734668
2282	-375.368783
2111	-348.048744
2877	-324.556404
2793	-306.384286
1804	-324.542706
2895	-273.764673
3024	-251.729571
1554	-320.728167
3140	-284.987905
2498	-288.539500
1445	-396.491525
2091	-346.904050
3987	-324.506120
569	-376.620836
3762	-351.646368
3680	-305.904722
3298	-345.599182
702	-379.000257
506	-234.516241
988	-341.827199
3427	-325.793904
1127	-345.659797
1202	-361.725394
2464	-297.555801
1557	-322.456250
1405	-361.711854
3182	-287.440436
3408	-287.661454
3048	-381.616883
1474	-340.654517
914	-361.707841
3157	-335.619981
1861	-235.696852
2250	-339.462492
1142	-309.702591
83	-344.434906
1409	-285.282853
3025	-324.573338
1941	-286.206129
3766	-344.436564
1895	-324.551432
3898	-356.700248
169	-309.688569
1424	-212.438188
2396	-307.546144
93	-340.615011
909	-325.789320
2656	-376.622509
2414	-382.803358
1619	-340.600021
32	-287.509315
3720	-308.561301
2218	-325.756157
627	-359.304956
1	-360.499843
3229	-271.614305
1668	-344.433140
2853	-325.794835
483	-309.705795
3973	-356.659922
3530	-309.739069
793	-326.950540
1692	-362.862736
2329	-324.557240
2079	-363.517297
442	-356.712228
3545	-310.915918
3054	-269.129580
304	-322.464725
3178	-345.605421
2699	-346.864540
72	-325.720699
2238	-281.495234
1454	-288.652757
1559	-380.372123
1958	-340.595950
2518	-360.566272
686	-391.370332
3875	-309.655400
1669	-287.426878
1105	-302.306944
1415	-338.156727
3504	-308.561061
1609	-210.001565
3551	-345.646761
3699	-355.497878
2690	-231.093096
549	-372.785072
3250	-360.517106
392	-345.637570
2003	-324.579943
2892	-325.728271
3771	-309.655144
33	-264.504487
591	-325.760915
2461	-269.170508
705	-362.953848
2045	-324.495988
1591	-249.397368
785	-273.796695
1581	-345.660520
2212	-346.837271
2439	-324.485913
972	-341.869909
135	-301.341304
1188	-306.054267
2448	-346.833271
2027	-376.585000
390	-306.070291
1340	-271.616723
3267	-320.776472
624	-312.119017
966	-339.467091
2923	-325.801905
177	-362.872710
2171	-359.346839
3475	-321.247305
999	-308.512721
2389	-361.728546
3082	-272.586248
414	-192.762455
1263	-345.642008
2125	-310.908354
960	-310.940611
3654	-307.541973
2614	-232.164586
1618	-345.629039
1507	-310.914024
3177	-287.662612
2478	-339.450173
1763	-325.799404
738	-324.592221
2956	-360.528914
3708	-270.397474
654	-309.727166
3732	-320.774305
1612	-310.902795
38	-309.736982
3671	-326.941692
2896	-356.725069
383	-361.702346
1198	-308.449457
180	-360.505528
478	-119.052475
1841	-325.788368
3283	-287.404397
3396	-273.815873
1915	-361.705669
3519	-376.604739
2447	-323.330261
3122	-232.329070
3292	-326.937372
665	-288.571762
3251	-306.056425
2576	-306.418503
2159	-324.581067
2056	-325.729141
3547	-324.582904
1796	-307.536544
961	-326.950279
1077	-326.938562
1498	-340.654582
1843	-362.899677
261	-310.905322
1295	-346.829652
1118	-306.032266
435	-306.309029
2663	-361.722327
2814	-325.804528
3069	-346.878430
3217	-306.392828
3788	-361.725962
1041	-371.504707
2176	-345.608670
3910	-309.703111
1101	-307.244627
2916	-340.655601
469	-325.775843
3560	-286.463470
1235	-265.447270
327	-324.607903
3549	-323.437779
2369	-273.760271
3029	-285.281493
2115	-266.626759
890	-344.458979
3874	-323.344889
231	-346.860243
2142	-324.624987
718	-392.601894
2335	-346.825562
2788	-345.596027
758	-307.574899
1825	-271.656372
336	-308.524858
1494	-345.654016
2012	-382.788561
661	-335.635079
2867	-361.734339
2364	-360.507160
1665	-336.802871
1677	-344.412416
1183	-325.750970
1003	-308.516378
1256	-312.119596
2160	-345.674929
2240	-381.627040
484	-351.639205
558	-344.464151
3856	-306.313590
3797	-376.587519
3354	-360.529236
3393	-359.297522
769	-271.361537
985	-320.770329
2425	-322.435505
504	-356.680129
2943	-340.654874
730	-336.821088
1027	-360.529992
3399	-307.229313
2309	-272.583285
660	-271.630416
410	-325.835955
3192	-313.554802
2233	-319.556235
3274	-196.407957
503	-355.514134
3567	-309.693494
1822	-344.395150
2755	-381.595252
664	-335.632054
1093	-325.718074
3497	-392.627857
3603	-326.952955
2338	-268.888303
3275	-308.757315
2206	-312.126404
1621	-346.884834
419	-312.128001
2083	-322.434119
3775	-324.576188
1548	-306.308471
952	-325.717725
1230	-323.396217
3243	-377.816466
2613	-338.214346
3717	-275.014300
2020	-272.514099
2039	-360.553317
1440	-270.441325
3180	-323.669200
1262	-356.712023
2131	-320.777849
2384	-281.469893
3885	-304.728655
3196	-297.530335
199	-309.673895
2488	-363.508158
3389	-309.689740
218	-285.311823
856	-324.568212
859	-308.468407
3499	-309.702237
2951	-308.569129
2809	-344.506029
526	-344.430692
2052	-325.809179
2054	-302.588564
27	-324.573866
116	-346.831175
3404	-309.733988
129	-308.512092
3255	-345.578846
467	-273.793804
2504	-325.805550
1704	-274.984793
1425	-288.648476
2064	-309.687401
1222	-325.805865
2550	-271.628346
57	-345.635513
1466	-340.657975
3802	-356.724118
250	-360.538828
2771	-310.910278
2812	-381.619786
977	-285.160699
3125	-308.510840
1268	-344.411146
476	-397.686127
1517	-359.342366
34	-306.355655
3107	-281.504745
1666	-289.872246
124	-271.621961
1608	-361.758032
854	-383.971058
290	-348.056024
970	-310.911364
2842	-308.450204
1889	-361.731388
3695	-309.651827
1573	-233.255259
3488	-340.672417
1824	-336.855265
662	-341.843824
2449	-341.841190
943	-303.497783
3790	-286.502445
1204	-361.704371
1154	-310.937644
2001	-346.833365
996	-307.544316
811	-304.567859
840	-289.871520
2144	-324.574829
710	-340.625597
1212	-304.733723
3878	-360.554015
1458	-288.648179
415	-309.692626
1394	-396.500849
3126	-360.523204
3517	-396.475511
354	-285.174014
3026	-250.478855
1709	-326.941251
1567	-356.714706
53	-285.330157
1441	-303.469082
84	-345.610574
3903	-340.636306
670	-324.618078
537	-361.731930
2907	-344.466563
2759	-393.905418
99	-336.813559
2314	-345.658870
688	-324.491475
2333	-338.234590
133	-271.642927
2150	-324.570860
862	-361.764434
3348	-304.715963
242	-340.623533
3899	-337.265273
2523	-344.512144
3208	-288.572843
3729	-376.562796
2311	-193.034988
3083	-381.591448
1900	-309.689410
675	-346.827397
3619	-325.779372
1254	-325.753541
1678	-310.955296
1392	-353.321142
1652	-301.316399
3931	-288.683173
3072	-340.671263
1376	-348.053064
1827	-343.492484
3193	-320.725883
1486	-380.373644
2099	-288.573876
1472	-306.080007
1590	-344.415609
1040	-268.307873
2920	-326.952797
3550	-341.825957
3731	-310.913156
2747	-301.332569
203	-340.663148
1924	-340.591587
2863	-287.423372
1774	-324.585556
3969	-324.609784
2749	-340.645995
2559	-319.571638
1866	-310.940708
3809	-310.902628
938	-331.411639
2697	-360.495788
0	-351.615495
193	-307.285557
2442	-345.636611
3426	-307.387663
2545	-324.614082
1236	-155.897345
1682	-269.215705
204	-287.353313
1463	-362.938449
1909	-345.630398
2532	-301.405558
2816	-310.905786
931	-361.763293
1891	-323.382399
3741	-169.860788
604	-320.777491
3772	-356.752251
1991	-285.282532
3897	-324.519277
1576	-247.184334
511	-320.778636
1216	-308.465534
2437	-356.692640
650	-193.034094
3187	-272.591906
1239	-356.710448
100	-361.702143
430	-307.543210
878	-308.466070
3851	-326.998454
3299	-325.725069
3692	-281.505078
984	-248.443503
800	-324.611571
1939	-242.205627
2339	-326.954728
2881	-345.594203
777	-307.544712
324	-307.534482
1247	-325.770105
3826	-372.742383
1078	-309.738888
3643	-309.660190
3096	-338.175960
540	-346.830523
866	-340.620625
3451	-319.606765
1814	-360.537947
2859	-362.909074
2629	-356.679047
368	-345.595021
3624	-324.614194
2879	-265.401151
1654	-360.518768
3727	-285.317454
2506	-307.526911
2121	-324.619773
3271	-454.878708
1674	-360.499243
2657	-308.451299
3926	-325.748612
3932	-360.472117
1226	-195.226072
277	-302.288351
3627	-323.347112
351	-345.625747
1807	-344.469516
1606	-308.462382
2715	-345.709596
1362	-249.387499
3726	-382.754967
2232	-56.525887
1750	-287.645651
2404	-323.340989
2291	-286.514923
236	-325.758113
2786	-327.009009
541	-325.714161
3697	-312.119261
1302	-339.445855
421	-288.627624
765	-317.447668
479	-77.308427
1600	-249.301818
1419	-344.350927
1541	-310.912991
3776	-320.773105
2289	-325.766945
3968	-287.425634
1434	-344.482088
579	-281.480583
778	-324.573162
2852	-274.986857
3814	-361.745554
782	-361.678341
6	-345.687671
490	-231.142581
817	-345.619715
3080	-344.436248
2609	-322.351046
2322	-355.508682
2760	-155.908941
3436	-361.762744
1684	-320.783029
2491	-381.634033
396	-372.782655
3676	-346.840522
325	-345.637577
3701	-248.211932
1961	-197.629416
2200	-344.426799
2318	-348.039301
1011	-310.942660
3827	-270.435807
883	-340.647778
2217	-344.408081
3456	-276.206318
3991	-372.765028
1713	-323.381747
30	-325.717105
976	-382.776658
3241	-319.515995
95	-351.666551
2009	-273.812948
780	-308.769557
3	-346.838279
3978	-282.861121
317	-325.797397
1260	-270.417842
3649	-343.292778
328	-310.911163
2987	-271.618137
370	-356.698196
923	-322.135797
928	-345.665412
342	-323.351196
1296	-345.612257
1963	-325.761942
2325	-273.732431
2659	-324.461004
2847	-307.566260
377	-360.527122
2152	-308.540101
2606	-323.344105
202	-226.160842
2710	-361.773017
2766	-285.279992
3395	-248.436061
1050	-304.643392
768	-193.039603
3430	-341.828533
910	-270.384937
2581	-234.469389
1782	-308.555419
3490	-359.315205
3690	-346.829378
3781	-274.984614
936	-382.773457
497	-287.470402
3370	-396.486664
374	-372.796889
2371	-307.253245
1100	-380.373569
2347	-308.476587
1009	-266.763445
2874	-309.725707
1816	-344.357220
2332	-342.335241
1084	-309.711894
2140	-325.715372
514	-309.685045
1975	-341.829025
2935	-297.516418
375	-346.857432
429	-288.570364
1986	-344.459234
1568	-324.555249
995	-360.542928
2063	-344.402806
3689	-308.467642
3718	-195.186772
3073	-309.734862
3076	-247.198000
137	-287.440932
253	-305.838224
283	-355.460155
3149	-372.694726
2301	-324.616647
2274	-308.463553
2584	-360.567154
1903	-309.678054
891	-325.767721
1460	-309.684108
3341	-291.021228
3170	-271.626697
3197	-309.714859
44	-309.735489
2520	-307.284294
2227	-356.712771
1089	-344.451793
1740	-376.599676
364	-117.824798
28	-324.630221
3881	-357.951284
3315	-269.176979
3064	-326.983087
1382	-360.492675
373	-379.522177
2997	-380.371074
2525	-324.569051
2955	-346.822341
3670	-286.248451
3214	-344.426062
1305	-319.621560
433	-396.498209
2665	-348.031230
900	-288.561991
2223	-288.657055
2918	-271.326117
3441	-372.686714
945	-264.243028
2377	-236.916033
281	-322.479769
760	-324.605411
1572	-322.170570
505	-338.531538
1258	-344.472090
1057	-391.518453
860	-397.697425
2165	-319.567241
3365	-396.458774
2617	-248.151318
610	-324.629068
1762	-361.755551
3375	-324.594534
246	-313.537245
804	-248.395289
3799	-291.018995
1214	-341.865386
3589	-324.543443
3464	-234.470922
2621	-305.145002
3496	-302.303890
2213	-287.433999
1462	-312.136049
3349	-207.916786
3342	-153.787612
2736	-310.922181
2670	-326.934805
2589	-361.718361
3386	-309.684862
2411	-193.075202
3565	-286.474509
2137	-324.588239
86	-190.624631
3681	-310.914919
163	-319.624414
2854	-325.810616
2191	-359.317050
927	-340.676668
3705	-345.665479
761	-312.126820
2472	-209.159302
1045	-344.449852
3744	-339.414779
326	-236.917664
3602	-361.683811
2284	-359.298380
2084	-361.708021
3487	-210.101789
1330	-324.575010
2432	-274.987245
1685	-338.273553
2258	-303.453218
858	-340.661797
2903	-308.505951
1328	-376.531779
1124	-271.651913
1174	-345.614442
3812	-271.623066
2234	-272.580839
1979	-308.462923
239	-270.446608
1949	-340.674935
2641	-270.394309
416	-271.318448
170	-340.667287
1614	-325.736331
2998	-246.027383
3010	-361.720579
1473	-340.678945
212	-324.605613
3014	-269.263802
852	-361.731511
903	-309.685872
1150	-308.551121
1271	-310.902165
2244	-414.351653
3142	-376.617653
1863	-381.631601
75	-381.566310
2032	-287.663174
2703	-309.722894
2028	-346.821466
587	-307.283919
636	-382.818623
1365	-361.755045
934	-345.650323
2197	-309.684327
2155	-343.243883
1241	-345.608395
2563	-247.215049
3424	-348.051118
3712	-300.148891
1267	-341.841438
2801	-310.932716
309	-309.718312
3939	-317.386479
3330	-323.360126
3056	-269.180682
3474	-309.730988
1879	-288.594527
940	-325.787515
1145	-312.129019
683	-348.060054
1849	-324.547957
2017	-310.940345
886	-304.728323
3525	-340.662316
2061	-345.638357
494	-345.611057
3420	-306.358581
1819	-249.292101
1015	-344.454928
3948	-340.614465
3725	-309.710255
1427	-340.646339
3866	-341.882531
3444	-289.794376
3133	-356.679691
3280	-344.483775
1269	-307.563525
3985	-324.548763
1805	-344.380468
759	-398.888473
437	-309.705971
3099	-324.530718
1676	-296.285473
1560	-340.645686
1640	-304.583737
2298	-270.396464
3061	-392.552088
781	-362.918463
273	-323.312375
1288	-324.635136
676	-272.584377
1125	-285.292217
1108	-341.839596
1465	-382.796989
1556	-340.659506
1377	-325.768959
818	-387.475673
1464	-381.610550
2331	-308.516808
3403	-339.424322
376	-309.732528
210	-362.938898
979	-309.713440
673	-345.680831
3351	-285.306999
3585	-308.497008
3693	-273.779498
1571	-470.915515
2400	-345.592410
2968	-310.909942
1946	-346.841836
2183	-339.459869
1784	-324.497693
3070	-281.491976
1578	-233.217482
2810	-273.763107
1111	-335.656557
700	-310.938181
3916	-273.810780
1173	-344.465017
2114	-307.528446
19	-309.720734
3532	-344.464356
3703	-287.697316
1048	-286.495416
443	-325.754109
3498	-381.585231
1310	-307.529289
2098	-327.020807
1649	-346.868661
367	-360.491873
2088	-362.871515
2231	-346.825174
2372	-322.217569
3815	-288.574763
904	-345.608456
369	-361.733362
189	-322.167165
323	-309.647349
1911	-272.582516
1293	-271.369084
3533	-232.036378
1650	-341.836348
775	-344.469204
3391	-306.403144
2794	-304.681399
195	-296.296482
3340	-229.879598
1246	-318.406529
1643	-310.910140
3651	-303.463214
653	-344.473681
233	-301.382062
1085	-231.092208
1797	-194.267232
43	-319.572842
2708	-308.512758
3234	-287.349937
2762	-306.370119
1981	-306.313924
1167	-309.729139
2837	-325.730097
3625	-326.948771
1095	-324.603415
838	-361.709679
554	-340.688787
131	-345.603479
3143	-286.432042
1936	-360.564423
2080	-325.793131
1580	-271.339821
2226	-276.206257
1657	-338.273162
577	-343.087962
797	-278.075775
3359	-325.733758
3035	-344.404557
1747	-360.559076
1564	-288.555332
2153	-309.673226
1597	-336.805704
744	-249.332005
3835	-309.693085
1025	-324.520219
2919	-340.635773
1217	-325.773675
2222	-340.678668
3428	-288.564752
1598	-308.471397
1407	-235.694798
1990	-281.482892
3505	-274.983383
2910	-307.536915
3305	-310.955141
843	-308.437835
1700	-320.782427
1199	-377.813742
3273	-288.589678
474	-281.476832
1177	-325.808092
2803	-327.013853
3557	-344.382663
2089	-308.469081
3379	-273.761967
332	-304.692914
2777	-336.817321
3172	-274.982310
1191	-360.510716
302	-340.632285
3000	-309.688191
1860	-308.507458
214	-348.052027
2906	-340.657508
3472	-340.657197
513	-355.518342
3905	-395.515911
973	-325.790444
458	-340.699868
3219	-339.428557
1529	-354.275774
801	-273.763117
1818	-371.535911
3714	-265.398572
2391	-310.927566
211	-357.939331
2356	-323.346816
2013	-343.195410
826	-248.137789
1510	-322.425235
3032	-360.508895
330	-286.408473
1780	-345.606551
531	-226.107205
3559	-309.721434
2975	-345.579201
1448	-372.747155
1402	-286.203815
187	-341.842120
3634	-340.646592
1586	-272.837559
254	-285.284456
2350	-341.853951
1735	-320.791360
698	-274.985880
1996	-356.687774
47	-247.225618
1338	-320.793141
1537	-309.692993
1630	-323.431776
2024	-306.349032
3909	-310.945132
1278	-362.942040
3730	-291.017996
259	-309.735245
1243	-323.582949
551	-382.817123
2572	-360.495461
3394	-376.613178
1140	-304.683966
1099	-231.975652
3232	-345.686487
991	-345.602096
366	-324.576206
3722	-308.759135
2905	-307.206439
2723	-324.554067
752	-324.557693
2490	-343.078368
2014	-371.537915
480	-325.760797
2824	-304.720708
3023	-323.343769
1326	-266.616319
2426	-340.650391
284	-360.500454
1206	-342.315546
3211	-310.908555
379	-391.337881
58	-304.683044
2729	-323.315925
1126	-270.392715
2253	-325.818163
2283	-231.111403
2558	-472.145935
2419	-287.353473
1593	-335.598739
1815	-345.663783
3159	-324.612512
935	-269.154939
547	-360.540793
3336	-308.477672
1387	-361.698635
2342	-309.680487
3721	-284.372483
2388	-309.695742
3800	-346.862839
1916	-360.557411
1967	-288.573475
2103	-346.834331
2293	-269.216495
3854	-346.867382
3204	-306.313706
3110	-236.917458
895	-356.728690
1993	-339.504090
3621	-346.815715
3148	-324.567513
1297	-345.621773
3321	-251.726162
3975	-309.693760
1538	-348.050463
2694	-317.396153
3572	-322.172641
2835	-362.925466
1303	-345.676156
3001	-270.386138
2927	-324.500425
1004	-355.416555
2295	-305.898313
534	-324.575799
413	-301.369263
1585	-360.545832
2735	-309.690179
2995	-381.584942
178	-188.042067
1001	-304.724431
48	-304.689512
581	-287.683128
1765	-285.335887
1342	-361.712098
564	-272.569586
681	-312.126544
3942	-287.507193
2618	-361.768020
2294	-341.831947
423	-304.694187
3912	-308.435951
1533	-309.671865
2567	-320.795216
1921	-310.904960
1493	-335.643923
3540	-321.236907
449	-325.753993
2204	-310.904876
682	-302.303791
2031	-269.170061
3665	-323.329494
1153	-325.764669
2194	-273.757530
1070	-361.752301
2655	-235.723792
2888	-361.704536
1453	-309.720334
1785	-273.751900
2872	-288.581144
669	-377.780670
151	-270.397623
1731	-381.565314
2214	-245.994065
1301	-309.679190
2608	-306.369631
3900	-308.465445
1006	-336.843788
2638	-309.688194
3152	-335.591582
24	-345.608180
1219	-306.334850
625	-308.514390
36	-344.382282
1360	-362.941781
428	-324.570042
2452	-344.424745
1433	-325.729800
2494	-274.984732
2179	-361.698233
97	-286.495035
2070	-114.483613
12	-377.816587
724	-320.775720
299	-195.196751
2776	-313.573888
2457	-382.757134
1945	-361.754136
3160	-362.937857
2561	-325.778234
2930	-310.906738
271	-361.759779
3500	-323.345473
3930	-338.542975
2840	-284.048718
391	-345.584667
1275	-310.936083
2604	-304.743934
1485	-309.731369
1501	-288.653529
2541	-341.834413
2423	-338.238743
3290	-341.859618
552	-340.639366
2515	-323.341413
2860	-345.600676
1820	-324.522751
3633	-380.412093
3360	-382.810709
2893	-274.985796
238	-233.253760
2634	-326.927446
263	-341.853650
1971	-362.906662
1831	-323.386306
3664	-269.219315
3155	-376.605641
1379	-325.731549
2168	-310.899911
1429	-288.579114
1107	-267.060326
1333	-270.359564
1799	-346.861635
3332	-376.610619
833	-325.761605
3702	-362.951503
3312	-323.647099
741	-344.434318
2679	-312.130526
2126	-270.399529
3966	-376.570141
3662	-360.469577
2241	-346.857051
786	-307.544728
3085	-322.130736
576	-345.655968
2409	-324.595526
2260	-271.351786
2607	-275.007113
1287	-355.515622
3079	-270.401391
346	-307.586014
1279	-377.837977
2666	-303.423742
1076	-361.656187
111	-344.470970
735	-309.716570
3478	-343.296547
2551	-325.792606
3810	-372.726782
1002	-287.689262
1363	-355.525451
3109	-324.582824
3203	-308.459279
1744	-288.535621
2642	-324.578146
3343	-320.735225
1345	-376.540686
3483	-308.500974
1778	-305.036659
2205	-318.391203
3752	-345.686524
1375	-345.645053
2044	-373.173910
495	-342.297848
2790	-287.732329
649	-340.685408
1457	-288.573089
3092	-340.610697
3326	-381.616196
102	-307.230370
3745	-310.912788
2067	-280.248350
663	-323.347275
3347	-286.510514
1856	-321.958301
755	-324.568345
2326	-320.768781
2864	-340.658990
1656	-323.352987
2887	-345.641890
1232	-336.811744
2633	-324.627681
2856	-376.586976
3387	-309.727603
1182	-304.738393
839	-302.254301
2717	-309.726244
1391	-323.317575
2323	-310.954565
3145	-324.570872
2740	-360.536920
42	-376.564691
2676	-325.784384
1444	-304.691748
2744	-288.573110
3821	-308.427345
1438	-356.728392
3473	-360.527434
3594	-272.544482
802	-359.306313
1509	-345.612220
1625	-320.776082
893	-232.317400
971	-324.624537
1042	-305.904676
1049	-323.336196
2826	-308.764658
1452	-308.467331
201	-308.561649
3249	-325.739818
731	-355.501990
466	-382.782183
264	-339.450073
1396	-346.886411
3294	-340.693392
461	-273.773506
190	-354.290746
520	-309.720011
658	-307.234503
734	-233.242250
2731	-272.836211
1399	-341.826906
3735	-360.522940
1469	-324.444698
2704	-320.786981
1982	-345.609374
123	-269.263476
968	-308.470667
901	-270.446915
3195	-274.982322
967	-372.742461
3431	-323.229212
166	-325.729970
2043	-344.484341
2961	-348.061993
561	-264.226909
2016	-308.569875
1917	-325.790782
1110	-325.781398
3017	-271.339346
815	-285.324641
2590	-340.650928
3338	-308.466631
3753	-271.652242
3186	-346.829695
3757	-281.482952
2247	-348.046805
1220	-325.800532
2149	-341.878745
2654	-304.679740
1874	-416.367317
2886	-324.530742
127	-322.216227
1160	-286.467220
1418	-325.725274
1343	-310.895432
3803	-287.351460
2528	-308.467760
2974	-396.486691
727	-272.562906
3817	-288.554600
1791	-272.554824
3773	-345.602641
788	-324.467888
343	-360.502305
3860	-308.505267
2662	-345.635068
1058	-324.585402
3704	-348.035847
2667	-308.455402
89	-249.259410
2243	-340.673964
1400	-306.067385
795	-246.023231
3281	-309.716743
1817	-339.459612
1163	-397.709232
3688	-322.476720
2575	-308.759090
713	-308.484017
451	-362.932378
666	-381.593528
3661	-287.358011
2924	-348.045292
1322	-271.619912
405	-273.804251
8	-272.545439
181	-412.528245
2797	-345.646914
3958	-291.015785
1092	-360.552974
1854	-382.743932
2869	-306.113519
3060	-270.441145
3401	-338.175569
3501	-318.409788
1366	-345.633122
2566	-346.832253
3652	-361.720088
2382	-380.343633
990	-309.684377
2177	-346.868453
1146	-339.465889
533	-287.720383
1708	-324.502429
118	-352.905052
3101	-360.503577
3611	-324.577560
1139	-270.382725
3687	-325.793945
1281	-308.457113
850	-271.623957
3288	-348.045786
3786	-308.759185
2374	-285.279236
502	-306.349558
1663	-232.351764
948	-336.827390
3615	-210.071468
3613	-308.483617
1030	-309.683546
1634	-324.563073
568	-303.458583
3917	-274.985822
1641	-340.647224
621	-310.899323
609	-377.817369
3161	-309.678595
1728	-362.942862
2866	-344.431605
3597	-360.539435
61	-308.462933
3417	-354.292460
1603	-232.363630
2236	-235.698987
3019	-301.357437
3293	-360.535142
39	-340.687222
1771	-287.657053
3443	-346.866543
1249	-272.543724
59	-248.430371
2072	-344.431636
13	-360.526646
191	-307.610450
2429	-306.081547
3081	-302.557878
2720	-231.102112
318	-310.954514
1482	-312.132386
2804	-344.433943
2050	-362.937518
3067	-271.304881
1242	-308.508254
2573	-307.303421
1922	-248.132701
3272	-173.147782
3244	-323.320332
3943	-376.602183
80	-392.672883
723	-361.717032
897	-345.659998
720	-381.594735
2174	-324.606491
635	-324.578381
2317	-308.503515
3879	-339.483894
1988	-312.124451
2542	-326.951186
20	-270.370102
2513	-345.631685
2600	-307.237880
25	-309.712046
2182	-340.610000
2185	-344.343476
736	-325.799293
3221	-308.477915
2310	-338.194242
2297	-322.412936
3526	-249.285024
2462	-325.752244
88	-345.655534
1823	-340.656176
1626	-345.619567
171	-361.745138
1470	-272.542270
270	-372.752005
3635	-308.475489
3857	-340.686134
695	-345.700085
1065	-360.485823
3118	-236.917873
255	-309.672030
9	-344.468531
958	-302.599262
1838	-356.685238
969	-325.797425
709	-286.134079
789	-324.581906
602	-275.010289
1378	-346.867789
1869	-269.207716
3679	-320.794248
1276	-340.667317
3392	-361.774979
3200	-265.433051
1300	-324.595031
3028	-346.861640
3546	-233.219124
482	-272.599303
2421	-249.395323
3329	-310.909123
2445	-324.576679
1670	-269.230258
337	-312.123120
2911	-289.871661
889	-272.539307
3716	-361.720799
2172	-308.472272
1102	-116.609549
432	-344.390227
953	-392.650949
2375	-360.564233
1475	-362.957353
3063	-317.413890
3858	-308.459001
192	-310.897684
2675	-303.787203
2719	-286.477365
3334	-325.800680
2605	-346.869041
959	-492.026657
2505	-344.440744
2696	-353.269456
924	-324.528533
987	-273.765811
2967	-305.841708
2363	-324.610150
1149	-325.796862
2591	-325.773278
2750	-268.301176
3123	-309.702150
3666	-309.735874
182	-324.474954
3591	-273.762889
1870	-309.686187
3700	-361.717469
3777	-339.431092
3756	-326.943546
2782	-340.664407
371	-380.374978
1336	-334.362330
3093	-334.424572
249	-306.347185
3466	-325.794624
2556	-321.958604
2933	-360.538112
3537	-346.860694
3971	-360.530885
3759	-270.393902
647	-338.268974
2201	-452.728039
1877	-287.407788
2096	-345.661705
3150	-310.942587
3904	-356.716094
3317	-269.177232
2486	-307.239887
1208	-345.608535
3843	-309.717869
1063	-265.440996
1135	-310.903412
3539	-324.625415
339	-356.705991
1504	-360.489720
766	-312.133805
3129	-361.692023
2262	-325.780603
3816	-272.830720
2725	-269.218553
1388	-250.583643
404	-324.595399
2245	-308.434866
3833	-324.559324
509	-307.238995
2157	-309.686797
2855	-268.917900
2062	-303.437471
108	-345.614707
3442	-381.635659
3626	-310.902465
1544	-324.594826
1259	-288.590804
65	-312.125621
3620	-359.351415
2376	-346.840597
294	-308.506421
2202	-324.602888
728	-309.678404
2784	-273.803873
2354	-387.558484
3824	-302.288055
937	-306.397642
542	-382.793238
3724	-324.573480
1215	-335.566430
1596	-492.022084
1532	-309.731599
1628	-345.637174
770	-381.612946
642	-234.476516
510	-234.491176
3938	-345.645388
2781	-288.581699
355	-273.761263
3406	-286.459793
2041	-346.821470
1298	-308.505512
2319	-271.316064
3988	-309.707600
293	-377.807580
3113	-324.531139
2818	-335.618370
1803	-270.394458
1055	-345.681183
1250	-309.686189
2007	-308.499105
3422	-340.663929
3236	-310.912270
2678	-285.255563
3887	-242.196351
1705	-286.218259
1602	-318.339586
1161	-308.513516
3462	-272.538255
3127	-327.010419
3961	-308.561152
1069	-375.370023
847	-324.608363
3027	-336.811099
835	-320.740782
2691	-308.505543
3901	-346.822424
2292	-343.246371
3297	-360.526636
1931	-310.900102
2829	-340.622886
1522	-324.485746
3869	-324.525580
1524	-272.550818
622	-341.886905
3111	-318.340705
2237	-325.784144
3514	-340.654233
2	-324.551643
2904	-302.545112
2030	-273.804223
1515	-360.502298
3135	-272.569212
280	-271.324234
3222	-344.494043
1317	-344.393241
2380	-327.025010
3825	-93.411888
2674	-342.352279
1115	-325.773014
2060	-362.945811
2307	-346.859945
3468	-345.710017
1349	-286.542391
3164	-344.379764
3470	-416.814878
235	-270.375081
3477	-348.046236
2724	-376.591176
3886	-270.388222
3622	-304.726439
1739	-303.454720
501	-345.630685
286	-324.563745
2616	-272.542567
733	-345.660927
3233	-304.691526
816	-356.748545
1760	-326.940002
3071	-273.789182
298	-377.795528
518	-289.791234
2580	-309.722373
1113	-234.484521
2630	-282.871678
2090	-308.473428
452	-324.575287
1318	-310.897519
983	-341.851447
3979	-345.651111
3284	-343.290242
2501	-232.377706
1601	-345.646864
3673	-309.691463
519	-309.687078
2823	-309.730966
1938	-341.826148
2312	-344.416076
3098	-345.658421
2861	-288.654312
316	-341.858490
3335	-275.020322
1992	-325.723538
1885	-345.647670
556	-272.600604
2101	-361.717364
2415	-340.676441
3541	-379.527167
2479	-271.622821
545	-356.698773
1064	-276.202311
1224	-308.420805
3146	-289.872162
1187	-264.235803
209	-308.493663
2453	-268.273240
2097	-345.639692
3758	-272.557350
188	-339.406341
126	-274.991042
1398	-234.469383
2130	-271.612772
344	-343.305175
631	-371.449232
3295	-231.069318
2474	-357.944802
745	-344.464270
620	-346.820834
3782	-262.035127
598	-193.088340
1724	-381.594558
411	-397.680771
3086	-360.507527
771	-346.903261
2732	-324.579850
196	-341.759398
3743	-325.726182
1194	-381.612648
422	-288.692943
2105	-335.635972
2940	-339.418028
1109	-333.411326
1120	-353.283458
2713	-310.904631
3579	-356.677429
2480	-344.385369
1175	-361.742598
2819	-360.551444
197	-233.549368
2800	-287.478272
2779	-381.606362
1977	-312.131398
1616	-272.539058
3855	-304.746925
150	-309.732713
3669	-285.267165
1245	-310.907810
472	-273.761356
3605	-372.755216
3270	-273.788787
2370	-360.496984
2716	-303.464433
1794	-325.712420
722	-310.935212
1361	-346.840635
3353	-324.514429
1209	-392.612820
1081	-310.912796
1372	-381.574124
1898	-360.497612
619	-325.787161
798	-208.842347
2994	-345.597078
456	-336.811524
3844	-308.450468
867	-283.179781
268	-362.957295
1539	-382.755486
2964	-362.945907
2000	-309.736479
1023	-309.663477
1032	-346.816694
2562	-375.357530
2583	-346.859078
605	-456.103432
2059	-345.674176
2586	-191.810916
596	-325.754527
608	-309.688960
1736	-273.764207
3684	-362.958208
3989	-272.542369
1839	-355.496901
1908	-286.508233
2093	-324.473588
1549	-340.689515
3965	-273.764529
1853	-359.314227
3194	-301.367422
418	-324.565412
26	-301.359287
29	-344.425700
1880	-346.873992
2705	-270.384180
2828	-232.030352
2353	-281.504579
1995	-362.946041
2033	-310.919833
3641	-360.485033
138	-362.875317
2162	-340.613712
3953	-325.792503
2327	-381.624797
607	-301.373496
387	-268.248806
3362	-345.632413
1282	-346.860539
2164	-304.744503
3675	-360.534222
257	-324.569867
3779	-308.476903
109	-158.340943
2073	-345.600119
46	-372.766726
896	-323.312767
3167	-309.688639
3563	-227.798785
1406	-375.394844
794	-248.143861
2795	-379.572458
2862	-309.693471
1354	-382.790027
31	-359.310420
2848	-339.419688
2303	-309.719920
697	-340.621200
1790	-345.664882
393	-323.334482
634	-154.960361
2554	-345.649886
3240	-338.234966
2647	-262.017735
2136	-263.278851
3653	-309.763576
2271	-310.916474
3780	-323.320574
1128	-361.695007
632	-361.705069
2817	-340.641240
2475	-381.524347
2435	-229.013797
2632	-306.344083
3390	-309.736085
837	-360.512026
3388	-271.606364
90	-327.017113
2603	-341.863083
500	-308.452306
1726	-381.506605
2221	-308.512137
2841	-360.524422
2443	-288.547509
3062	-381.573048
425	-289.769718
3642	-324.565306
2210	-325.710772
3486	-437.484875
763	-308.429953
842	-360.514766
1887	-361.696319
2058	-356.710498
3990	-303.459637
643	-345.663386
1162	-309.684472
2055	-304.724717
1414	-377.797879
3030	-324.500475
538	-324.494520
1661	-322.148261
341	-273.735711
3223	-341.794931
1037	-306.397746
3883	-308.516508
464	-324.485629
855	-271.614051
2163	-324.503356
1594	-323.433551
1758	-271.616401
1073	-233.249538
3254	-287.469473
275	-344.442225
1954	-226.144377
3980	-372.708066
687	-346.841762
630	-273.762561
85	-272.550580
3163	-319.610683
176	-308.554162
2446	-361.740252
3031	-270.411205
1017	-308.419735
2878	-285.336744
2557	-273.774103
3570	-272.514475
60	-382.768883
2511	-250.500016
446	-305.831164
362	-289.871990
3147	-338.530072
3871	-346.859809
1672	-336.831068
822	-336.845442
3248	-322.477268
1178	-382.751729
3861	-234.486176
2958	-324.580268
908	-310.911406
2383	-324.593866
3820	-340.655117
3678	-285.255880
2251	-430.448052
136	-343.240623
1339	-285.316421
1592	-271.616430
3226	-339.491316
3918	-289.794194
2865	-342.307696
1502	-340.679724
2891	-308.511094
3439	-301.389192
1211	-286.498633
2519	-323.585680
1240	-310.907666
1890	-371.608385
1478	-309.691634
1521	-323.665247
208	-270.399081
2469	-270.392444
1623	-229.615446
2023	-317.402836
2145	-346.844016
2570	-324.626187
2470	-309.688189
400	-376.570473
1500	-345.609230
3656	-310.918831
3859	-308.499978
1742	-288.583008
265	-236.916125
3778	-309.700675
857	-245.711897
865	-304.728720
1410	-273.759553
3527	-309.716030
3794	-317.361117
3767	-324.568597
1351	-309.733696
372	-337.283890
2693	-340.638326
2493	-346.822460
1289	-344.439723
1091	-309.678344
1201	-224.944660
2266	-289.766576
616	-345.676243
3646	-305.130313
3423	-308.555641
475	-304.691568
2612	-345.627545
3066	-345.688382
2560	-339.452794
543	-310.937295
1280	-356.683566
2267	-291.016020
3013	-346.883127
1547	-335.613384
1527	-271.621836
2669	-309.763785
1725	-360.495137
2672	-355.556836
3457	-324.559213
492	-305.904760
3134	-271.319942
1836	-268.273739
600	-268.859550
3657	-312.124380
1484	-273.817328
3479	-265.289023
2650	-361.727711
3928	-377.799358
1566	-380.438011
528	-288.538806
796	-344.453746
2645	-362.923114
613	-309.689486
982	-307.235414
1577	-355.468067
2042	-232.364952
3945	-304.737186
119	-327.012568
2822	-310.902197
3663	-344.446747
1997	-271.666841
905	-360.513668
892	-288.621895
3162	-324.546164
2626	-305.900638
1018	-354.272548
2952	-308.511290
1907	-346.819476
3544	-312.133269
3413	-308.440890
2549	-375.410333
3460	-288.678290
1395	-375.348487
1888	-276.201993
3287	-271.458576
2190	-324.574822
145	-310.929561
1233	-265.440660
1772	-361.717972
2687	-377.816463
1595	-309.686571
3637	-309.764115
3356	-270.447268
1753	-375.351387
217	-271.648392
1821	-308.473320
725	-325.725266
3846	-318.393987
525	-273.812813
159	-273.773408
3228	-381.648857
2522	-307.545457
2763	-272.548325
1636	-233.551389
2768	-340.690205
3065	-344.486202
1793	-325.725688
1680	-377.842223
3795	-310.908453
3103	-340.631134
2596	-339.467484
1257	-346.855622
68	-286.519735
1273	-355.513035
2467	-325.805017
1620	-270.431243
1315	-288.533780
574	-271.665153
1075	-325.751822
3209	-346.834502
1195	-285.287913
3323	-232.335768
3554	-309.689751
1633	-247.201165
1411	-327.023352
3884	-323.333263
1005	-273.786179
3582	-344.436500
2420	-340.625366
2548	-340.654465
2671	-344.377098
1180	-306.364186
117	-211.295163
3801	-310.937414
2492	-396.477101
595	-340.652012
2538	-344.417597
1367	-325.812267
2978	-340.669862
3201	-346.845480
776	-325.781815
2146	-310.932540
1412	-242.195730
3606	-310.906553
338	-272.544500
292	-308.517192
2845	-307.602080
183	-362.962787
2664	-348.047695
3494	-324.573795
3339	-356.699649
3008	-323.359336
3412	-335.628480
3770	-272.544060
2481	-324.614891
3242	-397.707881
1264	-324.536694
1104	-287.315479
1313	-324.502042
348	-196.432825
3011	-310.902708
1565	-325.735821
2107	-325.766177
385	-305.159206
2623	-235.700285
2796	-345.678871
460	-360.488733
1787	-325.795649
875	-376.554863
1369	-392.662003
648	-287.422111
2387	-391.391111
1344	-341.767606
637	-360.557419
1251	-322.482659
2507	-291.014750
3908	-272.847530
3358	-326.934987
729	-343.084333
473	-346.828378
1673	-309.733829
1789	-310.905299
2485	-392.676111
2688	-284.964138
426	-362.933001
2499	-376.539208
3097	-309.716094
205	-269.465281
2102	-361.723581
417	-344.440065
2395	-297.523583
614	-383.982605
3569	-272.588302
1450	-273.757658
3022	-234.455424
3592	-323.367866
655	-325.771459
656	-376.605347
828	-361.684892
114	-361.772743
1604	-347.456674
16	-273.806874
1088	-291.017433
3357	-361.779217
66	-337.302324
128	-303.785832
2901	-318.323005
562	-456.105229
2805	-272.587161
3344	-325.748658
3206	-346.853173
3419	-335.590859
3480	-286.460642
1826	-285.242094
3768	-227.338075
457	-380.372151
3005	-249.248680
1390	-340.660793
2957	-323.644468
2791	-194.254127
3463	-304.735360
1937	-287.438379
2010	-323.385837
300	-324.602433
3521	-342.324182
1327	-320.768458
1156	-154.972731
748	-324.572987
754	-361.718210
2982	-325.722723
2015	-308.518276
2351	-304.614169
320	-232.333410
1044	-304.687053
1053	-340.610046
54	-195.186228
1355	-361.727678
1588	-323.678800
3015	-359.362011
3542	-344.409533
753	-361.710299
2431	-309.684774
690	-375.420808
3963	-271.323381
125	-228.992613
557	-312.122696
667	-360.533083
3524	-308.455477
1083	-309.726295
3215	-320.793270
1969	-360.529678
3736	-355.517745
1648	-345.660642
2337	-324.588418
2936	-324.504178
3045	-310.906568
701	-265.396194
1016	-305.129953
3599	-308.482454
2280	-359.345792
3738	-274.982053
1871	-306.406578
1751	-339.469166
2487	-361.694757
2341	-377.784360
1526	-269.267574
3433	-308.465425
3543	-287.318584
1151	-392.620909
876	-325.807685
2019	-340.659620
2883	-308.757991
3531	-344.458268
566	-303.472917
3185	-348.053386
546	-306.365166
3367	-269.216969
3075	-324.616343
3183	-345.642870
3447	-270.389803
764	-233.560626
3940	-308.464824
146	-377.813815
314	-233.255379
3485	-324.614459
2668	-310.906004
206	-309.688611
1721	-339.479764
498	-273.791878
1136	-271.296056
162	-232.324966
3636	-324.624318
1693	-234.474613
3044	-363.519194
3257	-308.472221
1873	-346.842529
742	-272.588370
2120	-381.630205
2534	-362.960595
386	-325.776001
1545	-308.468255
2516	-309.661518
918	-310.917344
3868	-360.526225
3039	-341.851538
1910	-326.978724
3100	-361.716824
1152	-308.448572
2834	-325.699665
2128	-308.504896
1499	-320.779994
2381	-346.856604
774	-395.551843
402	-312.124533
3002	-269.479234
2092	-288.572051
1550	-301.345683
2832	-250.585843
333	-308.507517
120	-323.345161
563	-345.644179
2660	-307.582044
3880	-357.942023
308	-303.428586
548	-233.555951
470	-303.460335
1852	-309.685790
3189	-324.510378
2215	-289.795079
3176	-432.852890
3927	-323.326298
1408	-379.527030
1534	-340.632075
3518	-340.655390
63	-287.377993
3171	-345.599912
2798	-307.259167
3614	-288.627505
703	-340.656580
2203	-310.911529
3130	-270.427802
3414	-285.313674
3465	-324.548021
2127	-308.519863
3986	-355.516778
1757	-285.313612
1131	-324.580815
951	-307.548619
3950	-270.439135
3668	-309.700336
2838	-324.547436
1324	-270.399280
2038	-348.056093
1051	-346.860404
1613	-346.890723
2844	-301.377995
2427	-339.474134
2625	-291.021574
2783	-272.537685
980	-356.743821
3520	-325.752207
380	-307.581989
1066	-375.344926
1008	-248.448467
1906	-324.613156
588	-309.684571
536	-323.348544
1489	-266.777425
3218	-325.743746
2839	-362.930315
3813	-340.620847
2272	-324.528642
1920	-361.714679
1587	-322.133444
2774	-310.910631
1699	-272.541597
1143	-367.635675
644	-376.595314
1488	-320.766344
3259	-359.368793
3068	-306.015194
3291	-362.911941
915	-304.734226
2192	-307.232824
1086	-272.587059
3685	-381.602419
1060	-345.713205
2116	-340.646768
2081	-273.775864
3302	-324.577047
3137	-272.533448
2365	-345.689766
2460	-345.631797
1813	-307.550360
1662	-377.834156
3246	-340.652252
3982	-324.592116
3977	-288.552886
803	-325.789564
3385	-324.583090
3947	-382.782251
3957	-307.291354
222	-412.548009
3612	-309.738513
3946	-286.438084
2278	-345.650717
1776	-325.785476
1683	-346.829154
529	-309.725786
783	-273.806375
1720	-309.692095
2399	-308.430606
3949	-359.301320
82	-309.701458
1506	-339.437849
245	-340.656722
1116	-356.691214
1635	-360.520081
711	-341.849127
2593	-321.252793
3571	-309.676719
3764	-308.483519
3796	-341.875439
258	-371.546126
3409	-356.696744
3006	-308.470648
920	-281.489179
2288	-345.612787
1955	-339.498757
2503	-345.653983
1456	-308.496384
1878	-346.819711
2398	-319.533364
3314	-305.846541
3322	-272.536448
1864	-312.133063
2057	-288.540318
2991	-272.841336
981	-303.499320
260	-359.369049
1193	-324.550139
1238	-360.499088
3047	-285.293918
1397	-271.624640
1384	-361.755719
3038	-288.542113
2564	-325.789398
439	-288.690999
3748	-376.556657
2346	-310.909551
2138	-340.684371
1644	-325.774769
1983	-320.792773
3981	-249.257629
3710	-308.565933
2597	-412.494644
2758	-309.696640
1552	-346.865957
1570	-325.783642
3577	-361.716705
560	-344.385047
1694	-273.743311
1840	-360.536972
3848	-324.564634
3769	-304.586424
313	-361.721849
1525	-345.608193
51	-283.168740
3952	-269.175627
2005	-305.155985
440	-307.226474
2069	-346.855971
152	-306.286325
3667	-249.293044
2592	-308.486071
3648	-324.631468
3230	-344.454591
436	-360.521191
3007	-319.573727
295	-320.770299
1833	-302.579718
1882	-273.764420
824	-310.952875
813	-361.733052
272	-322.161948
2938	-346.875201
772	-381.599310
240	-286.517094
1134	-343.068226
2077	-309.736028
488	-346.861837
3561	-343.190300
2996	-324.566568
3659	-340.683837
2021	-346.818246
3303	-272.589883
3033	-325.785262
2085	-309.695312
1901	-362.946498
2833	-248.375248
2537	-317.434422
141	-287.734664
3889	-360.533387
134	-308.516376
623	-265.457424
3660	-288.651313
1026	-325.765414
3210	-336.808333
424	-309.717380
1421	-360.526142
3437	-288.585212
618	-308.467888
349	-309.687623
3308	-381.582831
3849	-360.531172
3639	-345.680996
2355	-336.816043
657	-270.392759
888	-323.328290
2046	-286.493052
746	-273.802095
2849	-355.442748
1479	-309.677142
1323	-289.811983
1569	-234.503085
3911	-345.639354
2587	-376.609234
453	-375.430225
1072	-272.554773
2086	-308.486338
2095	-348.034975
3723	-345.597175
3922	-270.394284
2876	-360.574465
3925	-325.718488
160	-309.685140
2512	-346.823548
3502	-376.564063
1000	-339.452428
2932	-285.320198
1190	-377.830859
508	-325.801512
3831	-451.528971
465	-266.553159
3750	-346.838572
2035	-249.294409
220	-276.205821
2484	-344.359905
1667	-323.323781
2748	-321.271406
2315	-273.793520
2722	-344.423318
1956	-308.461475
512	-346.861026
121	-361.711483
2946	-345.649552
2216	-308.505718
3628	-272.509064
1252	-301.395982
692	-362.917261
2349	-301.357553
2684	-310.940657
2742	-348.048844
2770	-288.588657
3509	-288.685117
69	-265.441614
279	-306.012858
2224	-307.568767
3755	-341.874216
3327	-348.059242
3596	-285.328258
3037	-288.567911
3095	-339.431197
3616	-225.221461
1646	-340.684749
2610	-309.711468
1759	-305.906809
1951	-317.408548
2113	-344.391557
2707	-310.915408
1292	-323.652284
2644	-320.786990
992	-377.811306
3128	-341.867138
267	-345.641113
3202	-310.908741
2815	-324.570906
3199	-273.811544
1918	-319.573117
1755	-304.686811
1039	-360.575277
1940	-334.429558
1675	-271.277972
864	-323.337623
2922	-352.890573
3018	-345.638117
2049	-344.463291
2640	-398.880824
1244	-345.616998
1169	-346.819305
1401	-307.265351
2117	-346.839895
2048	-235.699029
2947	-355.510313
3381	-309.731402
2752	-381.632242
3053	-490.831786
809	-361.738091
2527	-297.554699
3842	-376.587741
2646	-325.800095
168	-325.810050
946	-324.577279
3184	-308.439671
1186	-359.296697
2543	-376.588479
1781	-324.582445
3819	-397.692021
3598	-340.671493
3632	-340.612805
739	-309.678703
1265	-227.324775
3581	-319.540355
2181	-340.656656
3877	-340.623773
139	-338.257996
1553	-323.448965
2926	-320.764569
628	-325.726991
2407	-377.829134
671	-310.897268
2653	-361.749428
1121	-333.449362
2726	-324.475651
2680	-340.664901
2578	-324.576080
2386	-352.829520
3352	-272.834623
1730	-345.663299
1147	-304.755780
3798	-310.941861
597	-309.683901
1769	-324.569009
3091	-341.869641
3739	-324.566515

file identifier 	 test data 	 predicted
1437	-376.547304	-370.926849
2110	-341.867094	-337.392242
2652	-317.377404	-314.549011
3580	-345.661657	-340.750702
3761	-352.866322	-346.979492
3658	-309.682445	-317.822510
15	-288.542593	-278.016571
315	-302.472397	-298.346802
1192	-326.947461	-321.355957
1727	-324.606977	-332.324646
1627	-301.363590	-304.643860
3774	-305.130184	-297.683960
3415	-308.495275	-312.517700
1033	-339.482903	-340.483948
1492	-310.927319	-295.581848
1994	-383.983835	-381.795898
1404	-346.883049	-348.599060
223	-339.501781	-335.702789
1914	-288.576123	-279.244476
3166	-326.949535	-322.263947
1582	-361.735290	-350.123474
2594	-335.586914	-333.256836
2029	-380.417684	-382.617371
2737	-322.442708	-311.542480
1420	-286.516174	-283.653046
3300	-344.499155	-336.779694
1574	-245.997884	-234.614349
3301	-371.491061	-380.130768
1176	-288.584832	-324.608521
406	-359.295180	-352.169373
2154	-360.512793	-349.315857
585	-229.918003	-228.512054
2681	-308.466840	-305.776672
1737	-323.398064	-327.885406
1686	-288.648208	-294.691956
2235	-318.409670	-315.905182
243	-323.389193	-320.439667
3407	-343.517848	-340.439636
2196	-338.559964	-347.653595
1299	-348.043466	-325.253296
2622	-346.829131	-334.999390
3165	-356.724041	-356.077454
2340	-310.899612	-292.399872
219	-307.221351	-281.503265
3576	-325.729906	-322.890350
1179	-343.195060	-338.185730
2514	-354.197108	-356.361542
1203	-261.802956	-196.485229
2433	-324.552283	-314.756287
949	-344.463502	-348.409760
2473	-324.497671	-324.870026
1639	-345.640072	-340.927917
3737	-361.714817	-354.196564
2148	-309.718089	-318.915802
455	-340.664551	-339.665070
2006	-339.486095	-337.666168
1129	-340.618148	-339.402679
3476	-304.737418	-302.567932
115	-356.682218	-355.541626
944	-320.766684	-316.945068
873	-273.763068	-275.129120
35	-343.197784	-336.865173
1712	-345.612640	-342.184296
3458	-345.693035	-336.592865
836	-324.606601	-324.645996
3962	-341.865856	-367.624176
2408	-356.708234	-336.622406
1551	-324.575851	-331.537415
2767	-340.635968	-332.189880
2753	-310.904304	-298.344025
1014	-301.385442	-298.738953
3609	-269.176442	-269.458740
2308	-324.460752	-318.851044
1767	-285.277900	-284.832214
2692	-356.663387	-353.174622
2813	-232.063900	-280.651550
3253	-281.476938	-275.764801
3380	-345.606939	-340.886261
1733	-322.169100	-300.957611
1307	-303.460433	-300.276581
3608	-372.729173	-370.439301
2931	-361.729140	-364.437347
2082	-302.567313	-297.429688
2894	-309.717750	-307.115204
3368	-308.496367	-302.971985
3313	-360.526364	-354.416718
3114	-309.692389	-310.720734
659	-326.976670	-337.853363
186	-340.606711	-327.056519
2730	-286.492223	-272.548126
3434	-360.560766	-345.302887
3169	-310.902849	-305.106171
2727	-271.330291	-271.766327
1373	-324.557383	-327.421417
1130	-346.826923	-344.598175
4	-270.439280	-270.077026
2402	-235.696227	-225.034729
2187	-310.904927	-301.944519
2966	-308.428791	-319.862823
792	-310.898648	-291.023499
1555	-324.529724	-326.427063
3972	-359.339915	-368.049805
81	-318.390876	-316.297516
1159	-325.779568	-323.422455
3510	-340.674744	-336.649689
1031	-304.643927	-297.046265
1717	-345.603646	-340.678711
3212	-360.575745	-346.856445
3088	-308.459859	-311.135132
2037	-345.620113	-341.366547
3631	-303.560350	-310.432495
1335	-283.156647	-233.948029
2252	-382.779570	-371.951965
3746	-309.736797	-302.913849
3696	-308.474441	-296.085083
3558	-339.464817	-336.351746
3225	-362.875945	-365.209198
361	-376.622353	-374.680389
144	-271.323089	-273.996338
2939	-352.864008	-354.229889
3818	-308.470796	-296.383850
2465	-339.464024	-343.261993
3623	-341.892484	-317.774963
879	-303.556846	-298.660400
1294	-345.612830	-347.807343
3325	-341.836362	-333.028046
2463	-288.576502	-278.395233
282	-325.714378	-323.540771
2367	-361.723620	-358.405518
1702	-251.727632	-259.270935
3416	-320.770681	-324.600220
2412	-310.904086	-296.490234
1350	-343.076530	-329.937347
2636	-306.112153	-304.108368
1141	-115.679136	-252.191437
3398	-304.686259	-294.094147
3832	-346.836423	-349.908264
2135	-346.861074	-353.728149
1374	-322.175807	-323.747772
382	-344.494711	-335.007996
1106	-231.106310	-225.514893
2219	-265.437885	-264.333099
1237	-360.542541	-350.956604
3455	-270.401061	-283.456543
3307	-318.647923	-282.228180
1347	-359.361259	-349.738983
1777	-265.408147	-263.671753
64	-362.945802	-347.760376
2711	-322.460671	-323.468292
2599	-355.457663	-351.094177
1766	-270.387395	-267.231995
3237	-303.553222	-304.271606
1809	-324.559733	-315.008698
1516	-249.358446	-256.178680
360	-346.890881	-342.943573
1930	-341.835805	-350.764923
2118	-324.560961	-321.944336
1229	-288.582662	-293.776672
3893	-341.097446	-364.353577
3882	-194.261089	-185.235931
2459	-273.761223	-263.597626
2574	-273.812881	-267.489227
1184	-286.506282	-302.047699
3789	-273.762938	-264.808350
156	-288.654408	-298.027832
956	-230.183076	-230.335144
2778	-325.711441	-327.490997
1306	-288.682324	-274.806030
2416	-344.406447	-354.139374
926	-345.680086	-340.117798
3043	-196.405320	-212.805115
2585	-249.269471	-248.714722
2535	-272.835594	-278.940369
3311	-344.433172	-353.215424
2265	-360.469291	-359.061005
3366	-323.268818	-327.237671
715	-285.275928	-271.569733
2430	-304.688809	-296.304718
3618	-309.731536	-295.568939
3445	-286.508374	-306.287964
3933	-307.569255	-286.191528
1738	-273.759338	-261.660614
1497	-251.731545	-266.445648
1743	-346.856186	-335.575134
1359	-229.927277	-210.021576
1855	-360.497728	-349.199799
2109	-321.219665	-307.819275
3873	-348.051405	-360.141907
1413	-247.214861	-243.649445
3578	-286.432515	-298.047791
2683	-309.686061	-299.993347
3363	-345.658313	-337.830933
1436	-375.359407	-371.743347
1653	-157.116735	-122.962006
2119	-323.665987	-321.496338
3507	-376.594067	-366.816315
3484	-341.890999	-318.995026
21	-278.059333	-257.519714
582	-325.833302	-320.076324
2362	-305.134491	-298.842010
207	-285.281032	-279.151642
830	-320.767103	-306.424713
1170	-310.895183	-321.814972
3266	-287.736841	-291.433990
1647	-343.242553	-341.278809
2970	-339.501361	-344.663574
868	-312.124574	-334.995941
2143	-288.628466	-295.883636
1925	-309.677276	-302.109772
2053	-320.769272	-316.986145
2739	-362.946034	-377.446411
2899	-310.930659	-308.944519
3004	-288.652346	-298.383636
2836	-345.652670	-333.354919
516	-312.134532	-275.465179
1947	-303.533559	-308.517548
2792	-362.944759	-347.006042
2476	-346.865438	-335.633820
130	-274.988525	-257.236877
3231	-380.446861	-374.881439
1985	-339.481708	-336.177246
639	-270.405973	-264.863251
438	-381.565482	-375.331360
310	-308.480308	-311.535278
1584	-251.727102	-230.764465
570	-275.012535	-215.667206
580	-360.537290	-362.736816
149	-380.415966	-360.155609
3440	-322.135917	-321.599121
2418	-304.734646	-299.689636
3807	-361.706503	-380.951294
1123	-375.393636	-375.849518
1884	-307.577822	-313.141144
1965	-288.555445	-287.069519
2328	-320.732586	-313.403290
1943	-325.729335	-326.812836
2773	-325.684055	-310.888702
2531	-157.115484	-46.615509
1989	-287.426977	-288.295410
2658	-308.461040	-315.893402
2889	-341.871347	-330.091736
3791	-360.491959	-353.769775
1508	-308.462196	-300.051117
714	-356.669324	-349.397430
3698	-360.508088	-360.002655
814	-308.509272	-308.928223
1691	-272.595294	-251.047729
2858	-346.862070	-338.065216
322	-346.832352	-344.763733
3106	-273.735646	-251.745361
2884	-324.471313	-316.820557
3481	-357.941534	-337.998016
1459	-306.320451	-322.739532
105	-309.727110	-327.307404
3845	-344.454717	-335.015503
3373	-271.613890	-265.585785
1893	-344.385273	-344.090118
1845	-302.309526	-294.795868
3713	-325.748400	-314.975006
925	-307.567279	-309.590057
1231	-324.569596	-341.775269
2871	-308.460407	-312.237152
1467	-345.613895	-329.569244
1688	-324.567893	-320.964722
2993	-346.825502	-358.348785
3839	-231.155780	-256.912659
307	-302.239101	-309.386383
434	-338.195462	-337.772278
1575	-334.447259	-326.627075
2990	-376.661483	-367.330353
3711	-303.469034	-304.322449
1503	-327.014214	-350.240265
3647	-325.794522	-323.718933
1329	-309.710338	-311.308685
3640	-309.692577	-307.510345
3863	-346.804974	-353.586304
1321	-234.472577	-244.021149
1311	-288.545722	-284.786224
565	-356.730212	-344.062622
773	-309.674485	-293.556885
3154	-309.714008	-304.988373
184	-322.436757	-309.944427
2336	-344.433499	-339.423889
881	-234.470813	-225.716614
750	-344.384630	-350.136047
3574	-398.876124	-391.424011
1090	-272.500426	-275.039337
2422	-325.718957	-318.330383
3112	-327.021680	-330.563965
289	-321.949791	-318.955109
1749	-302.579654	-299.696350
2169	-356.733974	-348.265686
575	-272.582834	-281.914703
2211	-340.648620	-332.775208
1181	-323.657279	-317.000671
1334	-273.765782	-277.433533
1035	-284.385189	-282.346161
1196	-346.840727	-341.903320
593	-303.525517	-297.911163
3890	-341.849730	-341.316162
1562	-309.676327	-302.544983
2122	-348.040439	-357.595123
493	-336.819674	-332.339691
1886	-302.286171	-301.749359
2921	-310.904813	-300.524200
2756	-153.742562	-127.790619
1867	-324.583096	-326.702271
522	-309.680641	-316.847382
2209	-382.781841	-381.502075
3970	-305.897998	-290.063873
3119	-301.090914	-300.995331
2273	-324.579188	-340.306946
1535	-324.463541	-329.123016
1698	-325.800949	-322.660645
3840	-309.681264	-308.204468
2937	-324.573883	-323.826080
1447	-469.758395	-477.660065
3469	-356.686540	-353.569489
2787	-324.505365	-283.368042
2188	-288.690060	-293.707428
646	-323.641347	-312.943787
2229	-319.560814	-323.165039
3548	-79.764152	-593.925690
1716	-325.784331	-327.194489
334	-245.983375	-245.168488
3411	-286.134060	-284.140259
3706	-345.687338	-334.476532
3992	-319.576017	-314.526520
963	-345.645239	-344.493164
11	-356.688211	-357.269226
3345	-312.120708	-323.495026
1061	-343.531666	-337.889679
2962	-309.686114	-297.859924
1701	-344.428649	-346.613190
23	-304.679494	-295.153778
3383	-360.602876	-350.666870
2156	-346.827596	-337.785706
1868	-326.949224	-333.631287
2361	-304.727460	-310.047729
1047	-346.836177	-332.346588
1038	-267.106213	-247.765411
2074	-285.300440	-278.832825
2985	-304.745635	-304.725311
1953	-308.457242	-305.874390
1659	-487.002792	-487.285339
2637	-325.687098	-325.624969
917	-323.320690	-315.918976
3051	-192.736096	-151.239929
154	-324.538764	-328.018677
849	-360.532987	-349.142090
459	-348.056615	-320.270966
3425	-324.547564	-326.332062
1689	-336.823026	-384.196594
592	-307.614861	-305.950104
2831	-356.723059	-353.462860
2738	-324.555069	-324.896118
226	-360.556344	-356.039795
2359	-360.468392	-346.628418
1651	-273.809498	-276.393829
1768	-289.789940	-285.010742
853	-76.404702	52.945007
1976	-346.831692	-348.027924
3400	-289.799552	-281.531647
3175	-309.649998	-313.544556
3865	-362.899954	-372.157745
974	-303.468081	-286.509521
403	-272.843742	-290.648468
1523	-340.646229	-343.665283
225	-346.842403	-340.927277
911	-356.711832	-358.146606
3610	-360.476593	-349.402008
278	-397.667072	-395.077728
2378	-339.490841	-343.846039
3089	-327.025329	-319.165436
1451	-348.052763	-325.753052
94	-362.955075	-360.778900
2875	-344.475122	-340.284851
274	-272.539126	-264.825867
539	-341.886521	-346.465759
1999	-233.547877	-200.916748
1168	-308.454820	-295.976807
2296	-309.691365	-324.161591
2624	-309.699280	-289.808777
1056	-271.618179	-268.574768
1605	-345.703157	-343.479095
1316	-361.652250	-349.430450
3586	-287.506415	-282.426178
2870	-289.872470	-297.320038
2357	-325.754267	-334.049408
3566	-325.830752	-323.195160
1309	-287.723848	-290.462708
2733	-310.940764	-290.874054
1913	-310.912131	-316.210999
1912	-310.915653	-296.896606
103	-291.024232	-286.471741
523	-345.565792	-345.090912
1637	-343.503600	-324.129913
3830	-346.817778	-352.872681
1829	-382.804482	-382.947723
1775	-306.353871	-310.063110
3924	-270.393737	-248.672607
1844	-325.808754	-315.970001
1284	-320.761539	-317.982361
880	-345.648463	-338.728149
441	-380.414967	-373.886322
1802	-361.715983	-347.603394
52	-345.627428	-347.719788
2764	-195.179738	-142.759003
3141	-345.651109	-349.336121
594	-325.809558	-322.538849
1658	-287.337578	-283.517303
1710	-361.726166	-365.822754
1435	-193.963318	-197.623199
1490	-309.691591	-312.332458
1848	-273.769835	-256.568054
427	-382.798099	-378.922424
1442	-308.465594	-299.338593
1381	-303.795699	-304.954742
1223	-324.586663	-312.838135
1615	-287.344000	-268.834808
1080	-288.570006	-291.790161
3672	-309.689612	-291.310883
3446	-306.044918	-314.287079
2627	-235.695309	-254.423767
1221	-344.436348	-345.292633
3707	-271.620156	-264.508270
158	-308.540079	-308.306061
3181	-307.209274	-296.990997
365	-361.740208	-358.956451
950	-324.580266	-308.240295
2751	-273.787799	-256.729553
3131	-303.560907	-303.336365
2661	-323.448833	-326.087646
2290	-343.224836	-334.685913
3838	-271.318933	-265.339691
1461	-346.899170	-347.164246
3421	-324.571081	-323.965851
677	-324.594116	-326.185181
312	-234.485640	-238.937592
2631	-380.316551	-367.708344
1185	-324.558175	-325.826904
1830	-345.641862	-325.964355
3289	-270.437636	-261.688812
174	-229.928448	-231.363098
3179	-270.408713	-238.393280
2851	-356.699504	-351.304718
3188	-325.807242	-319.677979
851	-270.117027	-258.508850
2928	-324.540084	-320.676025
22	-324.575190	-324.868774
2917	-267.068488	-248.421631
906	-383.969892	-386.765503
2950	-360.498298	-358.611359
1876	-251.732828	-266.868927
3822	-309.665941	-298.042816
1970	-362.897428	-359.886505
3331	-233.545899	-227.271576
2403	-326.955365	-320.329773
1291	-285.276634	-280.728027
3220	-273.806349	-275.399323
2649	-381.581036	-373.318878
3269	-381.624381	-371.966614
41	-345.649146	-343.277740
319	-352.845678	-354.064087
3787	-381.580675	-362.080780
1711	-345.611239	-345.483398
1835	-376.631067	-368.036011
221	-310.917273	-284.884003
2820	-308.557865	-301.268616
524	-308.507004	-301.309448
157	-376.519880	-374.085022
3021	-360.495540	-354.353119
3328	-324.549529	-326.039093
288	-355.557059	-354.034698
1942	-382.751274	-367.857513
3907	-291.017966	-282.649536
807	-340.681309	-333.780396
2366	-286.466852	-295.391510
672	-345.661057	-350.205444
3902	-382.757521	-393.533203
71	-346.864282	-332.811676
1770	-309.719198	-296.588318
3319	-376.604793	-375.212616
2701	-326.942959	-321.154694
1756	-326.935440	-326.894012
1617	-355.508183	-357.648773
3372	-309.705858	-301.112091
696	-356.709466	-353.099457
1052	-361.770383	-355.110016
1122	-345.601318	-351.945587
882	-169.557758	-171.088715
652	-345.620593	-332.514313
3836	-346.833711	-349.285065
2898	-310.940190	-303.458679
2806	-234.476081	-221.670227
832	-308.470270	-281.448639
1272	-308.486687	-310.985168
737	-336.836792	-335.101715
743	-309.719124	-320.342407
2508	-324.574476	-318.969482
1320	-340.656628	-337.656250
3709	-340.613243	-340.503235
3892	-271.608843	-275.038727
3974	-323.433262	-315.151489
1352	-304.677606	-297.461212
2276	-309.679242	-311.340363
3120	-309.689111	-313.584717
3153	-340.622406	-336.761078
3268	-324.562156	-316.545563
1314	-324.460304	-311.366058
3265	-324.569062	-308.169312
2769	-376.563238	-374.164978
2553	-302.545562	-297.032166
1518	-309.683200	-309.592102
1811	-346.855968	-345.386414
3346	-318.327053	-313.240967
3536	-352.836930	-355.896088
1094	-304.696023	-284.182434
3535	-323.235679	-325.115173
398	-345.636145	-315.949249
3601	-308.749822	-305.489441
3568	-308.468418	-280.698425
1723	-307.290176	-310.112122
3747	-324.521162	-323.171448
269	-325.729080	-315.437927
1227	-322.155306	-307.459290
3555	-360.547370	-361.368713
3369	-158.342346	-78.537140
1476	-308.455419	-309.140411
1894	-360.532510	-356.390961
1697	-345.613396	-340.305908
2785	-310.915445	-288.975891
1218	-287.431740	-301.254639
3034	-360.418556	-357.378632
247	-304.688358	-301.567413
2068	-308.471269	-296.629486
2167	-309.681554	-301.565277
3538	-271.350701	-262.263214
2761	-309.696507	-312.652008
10	-344.512001	-340.515656
2565	-345.591597	-337.377258
2313	-312.122262	-333.826630
2648	-325.728744	-323.399628
3792	-360.525610	-357.245605
2941	-340.635024	-342.182831
3853	-271.336383	-413.952637
3921	-343.218379	-338.788086
902	-310.940195	-301.844727
1371	-288.596392	-286.189178
2902	-271.653205	-292.611664
3324	-345.641848	-348.724426
863	-285.288405	-285.907867
1455	-381.570969	-379.985443
584	-309.681686	-307.859528
2948	-382.790431	-365.529999
2458	-361.683558	-349.521057
2406	-306.386594	-308.120789
3435	-361.728293	-360.797333
1304	-356.679729	-354.803680
1696	-320.785074	-322.298126
1172	-357.927353	-346.766602
2259	-361.734611	-352.956879
693	-234.520624	-241.495575
806	-308.768073	-325.541443
1950	-232.331230	-214.320679
726	-346.870614	-336.267609
2392	-272.551442	-250.155579
1019	-327.016183	-343.321899
2521	-361.728609	-363.523346
601	-324.603558	-321.041870
572	-356.752533	-347.004211
234	-308.467880	-321.276764
2324	-346.831385	-363.373413
3337	-286.438448	-298.094513
964	-291.014970	-301.208252
357	-307.245430	-300.559662
2789	-340.629283	-327.548157
2008	-336.802659	-344.857910
62	-309.677968	-306.415710
352	-288.557016	-274.537811
2825	-360.576433	-358.555023
3087	-392.563319	-399.843842
463	-309.715058	-307.140839
1761	-376.622507	-370.486359
3936	-326.951067	-306.721344
2741	-297.520999	-299.523834
1157	-309.691584	-301.615387
578	-382.825717	-378.622620
708	-306.313133	-286.033356
2868	-270.407057	-257.832733
1857	-307.540766	-316.444183
241	-309.718177	-305.384735
3862	-271.646263	-267.996948
3276	-344.508729	-334.973572
1952	-344.408452	-346.309692
3247	-360.531175	-361.183777
1611	-348.044714	-339.454498
1800	-212.439286	-239.750031
2405	-318.344936	-323.769409
3057	-301.381127	-296.050903
3310	-309.721850	-301.168976
3198	-288.680991	-278.165741
3495	-288.563768	-284.836273
1706	-382.777508	-382.810791
1277	-309.706892	-303.936951
2230	-262.056533	-241.919189
3361	-324.558989	-317.269043
1432	-324.522792	-322.240784
491	-287.737498	-283.014221
694	-344.360007	-333.109924
2743	-234.516409	-244.533112
76	-325.685245	-310.603912
3951	-326.977685	-319.738770
2401	-263.280728	-263.555267
1795	-356.736238	-353.749603
1417	-381.586740	-369.650177
2047	-286.246880	-281.641785
2482	-268.321270	-263.498322
3742	-271.272557	-270.157684
3036	-310.907823	-326.297821
3235	-339.416290	-338.938019
3173	-325.791830	-323.309052
3515	-346.852204	-351.309113
3915	-309.687698	-286.967957
3552	-325.793166	-311.711395
2601	-333.464063	-336.991180
756	-325.798888	-311.122284
2934	-324.462733	-319.689301
1446	-319.575102	-304.659027
808	-320.774349	-317.260864
1707	-288.590006	-292.916809
2555	-287.427764	-272.356750
1752	-296.265627	-300.881958
1546	-318.321510	-310.723877
1783	-320.761312	-325.773163
378	-356.705084	-357.234161
2979	-320.767064	-352.784912
3508	-309.675176	-306.409302
1927	-361.739999	-353.109283
3174	-272.844804	-293.613037
2529	-229.969129	-240.033813
3906	-309.685651	-304.636719
869	-327.026488	-340.362915
1599	-304.689816	-304.031189
3245	-327.024699	-330.762756
5	-351.628383	-344.786133
1513	-306.368494	-307.383972
716	-325.758431	-317.823303
2471	-288.628801	-287.889099
719	-309.693538	-309.778503
1679	-288.576381	-283.896790
155	-324.571682	-322.129883
1416	-308.514570	-316.347870
2104	-379.006904	-387.370300
2960	-271.360631	-268.459808
2256	-303.503801	-301.961945
2821	-308.511516	-304.241638
256	-308.741915	-268.625061
3644	-345.587398	-352.016876
2257	-307.238509	-307.033234
1331	-310.941319	-301.738037
1471	-346.857623	-322.610443
2945	-307.281910	-307.646149
1133	-308.517070	-312.525116
2285	-340.578657	-339.949799
3534	-320.785748	-317.066925
2270	-355.497046	-347.582062
1348	-309.683859	-310.594055
486	-288.678720	-282.490417
885	-324.623780	-320.902435
674	-346.879260	-350.602356
110	-346.869123	-339.729950
3279	-356.732861	-351.485596
3139	-344.437158	-327.146210
3454	-376.600944	-377.860382
3467	-308.494487	-314.868500
301	-324.570823	-326.538116
3523	-325.728070	-328.022766
721	-185.648533	-70.589661
941	-340.652570	-340.964386
3983	-322.115604	-318.587952
1583	-345.655509	-328.425201
2914	-270.422403	-265.370605
957	-360.490486	-355.688232
1934	-341.769746	-349.219757
3976	-273.765901	-269.828796
617	-376.521083	-371.530884
3655	-287.379629	-288.935577
397	-288.630839	-294.220978
3954	-271.611366	-262.163361
1020	-303.566436	-301.202637
112	-340.648166	-333.598114
2489	-250.583259	-253.854370
819	-276.204532	-277.341461
986	-347.459586	-343.091949
489	-356.745773	-355.736420
3168	-323.614890	-317.387054
3888	-323.359825	-331.827271
1998	-324.536830	-326.120483
3376	-273.775510	-294.992096
3489	-308.508824	-309.167877
1496	-268.248371	-274.797333
583	-285.016369	-304.560547
1514	-320.781098	-317.427338
1734	-359.354596	-363.764618
1024	-302.535621	-304.194763
2141	-307.287454	-302.271545
74	-310.918822	-300.246185
3650	-382.756764	-370.371643
1286	-310.906869	-305.785339
3919	-304.721921	-299.988678
2524	-392.642251	-387.774170
1403	-308.462299	-309.107391
1859	-324.577613	-317.949432
2208	-286.486509	-275.482788
3136	-340.660061	-335.805389
1138	-308.444609	-294.237854
229	-361.648305	-345.556427
3049	-324.610004	-318.237976
3751	-339.491316	-335.790100
3956	-345.698757	-331.852325
56	-345.599154	-350.359924
3355	-345.648365	-343.173676
2746	-247.190194	-264.523956
535	-248.416462	-238.090576
684	-361.753989	-337.844757
3944	-381.563295	-374.368652
2199	-377.815601	-361.888184
2857	-362.899149	-374.602142
1935	-361.677841	-344.787201
1563	-376.575382	-374.213135
143	-302.355005	-300.218689
1386	-362.967171	-364.821808
2268	-302.558547	-300.513489
3749	-249.363949	-252.959290
448	-346.831139	-339.958954
2094	-325.812885	-319.971008
49	-396.507540	-391.549194
3864	-288.639421	-297.678314
3009	-307.265383	-310.600372
262	-345.647032	-349.402008
1786	-325.785038	-310.068848
1812	-307.275809	-309.855621
1810	-288.653294	-285.441284
1332	-209.144909	-248.174866
3384	-357.949026	-367.398651
1021	-232.328175	-237.548126
1480	-324.584824	-326.296997
1319	-308.560759	-304.190308
2540	-211.295796	-222.735870
3914	-325.805781	-317.640045
3077	-336.822591	-338.577972
1892	-382.805933	-382.785583
2971	-312.131841	-279.248993
919	-272.589999	-275.447510
487	-307.223588	-319.330719
3811	-274.982348	-259.483734
1687	-344.407598	-338.451691
3316	-264.261826	-256.009277
1543	-323.360471	-315.712006
2025	-249.363808	-259.632812
1561	-325.749687	-337.897919
1579	-288.589020	-275.787811
92	-301.343578	-300.397583
2929	-345.638912	-336.887177
2976	-356.737615	-361.541687
2036	-309.733888	-315.268860
874	-271.611192	-287.649323
1883	-346.839066	-335.124023
3562	-360.524672	-337.654083
3516	-324.634527	-323.441040
175	-361.754326	-367.522736
3503	-266.630629	-281.790649
640	-345.616264	-336.244232
2306	-287.354343	-286.504425
2965	-344.689237	-355.140930
3282	-362.972786	-360.043884
3260	-345.595084	-344.917664
947	-322.454079	-320.587494
2984	-362.935648	-362.692932
179	-362.928160	-382.688995
420	-362.950092	-361.048981
3588	-272.549011	-279.345459
2263	-274.983122	-242.260681
1439	-340.590431	-342.013611
2483	-322.158791	-309.963623
1690	-339.426816	-341.969666
3012	-276.205920	-267.315002
3459	-346.831382	-331.333954
147	-345.615452	-330.753754
2619	-326.939536	-325.944672
1792	-363.504227	-355.540344
2897	-346.825923	-364.000275
827	-303.556664	-299.502136
870	-345.646965	-337.410126
2846	-273.780933	-289.419373
1703	-286.154755	-277.124115
3754	-324.570035	-320.463287
3190	-232.325947	-254.914368
3116	-312.128429	-321.751648
3934	-381.630276	-375.077271
2611	-346.824672	-339.662476
3191	-284.360325	-274.602173
1528	-360.446475	-342.973633
2441	-310.909223	-308.561188
3923	-309.737951	-299.972595
2198	-382.804255	-376.191437
2908	-271.620997	-264.965637
712	-294.081616	-415.361725
2133	-323.338627	-321.919403
767	-346.861463	-340.240875
2248	-377.773452	-380.033905
2147	-382.781806	-382.642120
3683	-308.510782	-309.447754
1779	-288.583563	-280.663177
1655	-338.217210	-330.043121
2170	-274.987123	-255.210602
3318	-308.513124	-300.454224
194	-308.496245	-303.096466
1079	-287.347000	-280.599640
645	-308.540795	-293.230560
2959	-289.795007	-276.244446
104	-360.574432	-361.526703
485	-250.585183	-263.714600
2986	-340.629609	-334.254761
252	-305.913756	-288.197601
167	-310.912077	-309.368622
887	-361.720206	-367.001984
1046	-271.618580	-276.869446
2316	-306.361448	-295.791809
2602	-345.645491	-335.904175
530	-360.503506	-353.382446
3529	-341.843027	-331.200592
454	-265.283843	-267.820312
907	-381.607752	-380.556824
1695	-344.411060	-343.476318
2075	-345.606444	-314.953400
3896	-307.280331	-316.808807
1067	-273.762417	-303.465820
77	-348.062001	-355.555878
942	-325.715957	-321.643677
1832	-309.737802	-317.338470
3450	-382.824468	-380.934052
1312	-381.612501	-378.123810
2428	-309.682996	-299.996796
2500	-286.498235	-289.548798
932	-361.764881	-348.586792
303	-375.328197	-369.760712
1631	-345.642285	-340.298126
2207	-301.330754	-301.384064
399	-304.735224	-289.850555
2992	-343.202564	-328.462280
1393	-271.647465	-260.565613
1944	-325.796840	-309.010559
1926	-273.773955	-285.867126
3138	-345.651520	-338.661285
142	-307.594137	-289.513611
884	-276.202586	-294.224213
2275	-312.122563	-261.995331
2178	-339.455981	-333.961365
3304	-346.843297	-351.357117
2166	-343.239068	-331.823090
2468	-307.193849	-310.527191
1428	-265.391486	-257.091827
285	-249.362379	-253.814728
3402	-234.522504	-216.164764
2799	-340.702898	-341.227844
3959	-305.831035	-308.197693
799	-310.910909	-325.696533
2925	-301.394865	-290.671326
1007	-235.694216	-231.782227
1383	-344.398797	-342.055817
2051	-325.790442	-310.354584
2639	-302.580808	-310.154572
1540	-285.217962	-295.234375
3793	-381.580932	-348.094482
2734	-309.719592	-300.049591
626	-288.653249	-286.801178
2071	-246.029150	-264.493225
2358	-322.169697	-319.149139
3378	-325.831718	-327.341461
3513	-340.637067	-343.774597
1530	-272.549380	-283.756775
846	-270.434394	-265.552429
751	-361.724921	-358.733429
340	-273.789697	-282.829956
1481	-376.634518	-370.444305
922	-272.844560	-260.271088
704	-235.696677	-222.528717
2466	-325.785959	-331.129852
3870	-345.605387	-347.849945
810	-269.144656	-261.064392
2827	-345.615042	-329.994537
2569	-281.476967	-279.146912
740	-344.452972	-342.963898
3805	-309.680682	-305.410004
559	-362.935404	-356.152924
227	-377.805829	-376.924622
3955	-323.391458	-322.611664
1164	-340.611734	-335.623810
848	-309.744522	-312.318451
3144	-308.472241	-299.989777
2579	-273.765811	-258.886658
2139	-381.581478	-391.220428
861	-360.488871	-366.220215
67	-172.006141	-194.317566
2189	-325.762375	-326.001343
2709	-345.632155	-338.748535
3784	-344.450127	-345.001434
1660	-274.985107	-281.587555
1957	-206.721858	-197.864136
2321	-381.536295	-378.929871
3058	-247.214450	-248.754333
78	-270.472470	-279.592438
1664	-310.904974	-301.924835
1881	-361.772040	-371.429230
1308	-341.814212	-342.016296
2123	-327.010026	-325.169098
2807	-269.176124	-266.249939
394	-344.385642	-328.345459
3850	-308.528193	-295.127869
401	-325.712603	-327.887512
1681	-310.908780	-333.447235
3573	-325.730390	-318.746338
3059	-363.508158	-361.023682
1960	-345.602645	-343.207092
3382	-341.145624	-348.189575
2078	-324.575989	-328.998230
921	-325.682121	-314.181610
2582	-320.773768	-315.822327
172	-282.667163	-275.406189
3278	-298.952950	-275.184235
1380	-288.625728	-300.485229
2977	-310.909944	-317.940247
2775	-382.812383	-394.148438
1929	-324.551800	-318.375610
1933	-270.396100	-284.107239
2018	-286.492357	-276.470428
3920	-319.574905	-313.259979
1801	-301.335636	-293.859711
2588	-376.538277	-368.295319
1896	-326.971392	-337.744385
825	-340.536374	-347.485657
2040	-317.409527	-319.900146
2598	-308.508949	-302.759705
471	-324.532283	-323.299988
3333	-361.709769	-362.081879
3937	-361.713179	-344.837982
2239	-346.823312	-346.068115
358	-272.544323	-261.844391
18	-309.719641	-310.636749
3686	-344.462681	-343.575531
3941	-231.108368	-215.357849
3600	-325.781571	-311.639496
2379	-361.769162	-353.422302
2530	-345.673444	-332.947510
2106	-286.476486	-293.248962
3682	-291.017820	-332.676758
1225	-196.409349	-205.389038
912	-323.344400	-320.148590
3984	-344.418857	-365.745880
3121	-344.419977	-336.489410
2568	-325.718022	-318.672729
2495	-307.596472	-296.807281
1865	-345.609914	-340.691162
2180	-340.665904	-329.181000
899	-321.230055	-321.068359
3645	-304.681903	-290.979553
3806	-309.676410	-304.227478
1948	-195.158734	-207.757568
2129	-356.722498	-356.059265
3728	-234.474951	-232.948730
1745	-264.171923	-268.982208
2909	-361.687451	-345.570465
1837	-381.574917	-361.251892
389	-271.336957	-264.265961
3216	-344.380260	-347.982727
3117	-346.824942	-340.774078
1511	-271.315027	-245.006287
1385	-309.679840	-321.733215
2385	-310.911571	-283.098907
2413	-345.604177	-342.606903
2706	-345.667357	-336.845978
1875	-242.186010	-248.649231
2300	-453.655583	-409.048248
3277	-354.254979	-349.982910
1806	-324.610229	-320.961304
2981	-327.026688	-331.519562
779	-356.732185	-351.676392
3607	-325.801523	-315.932770
2269	-308.452310	-307.086395
3715	-381.567301	-365.366547
1980	-345.680616	-347.937775
