no_training:1500	no_test:2493file identifier	 training data
769	-271.361537
1352	-304.677606
1319	-308.560759
796	-344.453746
1381	-303.795699
210	-362.938898
1691	-272.595294
775	-344.469204
3515	-346.852204
1235	-265.447270
1130	-346.826923
3129	-361.692023
3571	-309.676719
3587	-322.421320
2869	-306.113519
538	-324.494520
3092	-340.610697
370	-356.698196
2086	-308.486338
1906	-324.613156
2094	-325.812885
1463	-362.938449
786	-307.544728
336	-308.524858
1468	-345.650338
2425	-322.435505
10	-344.512001
535	-248.416462
3035	-344.404557
505	-338.531538
3740	-356.684693
1020	-303.566436
1675	-271.277972
960	-310.940611
2759	-393.905418
3541	-379.527167
386	-325.776001
1384	-361.755719
1834	-381.615289
3265	-324.569062
938	-331.411639
2135	-346.861074
1529	-354.275774
624	-312.119017
3717	-275.014300
2962	-309.686114
3249	-325.739818
2823	-309.730966
3124	-308.562031
3096	-338.175960
2388	-309.695742
1198	-308.449457
3958	-291.015785
673	-345.680831
3866	-341.882531
2395	-297.523583
3766	-344.436564
493	-336.819674
861	-360.488871
1800	-212.439286
568	-303.458583
2308	-324.460752
472	-273.761356
814	-308.509272
1611	-348.044714
3470	-416.814878
1137	-271.622539
1699	-272.541597
168	-325.810050
694	-344.360007
2044	-373.173910
2149	-341.878745
3464	-234.470922
899	-321.230055
2303	-309.719920
3690	-346.829378
1164	-340.611734
1093	-325.718074
1192	-326.947461
2105	-335.635972
3568	-308.468418
2522	-307.545457
3250	-360.517106
3379	-273.761967
2047	-286.246880
451	-362.932378
3970	-305.897998
2040	-317.409527
1864	-312.133063
1474	-340.654517
2210	-325.710772
1829	-382.804482
1905	-231.145151
1785	-273.751900
3128	-341.867138
1431	-344.392695
998	-302.306196
2877	-324.556404
3795	-310.908453
2576	-306.418503
2547	-323.328581
3508	-309.675176
961	-326.950279
264	-339.450073
2845	-307.602080
1673	-309.733829
474	-281.476832
818	-387.475673
1091	-309.678344
3407	-343.517848
1692	-362.862736
2971	-312.131841
2964	-362.945907
1231	-324.569596
3890	-341.849730
3027	-336.811099
698	-274.985880
258	-371.546126
2984	-362.935648
2721	-271.401725
3260	-345.595084
3833	-324.559324
2993	-346.825502
3549	-323.437779
3410	-271.316922
1851	-361.717868
3116	-312.128429
670	-324.618078
3944	-381.563295
3159	-324.612512
822	-336.845442
2132	-377.826580
1732	-269.170665
1504	-360.489720
99	-336.813559
1509	-345.612220
3540	-321.236907
3694	-338.246643
2906	-340.657508
536	-323.348544
983	-341.851447
2673	-345.652182
420	-362.950092
303	-375.328197
3058	-247.214450
2024	-306.349032
2715	-345.709596
3837	-343.468335
2646	-325.800095
746	-273.802095
2410	-361.673369
3851	-326.998454
260	-359.369049
2399	-308.430606
333	-308.507517
3430	-341.828533
397	-288.630839
1157	-309.691584
2160	-345.674929
2689	-309.673807
2100	-343.199390
3236	-310.912270
3431	-323.229212
1262	-356.712023
1111	-335.656557
29	-344.425700
82	-309.701458
127	-322.216227
1193	-324.550139
200	-345.625804
817	-345.619715
136	-343.240623
3151	-362.873906
3722	-308.759135
962	-376.587043
1644	-325.774769
2376	-346.840597
3803	-287.351460
2860	-345.600676
140	-309.676929
2312	-344.416076
1524	-272.550818
1432	-324.522792
2861	-288.654312
2696	-353.269456
3871	-346.859809
1408	-379.527030
2610	-309.711468
1380	-288.625728
3175	-309.649998
2318	-348.039301
533	-287.720383
556	-272.600604
3108	-361.653332
3950	-270.439135
3401	-338.175569
2385	-310.911571
2783	-272.537685
1914	-288.576123
3053	-490.831786
3643	-309.660190
3048	-381.616883
1812	-307.275809
3009	-307.265383
1185	-324.558175
632	-361.705069
982	-307.235414
417	-344.440065
3347	-286.510514
3349	-207.916786
3004	-288.652346
1163	-397.709232
2014	-371.537915
729	-343.084333
2089	-308.469081
2090	-308.473428
407	-287.508781
2619	-326.939536
1721	-339.479764
1491	-344.421383
3934	-381.630276
2968	-310.909942
2909	-361.687451
3734	-326.940196
3140	-284.987905
1430	-361.720960
2142	-324.624987
964	-291.014970
2525	-324.569051
1487	-345.665813
2676	-325.784384
3586	-287.506415
2782	-340.664407
476	-397.686127
3345	-312.120708
2322	-355.508682
3640	-309.692577
2200	-344.426799
2894	-309.717750
1363	-355.525451
122	-339.419649
3938	-345.645388
3516	-324.634527
3450	-382.824468
1801	-301.335636
3605	-372.755216
3255	-345.578846
3218	-325.743746
1578	-233.217482
2774	-310.910631
471	-324.532283
3899	-337.265273
3908	-272.847530
2221	-308.512137
1902	-324.615795
661	-335.635079
2389	-361.728546
3565	-286.474509
3483	-308.500974
465	-266.553159
3650	-382.756764
2818	-335.618370
2602	-345.645491
974	-303.468081
3290	-341.859618
621	-310.899323
1818	-371.535911
2532	-301.405558
902	-310.940195
2475	-381.524347
3892	-271.608843
600	-268.859550
3388	-271.606364
970	-310.911364
1925	-309.677276
1846	-344.370966
925	-307.567279
330	-286.408473
466	-382.782183
426	-362.933001
1445	-396.491525
2448	-346.833271
34	-306.355655
2072	-344.431636
3764	-308.483519
2556	-321.958604
3113	-324.531139
3038	-288.542113
2056	-325.729141
700	-310.938181
314	-233.255379
2977	-310.909944
1595	-309.686571
119	-327.012568
2638	-309.688194
3594	-272.544482
3227	-348.043668
1032	-346.816694
2373	-302.564379
773	-309.674485
2932	-285.320198
241	-309.718177
191	-307.610450
532	-344.369744
3952	-269.175627
2057	-288.540318
1581	-345.660520
658	-307.234503
1770	-309.719198
3012	-276.205920
2720	-231.102112
2566	-346.832253
3477	-348.046236
586	-376.582598
1264	-324.536694
1159	-325.779568
393	-323.334482
2927	-324.500425
2355	-336.816043
3118	-236.917873
2237	-325.784144
2675	-303.787203
1631	-345.642285
343	-360.502305
1681	-310.908780
2037	-345.620113
1500	-345.609230
1062	-324.496997
55	-335.683118
3099	-324.530718
2458	-361.683558
622	-341.886905
3459	-346.831382
2441	-310.909223
726	-346.870614
1483	-309.723988
2053	-320.769272
2886	-324.530742
1913	-310.912131
579	-281.480583
2882	-322.444150
1286	-310.906869
1917	-325.790782
2506	-307.526911
3602	-361.683811
690	-375.420808
1752	-296.265627
3815	-288.574763
1558	-270.389386
478	-119.052475
751	-361.724921
133	-271.642927
3320	-310.952127
419	-312.128001
2251	-430.448052
1672	-336.831068
701	-265.396194
2550	-271.628346
1001	-304.724431
174	-229.928448
102	-307.230370
1833	-302.579718
445	-319.610687
2361	-304.727460
1667	-323.323781
1940	-334.429558
1567	-356.714706
2911	-289.871661
841	-361.736259
1146	-339.465889
1318	-310.897519
319	-352.845678
840	-289.871520
3480	-286.460642
1369	-392.662003
3311	-344.433172
2190	-324.574822
2654	-304.679740
1467	-345.613895
2538	-344.417597
2820	-308.557865
1387	-361.698635
3226	-339.491316
531	-226.107205
1000	-339.452428
3986	-355.516778
2551	-325.792606
3524	-308.455477
1805	-344.380468
967	-372.742461
2632	-306.344083
3520	-325.752207
966	-339.467091
2617	-248.151318
571	-339.423497
774	-395.551843
939	-344.481802
3719	-320.742924
1912	-310.915653
3072	-340.671263
3582	-344.436500
646	-323.641347
2219	-265.437885
2609	-322.351046
3441	-372.686714
2969	-286.484904
144	-271.323089
3712	-300.148891
103	-291.024232
2709	-345.632155
1526	-269.267574
3655	-287.379629
2695	-346.871133
2770	-288.588657
1830	-345.641862
2521	-361.728609
2527	-297.554699
18	-309.719641
69	-265.441614
3760	-280.314080
1539	-382.755486
1209	-392.612820
1911	-272.582516
311	-287.724713
584	-309.681686
1434	-344.482088
3262	-235.693825
1532	-309.731599
418	-324.565412
793	-326.950540
2015	-308.518276
544	-340.643340
3008	-323.359336
2764	-195.179738
3645	-304.681903
414	-192.762455
906	-383.969892
2321	-381.536295
1784	-324.497693
2792	-362.944759
44	-309.735489
3578	-286.432515
3868	-360.526225
490	-231.142581
2923	-325.801905
3943	-376.602183
2019	-340.659620
1239	-356.710448
2224	-307.568767
482	-272.599303
2009	-273.812948
575	-272.582834
492	-305.904760
3627	-323.347112
2891	-308.511094
2233	-319.556235
3533	-232.036378
1842	-362.894239
2623	-235.700285
1530	-272.549380
3490	-359.315205
1664	-310.904974
2375	-360.564233
3300	-344.499155
2439	-324.485913
2716	-303.464433
1287	-355.515622
2704	-320.786981
85	-272.550580
270	-372.752005
2484	-344.359905
1715	-286.486570
3537	-346.860694
1924	-340.591587
385	-305.159206
1883	-346.839066
1153	-325.764669
1109	-333.411326
3850	-308.528193
1260	-270.417842
2029	-380.417684
1519	-352.874613
2051	-325.790442
1755	-304.686811
2335	-346.825562
2937	-324.573883
1054	-323.427722
2083	-322.434119
153	-347.466594
589	-340.604189
2771	-310.910278
711	-341.849127
2405	-318.344936
3858	-308.459001
3266	-287.736841
824	-310.952875
1547	-335.613384
3031	-270.411205
1593	-335.598739
1634	-324.563073
951	-307.548619
1841	-325.788368
688	-324.491475
984	-248.443503
1151	-392.620909
1026	-325.765414
647	-338.268974
1390	-340.660793
1698	-325.800949
2853	-325.794835
2501	-232.377706
2567	-320.795216
13	-360.526646
823	-361.732840
1030	-309.683546
1498	-340.654582
2427	-339.474134
338	-272.544500
3496	-302.303890
3632	-340.612805
2855	-268.917900
455	-340.664551
3200	-265.433051
3966	-376.570141
2358	-322.169697
2917	-267.068488
2596	-339.467484
1711	-345.611239
3107	-281.504745
351	-345.625747
3264	-307.260972
1747	-360.559076
2091	-346.904050
141	-287.734664
3637	-309.764115
447	-271.627826
2578	-324.576080
0	-351.615495
864	-323.337623
2307	-346.859945
2367	-361.723620
405	-273.804251
3669	-285.267165
585	-229.918003
497	-287.470402
1317	-344.393241
175	-361.754326
439	-288.690999
1215	-335.566430
339	-356.705991
3536	-352.836930
2802	-325.804486
643	-345.663386
3879	-339.483894
1335	-283.156647
676	-272.584377
3279	-356.732861
2630	-282.871678
2935	-297.516418
7	-309.722879
1750	-287.645651
1074	-304.697680
1401	-307.265351
1626	-345.619567
1080	-288.570006
1763	-325.799404
3495	-288.563768
648	-287.422111
2684	-310.940657
3852	-361.710525
2700	-304.687547
2378	-339.490841
3003	-325.798735
484	-351.639205
2113	-344.391557
2070	-114.483613
3649	-343.292778
1641	-340.647224
2644	-320.786990
630	-273.762561
269	-325.729080
2338	-268.888303
1684	-320.783029
2966	-308.428791
1459	-306.320451
3409	-356.696744
290	-348.056024
337	-312.123120
3238	-340.667053
142	-307.594137
2071	-246.029150
772	-381.599310
2834	-325.699665
2749	-340.645995
282	-325.714378
2843	-308.509454
736	-325.799293
795	-246.023231
1832	-309.737802
2346	-310.909551
2584	-360.567154
2533	-265.438520
577	-343.087962
1359	-229.927277
856	-324.568212
3529	-341.843027
1273	-355.513035
3917	-274.985822
2271	-310.916474
3505	-274.983383
2772	-343.232602
1489	-266.777425
2546	-248.018573
3503	-266.630629
2616	-272.542567
2489	-250.583259
1642	-344.345376
3327	-348.059242
1465	-382.796989
276	-380.379743
3824	-302.288055
858	-340.661797
3822	-309.665941
3182	-287.440436
1959	-324.603913
3844	-308.450468
3281	-309.716743
3476	-304.737418
124	-271.621961
3933	-307.569255
3353	-324.514429
829	-310.909285
3553	-346.830674
3322	-272.536448
1145	-312.129019
135	-301.341304
595	-340.652012
1954	-226.144377
3756	-326.943546
1783	-320.761312
2851	-356.699504
2005	-305.155985
3461	-320.776316
1210	-340.641282
2298	-270.396464
2165	-319.567241
3406	-286.459793
2215	-289.795079
641	-322.439472
374	-372.796889
878	-308.466070
877	-359.317823
83	-344.434906
2186	-320.782523
2139	-381.581478
3052	-291.017787
1957	-206.721858
3886	-270.388222
40	-344.338878
3083	-381.591448
2683	-309.686061
704	-235.696677
1814	-360.537947
2073	-345.600119
1662	-377.834156
2650	-361.727711
1	-360.499843
2824	-304.720708
1790	-345.664882
627	-359.304956
3806	-309.676410
3962	-341.865856
1538	-348.050463
1298	-308.505512
3085	-322.130736
2487	-361.694757
2793	-306.384286
1440	-270.441325
2803	-327.013853
3254	-287.469473
3683	-308.510782
1972	-233.542445
3808	-345.614760
833	-325.761605
3002	-269.479234
2838	-324.547436
828	-361.684892
2429	-306.081547
1919	-407.364323
3242	-397.707881
3902	-382.757521
2536	-273.758980
1696	-320.785074
2726	-324.475651
2511	-250.500016
3563	-227.798785
554	-340.688787
2479	-271.622821
2490	-343.078368
3068	-306.015194
3900	-308.465445
1371	-288.596392
1856	-321.958301
1161	-308.513516
2114	-307.528446
3797	-376.587519
211	-357.939331
3324	-345.641848
2987	-271.618137
1769	-324.569009
1965	-288.555445
900	-288.561991
1490	-309.691591
3874	-323.344889
1826	-285.242094
3234	-287.349937
1788	-345.646841
2876	-360.574465
1948	-195.158734
911	-356.711832
3168	-323.614890
686	-391.370332
3364	-305.057353
3126	-360.523204
1608	-361.758032
1773	-304.696646
2896	-356.725069
3817	-288.554600
423	-304.694187
3403	-339.424322
1970	-362.897428
310	-308.480308
1968	-324.538807
2134	-344.433965
999	-308.512721
3838	-271.318933
450	-235.729507
1772	-361.717972
1412	-242.195730
2874	-309.725707
1375	-345.645053
1723	-307.290176
2830	-325.800699
1449	-308.507220
2694	-317.396153
1322	-271.619912
1132	-310.938583
3790	-286.502445
3219	-339.428557
3555	-360.547370
206	-309.688611
1693	-234.474613
3782	-262.035127
2648	-325.728744
3299	-325.725069
1389	-272.510742
654	-309.727166
1341	-301.373831
2007	-308.499105
3772	-356.752251
160	-309.685140
1956	-308.461475
2411	-193.075202
703	-340.656580
1276	-340.667317
2988	-310.923406
3321	-251.726162
1939	-242.205627
1046	-271.618580
1392	-353.321142
655	-325.771459
2436	-308.473229
3978	-282.861121
2263	-274.983122
1511	-271.315027
3046	-322.057728
971	-324.624537
1754	-269.221561
1908	-286.508233
1507	-310.914024
2168	-310.899911
1066	-375.344926
1300	-324.595031
1910	-326.978724
3025	-324.573338
231	-346.860243
401	-325.712603
2980	-274.983908
875	-376.554863
3284	-343.290242
188	-339.406341
2543	-376.588479
3975	-309.693760
791	-309.662433
1713	-323.381747
3272	-173.147782
3992	-319.576017
2194	-273.757530
1862	-319.615129
3270	-273.788787
2324	-346.831385
587	-307.283919
2888	-361.704536
3374	-324.551244
129	-308.512092
1859	-324.577613
325	-345.637577
1777	-265.408147
223	-339.501781
2849	-355.442748
2939	-352.864008
808	-320.774349
3561	-343.190300
243	-323.389193
464	-324.485629
765	-317.447668
1019	-327.016183
3105	-346.821661
561	-264.226909
1543	-323.360471
882	-169.557758
1372	-381.574124
12	-377.816587
2593	-321.252793
2370	-360.496984
2508	-324.574476
2347	-308.476587
3714	-265.398572
3518	-340.655390
3636	-324.624318
1199	-377.813742
3393	-359.297522
1455	-381.570969
107	-307.580090
2613	-338.214346
3329	-310.909123
3357	-361.779217
1306	-288.682324
1695	-344.411060
2460	-345.631797
2727	-271.330291
1187	-264.235803
1533	-309.671865
1759	-305.906809
1951	-317.408548
8	-272.545439
275	-344.442225
2529	-229.969129
2999	-307.237456
3383	-360.602876
19	-309.720734
679	-340.668108
1394	-396.500849
787	-360.525379
3509	-288.685117
15	-288.542593
2440	-317.433049
2473	-324.497671
3325	-341.836362
845	-40.478930
2471	-288.628801
2549	-375.410333
3187	-272.591906
2975	-345.579201
3075	-324.616343
730	-336.821088
2520	-307.284294
638	-345.695868
1827	-343.492484
969	-325.797425
1861	-235.696852
118	-352.905052
3721	-284.372483
1244	-345.616998
1654	-360.518768
723	-361.717032
1704	-274.984793
3071	-273.789182
3737	-361.714817
930	-346.898838
691	-361.734668
1730	-345.663299
1852	-309.685790
3979	-345.651111
2607	-275.007113
3460	-288.678290
2573	-307.303421
2601	-333.464063
2247	-348.046805
2989	-287.317913
785	-273.796695
2737	-322.442708
2634	-326.927446
724	-320.775720
2065	-340.537496
3921	-343.218379
2631	-380.316551
629	-309.712115
1416	-308.514570
3980	-372.708066
469	-325.775843
204	-287.353313
1566	-380.438011
1457	-288.573089
989	-272.839582
3746	-309.736797
3213	-339.438949
266	-308.477155
3049	-324.610004
3592	-323.367866
1136	-271.296056
162	-232.324966
495	-342.297848
2059	-345.674176
1689	-336.823026
1404	-346.883049
3153	-340.622406
994	-323.428670
2060	-362.945811
2784	-273.803873
2156	-346.827596
2816	-310.905786
1245	-310.907810
1337	-286.498779
651	-232.334436
1821	-308.473320
917	-323.320690
1748	-288.688929
3692	-281.505078
3301	-371.491061
2078	-324.575989
3481	-357.941534
1931	-310.900102
1893	-344.385273
626	-288.653249
926	-345.680086
605	-456.103432
1282	-346.860539
2918	-271.326117
2476	-346.865438
75	-381.566310
2075	-345.606444
1485	-309.731369
2959	-289.795007
3641	-360.485033
907	-381.607752
2614	-232.164586
1545	-308.468255
2001	-346.833365
3963	-271.323381
1409	-285.282853
2340	-310.899612
1293	-271.369084
1868	-326.949224
2228	-308.518356
1112	-287.644079
2314	-345.658870
3988	-309.707600
475	-304.691568
850	-271.623957
2889	-341.871347
3171	-345.599912
251	-265.386781
2028	-346.821466
1229	-288.582662
2459	-273.761223
185	-361.726913
2752	-381.632242
1808	-356.676972
468	-322.150234
3510	-340.674744
1624	-340.670034
3125	-308.510840
909	-325.789320
770	-381.612946
2018	-286.492357
281	-322.479769
2077	-309.736028
2178	-339.455981
891	-325.767721
324	-307.534482
2867	-361.734339
342	-323.351196
1493	-335.643923
720	-381.594735
1126	-270.392715
2895	-273.764673
758	-307.574899
217	-271.648392
3644	-345.587398
2731	-272.836211
1014	-301.385442
1238	-360.499088
3861	-234.486176
1674	-360.499243
3535	-323.235679
2502	-309.685960
810	-269.144656
499	-340.611683
3715	-381.567301
3426	-307.387663
3067	-271.304881
3617	-345.608658
1092	-360.552974
2635	-323.324700
2390	-270.097243
866	-340.620625
199	-309.673895
1083	-309.726295
23	-304.679494
2255	-360.513163
1228	-345.640969
1506	-339.437849
3044	-363.519194
2337	-324.588418
2277	-383.973315
332	-304.692914
2985	-304.745635
3432	-297.523580
3620	-359.351415
3775	-324.576188
2456	-345.610758
3818	-308.470796
2973	-324.604156
2407	-377.829134
623	-265.457424
208	-270.399081
3098	-345.658421
2795	-379.572458
1565	-325.735821
1124	-271.651913
929	-272.832690
713	-308.484017
511	-320.778636
972	-341.869909
3114	-309.692389
1025	-324.520219
1702	-251.727632
1579	-288.589020
1023	-309.663477
218	-285.311823
2379	-361.769162
1855	-360.497728
1435	-193.963318
2265	-360.469291
576	-345.655968
3864	-288.639421
2474	-357.944802
3233	-304.691526
1339	-285.316421
3029	-285.281493
739	-309.678703
3293	-360.535142
1393	-271.647465
2686	-340.697732
242	-340.623533
3591	-273.762889
928	-345.665412
3376	-273.775510
3882	-194.261089
1646	-340.684749
3370	-396.486664
3987	-324.506120
3596	-285.328258
372	-337.283890
2421	-249.395323
2871	-308.460407
3331	-233.545899
3032	-360.508895
32	-287.509315
2970	-339.501361
1332	-209.144909
2359	-360.468392
2768	-340.690205
3070	-281.491976
3512	-340.641866
178	-188.042067
1635	-360.520081
65	-312.125621
2956	-360.528914
1881	-361.772040
3579	-356.677429
2884	-324.471313
3141	-345.651109
1114	-302.353948
3398	-304.686259
3889	-360.533387
2032	-287.663174
1155	-272.838189
625	-308.514390
1768	-289.789940
3467	-308.494487
1138	-308.444609
678	-308.506580
551	-382.817123
1417	-381.586740
2368	-325.804686
1592	-271.616430
1637	-343.503600
1497	-251.731545
2050	-362.937518
3026	-250.478855
3343	-320.735225
3150	-310.942587
3831	-451.528971
1804	-324.542706
3827	-270.435807
183	-362.962787
2878	-285.336744
1515	-360.502298
2717	-309.726244
2563	-247.215049
3785	-348.045948
3504	-308.561061
1274	-309.686648
618	-308.467888
3828	-288.650589
3926	-325.748612
245	-340.656722
2348	-285.253877
742	-272.588370
558	-344.464151
2931	-361.729140
308	-303.428586
3589	-324.543443
2769	-376.563238
132	-308.469258
3705	-345.665479
2661	-323.448833
2733	-310.940764
3687	-325.793945
163	-319.624414
518	-289.791234
42	-376.564691
1230	-323.396217
3109	-324.582824
1355	-361.727678
2103	-346.834331
540	-346.830523
2043	-344.484341
1979	-308.462923
2796	-345.678871
2443	-288.547509
398	-345.636145
1638	-344.481904
2756	-153.742562
2226	-276.206257
707	-381.585428
3163	-319.610683
1225	-196.409349
1598	-308.471397
3773	-345.602641
1560	-340.645686
3893	-341.097446
3607	-325.801523
1657	-338.273162
3381	-309.731402
1190	-377.830859
2921	-310.904813
121	-361.711483
2833	-248.375248
3802	-356.724118
496	-377.794221
3145	-324.570872
1268	-344.411146
3206	-346.853173
924	-324.528533
3086	-360.507527
800	-324.611571
2697	-360.495788
1810	-288.653294
3800	-346.862839
583	-285.016369
3258	-324.473847
2452	-344.424745
3259	-359.368793
1460	-309.684108
677	-324.594116
3554	-309.689751
1981	-306.313924
807	-340.681309
90	-327.017113
279	-306.012858
2334	-472.135006
1029	-325.751230
1676	-296.285473
3360	-382.810709
733	-345.660927
1085	-231.092208
3588	-272.549011
379	-391.337881
387	-268.248806
3872	-340.691219
2326	-320.768781
2992	-343.202564
1349	-286.542391
2170	-274.987123
3082	-272.586248
2773	-325.684055
1045	-344.449852
512	-346.861026
280	-271.324234
2957	-323.644468
3394	-376.613178
1687	-344.407598
2131	-320.777849
3945	-304.737186
2126	-270.399529
24	-345.608180
1275	-310.936083
110	-346.869123
3968	-287.425634
1544	-324.594826
1280	-356.683566
1678	-310.955296
1628	-345.637174
61	-308.462933
436	-360.521191
1659	-487.002792
2408	-356.708234
3532	-344.464356
3989	-272.542369
2514	-354.197108
1865	-345.609914
3021	-360.495540
297	-325.833945
1815	-345.663783
2	-324.551643
2257	-307.238509
1897	-197.629387
26	-301.359287
2438	-392.565188
170	-340.667287
2701	-326.942959
788	-324.467888
1780	-345.606551
953	-392.650949
2940	-339.418028
3134	-271.319942
2844	-301.377995
2857	-362.899149
3162	-324.546164
2767	-340.635968
3217	-306.392828
1874	-416.367317
1882	-273.764420
111	-344.470970
2705	-270.384180
2949	-346.838702
2786	-327.009009
3857	-340.686134
599	-343.312201
2885	-309.686862
2745	-322.118085
913	-352.855499
64	-362.945802
3688	-322.476720
3681	-310.914919
1304	-356.679729
1110	-325.781398
3929	-321.233569
1205	-304.682331
557	-312.122696
2569	-281.476967
3303	-272.589883
1997	-271.666841
3491	-361.750275
3599	-308.482454
3695	-309.651827
3380	-345.606939
524	-308.507004
2393	-324.608961
1313	-324.502042
1549	-340.689515
182	-324.474954
1588	-323.678800
515	-287.727890
1315	-288.533780
826	-248.137789
3527	-309.716030
1358	-340.682075
442	-356.712228
1406	-375.394844
3948	-340.614465
1270	-307.571937
1106	-231.106310
1078	-309.738888
2130	-271.612772
2552	-340.624424
2305	-376.633716
1017	-308.419735
381	-341.835557
541	-325.714161
1901	-362.946498
3385	-324.583090
1557	-322.456250
3396	-273.815873
2352	-288.589622
477	-265.399968
3856	-306.313590
1974	-345.655745
361	-376.622353
365	-361.740208
3179	-270.408713
3538	-271.350701
1383	-344.398797
1817	-339.459612
3358	-326.934987
3020	-287.430903
1071	-360.495618
2913	-361.630982
2653	-361.749428
979	-309.713440
396	-372.782655
993	-317.364547
510	-234.491176
1236	-155.897345
2122	-348.040439
2240	-381.627040
721	-185.648533
70	-346.874234
1726	-381.506605
1152	-308.448572
876	-325.807685
809	-361.738091
2606	-323.344105
3278	-298.952950
2020	-272.514099
327	-324.607903
3154	-309.714008
3667	-249.293044
1069	-375.370023
1328	-376.531779
255	-309.672030
3060	-270.441145
2252	-382.779570
3748	-376.556657
3402	-234.522504
2880	-346.831172
1149	-325.796862
3499	-309.702237
3368	-308.496367
3500	-323.345473
2230	-262.056533
329	-380.402442
3231	-380.446861
2236	-235.698987
1663	-232.351764
617	-376.521083
1803	-270.394458
1575	-334.447259
750	-344.384630
2419	-287.353473
2815	-324.570906
3621	-346.815715
2806	-234.476081
2724	-376.591176
1052	-361.770383
3658	-309.682445
3842	-376.587741
1540	-285.217962
3841	-371.541704
3164	-344.379764
1316	-361.652250
1652	-301.316399
3778	-309.700675
3121	-344.419977
1551	-324.575851
367	-360.491873
1117	-345.566120
2356	-323.346816
886	-304.728323
881	-234.470813
1661	-322.148261
574	-271.665153
745	-344.464270
1962	-382.756724
3277	-354.254979
865	-304.728720
1448	-372.747155
3612	-309.738513
1364	-267.963366
2002	-286.504040
2493	-346.822460
3811	-274.982348
879	-303.556846
735	-309.716570
2658	-308.461040
915	-304.734226
56	-345.599154
1775	-306.353871
2486	-307.239887
2267	-291.016020
2288	-345.612787
452	-324.575287
3600	-325.781571
1594	-323.433551
166	-325.729970
2119	-323.665987
2743	-234.516409
3447	-270.389803
3633	-380.412093
1553	-323.448965
3613	-308.483617
21	-278.059333
3666	-309.735874
1076	-361.656187
3079	-270.401391
779	-356.732185
748	-324.572987
31	-359.310420
2290	-343.224836
2890	-309.738198
1147	-304.755780
3965	-273.764529
236	-325.758113
1237	-360.542541
441	-380.414967
3735	-360.522940
2808	-340.646073
2624	-309.699280
1003	-308.516378
139	-338.257996
3302	-324.577047
2012	-382.788561
1967	-288.573475
1984	-287.441165
2064	-309.687401
2907	-344.466563
116	-346.831175
2548	-340.654465
2302	-492.008892
3305	-310.955141
1745	-264.171923
2169	-356.733974
362	-289.871990
1781	-324.582445
715	-285.275928
2590	-340.650928
2872	-288.581144
3350	-339.431591
3034	-360.418556
1546	-318.321510
271	-361.759779
631	-371.449232
1439	-340.590431
1495	-286.516879
526	-344.430692
3741	-169.860788
756	-325.798888
2595	-303.465315
2516	-309.661518
249	-306.347185
1321	-234.472577
1202	-361.725394
2832	-250.585843
2758	-309.696640
1999	-233.547877
1600	-249.301818
3813	-340.620847
394	-344.385642
2423	-338.238743
368	-345.595021
2972	-320.764992
198	-303.934323
1921	-310.904960
3176	-432.852890
3149	-372.694726
3713	-325.748400
1331	-310.941319
246	-313.537245
3202	-310.908741
176	-308.554162
486	-288.678720
3922	-270.394284
491	-287.737498
1727	-324.606977
2463	-288.576502
3731	-310.913156
3685	-381.602419
1944	-325.796840
101	-324.507184
609	-377.817369
664	-335.632054
2628	-359.341296
1143	-367.635675
2098	-327.020807
3030	-324.500475
1031	-304.643927
3761	-352.866322
1764	-304.725676
502	-306.349558
2530	-345.673444
2997	-380.371074
1766	-270.387395
1822	-344.395150
2503	-345.653983
2955	-346.822341
680	-325.806369
2087	-286.484121

file identifier 	 test data 	 predicted
2248	-377.773452	-367.556727
1258	-344.472090	-347.549457
1411	-327.023352	-334.847550
2990	-376.661483	-372.086368
373	-379.522177	-383.082966
3291	-362.911941	-334.879823
777	-307.544712	-311.242615
1590	-344.415609	-359.671896
2181	-340.656656	-348.518926
1980	-345.680616	-351.343555
2586	-191.810916	-206.249592
91	-275.011437	-258.206903
1441	-303.469082	-296.689074
2310	-338.194242	-343.152471
3662	-360.469577	-333.415208
659	-326.976670	-344.824325
1831	-323.386306	-332.230281
608	-309.688960	-297.659400
2402	-235.696227	-232.829323
1427	-340.646339	-346.722530
2283	-231.111403	-216.814529
3776	-320.773105	-315.798497
669	-377.780670	-374.387524
640	-345.616264	-345.097335
1115	-325.773014	-318.437434
804	-248.395289	-297.273029
2414	-382.803358	-371.672044
2467	-325.805017	-324.558189
937	-306.397642	-316.562770
462	-234.474088	-216.156628
1920	-361.714679	-358.400536
1961	-197.629416	-161.697771
3458	-345.693035	-334.110680
2323	-310.954565	-321.314213
3720	-308.561301	-291.513945
2076	-274.982287	-275.093615
3910	-309.703111	-309.228784
3285	-247.192524	-245.885156
880	-345.648463	-352.099349
1037	-306.397746	-304.313521
3732	-320.774305	-316.792281
3157	-335.619981	-331.108709
2809	-344.506029	-357.043212
3246	-340.652252	-341.585456
3158	-269.271320	-284.244715
294	-308.506421	-307.553664
1845	-302.309526	-308.556085
3205	-341.842686	-351.712689
1609	-210.001565	-197.881809
1683	-346.829154	-338.865194
1400	-306.067385	-322.955688
2031	-269.170061	-266.048263
2141	-307.287454	-318.560775
995	-360.542928	-375.753382
1866	-310.940708	-312.056592
3039	-341.851538	-333.631526
413	-301.369263	-302.221155
2161	-361.735863	-353.228917
1034	-356.732791	-353.195313
1685	-338.273553	-342.518882
2762	-306.370119	-311.791459
1470	-272.542270	-275.816540
2553	-302.545562	-288.059779
2879	-265.401151	-272.564302
88	-345.655534	-347.829773
1995	-362.946041	-353.930383
2010	-323.385837	-336.445323
3739	-324.566515	-333.105798
1285	-346.860450	-337.884248
2571	-309.686348	-306.728272
3888	-323.359825	-306.473767
895	-356.728690	-358.045662
3648	-324.631468	-324.015271
1975	-341.829025	-336.744386
2287	-310.905485	-316.968662
3884	-323.333263	-314.929782
3055	-285.313284	-276.677471
2468	-307.193849	-321.477434
1932	-310.911279	-307.409623
3235	-339.416290	-328.108925
3706	-345.687338	-355.347408
2865	-342.307696	-374.178884
2189	-325.762375	-336.211937
1486	-380.373644	-381.419150
446	-305.831164	-299.062856
449	-325.753993	-321.222783
2304	-286.431160	-284.823673
3417	-354.292460	-351.528480
2280	-359.345792	-361.290399
1200	-346.908492	-343.022217
3810	-372.726782	-374.873691
1990	-281.482892	-287.558568
3326	-381.616196	-383.550535
100	-361.702143	-353.041869
3780	-323.320574	-339.223650
3763	-344.416821	-342.287036
92	-301.343578	-294.874115
1527	-271.621836	-292.203621
2391	-310.927566	-289.930719
776	-325.781815	-332.385142
2377	-236.916033	-191.927099
1214	-341.865386	-356.713393
3194	-301.367422	-302.746472
3517	-396.475511	-385.155490
1786	-325.785038	-303.770695
2656	-376.622509	-369.081386
997	-361.688335	-367.866424
3043	-196.405320	-220.355719
2859	-362.909074	-381.898524
666	-381.593528	-399.044456
3920	-319.574905	-316.987339
3880	-357.942023	-326.419136
3382	-341.145624	-353.523946
3836	-346.833711	-354.045404
2362	-305.134491	-296.703948
1494	-345.654016	-347.252164
987	-273.765811	-267.276292
3959	-305.831035	-290.786580
1042	-305.904676	-315.830357
1537	-309.692993	-301.287886
1582	-361.735290	-360.269818
3298	-345.599182	-339.902269
1735	-320.791360	-317.746424
2827	-345.615042	-358.538437
569	-376.620836	-370.416929
2916	-340.655601	-340.811171
1570	-325.783642	-320.763376
570	-275.012535	-252.865627
284	-360.500454	-348.582144
2805	-272.587161	-272.913352
3665	-323.329494	-321.516042
1499	-320.779994	-331.897806
1929	-324.551800	-319.288179
1039	-360.575277	-358.886327
692	-362.917261	-377.043307
1848	-273.769835	-278.210805
3172	-274.982310	-301.643150
846	-270.434394	-267.508461
3826	-372.742383	-372.751442
164	-340.675814	-336.644303
2777	-336.817321	-342.539664
3664	-269.219315	-282.128842
2542	-326.951186	-331.069710
1060	-345.713205	-352.085875
2038	-348.056093	-340.753068
335	-361.729115	-349.201461
1520	-309.728493	-311.754175
1334	-273.765782	-267.294466
3622	-304.726439	-307.202710
702	-379.000257	-383.293449
3313	-360.526364	-388.080703
2069	-346.855971	-341.583533
2920	-326.952797	-330.101318
2021	-346.818246	-352.392709
1643	-310.910140	-303.801190
123	-269.263476	-268.621021
941	-340.652570	-341.270617
1978	-281.485530	-282.939705
1049	-323.336196	-331.779264
1953	-308.457242	-309.173536
920	-281.489179	-285.423686
3557	-344.382663	-350.467448
3749	-249.363949	-268.494870
2138	-340.684371	-337.984339
519	-309.687078	-321.685835
811	-304.567859	-293.280096
889	-272.539307	-276.762985
1561	-325.749687	-321.682214
190	-354.290746	-350.593689
224	-324.628594	-327.849934
2461	-269.170508	-275.932510
3567	-309.693494	-298.430525
3914	-325.805781	-316.911727
115	-356.682218	-352.372274
1261	-268.282665	-277.504583
3585	-308.497008	-303.406452
932	-361.764881	-348.709411
3551	-345.646761	-354.133333
2848	-339.419688	-326.240158
3784	-344.450127	-359.462972
2766	-285.279992	-287.742098
1072	-272.554773	-255.525784
1477	-303.462312	-302.620740
2998	-246.027383	-267.206400
3443	-346.866543	-347.983677
2924	-348.045292	-346.578906
2645	-362.923114	-354.102817
873	-273.763068	-256.104317
3016	-309.730329	-293.648043
2561	-325.778234	-321.295271
350	-320.793580	-316.757210
86	-190.624631	-221.738363
812	-308.509197	-305.729872
3982	-324.592116	-324.391716
1327	-320.768458	-315.010887
1354	-382.790027	-405.866535
806	-308.768073	-300.439447
563	-345.644179	-346.445779
3011	-310.902708	-320.137616
1605	-345.703157	-336.047547
3444	-289.794376	-276.423065
357	-307.245430	-301.403943
757	-345.678211	-337.605181
874	-271.611192	-266.275971
340	-273.789697	-266.749970
2227	-356.712771	-357.015570
872	-309.711438	-312.163177
1006	-336.843788	-338.964843
3015	-359.362011	-373.717554
1446	-319.575102	-305.376196
1535	-324.463541	-328.929379
1171	-325.721867	-326.813104
3865	-362.899954	-364.172683
3977	-288.552886	-293.870407
2498	-288.539500	-257.904345
2579	-273.765811	-279.146106
2289	-325.766945	-331.282773
3248	-322.477268	-333.998212
1133	-308.517070	-317.962310
1746	-396.470299	-399.758279
2804	-344.433943	-353.315991
1697	-345.613396	-350.263117
815	-285.324641	-287.228698
2621	-305.145002	-299.232368
1806	-324.610229	-332.505688
710	-340.625597	-334.253832
2787	-324.505365	-301.120616
1175	-361.742598	-356.071890
854	-383.971058	-405.566816
145	-310.929561	-291.500253
2080	-325.793131	-340.244314
668	-267.103350	-323.795468
3881	-357.951284	-363.859240
3883	-308.516508	-318.760667
652	-345.620593	-347.029835
2995	-381.584942	-358.537418
3771	-309.655144	-299.842319
1059	-303.436180	-314.947914
2281	-345.643890	-334.627831
96	-375.359188	-368.581522
837	-360.512026	-356.011767
3456	-276.206318	-178.138288
2030	-273.804223	-276.255160
2588	-376.538277	-378.944476
1283	-345.605635	-354.206250
2560	-339.452794	-346.070231
193	-307.285557	-319.463533
1269	-307.563525	-304.584055
1173	-344.465017	-359.054852
259	-309.735245	-313.137101
1891	-323.382399	-324.624950
2214	-245.994065	-253.278219
1843	-362.899677	-350.724154
1305	-319.621560	-327.220667
509	-307.238995	-321.841509
2353	-281.504579	-281.205472
3220	-273.806349	-272.272327
1342	-361.712098	-355.167717
1736	-273.764207	-287.688028
2274	-308.463553	-303.241144
3422	-340.663929	-346.454535
98	-303.553222	-299.813401
2892	-325.728271	-326.038206
1660	-274.985107	-301.312346
3344	-325.748658	-313.439002
1428	-265.391486	-278.223920
2176	-345.608670	-350.024987
2330	-287.681216	-292.891384
665	-288.571762	-279.777381
3513	-340.637067	-354.132046
1160	-286.467220	-298.015236
1823	-340.656176	-334.351937
2045	-324.495988	-338.980211
3909	-310.945132	-273.027032
2254	-359.388326	-367.009526
3253	-281.476938	-278.341258
3573	-325.730390	-316.408767
2159	-324.581067	-323.195508
1573	-233.255259	-244.082673
1998	-324.536830	-348.035865
3638	-306.320806	-284.320617
76	-325.685245	-319.141646
2115	-266.626759	-261.788798
1255	-381.635881	-371.393680
2449	-341.841190	-344.720673
2158	-340.663379	-341.884936
1333	-270.359564	-258.363697
3869	-324.525580	-323.648879
1587	-322.133444	-327.678233
435	-306.309029	-316.225546
1128	-361.695007	-363.870958
187	-341.842120	-341.053797
3051	-192.736096	-191.771748
265	-236.916125	-187.467727
152	-306.286325	-295.153069
3336	-308.477672	-310.155815
1943	-325.729335	-326.851699
2835	-362.925466	-346.831302
1899	-308.478846	-318.508795
1586	-272.837559	-261.955402
3335	-275.020322	-301.046817
1158	-268.251114	-259.814399
2512	-346.823548	-341.107944
1904	-304.752598	-313.502811
2213	-287.433999	-307.395212
1729	-361.740062	-356.253890
1877	-287.407788	-290.799804
616	-345.676243	-346.479435
1166	-324.576650	-332.403329
1419	-344.350927	-330.331515
3832	-346.836423	-325.884578
1223	-324.586663	-318.162195
2846	-273.780933	-261.373068
3762	-351.646368	-349.042842
862	-361.764434	-341.537763
672	-345.661057	-335.375602
1472	-306.080007	-310.379573
3718	-195.186772	-154.209144
567	-339.489014	-336.534293
3984	-344.418857	-378.220829
274	-272.539126	-262.936249
2063	-344.402806	-333.575101
3947	-382.782251	-370.940997
1776	-325.785476	-344.220862
1436	-375.359407	-377.925393
3701	-248.211932	-250.278678
1219	-306.334850	-298.375226
3631	-303.560350	-307.017425
986	-347.459586	-352.976034
2396	-307.546144	-304.941806
1277	-309.706892	-298.791619
842	-360.514766	-353.893039
2495	-307.596472	-292.280765
2306	-287.354343	-297.437652
1601	-345.646864	-329.876232
2431	-309.684774	-314.517499
1426	-381.607770	-390.963520
2462	-325.752244	-319.377290
3730	-291.017996	-267.560971
1084	-309.711894	-306.006766
2003	-324.579943	-331.667586
1012	-266.609146	-266.071569
3854	-346.867382	-345.722156
322	-346.832352	-338.744324
696	-356.709466	-354.257199
3100	-361.716824	-362.088101
1135	-310.903412	-323.904393
2755	-381.595252	-373.054512
821	-307.566593	-301.468161
3750	-346.838572	-350.697283
2568	-325.718022	-319.179482
1596	-492.022084	-521.382548
202	-226.160842	-210.350293
695	-345.700085	-364.958444
3792	-360.525610	-357.661858
1501	-288.653529	-300.555972
3501	-318.409788	-310.049454
612	-397.697891	-386.556168
2580	-309.722373	-306.290113
2954	-305.915530	-309.489118
782	-361.678341	-349.579345
3654	-307.541973	-294.970932
283	-355.460155	-353.274367
2239	-346.823312	-360.158667
409	-306.383308	-310.862336
1895	-324.551432	-310.524113
3390	-309.736085	-306.703386
507	-309.697879	-316.309612
268	-362.957295	-371.064393
3475	-321.247305	-335.649644
3261	-232.025930	-214.888020
827	-303.556664	-304.992390
1888	-276.201993	-263.545811
2854	-325.810616	-329.123765
214	-348.052027	-340.006887
1301	-309.679190	-303.703743
3386	-309.684862	-314.083072
3042	-269.468415	-253.784705
3363	-345.658313	-353.489216
905	-360.513668	-354.598740
1824	-336.855265	-334.006132
3946	-286.438084	-292.676831
888	-323.328290	-335.147296
848	-309.744522	-330.976386
2137	-324.588239	-324.671605
3256	-153.459846	-252.600801
2445	-324.576679	-327.206940
2191	-359.317050	-352.977873
3511	-324.552260	-316.887851
3618	-309.731536	-312.956345
1559	-380.372123	-389.287112
896	-323.312767	-336.357188
3530	-309.739069	-316.769538
1224	-308.420805	-308.405613
1648	-345.660642	-347.584770
2223	-288.657055	-285.235985
3087	-392.563319	-395.326991
3736	-355.517745	-355.666347
3623	-341.892484	-329.327044
422	-288.692943	-294.291524
2703	-309.722894	-287.585978
1762	-361.755551	-356.526197
1682	-269.215705	-299.161494
3531	-344.458268	-319.798708
547	-360.540793	-357.980587
1079	-287.347000	-291.869201
3372	-309.705858	-336.467062
949	-344.463502	-348.241201
933	-270.430832	-275.937645
2864	-340.658990	-344.145585
1191	-360.510716	-364.302915
985	-320.770329	-319.909513
3069	-346.878430	-345.432030
1937	-287.438379	-308.356827
1536	-324.492974	-318.594347
2919	-340.635773	-343.084733
215	-356.645883	-341.949259
3614	-288.627505	-287.601383
3676	-346.840522	-321.126446
903	-309.685872	-297.692754
3653	-309.763576	-317.107278
108	-345.614707	-349.992282
743	-309.719124	-317.140414
883	-340.647778	-329.117278
1348	-309.683859	-305.757320
429	-288.570364	-284.995000
1992	-325.723538	-304.332058
1391	-323.317575	-327.967368
2365	-345.689766	-325.146875
820	-326.934229	-301.167495
1645	-324.477059	-334.603229
3542	-344.409533	-337.227054
117	-211.295163	-205.282317
3609	-269.176442	-274.881446
2509	-344.380267	-337.347427
2435	-229.013797	-204.820212
543	-310.937295	-347.295984
3267	-320.776472	-316.873251
3969	-324.609784	-328.514200
220	-276.205821	-281.860780
3825	-93.411888	-216.020936
1976	-346.831692	-352.044453
2666	-303.423742	-308.572162
2761	-309.696507	-307.650057
3263	-285.326726	-275.536397
1585	-360.545832	-358.607824
2026	-272.837907	-261.843235
1021	-232.328175	-230.914071
562	-456.105229	-459.399444
3119	-301.090914	-340.425639
890	-344.458979	-343.299780
3522	-309.691414	-319.744711
2157	-309.686797	-323.322019
360	-346.890881	-330.866535
1606	-308.462382	-320.885396
956	-230.183076	-266.307982
952	-325.717725	-329.836693
1809	-324.559733	-324.728177
3214	-344.426062	-358.578236
1278	-362.942040	-379.732101
3484	-341.890999	-322.483089
3896	-307.280331	-316.339941
705	-362.953848	-348.713672
3365	-396.458774	-392.747184
2249	-392.653825	-393.842925
104	-360.574432	-362.134048
1950	-232.331230	-199.004186
572	-356.752533	-355.958900
3296	-345.650105	-342.719341
3138	-345.651520	-344.414629
2364	-360.507160	-364.626878
2183	-339.459869	-334.674941
2679	-312.130526	-277.131786
2510	-325.797299	-326.388592
2863	-287.423372	-278.096860
3725	-309.710255	-302.915874
944	-320.766684	-324.338116
2384	-281.469893	-281.762492
3074	-272.553250	-295.702166
1898	-360.497612	-365.972808
1098	-356.649302	-365.047763
1563	-376.575382	-377.104027
138	-362.875317	-363.284332
539	-341.886521	-356.434247
3318	-308.513124	-308.345337
2850	-288.580309	-281.233645
1478	-309.691634	-314.778077
2412	-310.904086	-309.865082
3488	-340.672417	-341.900883
2778	-325.711441	-322.366385
226	-360.556344	-381.403797
1167	-309.729139	-322.363571
1309	-287.723848	-272.991836
2615	-360.501085	-378.169163
3237	-303.553222	-297.380347
425	-289.769718	-286.253653
3723	-345.597175	-342.192356
2234	-272.580839	-264.933305
2315	-273.793520	-275.081430
2674	-342.352279	-343.019185
1442	-308.465594	-315.392512
2626	-305.900638	-297.331467
298	-377.795528	-362.379758
3294	-340.693392	-343.052861
2492	-396.477101	-394.907887
317	-325.797397	-335.967069
2868	-270.407057	-259.045850
857	-245.711897	-235.406254
681	-312.126544	-325.930318
1915	-361.705669	-368.364534
3983	-322.115604	-324.757715
2293	-269.216495	-272.888951
1884	-307.577822	-323.613386
384	-343.291812	-362.306133
392	-345.637570	-321.196831
2058	-356.710498	-351.660077
1651	-273.809498	-308.603139
27	-324.573866	-324.909281
590	-346.857871	-355.184299
3251	-306.056425	-307.504047
3177	-287.662612	-277.871502
213	-249.281074	-263.112085
684	-361.753989	-358.297856
489	-356.745773	-352.140544
437	-309.705971	-317.697846
1666	-289.872246	-271.748792
1813	-307.550360	-320.306483
3474	-309.730988	-299.360602
2048	-235.699029	-258.641944
2133	-323.338627	-324.599813
415	-309.692626	-295.903647
2559	-319.571638	-322.716398
3050	-303.940271	-311.704762
2682	-324.528297	-349.434689
2162	-340.613712	-334.098892
154	-324.538764	-327.159555
3971	-360.530885	-374.301850
2147	-382.781806	-388.160112
2171	-359.346839	-353.337553
2819	-360.551444	-359.823066
1055	-345.681183	-358.150718
179	-362.928160	-360.682607
3196	-297.530335	-293.997002
674	-346.879260	-343.786606
404	-324.595399	-328.680475
1791	-272.554824	-278.884392
2382	-380.343633	-383.572149
2107	-325.766177	-314.621888
2725	-269.218553	-306.175997
1548	-306.308471	-313.803104
143	-302.355005	-302.165078
1345	-376.540686	-377.598197
3103	-340.631134	-357.641410
2797	-345.646914	-362.164628
3449	-297.510804	-302.348731
3848	-324.564634	-319.740602
2466	-325.785959	-334.357141
130	-274.988525	-270.674769
2899	-310.930659	-321.770310
2649	-381.581036	-389.284051
2662	-345.635068	-357.034023
2681	-308.466840	-304.200297
2140	-325.715372	-329.601675
3859	-308.499978	-320.855517
546	-306.365166	-297.988675
1871	-306.406578	-300.457543
1139	-270.382725	-287.642578
3675	-360.534222	-361.186210
184	-322.436757	-339.951011
3663	-344.446747	-331.664226
2982	-325.722723	-323.377910
2366	-286.466852	-303.218634
2241	-346.857051	-335.016901
2397	-308.772292	-316.744355
3316	-264.261826	-263.078817
2934	-324.462733	-330.835725
1338	-320.793141	-312.863861
965	-323.329385	-315.791964
836	-324.606601	-326.599364
849	-360.532987	-361.871880
1740	-376.599676	-368.654240
128	-303.785832	-279.670793
3341	-291.021228	-280.387876
3309	-274.989422	-267.136840
57	-345.635513	-341.407796
1811	-346.855968	-333.808944
3095	-339.431197	-334.936323
105	-309.727110	-323.574215
2981	-327.026688	-325.161272
2951	-308.569129	-329.928254
2651	-273.744309	-270.200617
1993	-339.504090	-334.997272
534	-324.575799	-332.782388
1733	-322.169100	-306.202343
2897	-346.825923	-357.461674
106	-362.952198	-341.843576
1340	-271.616723	-258.582385
3898	-356.700248	-351.347338
1722	-362.946707	-363.736861
3913	-308.551230	-306.964031
2670	-326.934805	-307.965988
2320	-362.876210	-362.723897
3369	-158.342346	-112.908954
1242	-308.508254	-309.388659
2034	-345.586124	-350.357405
3239	-361.708121	-348.012856
1625	-320.776082	-326.605249
1926	-273.773955	-300.311320
1941	-286.206129	-288.063040
3199	-273.811544	-282.284851
1290	-345.660459	-321.980138
2011	-270.099401	-280.114128
2707	-310.915408	-322.895155
2166	-343.239068	-351.533333
3550	-341.825957	-330.816901
2496	-326.954795	-326.481995
1388	-250.583643	-255.771738
37	-381.587333	-366.377104
230	-271.617434	-268.604806
1125	-285.292217	-281.770452
2004	-346.839235	-346.926458
1179	-343.195060	-358.594951
3928	-377.799358	-372.184237
2929	-345.638912	-351.153897
22	-324.575190	-330.798465
3268	-324.562156	-318.125096
1284	-320.761539	-326.809896
1922	-248.132701	-243.901637
14	-302.238859	-306.131160
1816	-344.357220	-350.080615
501	-345.630685	-348.039111
3062	-381.573048	-372.540466
2125	-310.908354	-315.804848
3471	-416.384141	-427.035351
2519	-323.585680	-314.515792
30	-325.717105	-326.524891
1351	-309.733696	-313.424370
3875	-309.655400	-314.927157
2946	-345.649552	-368.768999
2246	-287.318502	-288.013449
306	-307.335530	-310.766055
1134	-343.068226	-341.614537
1517	-359.342366	-355.669317
597	-309.683901	-297.336429
2301	-324.616647	-331.594184
628	-325.726991	-316.714245
2222	-340.678668	-333.279009
1724	-381.594558	-369.333538
3346	-318.327053	-329.760810
3489	-308.508824	-309.174871
3423	-308.555641	-320.294657
209	-308.493663	-305.032527
1213	-324.530103	-350.008139
400	-376.570473	-381.600428
3221	-308.477915	-309.013603
2813	-232.063900	-296.945361
49	-396.507540	-396.672394
1356	-271.372094	-312.607077
244	-346.835129	-355.125913
3901	-346.822424	-341.952171
1396	-346.886411	-354.648198
72	-325.720699	-322.460863
3355	-345.648365	-341.759742
412	-372.768039	-380.599925
2810	-273.763107	-262.369091
120	-323.345161	-312.875740
3173	-325.791830	-347.886884
2604	-304.743934	-297.918485
3493	-232.333258	-270.310967
916	-345.608831	-366.972403
1969	-360.529678	-353.877736
3147	-338.530072	-332.395130
2801	-310.932716	-291.296260
3991	-372.765028	-371.376574
3104	-310.941183	-305.144823
1679	-288.576381	-288.752465
238	-233.253760	-257.401515
406	-359.295180	-359.122408
619	-325.787161	-327.754783
3317	-269.177232	-273.759944
3334	-325.800680	-326.627818
2667	-308.455402	-320.549775
3556	-276.202384	-147.849272
50	-357.934562	-335.974175
1107	-267.060326	-288.318659
1858	-343.238086	-327.396315
3916	-273.810780	-273.398253
1528	-360.446475	-353.002064
58	-304.683044	-307.201578
1307	-303.460433	-311.353069
559	-362.935404	-353.974943
1414	-377.797879	-358.958842
1916	-360.557411	-355.181380
892	-288.621895	-283.634045
3729	-376.562796	-384.383738
1534	-340.632075	-351.366599
2317	-308.503515	-316.299486
3415	-308.495275	-314.111869
2261	-233.260156	-238.470374
3006	-308.470648	-326.230255
2852	-274.986857	-252.090177
93	-340.615011	-338.369524
3919	-304.721921	-307.403749
732	-327.023478	-317.204420
3127	-327.010419	-325.867066
1556	-340.659506	-333.877060
1670	-269.230258	-334.453869
3546	-233.219124	-254.631305
2600	-307.237880	-311.446973
3845	-344.454717	-331.958118
1749	-302.579654	-317.268846
3356	-270.447268	-274.300228
2345	-342.329232	-331.254503
1964	-309.726463	-333.307688
1376	-348.053064	-346.547014
3375	-324.594534	-325.973561
1437	-376.547304	-377.101414
1368	-288.584029	-290.351491
2732	-324.579850	-334.727116
1397	-271.624640	-281.200609
708	-306.313133	-297.857843
1505	-308.487195	-300.273621
614	-383.982605	-388.417824
434	-338.195462	-345.711118
3314	-305.846541	-296.336488
1102	-116.609549	-155.323023
1119	-304.733360	-304.587750
2104	-379.006904	-374.111468
2642	-324.578146	-332.648092
3139	-344.437158	-347.272354
3651	-303.463214	-289.432552
3377	-360.549337	-343.654559
3133	-356.679691	-361.153040
348	-196.432825	-209.762937
454	-265.283843	-245.144819
3399	-307.229313	-301.780156
3130	-270.427802	-287.953739
2036	-309.733888	-306.360821
3545	-310.915918	-306.695103
2799	-340.702898	-341.265914
3593	-304.614300	-299.196050
2736	-310.922181	-314.530071
480	-325.760797	-317.905453
725	-325.725266	-316.266728
292	-308.517192	-322.483190
2081	-273.775864	-284.607756
3710	-308.565933	-327.794801
3733	-309.678068	-308.562783
2195	-289.873479	-284.777885
3584	-281.484877	-277.502903
2754	-309.674575	-309.204717
1180	-306.364186	-294.874091
155	-324.571682	-330.499187
2212	-346.837271	-327.480028
2523	-344.512144	-349.287790
2424	-273.764093	-278.940475
2647	-262.017735	-256.219437
1360	-362.941781	-382.031085
1452	-308.467331	-318.142504
1292	-323.652284	-311.698760
3951	-326.977685	-364.778605
2167	-309.681554	-312.965246
3564	-303.533472	-313.168403
2791	-194.254127	-121.539219
3292	-326.937372	-312.500156
2497	-325.763216	-317.393538
461	-273.773506	-281.182658
1690	-339.426816	-335.084110
1960	-345.602645	-340.020265
2262	-325.780603	-329.158251
565	-356.730212	-356.922840
637	-360.557419	-354.271509
3207	-355.520098	-354.744273
2893	-274.985796	-271.207727
2659	-324.461004	-320.715660
3791	-360.491959	-347.495633
3738	-274.982053	-299.236380
1562	-309.676327	-309.861821
588	-309.684571	-294.456447
1188	-306.054267	-280.515311
747	-359.350089	-354.697290
261	-310.905322	-323.469636
2022	-344.425164	-325.660429
307	-302.239101	-307.798638
1041	-371.504707	-377.449326
232	-490.793044	-493.374574
2655	-235.723792	-223.885109
2821	-308.511516	-300.413478
459	-348.056615	-341.365931
2950	-360.498298	-371.676087
2300	-453.655583	-408.273031
1639	-345.640072	-348.606388
1176	-288.584832	-286.619268
3136	-340.660061	-340.987383
1576	-247.184334	-252.645138
870	-345.646965	-350.976893
3570	-272.514475	-269.179259
1350	-343.076530	-336.978237
783	-273.806375	-269.089214
682	-302.303791	-308.313941
1249	-272.543724	-281.091256
2404	-323.340989	-330.556777
3924	-270.393737	-254.272189
2738	-324.555069	-329.307623
3468	-345.710017	-333.869126
549	-372.785072	-374.439821
1004	-355.416555	-356.264174
3198	-288.680991	-283.636687
1680	-377.842223	-368.468433
1828	-284.993731	-272.443244
3022	-234.455424	-226.235076
345	-309.704732	-305.214400
3590	-340.660106	-341.137865
2296	-309.691365	-322.313201
1240	-310.907666	-304.104343
1738	-273.759338	-257.808671
2207	-301.330754	-300.198807
2369	-273.760271	-282.860993
3708	-270.397474	-253.647115
1011	-310.942660	-311.926305
2976	-356.737615	-353.867797
740	-344.452972	-346.606172
1090	-272.500426	-284.986017
1640	-304.583737	-303.869833
867	-283.179781	-291.658527
3779	-308.476903	-303.882261
1923	-287.427777	-304.503741
2177	-346.868453	-360.021152
3769	-304.586424	-303.333871
3066	-345.688382	-352.511636
262	-345.647032	-338.572153
1889	-361.731388	-355.205690
287	-307.560718	-308.958694
2780	-272.545389	-270.119406
2339	-326.954728	-324.593577
1265	-227.324775	-209.529617
816	-356.748545	-358.834679
3466	-325.794624	-324.272083
615	-345.676743	-353.177211
656	-376.605347	-378.903088
113	-360.478880	-362.796860
3918	-289.794194	-293.577698
3786	-308.759185	-301.453625
2123	-327.010026	-339.298447
3682	-291.017820	-270.489923
3955	-323.391458	-318.764448
1197	-308.462932	-311.941835
2714	-398.878264	-399.412046
1208	-345.608535	-335.577567
316	-341.858490	-346.915954
364	-117.824798	0.984149
2470	-309.688189	-306.929147
620	-346.820834	-359.111721
1892	-382.805933	-394.090704
931	-361.763293	-359.749770
253	-305.838224	-318.534133
470	-303.460335	-328.918777
3028	-346.861640	-328.447560
1308	-341.814212	-346.012204
2291	-286.514923	-276.825057
1903	-309.678054	-298.527995
2148	-309.718089	-300.905948
1985	-339.481708	-331.751807
2096	-345.661705	-347.779433
1183	-325.750970	-324.146886
2943	-340.654874	-345.112884
3312	-323.647099	-324.219332
59	-248.430371	-243.822589
1362	-249.387499	-247.986554
1058	-324.585402	-322.749576
440	-307.226474	-311.953621
1779	-288.583563	-289.701476
3482	-281.480993	-260.172164
1009	-266.763445	-300.058698
2120	-381.630205	-371.821097
2117	-346.839895	-349.527785
3781	-274.984614	-273.927897
2873	-307.545713	-297.877314
3819	-397.692021	-402.359267
267	-345.641113	-354.805460
737	-336.836792	-337.484522
3839	-231.155780	-251.122871
3023	-323.343769	-317.534145
683	-348.060054	-355.117093
3716	-361.720799	-367.770380
2481	-324.614891	-309.313407
1860	-308.507458	-317.531561
299	-195.196751	-138.055904
508	-325.801512	-319.661305
2751	-273.787799	-271.762918
3144	-308.472241	-311.841734
2111	-348.048744	-322.286290
3608	-372.729173	-386.666666
2273	-324.579188	-303.736193
2173	-304.678340	-315.612458
1686	-288.648208	-300.956126
3534	-320.785748	-314.726725
1496	-268.248371	-260.884253
2269	-308.452310	-299.270896
3427	-325.793904	-328.986630
2062	-303.437471	-297.544836
1088	-291.017433	-297.801735
2406	-306.386594	-319.448660
38	-309.736982	-317.849528
1399	-341.826906	-326.874041
3306	-361.650084	-349.270836
487	-307.223588	-324.929518
3371	-286.517424	-295.218268
205	-269.465281	-276.826256
2856	-376.586976	-371.943784
1357	-375.307060	-379.873389
1279	-377.837977	-358.607625
277	-302.288351	-304.058797
3972	-359.339915	-366.483425
3646	-305.130313	-312.369740
1077	-326.938562	-324.606552
2870	-289.872470	-308.811146
2208	-286.486509	-299.902382
1820	-324.522751	-341.668805
3757	-281.482952	-278.752128
1005	-273.786179	-253.534883
645	-308.540795	-298.298013
494	-345.611057	-355.327659
1825	-271.656372	-297.367779
514	-309.685045	-302.398042
2776	-313.573888	-317.558846
2963	-287.651399	-269.930593
2295	-305.898313	-293.631891
3101	-360.503577	-353.962236
1386	-362.967171	-367.574047
66	-337.302324	-327.452528
3626	-310.902465	-296.512079
3232	-345.686487	-340.405967
2930	-310.906738	-322.460866
2260	-271.351786	-270.694216
2196	-338.559964	-323.579108
3603	-326.952955	-343.650781
1263	-345.642008	-340.713433
1103	-273.764642	-241.722246
3796	-341.875439	-349.682727
642	-234.476516	-234.979725
3332	-376.610619	-380.920690
2858	-346.862070	-354.686594
1728	-362.942862	-344.028539
2294	-341.831947	-330.752973
506	-234.516241	-236.336585
3454	-376.600944	-380.571675
3337	-286.438448	-288.447387
2325	-273.732431	-303.734224
781	-362.918463	-358.106267
3361	-324.558989	-323.288145
2068	-308.471269	-290.296031
1933	-270.396100	-273.540623
366	-324.576206	-321.510253
1521	-323.665247	-320.733661
1739	-303.454720	-301.350119
3061	-392.552088	-413.498113
479	-77.308427	139.292091
2000	-309.736479	-296.304642
74	-310.918822	-317.182470
738	-324.592221	-320.513453
1629	-272.526778	-283.439779
2822	-310.902197	-328.091130
1418	-325.725274	-322.556222
273	-323.312375	-318.803049
1165	-309.706371	-311.340388
3225	-362.875945	-361.763957
2483	-322.158791	-305.714003
1073	-233.249538	-234.016397
52	-345.627428	-345.035352
2734	-309.719592	-300.107461
39	-340.687222	-337.212560
3804	-324.573632	-337.945645
2594	-335.586914	-331.034216
2172	-308.472272	-314.036208
3853	-271.336383	-322.271526
3547	-324.582904	-322.238832
513	-355.518342	-359.497748
3523	-325.728070	-324.614023
914	-361.707841	-368.325308
1706	-382.777508	-379.515016
354	-285.174014	-278.938272
1182	-304.738393	-315.394190
3686	-344.462681	-354.375826
1462	-312.136049	-310.531568
2866	-344.431605	-346.756312
2881	-345.594203	-347.947092
2744	-288.573110	-280.474232
2469	-270.392444	-278.527381
80	-392.672883	-384.632558
3323	-232.335768	-202.215315
1887	-361.696319	-357.030162
968	-308.470667	-306.841553
3271	-454.878708	-449.833800
2478	-339.450173	-335.427629
2285	-340.578657	-348.375519
3506	-320.804155	-323.180957
2146	-310.932540	-312.415533
460	-360.488733	-367.268547
114	-361.772743	-354.706602
2088	-362.871515	-357.402421
2574	-273.812881	-296.833090
3189	-324.510378	-328.730960
3411	-286.134060	-294.723408
1574	-245.997884	-232.367837
3528	-233.262752	-205.505058
2211	-340.648620	-335.004357
1771	-287.657053	-295.743726
1958	-340.595950	-337.987790
1705	-286.218259	-268.394488
2643	-372.711859	-383.117701
3843	-309.717869	-305.247482
181	-412.528245	-404.643015
611	-248.364357	-252.821046
3197	-309.714859	-312.659166
2781	-288.581699	-286.090394
2660	-307.582044	-323.836594
3412	-335.628480	-339.904005
566	-303.472917	-306.577583
2887	-345.641890	-345.084643
1618	-345.629039	-332.107978
1288	-324.635136	-330.508415
216	-307.283509	-314.940149
3798	-310.941861	-314.851778
1503	-327.014214	-325.576867
150	-309.732713	-317.237294
6	-345.687671	-346.904942
959	-492.026657	-528.105068
3463	-304.735360	-299.715544
1765	-285.335887	-286.842534
355	-273.761263	-296.666559
3005	-249.248680	-259.434476
838	-361.709679	-348.374475
2351	-304.614169	-294.072616
2409	-324.595526	-321.633806
716	-325.758431	-341.593118
2264	-346.831590	-357.857520
2829	-340.622886	-320.845951
564	-272.569586	-278.386529
3674	-309.731169	-295.051008
1189	-287.322957	-295.205623
3758	-272.557350	-281.545256
3089	-327.025329	-326.597494
1028	-360.421732	-350.466280
2118	-324.560961	-317.889699
662	-341.843824	-340.636224
1162	-309.684472	-310.998112
2433	-324.552283	-327.046797
2192	-307.232824	-319.494823
3434	-360.560766	-352.828329
3502	-376.564063	-377.003373
3080	-344.436248	-335.213986
1708	-324.502429	-323.279912
528	-288.538806	-270.088565
411	-397.680771	-410.887401
137	-287.440932	-303.391568
1451	-348.052763	-338.750286
3904	-356.716094	-352.208824
706	-303.481839	-284.840893
521	-262.065493	-254.703564
1918	-319.573117	-317.317189
1988	-312.124451	-277.328122
239	-270.446608	-286.248584
2941	-340.635024	-345.605223
67	-172.006141	-150.354180
2333	-338.234590	-338.677557
1044	-304.687053	-305.783340
293	-377.807580	-387.217258
1854	-382.743932	-401.053231
1597	-336.805704	-337.856917
2231	-346.825174	-363.457236
3288	-348.045786	-335.688484
542	-382.793238	-402.396843
2485	-392.676111	-381.652165
2841	-360.524422	-357.876334
1473	-340.678945	-343.940910
148	-345.629933	-350.228336
2242	-362.870426	-377.777176
3629	-359.312853	-355.333690
1087	-324.508933	-336.373138
3378	-325.831718	-327.732383
1101	-307.244627	-309.007353
3117	-346.824942	-349.076227
2629	-356.679047	-351.057072
431	-361.712798	-370.290922
3942	-287.507193	-304.388187
2926	-320.764569	-320.819177
3847	-356.693135	-358.387734
3307	-318.647923	-303.763453
1552	-346.865957	-370.443749
1757	-285.313612	-281.982090
671	-310.897268	-308.415132
2945	-307.281910	-312.788590
1875	-242.186010	-244.015472
375	-346.857432	-349.420023
1118	-306.032266	-300.754421
754	-361.718210	-370.103679
177	-362.872710	-355.497032
2204	-310.904876	-311.043268
62	-309.677968	-317.796434
323	-309.647349	-304.968919
2518	-360.566272	-364.670505
2958	-324.580268	-313.457029
2789	-340.629283	-343.295278
1211	-286.498633	-283.330706
1792	-363.504227	-365.281964
1480	-324.584824	-313.697861
432	-344.390227	-341.019489
2016	-308.569875	-321.052485
2513	-345.631685	-340.290844
3146	-289.872162	-288.544051
2540	-211.295796	-210.050687
2657	-308.451299	-296.646225
3400	-289.799552	-285.565284
2392	-272.551442	-262.873730
2620	-324.587670	-311.796212
2253	-325.818163	-355.405817
3814	-361.745554	-367.668417
3247	-360.531175	-362.349673
2664	-348.047695	-304.004653
1688	-324.567893	-333.747322
830	-320.767103	-312.203110
3670	-286.248451	-287.392159
948	-336.827390	-346.403262
1458	-288.648179	-286.299790
1649	-346.868661	-345.233825
180	-360.505528	-366.247333
1863	-381.631601	-375.520397
2416	-344.406447	-363.967853
9	-344.468531	-341.259533
537	-361.731930	-357.273851
2608	-306.369631	-317.672006
3867	-356.726146	-354.288182
1168	-308.454820	-317.508742
1718	-356.706262	-330.729000
2282	-375.368783	-376.715949
887	-361.720206	-370.596303
3652	-361.720088	-369.072926
2129	-356.722498	-360.447745
3783	-310.912792	-312.643991
2017	-310.940345	-297.357136
428	-324.570042	-332.345138
33	-264.504487	-262.963558
25	-309.712046	-315.982370
2046	-286.493052	-283.131659
3873	-348.051405	-327.959591
3672	-309.689612	-311.750904
2729	-323.315925	-329.703806
1325	-356.758284	-347.287808
295	-320.770299	-358.160965
3181	-307.209274	-286.425535
1838	-356.685238	-366.828626
1123	-375.393636	-383.730208
2403	-326.955365	-320.129533
3774	-305.130184	-305.710128
789	-324.581906	-325.550629
3680	-305.904722	-295.228445
1794	-325.712420	-306.955796
356	-372.741729	-379.276139
485	-250.585183	-261.391567
3073	-309.734862	-350.327492
2299	-280.273691	-262.837150
1144	-264.255612	-255.006997
1204	-361.704371	-371.117189
1346	-308.542644	-318.839679
853	-76.404702	-670.466870
2415	-340.676441	-350.631575
1212	-304.733723	-299.209041
158	-308.540079	-303.425920
660	-271.630416	-290.863374
2109	-321.219665	-317.708886
2979	-320.767064	-327.260507
1731	-381.565314	-384.675439
3486	-437.484875	-640.045416
2611	-346.824672	-324.098896
1580	-271.339821	-283.293513
2152	-308.540101	-312.461753
1324	-270.399280	-313.040571
1602	-318.339586	-314.113901
819	-276.204532	-270.400158
1013	-271.300649	-263.867161
2256	-303.503801	-309.923874
2840	-284.048718	-288.116849
3628	-272.509064	-284.085079
3351	-285.306999	-280.887221
1668	-344.433140	-351.652847
73	-233.293627	-234.641508
3976	-273.765901	-264.988953
3560	-286.463470	-290.054380
2116	-340.646768	-344.991224
2259	-361.734611	-360.720793
3209	-346.834502	-354.379588
3514	-340.654233	-339.506186
3562	-360.524672	-354.213308
1410	-273.759553	-264.980639
3478	-343.296547	-347.627522
3228	-381.648857	-378.689826
3569	-272.588302	-286.670650
2187	-310.904927	-329.354684
3047	-285.293918	-283.537079
3308	-381.582831	-402.944856
1002	-287.689262	-315.204055
1734	-359.354596	-359.930218
3697	-312.119261	-294.713119
1374	-322.175807	-339.250279
296	-345.688916	-352.872942
606	-343.235457	-308.067883
331	-309.734363	-317.460790
2719	-286.477365	-295.949488
3418	-308.467120	-308.061648
1677	-344.412416	-336.778821
1712	-345.612640	-338.200525
151	-270.397623	-275.925221
3492	-345.645245	-332.801854
1523	-340.646229	-344.030075
530	-360.503506	-344.584436
1542	-370.291993	-354.484976
3887	-242.196351	-224.123011
1949	-340.674935	-343.335260
221	-310.917273	-317.912882
3274	-196.407957	-187.195790
2292	-343.246371	-356.055601
3724	-324.573480	-319.077735
3191	-284.360325	-286.138794
1181	-323.657279	-315.715962
1310	-307.529289	-314.502546
2480	-344.385369	-350.856287
3366	-323.268818	-320.181118
581	-287.683128	-283.832208
1751	-339.469166	-340.245152
709	-286.134079	-304.829674
3222	-344.494043	-348.099026
2184	-360.501473	-360.145822
719	-309.693538	-296.622427
3974	-323.433262	-316.446627
165	-327.013034	-315.234682
2603	-341.863083	-331.529311
2718	-382.782995	-391.751933
3581	-319.540355	-295.567615
697	-340.621200	-335.446198
2112	-304.729640	-305.121423
349	-309.687623	-298.917677
3013	-346.883127	-354.809512
1471	-346.857623	-349.894586
2788	-345.596027	-338.690600
1475	-362.957353	-362.266069
1461	-346.899170	-350.750366
3001	-270.386138	-264.517381
863	-285.288405	-281.399076
2437	-356.692640	-359.565371
1221	-344.436348	-349.390492
1488	-320.766344	-310.403364
5	-351.628383	-352.971553
2095	-348.034975	-347.730997
1607	-303.462115	-313.099733
112	-340.648166	-332.725817
28	-324.630221	-322.510221
2836	-345.652670	-361.751531
3799	-291.018995	-305.012344
3912	-308.435951	-309.147509
1035	-284.385189	-304.686614
195	-296.296482	-302.189652
954	-324.612244	-335.977473
2938	-346.875201	-365.306030
3973	-356.659922	-352.396116
3283	-287.404397	-300.370942
3668	-309.700336	-331.853186
3747	-324.521162	-339.608244
2102	-361.723581	-362.417014
71	-346.864282	-338.969460
1220	-325.800532	-310.792038
3807	-361.706503	-351.781963
2201	-452.728039	-445.347549
1403	-308.462299	-300.473532
1541	-310.912991	-306.290394
2669	-309.763785	-325.841950
2067	-280.248350	-285.439005
3122	-232.329070	-222.167771
797	-278.075775	-297.524516
1479	-309.677142	-317.416742
46	-372.766726	-382.779145
2175	-324.545475	-324.238300
1226	-195.226072	-186.160859
2250	-339.462492	-336.354950
3180	-323.669200	-315.431649
234	-308.467880	-320.507366
3429	-274.987297	-283.534962
353	-197.632222	-362.908911
792	-310.898648	-286.337660
1760	-326.940002	-311.758842
2905	-307.206439	-338.482439
2363	-324.610150	-331.731449
2735	-309.690179	-314.741384
1703	-286.154755	-290.963651
1945	-361.754136	-361.460656
1257	-346.855622	-361.309860
1623	-229.615446	-185.282431
3846	-318.393987	-308.414541
934	-345.650323	-355.746569
1927	-361.739999	-355.774866
1665	-336.802871	-330.520639
764	-233.560626	-260.505669
1571	-470.915515	-468.663875
1297	-345.621773	-354.674720
2061	-345.638357	-346.997280
918	-310.917344	-317.385770
3384	-357.949026	-365.136063
950	-324.580266	-297.038245
1717	-345.603646	-338.216748
3700	-361.717469	-337.352591
3937	-361.713179	-355.096275
1481	-376.634518	-366.307599
802	-359.306313	-352.892689
256	-308.741915	-311.625150
3397	-356.702115	-360.718828
1743	-346.856186	-336.821823
53	-285.330157	-283.271282
203	-340.663148	-344.117172
2284	-359.298380	-369.549258
1131	-324.580815	-332.675747
3019	-301.357437	-302.217581
2692	-356.663387	-352.475334
1876	-251.732828	-255.238543
3834	-324.589539	-322.804070
2426	-340.650391	-339.060972
1367	-325.812267	-325.767797
2451	-359.328735	-384.847638
2193	-383.976576	-405.159451
2711	-322.460671	-325.931958
1433	-325.729800	-322.723217
2380	-327.025010	-334.353709
2928	-324.540084	-323.338300
2722	-344.423318	-340.556787
1839	-355.496901	-353.573677
2779	-381.606362	-397.768692
3240	-338.234966	-328.289671
663	-323.347275	-323.896802
2268	-302.558547	-309.510847
1583	-345.655509	-338.181239
403	-272.843742	-267.654387
1142	-309.702591	-289.854893
500	-308.452306	-324.484917
2055	-304.724717	-316.282892
3045	-310.906568	-289.383101
1444	-304.691748	-317.295952
3078	-383.966179	-362.328436
3186	-346.829695	-347.527320
2814	-325.804528	-327.585853
3521	-342.324182	-353.801259
2209	-382.781841	-369.044046
1227	-322.155306	-329.265523
2350	-341.853951	-360.787495
1259	-288.590804	-290.711917
305	-346.859213	-323.096298
1658	-287.337578	-286.454914
3559	-309.721434	-310.591300
147	-345.615452	-342.131054
3462	-272.538255	-288.242792
3404	-309.733988	-301.382257
1894	-360.532510	-357.119134
1075	-325.751822	-309.993765
2753	-310.904304	-300.612979
2258	-303.453218	-312.646422
2329	-324.557240	-328.117837
1170	-310.895183	-302.945078
3543	-287.318584	-307.574325
1857	-307.540766	-318.748524
2712	-274.985024	-298.605036
1100	-380.373569	-355.192426
753	-361.710299	-360.027991
2202	-324.602888	-336.615109
1347	-359.361259	-358.492264
1008	-248.448467	-254.399860
376	-309.732528	-324.458814
2564	-325.789398	-333.352712
3704	-348.035847	-416.608040
2174	-324.606491	-337.408407
1291	-285.276634	-286.369562
990	-309.684377	-314.608984
2933	-360.538112	-371.130727
851	-270.117027	-264.151198
943	-303.497783	-285.847230
1603	-232.363630	-249.567476
3223	-341.794931	-337.101288
3679	-320.794248	-319.098459
3387	-309.727603	-328.103830
1061	-343.531666	-342.171354
1935	-361.677841	-340.387305
3273	-288.589678	-289.513248
3615	-210.071468	-231.867687
3472	-340.657197	-340.940986
2124	-345.600825	-323.888023
2477	-360.539944	-361.551064
1450	-273.757658	-295.320457
1869	-269.207716	-260.387242
347	-309.687405	-304.504103
3891	-346.821929	-335.583792
250	-360.538828	-361.175056
2500	-286.498235	-293.408633
1936	-360.564423	-368.780760
3751	-339.491316	-339.527760
3184	-308.439671	-302.223124
430	-307.543210	-301.138983
2798	-307.259167	-314.023591
904	-345.608456	-346.312465
2079	-363.517297	-365.269297
749	-249.280474	-257.663427
263	-341.853650	-352.251644
1710	-361.726166	-341.680468
2800	-287.478272	-287.093258
2702	-309.685148	-304.812534
2965	-344.689237	-357.834283
94	-362.955075	-355.674257
1963	-325.761942	-319.401315
1796	-307.536544	-303.059758
3684	-362.958208	-353.369171
408	-208.863267	-235.024070
1311	-288.545722	-287.257499
2188	-288.690060	-298.992902
2464	-297.555801	-300.178388
548	-233.555951	-247.670394
3367	-269.216969	-263.702333
3123	-309.702150	-309.691150
3435	-361.728293	-364.082655
1105	-302.306944	-302.224940
3448	-324.634377	-331.759834
2910	-307.536915	-309.142094
3932	-360.472117	-350.120683
1878	-346.819711	-353.439320
3065	-344.486202	-350.997655
978	-324.545574	-337.954662
3770	-272.544060	-282.575445
843	-308.437835	-310.683165
553	-271.666055	-293.386457
1201	-224.944660	-220.903124
2598	-308.508949	-292.359631
2276	-309.679242	-309.541327
2898	-310.940190	-310.349934
3498	-381.585231	-378.381568
2286	-309.728265	-293.670560
2199	-377.815601	-363.743675
860	-397.697425	-394.687482
3280	-344.483775	-349.175055
3840	-309.681264	-317.393769
2831	-356.723059	-360.258037
1886	-302.286171	-310.206727
3903	-340.636306	-365.290778
2915	-344.371144	-338.741765
359	-346.832402	-351.146226
761	-312.126820	-300.416251
1218	-287.431740	-291.147961
1156	-154.972731	-176.600016
3438	-312.132858	-314.376513
1323	-289.811983	-329.913125
89	-249.259410	-265.257010
473	-346.828378	-343.631416
1329	-309.710338	-333.758702
1299	-348.043466	-326.020008
2472	-209.159302	-226.338206
1835	-376.631067	-372.321356
2297	-322.412936	-340.799589
1178	-382.751729	-373.416383
613	-309.689486	-318.977889
835	-320.740782	-317.509676
594	-325.809558	-311.239781
3328	-324.549529	-325.737451
2446	-361.740252	-369.700063
3037	-288.567911	-287.167968
383	-361.702346	-354.959497
1986	-344.459234	-341.855352
3598	-340.671493	-347.930604
3208	-288.572843	-279.138397
3742	-271.272557	-284.850756
3754	-324.570035	-332.847747
371	-380.374978	-374.474704
1314	-324.460304	-332.655428
839	-302.254301	-307.037637
159	-273.773408	-236.142120
2398	-319.533364	-326.651410
3957	-307.291354	-321.492671
1447	-469.758395	-473.525430
2420	-340.625366	-342.570811
2006	-339.486095	-338.403796
1849	-324.547957	-320.512990
97	-286.495035	-298.434093
935	-269.154939	-263.753291
504	-356.680129	-362.071044
3930	-338.542975	-343.874006
2455	-344.431301	-361.472489
3707	-271.620156	-262.441317
416	-271.318448	-276.088372
1186	-359.296697	-332.037122
201	-308.561649	-296.807698
1671	-309.708282	-303.320945
3193	-320.725883	-324.816486
388	-340.594424	-342.382193
3169	-310.902849	-317.565089
3276	-344.508729	-366.942064
289	-321.949791	-323.069942
2760	-155.908941	-194.450414
3195	-274.982322	-269.908664
3389	-309.689740	-308.983341
1256	-312.119596	-312.302385
3174	-272.844804	-277.395415
2562	-375.357530	-379.291458
1241	-345.608395	-344.405835
1522	-324.485746	-323.385468
3405	-269.206920	-286.819527
1630	-323.431776	-313.646627
3160	-362.937857	-370.418154
1987	-325.775071	-288.545923
1294	-345.612830	-342.121734
3619	-325.779372	-316.837218
1422	-361.728608	-348.683280
2185	-344.343476	-353.737838
955	-345.632414	-333.246451
1577	-355.468067	-354.353924
1127	-345.659797	-346.642066
2587	-376.609234	-377.615321
1714	-132.718150	-275.849253
2517	-308.462063	-295.889594
3894	-322.469844	-325.026246
1707	-288.590006	-276.911557
1438	-356.728392	-342.729751
3548	-79.764152	303.552871
958	-302.599262	-295.517984
328	-310.911163	-325.814090
2092	-288.572051	-296.018096
2524	-392.642251	-398.371698
1015	-344.454928	-357.155103
1373	-324.557383	-326.066605
3485	-324.614459	-329.094784
2515	-323.341413	-322.851505
734	-233.242250	-241.648890
634	-154.960361	-186.091637
2450	-312.124760	-298.382313
2400	-345.592410	-327.964054
1095	-324.603415	-324.680954
1621	-346.884834	-320.311287
3642	-324.565306	-322.972135
1361	-346.840635	-333.035599
2387	-391.391111	-383.080375
2155	-343.243883	-337.712453
550	-319.568017	-319.699388
3656	-310.918831	-310.851752
2454	-288.578155	-291.328478
3752	-345.686524	-335.992938
3230	-344.454591	-366.103746
240	-286.517094	-283.756922
1510	-322.425235	-307.556173
1129	-340.618148	-351.300442
3925	-325.718488	-323.167086
2641	-270.394309	-271.447566
3216	-344.380260	-352.270218
2332	-342.335241	-341.925439
2099	-288.573876	-298.968763
2313	-312.122262	-280.991440
1081	-310.912796	-309.322227
334	-245.983375	-224.384455
766	-312.133805	-319.026075
1108	-341.839596	-340.478545
2013	-343.195410	-324.188931
1554	-320.728167	-306.320523
2422	-325.718957	-326.344614
1326	-266.616319	-263.582044
207	-285.281032	-288.375788
313	-361.721849	-361.670315
1207	-324.584396	-329.657526
186	-340.606711	-349.526190
603	-346.867624	-336.369869
302	-340.632285	-341.787871
653	-344.473681	-337.635423
2272	-324.528642	-313.530656
399	-304.735224	-314.771211
981	-303.499320	-286.842482
1807	-344.469516	-324.231213
2622	-346.829131	-342.132474
2961	-348.061993	-359.330509
2904	-302.545112	-304.361133
2179	-361.698233	-352.785601
3577	-361.716705	-355.686122
2401	-263.280728	-278.028081
963	-345.645239	-352.180549
1525	-345.608193	-371.331519
1070	-361.752301	-356.160614
525	-273.812813	-290.632811
3487	-210.101789	-204.481448
1469	-324.444698	-312.843886
1150	-308.551121	-337.419909
1952	-344.408452	-353.560354
3639	-345.680996	-353.630522
3036	-310.907823	-331.740661
3148	-324.567513	-311.360600
936	-382.773457	-365.354494
3575	-309.736328	-314.083919
1121	-333.449362	-324.219235
3352	-272.834623	-237.978831
1344	-341.767606	-325.615183
2605	-346.869041	-349.668339
3446	-306.044918	-312.482413
410	-325.835955	-314.090565
2847	-307.566260	-307.586142
3660	-288.651313	-309.670251
771	-346.903261	-363.844358
2544	-381.632480	-378.035422
2688	-284.964138	-279.665037
3188	-325.807242	-321.519514
1050	-304.643392	-305.838758
3338	-308.466631	-306.795354
718	-392.601894	-409.754934
3821	-308.427345	-298.843344
427	-382.798099	-366.085936
2434	-377.845502	-363.706763
3877	-340.623773	-337.381806
2633	-324.627681	-318.833468
894	-338.247875	-332.695026
3964	-336.853985	-332.778348
1027	-360.529992	-359.017959
3768	-227.338075	-230.118539
2627	-235.695309	-228.999321
1407	-235.694798	-222.900243
1065	-360.485823	-361.847538
229	-361.648305	-356.115174
288	-355.557059	-346.691423
2565	-345.591597	-341.564316
3473	-360.527434	-357.208149
3064	-326.983087	-333.275239
1853	-359.314227	-368.323991
2279	-309.711101	-302.494073
20	-270.370102	-244.207237
2344	-305.915175	-307.041641
2901	-318.323005	-315.986761
227	-377.805829	-398.188532
1033	-339.482903	-340.173008
321	-324.604397	-325.658174
2687	-377.816463	-357.152050
448	-346.831139	-335.320093
2432	-274.987245	-317.130590
3244	-323.320332	-315.337535
326	-236.917664	-246.517287
3451	-319.606765	-322.977872
156	-288.654408	-297.042769
2765	-381.546975	-371.300185
834	-346.828689	-358.205222
3949	-359.301320	-366.029749
3610	-360.476593	-360.859203
555	-361.677945	-360.971194
2106	-286.476486	-289.332503
35	-343.197784	-318.292850
689	-341.818686	-337.684504
2507	-291.014750	-286.427773
3167	-309.688639	-299.518399
744	-249.332005	-264.891827
438	-381.565482	-376.398712
687	-346.841762	-350.036249
3647	-325.794522	-315.220783
1934	-341.769746	-347.628791
2084	-361.708021	-341.038589
2097	-345.639692	-346.256442
1395	-375.348487	-376.663322
503	-355.514134	-344.436497
1303	-345.676156	-344.448058
2035	-249.294409	-244.796295
300	-324.602433	-325.434025
3097	-309.716094	-302.103510
922	-272.844560	-276.646286
3940	-308.464824	-313.234478
2220	-272.538190	-265.846545
1870	-309.686187	-312.452851
272	-322.161948	-329.455273
988	-341.827199	-340.297583
222	-412.548009	-408.614313
2541	-341.834413	-348.053398
1516	-249.358446	-266.330830
3094	-324.601619	-317.205603
402	-312.124533	-294.189898
1836	-268.273739	-257.329194
3056	-269.180682	-312.954487
3907	-291.017966	-302.373588
3304	-346.843297	-329.567286
2244	-414.351653	-368.995499
3439	-301.389192	-300.373457
254	-285.284456	-286.503099
803	-325.789564	-320.090673
1550	-301.345683	-304.791583
884	-276.202586	-262.403577
3787	-381.580675	-383.533124
755	-324.568345	-328.490888
2960	-271.360631	-271.225610
2555	-287.427764	-284.879334
2690	-231.093096	-217.827515
3106	-273.735646	-253.844136
2636	-306.112153	-309.748152
699	-307.243079	-301.067637
3985	-324.548763	-316.651057
1569	-234.503085	-234.370276
2447	-323.330261	-317.870673
529	-309.725786	-314.413409
3661	-287.358011	-283.057886
3820	-340.655117	-343.136704
63	-287.377993	-283.480128
2936	-324.504178	-327.480047
1977	-312.131398	-357.881769
980	-356.743821	-361.986564
2150	-324.570860	-319.814277
2839	-362.930315	-375.250752
1994	-383.983835	-395.713521
1476	-308.455419	-320.558163
3597	-360.539435	-352.299148
3143	-286.432042	-282.647781
3315	-269.176979	-267.395504
3420	-306.358581	-327.754719
2144	-324.574829	-324.541462
2612	-345.627545	-346.750587
3090	-287.362939	-287.843220
2374	-285.279236	-281.145867
3436	-361.762744	-363.987808
2136	-263.278851	-301.258059
3014	-269.263802	-277.328773
1378	-346.867789	-338.989781
573	-286.504534	-306.738553
1086	-272.587059	-269.207884
87	-490.834069	-509.134606
3455	-270.401061	-275.283691
3201	-346.845480	-345.595309
424	-309.717380	-305.659747
3574	-398.876124	-399.690741
443	-325.754109	-329.592180
717	-380.401348	-394.300702
1847	-325.753767	-322.453813
81	-318.390876	-309.563043
2750	-268.301176	-276.462491
2991	-272.841336	-281.379202
545	-356.698773	-381.822403
516	-312.134532	-250.631334
1819	-249.292101	-250.528566
1251	-322.482659	-311.110393
921	-325.682121	-314.433464
3829	-323.654114	-329.453672
1909	-345.630398	-345.999337
3961	-308.561152	-314.396997
3601	-308.749822	-299.714149
2575	-308.759090	-322.872637
2652	-317.377404	-313.081235
2430	-304.688809	-307.815308
3243	-377.816466	-357.311378
1174	-345.614442	-354.623354
2164	-304.744503	-299.695897
1947	-303.533559	-317.604587
2180	-340.665904	-330.208152
901	-270.446915	-283.629142
852	-361.731511	-358.079550
3566	-325.830752	-329.011005
3606	-310.906553	-314.016295
527	-324.629301	-333.200442
3777	-339.431092	-353.682328
1879	-288.594527	-284.938910
2394	-355.446449	-346.970846
2723	-324.554067	-319.119983
453	-375.430225	-372.497614
3659	-340.683837	-345.005606
2944	-309.687280	-301.630798
3990	-303.459637	-304.586609
3552	-325.793166	-329.771127
3765	-453.654335	-441.141324
3743	-325.726182	-321.469166
3241	-319.515995	-294.377370
520	-309.720011	-294.057245
3941	-231.108368	-214.920251
3525	-340.662316	-334.502082
1421	-360.526142	-363.819623
2599	-355.457663	-351.149755
167	-310.912077	-301.320966
2163	-324.503356	-313.198739
1850	-323.407987	-324.622782
639	-270.405973	-269.027355
991	-345.602096	-333.146471
2041	-346.821470	-333.218133
1405	-361.711854	-359.526869
727	-272.562906	-270.944930
2900	-272.554670	-280.155839
3860	-308.505267	-325.288144
125	-228.992613	-232.278617
693	-234.520624	-237.048198
976	-382.776658	-389.424676
1627	-301.363590	-299.750516
2740	-360.536920	-363.685625
2121	-324.619773	-342.185644
927	-340.676668	-354.190708
2049	-344.463291	-353.471065
3544	-312.133269	-295.944136
3416	-320.770681	-309.952591
2545	-324.614082	-343.041477
48	-304.689512	-297.286752
1656	-323.352987	-311.302635
644	-376.595314	-367.456936
2747	-301.332569	-296.301062
947	-322.454079	-325.776298
3727	-285.317454	-279.944650
1973	-340.637231	-316.840178
946	-324.577279	-331.729360
3572	-322.172641	-322.098360
3927	-323.326298	-314.424175
2482	-268.321270	-259.244261
1379	-325.731549	-351.084663
2677	-309.684577	-303.684710
1246	-318.406529	-317.734820
1120	-353.283458	-358.655419
1701	-344.428649	-346.407357
1955	-339.498757	-339.421294
2710	-361.773017	-349.705286
2143	-288.628466	-285.144829
593	-303.525517	-305.622028
433	-396.498209	-388.466197
1568	-324.555249	-326.223629
1302	-339.445855	-347.249372
84	-345.610574	-338.639502
2625	-291.021574	-294.239377
68	-286.519735	-294.165593
3295	-231.069318	-173.108492
197	-233.549368	-212.164695
380	-307.581989	-300.267365
2082	-302.567313	-324.263011
3953	-325.792503	-313.721009
1267	-341.841438	-355.434029
3161	-309.678595	-322.478858
1184	-286.506282	-303.723907
390	-306.070291	-286.381332
488	-346.861837	-357.925805
1991	-285.282532	-284.978038
2807	-269.176124	-271.608092
309	-309.718312	-320.404181
3759	-270.393902	-279.526782
2341	-377.784360	-385.802727
1370	-242.180146	-239.388621
3657	-312.124380	-264.228609
798	-208.842347	-242.882225
2354	-387.558484	-379.115521
3709	-340.613243	-343.516999
1365	-361.755045	-362.646228
2947	-355.510313	-350.453175
3696	-308.474441	-310.733332
1216	-308.465534	-308.518646
2205	-318.391203	-321.822503
2418	-304.734646	-305.680618
1466	-340.657975	-347.148877
596	-325.754527	-336.411720
2583	-346.859078	-368.607690
2027	-376.585000	-374.158099
1415	-338.156727	-334.651031
1089	-344.451793	-344.382908
341	-273.735711	-255.612502
3905	-395.515911	-401.741705
192	-310.897684	-307.101361
1068	-308.470010	-307.823776
2328	-320.732586	-325.806851
3767	-324.568597	-333.327656
2327	-381.624797	-364.986818
1254	-325.753541	-309.376954
3110	-236.917458	-200.357337
237	-268.287661	-283.488339
3911	-345.639354	-326.986478
2577	-381.600777	-399.791212
2383	-324.593866	-315.408615
3252	-340.610842	-340.760191
2025	-249.363808	-268.549213
1248	-304.732336	-301.523496
1928	-326.927990	-314.491113
2316	-306.361448	-309.588137
3166	-326.949535	-328.318985
3183	-345.642870	-362.147313
1429	-288.579114	-290.451225
169	-309.688569	-311.270202
1872	-272.566631	-279.814255
1753	-375.351387	-388.993261
2693	-340.638326	-342.328327
2342	-309.680487	-321.005116
3452	-361.758902	-370.820138
2526	-340.601771	-334.012434
126	-274.991042	-274.883028
2637	-325.687098	-319.731281
2491	-381.634033	-385.854439
1222	-325.805865	-326.144781
391	-345.584667	-341.024464
2572	-360.495461	-351.750913
157	-376.519880	-382.571925
3428	-288.564752	-284.254768
1564	-288.555332	-290.863330
1366	-345.633122	-343.212960
1320	-340.656628	-341.538984
2825	-360.576433	-355.797632
1844	-325.808754	-336.248755
799	-310.910909	-322.515255
1787	-325.795649	-318.440226
1982	-345.609374	-351.347325
3088	-308.459859	-308.594956
3414	-285.313674	-299.679976
760	-324.605411	-312.269944
2042	-232.364952	-225.476829
3211	-310.908555	-296.914090
3801	-310.937414	-339.716410
1797	-194.267232	-165.362748
320	-232.333410	-228.991447
3835	-309.693085	-306.453746
3040	-360.506446	-356.566814
3702	-362.951503	-345.849933
1669	-287.426878	-303.960157
3120	-309.689111	-302.380097
2453	-268.273240	-292.509416
992	-377.811306	-374.576478
752	-324.557693	-327.646740
3282	-362.972786	-348.760028
3583	-325.721011	-325.318431
3863	-346.804974	-355.615141
919	-272.589999	-273.314540
945	-264.243028	-286.129763
2908	-271.620997	-265.399229
1907	-346.819476	-337.181492
2914	-270.422403	-279.294159
1099	-231.975652	-247.813296
768	-193.039603	-182.024347
3424	-348.051118	-340.600568
1024	-302.535621	-316.841268
378	-356.705084	-361.745082
285	-249.362379	-273.929138
2504	-325.805550	-324.917019
805	-309.658574	-302.175029
635	-324.578381	-318.140746
421	-288.627624	-288.062372
3445	-286.508374	-291.176238
3526	-249.285024	-239.496288
1482	-312.132386	-309.833159
252	-305.913756	-303.737431
1694	-273.743311	-278.897346
1802	-361.715983	-357.310983
3425	-324.547564	-335.052960
1456	-308.496384	-316.610336
2728	-304.742823	-298.274543
1398	-234.469383	-225.130544
1154	-310.937644	-302.779269
2145	-346.844016	-339.167240
3862	-271.646263	-281.610436
1063	-265.440996	-263.858527
1616	-272.539058	-264.335201
1232	-336.811744	-342.010619
522	-309.680641	-301.115767
3931	-288.683173	-289.763265
233	-301.382062	-295.270123
1612	-310.902795	-307.942220
3340	-229.879598	-222.195821
1067	-273.762417	-248.682760
2023	-317.402836	-316.923860
2862	-309.693471	-304.801437
3519	-376.604739	-351.606378
2663	-361.722327	-371.752030
825	-340.536374	-350.506159
1700	-320.782427	-317.379001
1234	-325.796704	-330.692957
3297	-360.526636	-359.179806
3102	-310.903589	-305.404279
1756	-326.935440	-326.178699
43	-319.572842	-321.512153
1983	-320.792773	-307.791669
3408	-287.661454	-307.063863
2678	-285.255563	-276.665688
1725	-360.495137	-369.643024
731	-355.501990	-351.490483
1336	-334.362330	-343.327527
3816	-272.830720	-260.971249
1454	-288.652757	-310.847976
2671	-344.377098	-339.318298
2817	-340.641240	-349.973590
212	-324.605613	-320.225225
2591	-325.773278	-318.559997
369	-361.733362	-352.977077
3155	-376.605641	-380.728841
2216	-308.505718	-309.020992
3625	-326.948771	-325.437031
3453	-321.254976	-300.666990
2996	-324.566568	-330.976478
794	-248.143861	-280.339390
3539	-324.625415	-330.347409
2775	-382.812383	-397.865674
228	-346.859384	-346.283977
2585	-249.269471	-243.722307
1719	-232.050342	-232.987808
2349	-301.357553	-301.663159
2499	-376.539208	-393.442377
1402	-286.203815	-293.706276
1113	-234.484521	-224.737837
2668	-310.906004	-322.170324
1767	-285.277900	-263.071692
578	-382.825717	-381.127363
3413	-308.440890	-315.344469
3286	-361.731914	-344.427248
3111	-318.340705	-317.718691
3229	-271.614305	-270.202659
2066	-432.401755	-435.245227
456	-336.811524	-329.060118
2336	-344.433499	-362.469626
1793	-325.725688	-323.720564
940	-325.787515	-341.304088
3156	-362.941094	-348.106899
3494	-324.573795	-336.912407
1385	-309.679840	-303.360421
3419	-335.590859	-331.599057
975	-357.171724	-364.890518
1330	-324.575010	-330.461031
1420	-286.516174	-286.757705
3726	-382.754967	-375.204488
2741	-297.520999	-302.559216
897	-345.659998	-326.242244
2912	-346.883119	-349.758757
1989	-287.426977	-299.107821
1758	-271.616401	-280.982782
560	-344.385047	-339.037001
1289	-344.439723	-349.266737
610	-324.629068	-331.454162
1296	-345.612257	-349.800600
912	-323.344400	-331.506992
2413	-345.604177	-339.738775
3744	-339.414779	-336.908496
173	-396.486463	-399.032312
2266	-289.766576	-309.332752
3348	-304.715963	-300.955515
1195	-285.287913	-294.915595
3699	-355.497878	-354.490880
1614	-325.736331	-330.729870
278	-397.667072	-403.482535
3057	-301.381127	-298.389092
3915	-309.687698	-308.134438
3745	-310.912788	-302.209124
2640	-398.880824	-412.712997
3204	-306.313706	-391.171050
1169	-346.819305	-335.306837
2713	-310.904631	-320.685199
2680	-340.664901	-340.874650
685	-320.029854	-315.419819
3691	-352.852117	-340.965879
2685	-344.426408	-339.093890
54	-195.186228	-179.556205
2319	-271.316064	-267.501654
1250	-309.686189	-328.656060
2557	-273.774103	-258.178813
1018	-354.272548	-357.119803
463	-309.715058	-304.607253
1885	-345.647670	-339.542319
1010	-340.666160	-343.395674
3794	-317.361117	-324.511042
146	-377.813815	-371.518065
3789	-273.762938	-280.362046
977	-285.160699	-264.656158
2739	-362.946034	-361.384847
1295	-346.829652	-337.424044
2494	-274.984732	-313.141577
2108	-267.944278	-279.426355
636	-382.818623	-381.577057
3287	-271.458576	-264.165247
483	-309.705795	-314.206404
2151	-289.802108	-295.602244
1116	-356.691214	-350.442001
3059	-363.508158	-359.870318
2708	-308.512758	-329.347772
3421	-324.571081	-322.481978
3954	-271.611366	-280.479699
3190	-232.325947	-208.603373
767	-346.861463	-345.121160
1761	-376.622507	-369.416456
2826	-308.764658	-300.134887
318	-310.954514	-333.266888
3711	-303.469034	-309.882201
2442	-345.636611	-360.219300
759	-398.888473	-405.672957
908	-310.911406	-311.901431
2052	-325.809179	-311.266349
3373	-271.613890	-266.317252
2505	-344.440744	-340.671384
1271	-310.902165	-296.065921
604	-320.777491	-320.375271
3362	-345.632413	-346.707415
2238	-281.495234	-292.343058
17	-345.612580	-349.103946
3007	-319.573727	-312.486575
898	-305.906901	-294.153307
1531	-345.640098	-339.684811
2535	-272.835594	-230.784404
1653	-157.116735	-186.927201
2331	-308.516808	-317.881091
1492	-310.927319	-301.717987
3339	-356.699649	-351.555194
3084	-325.781161	-353.001058
667	-360.533083	-362.210648
3033	-325.785262	-314.130366
1484	-273.817328	-344.664643
109	-158.340943	-70.018104
3689	-308.467642	-301.365328
2417	-336.838171	-346.290408
3112	-327.021680	-331.283180
3465	-324.548021	-315.984203
3131	-303.560907	-299.824902
790	-341.836780	-341.089321
2925	-301.394865	-292.426626
3507	-376.594067	-380.013788
871	-309.680919	-313.991415
1604	-347.456674	-348.344046
3812	-271.623066	-296.728497
801	-273.763117	-275.474612
517	-344.434827	-343.074718
1837	-381.574917	-375.829423
2217	-344.408081	-346.567823
1555	-324.529724	-328.385383
3876	-304.574737	-309.244447
286	-324.563745	-339.471497
552	-340.639366	-350.322970
2033	-310.919833	-297.744020
304	-322.464725	-326.697135
3319	-376.604793	-380.010357
657	-270.392759	-268.876278
813	-361.733052	-363.021761
1615	-287.344000	-285.204466
607	-301.373496	-297.731018
3635	-308.475489	-312.245293
3269	-381.624381	-390.487695
2639	-302.580808	-298.503801
1047	-346.836177	-343.201150
225	-346.842403	-345.192309
2699	-346.864540	-339.782937
1966	-302.558699	-301.578627
3178	-345.605421	-344.135082
3497	-392.627857	-399.888043
149	-380.415966	-383.207081
2203	-310.911529	-328.341926
601	-324.603558	-323.549179
762	-346.863396	-332.018657
855	-271.614051	-270.496729
1064	-276.202311	-255.129648
1620	-270.431243	-278.760115
1104	-287.315479	-286.472699
2386	-352.829520	-344.007730
1778	-305.036659	-274.831352
1051	-346.860404	-352.721160
1716	-325.784331	-324.964350
3580	-345.661657	-352.613235
2528	-308.467760	-307.424017
3595	-345.600227	-347.697348
1647	-343.242553	-342.459939
1172	-357.927353	-346.734535
2883	-308.757991	-289.046346
2983	-346.833689	-348.675453
1094	-304.696023	-280.554861
778	-324.573162	-331.505005
196	-341.759398	-338.998134
1016	-305.129953	-312.277912
16	-273.806874	-275.114870
3212	-360.575745	-362.441855
910	-270.384937	-264.371361
2812	-381.619786	-364.327676
41	-345.649146	-366.055587
3091	-341.869641	-314.579578
1464	-381.610550	-393.050426
2746	-247.190194	-254.819643
95	-351.666551	-343.107841
1007	-235.694216	-210.424343
1867	-324.583096	-321.556940
3788	-361.725962	-356.159473
1512	-346.839595	-336.686263
2531	-157.115484	-262.381331
3359	-325.733758	-328.858476
868	-312.124574	-339.669947
832	-308.470270	-316.579600
2903	-308.505951	-318.164090
1043	-324.605875	-330.258372
45	-266.615452	-260.496024
2875	-344.475122	-351.965573
1636	-233.551389	-250.108303
3203	-308.459279	-315.274980
3457	-324.559213	-321.560680
893	-232.317400	-237.094903
869	-327.026488	-327.059719
2093	-324.473588	-333.518595
2225	-324.612179	-324.453135
1233	-265.440660	-259.757611
60	-382.768883	-365.132250
3137	-272.533448	-273.876459
973	-325.790444	-330.357371
36	-344.382282	-343.860021
301	-324.570823	-328.855843
714	-356.669324	-359.540891
3210	-336.808333	-340.268500
2309	-272.583285	-273.476932
1353	-359.297643	-335.242072
2127	-308.519863	-308.397230
844	-324.606050	-318.837565
1053	-340.610046	-342.162665
3823	-303.527274	-310.935913
1622	-346.869712	-347.666889
3805	-309.680682	-313.344239
2154	-360.512793	-366.897432
2698	-344.434438	-334.112155
2589	-361.718361	-352.674545
1203	-261.802956	-282.257503
3878	-360.554015	-358.302761
395	-234.447743	-200.465883
1382	-360.492675	-356.623820
444	-340.665581	-340.954381
2742	-348.048844	-347.239445
1513	-306.368494	-328.069273
2039	-360.553317	-359.088783
3093	-334.424572	-323.250125
1619	-340.600021	-332.976350
3330	-323.360126	-335.450703
728	-309.678404	-295.666467
1610	-196.406419	-168.514992
3936	-326.951067	-318.428959
1312	-381.612501	-381.566239
1613	-346.890723	-357.884151
3809	-310.902628	-290.993129
3960	-336.825944	-346.937549
134	-308.516376	-308.377112
312	-234.485640	-228.844079
131	-345.603479	-337.349792
1896	-326.971392	-338.133512
346	-307.586014	-294.032688
3624	-324.614194	-327.716331
3753	-271.652242	-259.449354
3897	-324.519277	-294.827324
1281	-308.457113	-308.517517
3395	-248.436061	-268.802075
582	-325.833302	-314.781440
2967	-305.841708	-308.144136
3224	-286.504546	-274.060452
2902	-271.653205	-300.087894
291	-304.683134	-311.096912
3310	-309.721850	-301.874881
2558	-472.145935	-490.480543
1633	-247.201165	-236.695414
1840	-360.536972	-357.117285
1253	-312.126356	-284.013250
2665	-348.031230	-328.604101
1946	-346.841836	-334.624235
2942	-325.778444	-335.969314
3076	-247.198000	-243.633545
1942	-382.751274	-403.856128
2218	-325.756157	-316.922832
3018	-345.638117	-348.765083
1252	-301.395982	-306.529626
3185	-348.053386	-351.936727
1122	-345.601318	-337.487318
3870	-345.605387	-344.047820
1217	-325.773675	-325.590028
1900	-309.689410	-348.852357
3604	-273.812100	-277.076277
2842	-308.450204	-313.508323
580	-360.537290	-354.714412
2828	-232.030352	-234.016640
3923	-309.737951	-314.057792
3967	-273.758273	-280.815691
3755	-341.874216	-347.555670
3024	-251.729571	-261.485386
2360	-340.636727	-341.611213
1591	-249.397368	-252.345649
1377	-325.768959	-326.874595
1650	-341.836348	-343.684114
784	-377.848074	-378.062891
859	-308.468407	-315.187454
3000	-309.688191	-313.582270
3576	-325.729906	-311.148136
1206	-342.315546	-355.212303
3342	-153.787612	-208.102460
1880	-346.873992	-370.473238
3630	-287.660591	-287.824480
3354	-360.529236	-361.281633
2101	-361.717364	-359.115912
3440	-322.135917	-323.558169
3849	-360.531172	-367.300850
649	-340.685408	-340.240170
831	-346.867207	-366.042499
763	-308.429953	-309.493021
3275	-308.757315	-319.097060
3981	-249.257629	-261.049870
3289	-270.437636	-280.726532
1056	-271.618179	-307.312586
3855	-304.746925	-301.870521
3	-346.838279	-339.298141
1617	-355.508183	-356.106600
2539	-321.276274	-316.604402
2922	-352.890573	-358.521547
3939	-317.386479	-317.161147
2245	-308.434866	-302.551091
382	-344.494711	-344.279951
1890	-371.608385	-399.139636
1266	-324.582035	-307.366467
2570	-324.626187	-310.213259
1782	-308.555419	-311.346151
389	-271.336957	-285.097203
3616	-225.221461	-265.320823
248	-339.489875	-346.271384
2197	-309.684327	-314.448463
78	-270.472470	-290.258489
1453	-309.720334	-307.151205
1873	-346.842529	-328.566249
3170	-271.626697	-272.663700
3698	-360.508088	-365.845248
1971	-362.906662	-366.437045
1096	-309.689595	-306.340478
650	-193.034094	-210.777175
161	-285.276468	-283.194534
2948	-382.790431	-384.861771
2978	-340.669862	-342.889621
2343	-325.781464	-334.163122
1425	-288.648476	-303.942862
3793	-381.580932	-348.493788
2581	-234.469389	-182.534312
1789	-310.905299	-279.717421
2428	-309.682996	-326.985009
2597	-412.494644	-412.613490
3257	-308.472221	-307.940753
1720	-309.692095	-337.336819
3054	-269.129580	-249.418501
172	-282.667163	-260.806102
458	-340.699868	-337.270097
885	-324.623780	-330.020211
1744	-288.535621	-281.032088
2534	-362.960595	-360.992965
1996	-356.687774	-357.132070
2974	-396.486691	-408.184971
2085	-309.695312	-293.411187
363	-320.778723	-322.480998
1082	-310.901659	-329.768500
3391	-306.403144	-321.235167
1141	-115.679136	-13.479809
598	-193.088340	-174.328928
3634	-340.646592	-340.815173
257	-324.569867	-327.187191
675	-346.827397	-345.483966
3142	-376.617653	-381.839855
1022	-310.902683	-295.706495
2748	-321.271406	-329.092085
923	-322.135797	-322.339448
1148	-284.062954	-282.450997
1930	-341.835805	-338.888497
2730	-286.492223	-286.743882
3728	-234.474951	-238.524542
591	-325.760915	-330.228132
1036	-340.609236	-348.476265
2790	-287.732329	-287.030361
2232	-56.525887	-397.055312
2235	-318.409670	-325.495808
1247	-325.770105	-330.040611
3152	-335.591582	-331.514072
2074	-285.300440	-338.488779
2457	-382.757134	-375.371204
602	-275.010289	-275.987044
1742	-288.583008	-291.143777
1655	-338.217210	-336.793571
1194	-381.612648	-371.884000
3830	-346.817778	-331.370313
2270	-355.497046	-358.395421
1741	-345.629842	-345.047270
235	-270.375081	-256.987727
3437	-288.585212	-278.475080
3442	-381.635659	-379.056421
2008	-336.802659	-332.974373
3677	-307.571921	-312.408320
2592	-308.486071	-312.874023
2986	-340.629609	-339.313711
3132	-309.670613	-312.518150
2672	-355.556836	-351.916826
11	-356.688211	-360.558086
1424	-212.438188	-182.012386
3673	-309.691463	-307.256886
2054	-302.588564	-316.342146
189	-322.167165	-319.386970
2198	-382.804255	-372.426198
3333	-361.709769	-341.160165
1272	-308.486687	-307.516299
1774	-324.585556	-322.322884
2794	-304.681399	-294.439921
3135	-272.569212	-262.199418
3956	-345.698757	-347.194159
247	-304.688358	-300.808593
1343	-310.895432	-309.348833
1502	-340.679724	-346.550623
1589	-324.608694	-323.215308
712	-294.081616	-348.350427
2537	-317.434422	-314.581224
3245	-327.024699	-326.090053
47	-247.225618	-245.839731
2837	-325.730097	-329.567579
3115	-340.620294	-342.380427
2153	-309.673226	-318.724546
633	-325.759393	-314.244215
3215	-320.793270	-324.800295
171	-361.745138	-363.010083
1799	-346.861635	-341.037361
3081	-302.557878	-317.465806
77	-348.062001	-350.600009
2465	-339.464024	-354.902600
219	-307.221351	-287.143749
1572	-322.170570	-326.957101
1443	-346.867442	-330.666731
2357	-325.754267	-327.405581
942	-325.715957	-315.062467
2554	-345.649886	-359.089155
2757	-346.855643	-349.516954
957	-360.490486	-362.779646
1584	-251.727102	-233.371904
2582	-320.773768	-325.417890
3895	-325.808333	-325.324767
3671	-326.941692	-317.997286
457	-380.372151	-375.024332
2371	-307.253245	-310.866853
1514	-320.781098	-312.364807
2706	-345.667357	-342.930048
2994	-345.597078	-338.687481
2182	-340.610000	-342.506134
1057	-391.518453	-412.713360
467	-273.793804	-274.698462
1423	-344.413850	-341.360517
481	-307.573371	-308.825155
741	-344.434318	-336.436018
3392	-361.774979	-363.591668
3063	-317.413890	-315.113615
3678	-285.255880	-272.265377
592	-307.614861	-347.697103
377	-360.527122	-364.121865
79	-324.605178	-314.080022
1177	-325.808092	-341.812720
2278	-345.650717	-344.585424
1709	-326.941251	-317.527128
3433	-308.465425	-314.749726
3469	-356.686540	-353.829606
3010	-361.720579	-363.192003
2110	-341.867094	-343.923998
3885	-304.728655	-314.242572
2785	-310.915445	-308.147733
1140	-304.683966	-306.351500
2763	-272.548325	-284.015066
2128	-308.504896	-300.691860
1038	-267.106213	-257.636660
780	-308.769557	-312.609793
3703	-287.697316	-306.740105
3041	-345.692143	-333.794650
2243	-340.673964	-341.037247
2691	-308.505543	-322.563956
3479	-265.289023	-263.096393
2953	-348.047609	-340.697820
1243	-323.582949	-292.851160
352	-288.557016	-288.783855
51	-283.168740	-310.081990
498	-273.791878	-322.308052
2952	-308.511290	-323.623912
3192	-313.554802	-315.812321
2811	-326.944158	-328.692939
315	-302.472397	-297.373756
1040	-268.307873	-291.887247
358	-272.544323	-255.346302
2488	-363.508158	-359.546591
2444	-318.641916	-330.897986
1632	-340.673967	-342.282790
2618	-361.768020	-362.711031
523	-345.565792	-347.773442
1048	-286.495416	-288.411825
3077	-336.822591	-338.242590
847	-324.608363	-326.697597
344	-343.305175	-360.922092
3558	-339.464817	-339.637763
3017	-271.339346	-251.500201
2229	-319.560814	-314.722461
1798	-312.126342	-285.442991
1599	-304.689816	-311.979007
1413	-247.214861	-231.423150
3693	-273.779498	-259.142905
1097	-325.784473	-309.752922
722	-310.935212	-299.537285
3906	-309.685651	-302.982022
1196	-346.840727	-340.066537
4	-270.439280	-274.739809
1737	-323.398064	-330.159071
1518	-309.683200	-294.819461
2372	-322.217569	-321.466888
2206	-312.126404	-290.121239
3165	-356.724041	-353.446534
2311	-193.034988	-243.071365
194	-308.496245	-323.068288
2381	-346.856604	-344.513950
1795	-356.736238	-358.177538
1938	-341.826148	-337.007187
2275	-312.122563	-283.670821
996	-307.544316	-310.299072
1508	-308.462196	-305.603570
3611	-324.577560	-321.929085
3935	-289.875063	-309.396877
