no_training:1500	no_test:2493file identifier	 training data
3869	-324.525580
2864	-340.658990
1928	-326.927990
3221	-308.477915
2077	-309.736028
2729	-323.315925
1706	-382.777508
3504	-308.561061
2771	-310.910278
2940	-339.418028
3400	-289.799552
2909	-361.687451
326	-236.917664
2436	-308.473229
1677	-344.412416
3439	-301.389192
419	-312.128001
1379	-325.731549
3090	-287.362939
3301	-371.491061
3482	-281.480993
3701	-248.211932
37	-381.587333
1769	-324.569009
38	-309.736982
3613	-308.483617
1835	-376.631067
223	-339.501781
2990	-376.661483
1654	-360.518768
309	-309.718312
2235	-318.409670
2188	-288.690060
2378	-339.490841
1906	-324.613156
2695	-346.871133
3025	-324.573338
3983	-322.115604
2783	-272.537685
3236	-310.912270
1247	-325.770105
3139	-344.437158
504	-356.680129
110	-346.869123
2743	-234.516409
3696	-308.474441
2905	-307.206439
2354	-387.558484
882	-169.557758
846	-270.434394
726	-346.870614
2756	-153.742562
1139	-270.382725
2109	-321.219665
3127	-327.010419
3961	-308.561152
1927	-361.739999
2754	-309.674575
302	-340.632285
2047	-286.246880
2746	-247.190194
858	-340.661797
841	-361.736259
3098	-345.658421
3927	-323.326298
1124	-271.651913
3135	-272.569212
3470	-416.814878
3939	-317.386479
3728	-234.474951
3422	-340.663929
1802	-361.715983
1099	-231.975652
977	-285.160699
342	-323.351196
554	-340.688787
1111	-335.656557
2180	-340.665904
2590	-340.650928
2241	-346.857051
855	-271.614051
551	-382.817123
2249	-392.653825
902	-310.940195
142	-307.594137
953	-392.650949
1953	-308.457242
284	-360.500454
2315	-273.793520
1440	-270.441325
3147	-338.530072
1034	-356.732791
382	-344.494711
540	-346.830523
413	-301.369263
3409	-356.696744
3938	-345.645388
1105	-302.306944
2456	-345.610758
1907	-346.819476
888	-323.328290
2401	-263.280728
1776	-325.785476
3531	-344.458268
1717	-345.603646
3770	-272.544060
2258	-303.453218
3805	-309.680682
1740	-376.599676
3267	-320.776472
929	-272.832690
2766	-285.279992
2091	-346.904050
278	-397.667072
3568	-308.468418
1707	-288.590006
1746	-396.470299
3902	-382.757521
1869	-269.207716
1916	-360.557411
3774	-305.130184
350	-320.793580
611	-248.364357
3411	-286.134060
895	-356.728690
1574	-245.997884
728	-309.678404
1762	-361.755551
887	-361.720206
2823	-309.730966
1908	-286.508233
3222	-344.494043
1172	-357.927353
621	-310.899323
472	-273.761356
1491	-344.421383
391	-345.584667
2473	-324.497671
3493	-232.333258
732	-327.023478
1726	-381.506605
2347	-308.476587
652	-345.620593
2786	-327.009009
3694	-338.246643
2559	-319.571638
1511	-271.315027
656	-376.605347
1577	-355.468067
3075	-324.616343
1456	-308.496384
2615	-360.501085
347	-309.687405
2045	-324.495988
965	-323.329385
3692	-281.505078
827	-303.556664
3173	-325.791830
972	-341.869909
3227	-348.043668
3849	-360.531172
69	-265.441614
498	-273.791878
2059	-345.674176
3300	-344.499155
1365	-361.755045
1714	-132.718150
2374	-285.279236
868	-312.124574
668	-267.103350
3111	-318.340705
3109	-324.582824
2012	-382.788561
1965	-288.555445
968	-308.470667
2046	-286.493052
1370	-242.180146
815	-285.324641
2706	-345.667357
2061	-345.638357
2376	-346.840597
3321	-251.726162
1104	-287.315479
2069	-346.855971
3188	-325.807242
1556	-340.659506
1670	-269.230258
124	-271.621961
2074	-285.300440
1094	-304.696023
2435	-229.013797
1181	-323.657279
3440	-322.135917
996	-307.544316
1585	-360.545832
2385	-310.911571
2280	-359.345792
1799	-346.861635
3708	-270.397474
3931	-288.683173
2919	-340.635773
1364	-267.963366
3787	-381.580675
1600	-249.301818
1470	-272.542270
1981	-306.313924
2899	-310.930659
2846	-273.780933
3055	-285.313284
3699	-355.497878
3326	-381.616196
1348	-309.683859
3584	-281.484877
3520	-325.752207
1923	-287.427777
2246	-287.318502
2101	-361.717364
3362	-345.632413
1414	-377.797879
1083	-309.726295
553	-271.666055
930	-346.898838
59	-248.430371
2185	-344.343476
3991	-372.765028
2927	-324.500425
1108	-341.839596
2586	-191.810916
1904	-304.752598
3182	-287.440436
3547	-324.582904
1314	-324.460304
1559	-380.372123
625	-308.514390
2735	-309.690179
2953	-348.047609
2288	-345.612787
1958	-340.595950
660	-271.630416
2106	-286.476486
520	-309.720011
1598	-308.471397
3792	-360.525610
2740	-360.536920
776	-325.781815
1546	-318.321510
1505	-308.487195
1064	-276.202311
950	-324.580266
1696	-320.785074
2621	-305.145002
13	-360.526646
1430	-361.720960
280	-271.324234
2421	-249.395323
412	-372.768039
40	-344.338878
369	-361.733362
1073	-233.249538
524	-308.507004
2962	-309.686114
964	-291.014970
706	-303.481839
789	-324.581906
2660	-307.582044
3431	-323.229212
1525	-345.608193
1145	-312.129019
3223	-341.794931
2565	-345.591597
1046	-271.618580
3260	-345.595084
873	-273.763068
3598	-340.671493
2043	-344.484341
86	-190.624631
1742	-288.583008
558	-344.464151
49	-396.507540
2874	-309.725707
2912	-346.883119
1748	-288.688929
3553	-346.830674
1265	-227.324775
1252	-301.395982
1855	-360.497728
1893	-344.385273
3837	-343.468335
1846	-344.370966
20	-270.370102
922	-272.844560
2800	-287.478272
2466	-325.785959
2022	-344.425164
2497	-325.763216
2636	-306.112153
1550	-301.345683
85	-272.550580
1087	-324.508933
1153	-325.764669
1315	-288.533780
2654	-304.679740
2177	-346.868453
800	-324.611571
1810	-288.653294
3468	-345.710017
2151	-289.802108
100	-361.702143
1327	-320.768458
1152	-308.448572
2875	-344.475122
3555	-360.547370
1493	-335.643923
733	-345.660927
1326	-266.616319
2234	-272.580839
3065	-344.486202
2071	-246.029150
1647	-343.242553
1704	-274.984793
1488	-320.766344
2146	-310.932540
723	-361.717032
2358	-322.169697
2268	-302.558547
3610	-360.476593
3912	-308.435951
1411	-327.023352
218	-285.311823
1922	-248.132701
1828	-284.993731
2775	-382.812383
3039	-341.851538
3113	-324.531139
1730	-345.663299
2247	-348.046805
3360	-382.810709
1797	-194.267232
3174	-272.844804
130	-274.988525
3378	-325.831718
344	-343.305175
3861	-234.486176
3258	-324.473847
3841	-371.541704
1424	-212.438188
2528	-308.467760
2217	-344.408081
1842	-362.894239
519	-309.687078
2116	-340.646768
2882	-322.444150
729	-343.084333
178	-188.042067
1905	-231.145151
1983	-320.792773
64	-362.945802
837	-360.512026
3196	-297.530335
240	-286.517094
641	-322.439472
2308	-324.460752
1803	-270.394458
2628	-359.341296
1436	-375.359407
2176	-345.608670
2395	-297.523583
2361	-304.727460
3777	-339.431092
750	-344.384630
1186	-359.296697
3678	-285.255880
806	-308.768073
667	-360.533083
3187	-272.591906
2451	-359.328735
2961	-348.061993
3363	-345.658313
1129	-340.618148
3977	-288.552886
2371	-307.253245
3015	-359.362011
2339	-326.954728
631	-371.449232
3423	-308.555641
2471	-288.628801
508	-325.801512
3672	-309.689612
2945	-307.281910
1741	-345.629842
3883	-308.516508
781	-362.918463
3116	-312.128429
3209	-346.834502
1840	-360.536972
2282	-375.368783
3668	-309.700336
351	-345.625747
803	-325.789564
676	-272.584377
2481	-324.614891
2889	-341.871347
2910	-307.536915
1956	-308.461475
1960	-345.602645
637	-360.557419
1251	-322.482659
2058	-356.710498
511	-320.778636
1009	-266.763445
2124	-345.600825
3365	-396.458774
3834	-324.589539
3884	-323.333263
251	-265.386781
559	-362.935404
3128	-341.867138
3293	-360.535142
2417	-336.838171
2026	-272.837907
27	-324.573866
2181	-340.656656
3331	-233.545899
3282	-362.972786
3234	-287.349937
1140	-304.683966
3495	-288.563768
2009	-273.812948
1591	-249.397368
2340	-310.899612
3244	-323.320332
487	-307.223588
1369	-392.662003
3172	-274.982310
2592	-308.486071
3660	-288.651313
1268	-344.411146
3382	-341.145624
36	-344.382282
995	-360.542928
1787	-325.795649
2851	-356.699504
3263	-285.326726
1402	-286.203815
2231	-346.825174
1407	-235.694798
2747	-301.332569
265	-236.916125
61	-308.462933
608	-309.688960
514	-309.685045
3333	-361.709769
1487	-345.665813
1668	-344.433140
2802	-325.804486
1098	-356.649302
1694	-273.743311
3451	-319.606765
969	-325.797425
2133	-323.338627
658	-307.234503
2446	-361.740252
2075	-345.606444
1915	-361.705669
1588	-323.678800
2803	-327.013853
215	-356.645883
721	-185.648533
93	-340.615011
1427	-340.646339
492	-305.904760
2922	-352.890573
3633	-380.412093
3597	-360.539435
509	-307.238995
1408	-379.527030
2090	-308.473428
593	-303.525517
3644	-345.587398
87	-490.834069
659	-326.976670
2631	-380.316551
1255	-381.635881
1619	-340.600021
418	-324.565412
170	-340.667287
500	-308.452306
1847	-325.753767
2650	-361.727711
564	-272.569586
703	-340.656580
1439	-340.590431
1306	-288.682324
1374	-322.175807
334	-245.983375
1496	-268.248371
1313	-324.502042
3522	-309.691414
373	-379.522177
439	-288.690999
3717	-275.014300
2573	-307.303421
596	-325.754527
2568	-325.718022
1110	-325.781398
537	-361.731930
2223	-288.657055
3769	-304.586424
1284	-320.761539
3600	-325.781571
1243	-323.582949
833	-325.761605
406	-359.295180
3878	-360.554015
1731	-381.565314
955	-345.632414
1819	-249.292101
860	-397.697425
3560	-286.463470
1849	-324.547957
323	-309.647349
1894	-360.532510
1628	-345.637174
3474	-309.730988
2333	-338.234590
3535	-323.235679
2140	-325.715372
3971	-360.530885
2044	-373.173910
1033	-339.482903
2840	-284.048718
907	-381.607752
2190	-324.574822
3178	-345.605421
1737	-323.398064
3795	-310.908453
3294	-340.693392
2214	-245.994065
2189	-325.762375
1939	-242.205627
758	-307.574899
2928	-324.540084
983	-341.851447
3142	-376.617653
785	-273.796695
3398	-304.686259
2265	-360.469291
3888	-323.359825
3875	-309.655400
2642	-324.578146
3399	-307.229313
2526	-340.601771
586	-376.582598
3871	-346.859809
1019	-327.016183
2876	-360.574465
3532	-344.464356
2098	-327.020807
2200	-344.426799
1811	-346.855968
226	-360.556344
250	-360.538828
2139	-381.581478
1044	-304.687053
1791	-272.554824
3867	-356.726146
2520	-307.284294
1065	-360.485823
1001	-304.724431
3377	-360.549337
1121	-333.449362
3469	-356.686540
371	-380.374978
984	-248.443503
1747	-360.559076
3421	-324.571081
2182	-340.610000
3536	-352.836930
3447	-270.389803
2523	-344.512144
1656	-323.352987
894	-338.247875
724	-320.775720
196	-341.759398
2222	-340.678668
102	-307.230370
1921	-310.904960
2904	-302.545112
3302	-324.577047
2355	-336.816043
3620	-359.351415
1757	-285.313612
478	-119.052475
1555	-324.529724
939	-344.481802
2518	-360.566272
1377	-325.768959
2978	-340.669862
742	-272.588370
2566	-346.832253
3134	-271.319942
2901	-318.323005
1724	-381.594558
852	-361.731511
3643	-309.660190
2243	-340.673964
2879	-265.401151
3356	-270.447268
1328	-376.531779
1025	-324.520219
936	-382.773457
3845	-344.454717
1441	-303.469082
3566	-325.830752
2210	-325.710772
231	-346.860243
273	-323.312375
875	-376.554863
3136	-340.660061
191	-307.610450
1614	-325.736331
2504	-325.805550
1351	-309.733696
3564	-303.533472
862	-361.764434
393	-323.334482
3472	-340.657197
2903	-308.505951
346	-307.586014
410	-325.835955
2293	-269.216495
2251	-430.448052
3283	-287.404397
2239	-346.823312
2023	-317.402836
422	-288.692943
975	-357.171724
2476	-346.865438
3420	-306.358581
3047	-285.293918
2221	-308.512137
2561	-325.778234
2806	-234.476081
707	-381.585428
181	-412.528245
1125	-285.292217
1217	-325.773675
1860	-308.507458
1966	-302.558699
403	-272.843742
3918	-289.794194
1660	-274.985107
1234	-325.796704
48	-304.689512
1901	-362.946498
3864	-288.639421
1458	-288.648179
2327	-381.624797
2120	-381.630205
3099	-324.530718
1831	-323.386306
345	-309.704732
1896	-326.971392
2357	-325.754267
1943	-325.729335
1975	-341.829025
3213	-339.438949
3248	-322.477268
1444	-304.691748
2736	-310.922181
3429	-274.987297
1841	-325.788368
3745	-310.912788
3403	-339.424322
3645	-304.681903
155	-324.571682
2032	-287.663174
1865	-345.609914
1857	-307.540766
374	-372.796889
1639	-345.640072
3332	-376.610619
1297	-345.621773
2782	-340.664407
1751	-339.469166
2052	-325.809179
3739	-324.566515
3984	-344.418857
3579	-356.677429
1987	-325.775071
2836	-345.652670
2396	-307.546144
476	-397.686127
1438	-356.728392
1116	-356.691214
3790	-286.502445
3765	-453.654335
3373	-271.613890
2145	-346.844016
2060	-362.945811
229	-361.648305
2498	-288.539500
3905	-395.515911
99	-336.813559
2021	-346.818246
3000	-309.688191
95	-351.666551
834	-346.828689
317	-325.797397
665	-288.571762
3156	-362.941094
1804	-324.542706
926	-345.680086
1501	-288.653529
734	-233.242250
664	-335.632054
971	-324.624537
2918	-271.326117
2913	-361.630982
3599	-308.482454
2787	-324.505365
716	-325.758431
3754	-324.570035
451	-362.932378
140	-309.676929
2869	-306.113519
3773	-345.602641
126	-274.991042
3812	-271.623066
3405	-269.206920
927	-340.676668
1503	-327.014214
2099	-288.573876
2162	-340.613712
1339	-285.316421
794	-248.143861
612	-397.697891
957	-360.490486
2416	-344.406447
1684	-320.783029
590	-346.857871
2818	-335.618370
595	-340.652012
3683	-308.510782
3442	-381.635659
304	-322.464725
825	-340.536374
1258	-344.472090
2278	-345.650717
179	-362.928160
585	-229.918003
230	-271.617434
2958	-324.580268
1929	-324.551800
2948	-382.790431
1672	-336.831068
46	-372.766726
2381	-346.856604
113	-360.478880
3430	-341.828533
3723	-345.597175
3219	-339.428557
616	-345.676243
2728	-304.742823
1650	-341.836348
182	-324.474954
328	-310.911163
1671	-309.708282
1220	-325.800532
2439	-324.485913
966	-339.467091
2057	-288.540318
539	-341.886521
1300	-324.595031
185	-361.726913
3764	-308.483519
3959	-305.831035
1790	-345.664882
719	-309.693538
221	-310.917273
29	-344.425700
3498	-381.585231
3387	-309.727603
1325	-356.758284
1283	-345.605635
2432	-274.987245
1934	-341.769746
1697	-345.613396
174	-229.928448
543	-310.937295
479	-77.308427
3546	-233.219124
2809	-344.506029
3071	-273.789182
1812	-307.275809
915	-304.734226
3803	-287.351460
3718	-195.186772
2682	-324.528297
1859	-324.577613
1042	-305.904676
3132	-309.670613
97	-286.495035
247	-304.688358
3596	-285.328258
3615	-210.071468
318	-310.954514
3540	-321.236907
176	-308.554162
3832	-346.836423
1070	-361.752301
1022	-310.902683
3339	-356.699649
3691	-352.852117
1049	-323.336196
2578	-324.576080
3778	-309.700675
1159	-325.779568
3483	-308.500974
3518	-340.655390
2073	-345.600119
830	-320.767103
225	-346.842403
177	-362.872710
603	-346.867624
898	-305.906901
3521	-342.324182
3838	-271.318933
1383	-344.398797
2205	-318.391203
2944	-309.687280
398	-345.636145
801	-273.763117
2474	-357.944802
1373	-324.557383
3709	-340.613243
2607	-275.007113
582	-325.833302
1484	-273.817328
502	-306.349558
588	-309.684571
2664	-348.047695
103	-291.024232
3729	-376.562796
2006	-339.486095
190	-354.290746
2937	-324.573883
3388	-271.606364
1171	-325.721867
1892	-382.805933
1275	-310.936083
2093	-324.473588
153	-347.466594
3573	-325.730390
900	-288.561991
2577	-381.600777
3942	-287.507193
1537	-309.692993
205	-269.465281
3016	-309.730329
1126	-270.392715
1504	-360.489720
42	-376.564691
1076	-361.656187
2949	-346.838702
3217	-306.392828
521	-262.065493
1174	-345.614442
216	-307.283509
1078	-309.738888
1170	-310.895183
3870	-345.605387
2496	-326.954795
1767	-285.277900
3529	-341.843027
814	-308.509272
60	-382.768883
571	-339.423497
3707	-271.620156
3972	-359.339915
1281	-308.457113
2675	-303.787203
1286	-310.906869
288	-355.557059
2054	-302.588564
1665	-336.802871
791	-309.662433
3866	-341.882531
2571	-309.686348
3427	-325.793904
2459	-273.761223
767	-346.861463
1395	-375.348487
874	-271.611192
1205	-304.682331
2001	-346.833365
3389	-309.689740
1188	-306.054267
3460	-288.678290
4	-270.439280
3396	-273.815873
2480	-344.385369
3858	-308.459001
3946	-286.438084
3279	-356.732861
851	-270.117027
3437	-288.585212
1144	-264.255612
2852	-274.986857
1199	-377.813742
3131	-303.560907
943	-303.497783
1617	-355.508183
3586	-287.506415
2449	-341.841190
275	-344.442225
3335	-275.020322
438	-381.565482
1593	-335.598739
560	-344.385047
2183	-339.459869
3903	-340.636306
1431	-344.392695
462	-234.474088
2465	-339.464024
1914	-288.576123
3350	-339.431591
2478	-339.450173
3671	-326.941692
2632	-306.344083
386	-325.776001
1834	-381.615289
289	-321.949791
201	-308.561649
683	-348.060054
3337	-286.438448
3211	-310.908555
1781	-324.582445
1390	-340.660793
3021	-360.495540
3433	-308.465425
2499	-376.539208
2716	-303.464433
1832	-309.737802
175	-361.754326
1304	-356.679729
1998	-324.536830
1197	-308.462932
1770	-309.719198
1715	-286.486570
401	-325.712603
671	-310.897268
1023	-309.663477
80	-392.672883
3264	-307.260972
2369	-273.760271
2039	-360.553317
1547	-335.613384
913	-352.855499
1173	-344.465017
3674	-309.731169
430	-307.543210
797	-278.075775
341	-273.735711
2745	-322.118085
2013	-343.195410
3095	-339.431197
3685	-381.602419
810	-269.144656
2760	-155.908941
2923	-325.801905
2834	-325.699665
1888	-276.201993
501	-345.630685
2325	-273.732431
701	-265.396194
2134	-344.433965
313	-361.721849
1185	-324.558175
634	-154.960361
2813	-232.063900
3239	-361.708121
315	-302.472397
636	-382.818623
383	-361.702346
3401	-338.175569
699	-307.243079
1187	-264.235803
269	-325.729080
2166	-343.239068
686	-391.370332
3751	-339.491316
1031	-304.643927
1800	-212.439286
649	-340.685408
1372	-381.574124
795	-246.023231
1576	-247.184334
120	-323.345161
2137	-324.588239
2618	-361.768020
1393	-271.647465
3336	-308.477672
2936	-324.504178
2192	-307.232824
3934	-381.630276
3896	-307.280331
1117	-345.566120
563	-345.644179
2572	-360.495461
1595	-309.686571
627	-359.304956
638	-345.695868
1419	-344.350927
3436	-361.762744
3923	-309.737951
149	-380.415966
1277	-309.706892
2167	-309.681554
2725	-269.218553
2602	-345.645491
92	-301.343578
1445	-396.491525
150	-309.732713
94	-362.955075
3309	-274.989422
3802	-356.724118
1319	-308.560759
3345	-312.120708
3	-346.838279
89	-249.259410
2694	-317.396153
2319	-271.316064
1974	-345.655745
1523	-340.646229
3208	-288.572843
3290	-341.859618
880	-345.648463
3243	-377.816466
276	-380.379743
3486	-437.484875
583	-285.016369
3045	-310.906568
3318	-308.513124
271	-361.759779
838	-361.709679
748	-324.572987
463	-309.715058
2713	-310.904631
2330	-287.681216
1312	-381.612501
3179	-270.408713
3145	-324.570872
727	-272.562906
817	-345.619715
3159	-324.612512
363	-320.778723
932	-361.764881
1721	-339.479764
3270	-273.788787
128	-303.785832
3004	-288.652346
3771	-309.655144
2460	-345.631797
3252	-340.610842
725	-325.725266
426	-362.933001
3164	-344.379764
3570	-272.514475
635	-324.578381
2370	-360.496984
2895	-273.764673
2300	-453.655583
2130	-271.612772
1718	-356.706262
1589	-324.608694
208	-270.399081
1691	-272.595294
3852	-361.710525
1432	-324.522792
2779	-381.606362
650	-193.034094
2616	-272.542567
18	-309.719641
3654	-307.541973
982	-307.235414
2508	-324.574476
2468	-307.193849
14	-302.238859
2549	-375.410333
433	-396.498209
1305	-319.621560
298	-377.795528
3561	-343.190300
1978	-281.485530
3074	-272.553250
3295	-231.069318
1264	-324.536694
294	-308.506421
1816	-344.357220
3966	-376.570141
2172	-308.472272
853	-76.404702
2541	-341.834413
624	-312.119017
3325	-341.836362
739	-309.678703
3960	-336.825944
2443	-288.547509
2128	-308.504896
820	-326.934229
3438	-312.132858
1675	-271.277972
910	-270.384937
2257	-307.238509
3232	-345.686487
2979	-320.767064
1623	-229.615446
316	-341.858490
2225	-324.612179
3868	-360.526225
3951	-326.977685
772	-381.599310
952	-325.717725
1443	-346.867442
3054	-269.129580
1075	-325.751822
2890	-309.738198
1853	-359.314227
2229	-319.560814
1830	-345.641862
3489	-308.508824
3408	-287.661454
380	-307.581989
1055	-345.681183
1147	-304.755780
2872	-288.581144
2885	-309.686862
3056	-269.180682
47	-247.225618
1622	-346.869712
3496	-302.303890
909	-325.789320
1651	-273.809498
3750	-346.838572
1043	-324.605875
3879	-339.483894
1733	-322.169100
1653	-157.116735
928	-345.665412
2342	-309.680487
249	-306.347185
2187	-310.904927
2795	-379.572458
387	-268.248806
2445	-324.576679
1745	-264.171923
3112	-327.021680
3086	-360.507527
3287	-271.458576
2020	-272.514099
461	-273.773506
2420	-340.625366
1262	-356.712023
1387	-361.698635
1084	-309.711894
3635	-308.475489
443	-325.754109
1903	-309.678054
2283	-231.111403
1858	-343.238086
2609	-322.351046
3341	-291.021228
183	-362.962787
1389	-272.510742
1293	-271.369084
2303	-309.719920
623	-265.457424
3002	-269.479234
3384	-357.949026
2470	-309.688189
1299	-348.043466
3034	-360.418556
3402	-234.522504
2657	-308.451299
3475	-321.247305
3965	-273.764529
1244	-345.616998
2753	-310.904304
3733	-309.678068
3539	-324.625415
542	-382.793238
3351	-285.306999
107	-307.580090
1490	-309.691591
2708	-308.512758
702	-379.000257
3544	-312.133269
3413	-308.440890
1080	-288.570006
3947	-382.782251
1610	-196.406419
2153	-309.673226
3652	-361.720088
1425	-288.648476
1437	-376.547304
3595	-345.600227
2737	-322.442708
3742	-271.272557
3344	-325.748658
3917	-274.985822
1214	-341.865386
1039	-360.575277
2995	-381.584942
1548	-306.308471
3053	-490.831786
1158	-268.251114
1232	-336.811744
3657	-312.124380
2289	-325.766945
712	-294.081616
3334	-325.800680
2843	-308.509454
1899	-308.478846
2751	-273.787799
2313	-312.122262
3556	-276.202384
2596	-339.467484
389	-271.336957
3292	-326.937372
1510	-322.425235
1750	-287.645651
1854	-382.743932
2173	-304.678340
1222	-325.805865
2563	-247.215049
2415	-340.676441
2805	-272.587161
157	-376.519880
458	-340.699868
68	-286.519735
3840	-309.681264
2579	-273.765811
67	-172.006141
283	-355.460155
3823	-303.527274
2110	-341.867094
3936	-326.951067
845	-40.478930
3786	-308.759185
465	-266.553159
3724	-324.573480
2681	-308.466840
3481	-357.941534
3125	-308.510840
75	-381.566310
3457	-324.559213
2119	-323.665987
1951	-317.408548
3367	-269.216969
2769	-376.563238
2884	-324.471313
2245	-308.434866
358	-272.544323
217	-271.648392
2169	-356.733974
2893	-274.985796
883	-340.647778
737	-336.836792
2911	-289.871661
679	-340.668108
3033	-325.785262
2888	-361.704536
3163	-319.610683
2591	-325.773278
2262	-325.780603
516	-312.134532
2394	-355.446449
3505	-274.983383
1106	-231.106310
2125	-310.908354
3143	-286.432042
1482	-312.132386
2186	-320.782523
1176	-288.584832
573	-286.504534
1079	-287.347000
2545	-324.614082
469	-325.775843
1560	-340.645686
3700	-361.717469
3150	-310.942587
961	-326.950279
277	-302.288351
2941	-340.635024
1606	-308.462382
3510	-340.674744
2066	-432.401755
3120	-309.689111
1607	-303.462115
2201	-452.728039
2761	-309.696507
1826	-285.242094
1883	-346.839066
3193	-320.725883
2035	-249.294409
835	-320.740782
1360	-362.941781
1882	-273.764420
74	-310.918822
1565	-325.735821
2072	-344.431636
26	-301.359287
2306	-287.354343
3682	-291.017820
449	-325.753993
2764	-195.179738
3115	-340.620294
3106	-273.735646
2424	-273.764093
584	-309.681686
1461	-346.899170
711	-341.849127
2382	-380.343633
3299	-325.725069
1459	-306.320451
3897	-324.519277
241	-309.718177
3882	-194.261089
1605	-345.703157
1822	-344.395150
279	-306.012858
206	-309.688611
1526	-269.267574
642	-234.476516
691	-361.734668
1919	-407.364323
948	-336.827390
293	-377.807580
1755	-304.686811
1874	-416.367317
3910	-309.703111
3789	-273.762938
429	-288.570364
1926	-273.773955
2600	-307.237880
1563	-376.575382
1344	-341.767606
1994	-383.983835
440	-307.226474
3987	-324.506120
3391	-306.403144
3818	-308.470796
3251	-306.056425
1029	-325.751230
3929	-321.233569
2388	-309.695742
3314	-305.846541
2016	-308.569875
3704	-348.035847
3186	-346.829695
2157	-309.686797
3821	-308.427345
1601	-345.646864
2458	-361.683558
1582	-361.735290
2063	-344.402806
1798	-312.126342
1784	-324.497693
980	-356.743821
129	-308.512092
2255	-360.513163
258	-371.546126
1513	-306.368494
1363	-355.525451
1611	-348.044714
3666	-309.735874
2765	-381.546975
2277	-383.973315
2969	-286.484904
2773	-325.684055
1758	-271.616401
3515	-346.852204
1429	-288.579114
3726	-382.754967
1549	-340.689515
2971	-312.131841
1157	-309.691584
3491	-361.750275
661	-335.635079
3743	-325.726182
1814	-360.537947
1256	-312.119596
3502	-376.564063
1648	-345.660642
2364	-360.507160
1561	-325.749687
2165	-319.567241
692	-362.917261
1337	-286.498779
2193	-383.976576
798	-208.842347
513	-355.518342
2855	-268.917900
1210	-340.641282
3930	-338.542975
1931	-310.900102
745	-344.464270
3775	-324.576188
1723	-307.290176
184	-322.436757
2763	-272.548325
1624	-340.670034
3051	-192.736096
1837	-381.574917
3895	-325.808333
1045	-344.449852
942	-325.715957
2503	-345.653983
2529	-229.969129
496	-377.794221
400	-376.570473
2171	-359.346839
885	-324.623780
3017	-271.339346
3340	-229.879598
1529	-354.275774
2983	-346.833689
2957	-323.644468
2929	-345.638912
646	-323.641347
2290	-343.224836
2089	-308.469081
3982	-324.592116
2114	-307.528446
3675	-360.534222
1151	-392.620909
2986	-340.629609
663	-323.347275
1578	-233.217482
1711	-345.611239
8	-272.545439
2699	-346.864540
708	-306.313133
166	-325.729970
2794	-304.681399
574	-271.665153
28	-324.630221
722	-310.935212
1662	-377.834156
3359	-325.733758
1160	-286.467220
3759	-270.393902
3859	-308.499978
3445	-286.508374
2450	-312.124760
1141	-115.679136
2842	-308.450204
194	-308.496245
1403	-308.462299
2732	-324.579850
3008	-323.359336
2440	-317.433049
2092	-288.572051
3940	-308.464824
2883	-308.757991
812	-308.509197
809	-361.738091
2521	-361.728609
77	-348.062001
2726	-324.475651
3762	-351.646368
2402	-235.696227
2604	-304.743934
1211	-286.498633
12	-377.816587
145	-310.929561
3720	-308.561301
2506	-307.526911
187	-341.842120
2083	-322.434119
139	-338.257996
6	-345.687671
1777	-265.408147
272	-322.161948
3390	-309.736085
343	-360.502305
3434	-360.560766
3229	-271.614305
199	-309.673895
548	-233.555951
3076	-247.198000
2372	-322.217569
2968	-310.909942
914	-361.707841
2992	-343.202564
3285	-247.192524
2100	-343.199390
1093	-325.718074
3310	-309.721850

file identifier 	 test data 	 predicted
325	-345.637577	-345.662980
867	-283.179781	-280.780054
262	-345.647032	-345.664196
90	-327.017113	-326.382327
620	-346.820834	-346.848409
1708	-324.502429	-324.516380
9	-344.468531	-344.514504
768	-193.039603	-192.938149
2408	-356.708234	-356.853596
3426	-307.387663	-307.119354
2552	-340.624424	-340.772534
2161	-361.735863	-361.764495
3796	-341.875439	-341.807704
3894	-322.469844	-322.915832
1571	-470.915515	-449.214983
1257	-346.855622	-346.902277
3606	-310.906553	-310.857484
2078	-324.575989	-324.604458
1764	-304.725676	-304.777755
1604	-347.456674	-347.369943
788	-324.467888	-324.353849
3622	-304.726439	-304.765455
2581	-234.469389	-234.512803
1959	-324.603913	-324.588756
3040	-360.506446	-360.569170
1541	-310.912991	-310.889383
1442	-308.465594	-308.388791
587	-307.283919	-307.188889
2344	-305.915175	-305.805666
303	-375.328197	-375.526132
1386	-362.967171	-363.042407
405	-273.804251	-273.805915
3768	-227.338075	-227.352617
394	-344.385642	-344.593561
1006	-336.843788	-336.807475
3277	-354.254979	-352.533161
1948	-195.158734	-198.103924
1572	-322.170570	-322.073868
2209	-382.781841	-383.176809
2788	-345.596027	-345.529132
510	-234.491176	-234.364766
3763	-344.416821	-344.217009
1973	-340.637231	-340.613476
2603	-341.863083	-341.835711
357	-307.245430	-306.972008
1695	-344.411060	-344.437033
261	-310.905322	-310.850389
2195	-289.873479	-289.731000
3379	-273.761967	-273.761401
76	-325.685245	-325.561453
3669	-285.267165	-285.299224
83	-344.434906	-344.359298
2758	-309.696640	-309.680704
694	-344.360007	-344.364793
2973	-324.604156	-324.563676
117	-211.295163	-212.266189
1612	-310.902795	-310.897317
2462	-325.752244	-325.802210
3057	-301.381127	-301.423611
3846	-318.393987	-318.449372
3084	-325.781161	-325.795397
3577	-361.716705	-361.409418
3906	-309.685651	-309.673986
849	-360.532987	-360.530201
1340	-271.616723	-271.645303
3370	-396.486664	-396.373457
2115	-266.626759	-266.703820
2677	-309.684577	-309.721439
1626	-345.619567	-345.649559
3755	-341.874216	-341.917231
2785	-310.915445	-310.913326
78	-270.472470	-270.425408
1396	-346.886411	-346.858774
2284	-359.298380	-359.263284
2011	-270.099401	-270.041969
3007	-319.573727	-319.534164
131	-345.603479	-345.376484
1101	-307.244627	-307.194330
1013	-271.300649	-270.223541
1679	-288.576381	-288.602050
2353	-281.504579	-281.616603
1990	-281.482892	-281.676533
2564	-325.789398	-325.810982
2720	-231.102112	-231.625539
320	-232.333410	-233.009082
1215	-335.566430	-335.566956
154	-324.538764	-324.524950
3631	-303.560350	-303.605425
287	-307.560718	-307.633922
503	-355.514134	-355.542330
2316	-306.361448	-306.293496
2048	-235.699029	-235.102684
802	-359.306313	-359.149147
740	-344.452972	-344.531001
2522	-307.545457	-307.520070
2954	-305.915530	-305.888842
3843	-309.717869	-309.667468
1645	-324.477059	-324.405060
645	-308.540795	-308.611901
866	-340.620625	-340.679476
1989	-287.426977	-287.340284
2658	-308.461040	-308.395390
3330	-323.360126	-323.239082
2610	-309.711468	-309.723659
1016	-305.129953	-304.823898
2064	-309.687401	-309.704578
1457	-288.573089	-288.383427
1115	-325.773014	-325.802593
428	-324.570042	-324.540969
2453	-268.273240	-267.783910
905	-360.513668	-360.516323
3542	-344.409533	-344.411882
270	-372.752005	-372.835839
3626	-310.902465	-310.858481
3680	-305.904722	-305.926223
2489	-250.583259	-249.886135
2379	-361.769162	-361.550408
3829	-323.654114	-323.631516
3688	-322.476720	-322.428123
16	-273.806874	-273.706403
3881	-357.951284	-358.059495
3096	-338.175960	-337.743890
1871	-306.406578	-306.572598
1082	-310.901659	-310.972226
448	-346.831139	-346.861245
3541	-379.527167	-379.402193
232	-490.793044	-484.859671
884	-276.202586	-274.785064
1583	-345.655509	-345.584249
198	-303.934323	-303.466236
2036	-309.733888	-309.719473
2391	-310.927566	-310.925646
1455	-381.570969	-381.485973
1008	-248.448467	-248.496212
678	-308.506580	-308.484175
2665	-348.031230	-348.022324
3412	-335.628480	-335.573313
1895	-324.551432	-324.579309
3703	-287.697316	-287.959953
339	-356.705991	-356.705184
3124	-308.562031	-308.443592
2738	-324.555069	-324.589282
3266	-287.736841	-288.324288
1625	-320.776082	-320.835929
3653	-309.763576	-309.745754
782	-361.678341	-361.848975
2902	-271.653205	-271.760318
2601	-333.464063	-332.444250
3677	-307.571921	-307.649469
632	-361.705069	-361.749351
615	-345.676743	-345.684332
2368	-325.804686	-325.716232
3162	-324.546164	-324.544728
2338	-268.888303	-269.007344
2837	-325.730097	-325.702687
763	-308.429953	-308.428119
3108	-361.653332	-361.843159
2037	-345.620113	-345.665318
2627	-235.695309	-234.517844
2328	-320.732586	-320.678717
3862	-271.646263	-271.635964
1910	-326.978724	-327.088373
1332	-209.144909	-210.427523
2051	-325.790442	-325.781285
2951	-308.569129	-308.521914
3815	-288.574763	-288.598498
3031	-270.411205	-270.015309
3280	-344.483775	-344.456989
3702	-362.951503	-362.843084
881	-234.470813	-234.549223
1938	-341.826148	-341.898969
143	-302.355005	-302.253890
1303	-345.676156	-345.583530
2248	-377.773452	-378.111571
352	-288.557016	-288.579333
2955	-346.822341	-346.824348
808	-320.774349	-320.811746
3826	-372.742383	-372.816046
2224	-307.568767	-307.582309
158	-308.540079	-308.832935
3747	-324.521162	-324.484406
2589	-361.718361	-361.752508
3639	-345.680996	-345.702649
3058	-247.214450	-247.410992
3809	-310.902628	-310.835735
3192	-313.554802	-313.767413
3926	-325.748612	-325.733091
123	-269.263476	-269.070069
2906	-340.657508	-340.666763
918	-310.917344	-310.900587
2334	-472.135006	-397.937834
3494	-324.573795	-324.462242
572	-356.752533	-356.706941
2336	-344.433499	-344.070156
618	-308.467888	-308.463138
1058	-324.585402	-324.620301
252	-305.913756	-305.828827
1709	-326.941251	-326.977173
696	-356.709466	-356.694514
986	-347.459586	-347.590433
1885	-345.647670	-345.602606
3386	-309.684862	-309.692930
2652	-317.377404	-317.344821
1404	-346.883049	-346.914345
2056	-325.729141	-325.743429
2463	-288.576502	-288.525098
2519	-323.585680	-323.551521
1971	-362.906662	-362.969859
1756	-326.935440	-327.503294
598	-193.088340	-193.203490
2569	-281.476967	-281.492905
1862	-319.615129	-319.618362
3819	-397.692021	-397.845021
3269	-381.624381	-381.644275
677	-324.594116	-324.617974
3581	-319.540355	-319.569116
2409	-324.595526	-324.607849
2149	-341.878745	-341.949139
807	-340.681309	-340.686454
3889	-360.533387	-360.541436
43	-319.572842	-319.607800
2595	-303.465315	-303.722682
3816	-272.830720	-272.872692
2742	-348.048844	-347.987251
3104	-310.941183	-311.001473
1154	-310.937644	-310.879800
1249	-272.543724	-272.512193
2741	-297.520999	-297.560173
959	-492.026657	-499.770041
1657	-338.273162	-338.103896
360	-346.890881	-346.821171
2490	-343.078368	-343.173960
2593	-321.252793	-321.075260
2261	-233.260156	-232.869818
628	-325.726991	-325.711164
1844	-325.808754	-325.800789
73	-233.293627	-233.968283
594	-325.809558	-325.822890
1808	-356.676972	-356.619512
824	-310.952875	-310.917726
2724	-376.591176	-376.602215
2553	-302.545562	-302.802906
235	-270.375081	-270.322645
41	-345.649146	-345.544600
57	-345.635513	-345.601216
50	-357.934562	-357.871168
3907	-291.017966	-290.866863
979	-309.713440	-309.728457
2454	-288.578155	-288.529007
473	-346.828378	-346.855205
2323	-310.954565	-310.901028
935	-269.154939	-269.168959
1774	-324.585556	-324.565360
3822	-309.665941	-309.660057
266	-308.477155	-308.502333
1241	-345.608395	-345.651642
1449	-308.507220	-308.523985
159	-273.773408	-273.815475
685	-320.029854	-320.526338
54	-195.186228	-194.679955
2238	-281.495234	-281.640620
1636	-233.551389	-231.217551
228	-346.859384	-346.885114
2141	-307.287454	-307.147657
3749	-249.363949	-249.142621
2295	-305.898313	-305.994818
1184	-286.506282	-286.657926
1388	-250.583643	-249.500851
3949	-359.301320	-359.380851
3069	-346.878430	-346.867199
2993	-346.825502	-346.849671
848	-309.744522	-309.828788
643	-345.663386	-345.635028
1192	-326.947461	-327.021893
3062	-381.573048	-381.580700
2757	-346.855643	-346.757039
854	-383.971058	-383.882966
2386	-352.829520	-352.686250
3628	-272.509064	-272.374403
3250	-360.517106	-360.424311
2611	-346.824672	-346.862305
118	-352.905052	-352.939569
336	-308.524858	-308.575267
1259	-288.590804	-288.577852
2404	-323.340989	-323.172449
3753	-271.652242	-271.682031
239	-270.446608	-270.357370
673	-345.680831	-345.630275
3297	-360.526636	-360.481497
896	-323.312767	-323.262423
1131	-324.580815	-324.594939
1216	-308.465534	-308.337642
2433	-324.552283	-324.581940
2296	-309.691365	-309.679994
2005	-305.155985	-305.175305
1517	-359.342366	-359.223241
3366	-323.268818	-323.409081
1294	-345.612830	-345.606912
1932	-310.911279	-310.941972
1341	-301.373831	-301.344347
147	-345.615452	-345.688640
1597	-336.805704	-336.817275
3758	-272.557350	-272.498215
2656	-376.622509	-376.592618
21	-278.059333	-280.652053
1833	-302.579718	-302.521465
777	-307.544712	-307.571012
3130	-270.427802	-270.634969
202	-226.160842	-226.101109
1980	-345.680616	-345.629563
2668	-310.906004	-310.952514
474	-281.476832	-281.521508
3557	-344.382663	-344.438179
233	-301.382062	-301.331291
1059	-303.436180	-303.402679
3450	-382.824468	-382.919367
420	-362.950092	-362.993948
2989	-287.317913	-287.421749
2	-324.551643	-324.568810
773	-309.674485	-309.665905
372	-337.283890	-336.127903
1539	-382.755486	-382.939635
945	-264.243028	-264.159009
1371	-288.596392	-288.599885
2920	-326.952797	-326.957478
2345	-342.329232	-342.206677
71	-346.864282	-346.867100
731	-355.501990	-355.596001
602	-275.010289	-274.937989
2960	-271.360631	-270.995403
186	-340.606711	-340.572205
1086	-272.587059	-272.622125
3698	-360.508088	-360.536327
992	-377.811306	-377.793369
1357	-375.307060	-375.399789
1852	-309.685790	-309.628763
1486	-380.373644	-380.491161
1507	-310.914024	-310.891834
3640	-309.692577	-309.679448
3627	-323.347112	-323.231044
3126	-360.523204	-360.608433
1030	-309.683546	-309.719124
1060	-345.713205	-345.519133
2164	-304.744503	-304.865004
3932	-360.472117	-360.414567
2826	-308.764658	-308.649912
2867	-361.734339	-361.667508
2719	-286.477365	-286.400776
34	-306.355655	-306.384395
242	-340.623533	-340.658534
3291	-362.911941	-362.851558
2996	-324.566568	-324.637801
2966	-308.428791	-308.464301
1198	-308.449457	-308.516962
2620	-324.587670	-324.629622
127	-322.216227	-322.073986
281	-322.479769	-322.597256
2479	-271.622821	-271.713669
2495	-307.596472	-307.443190
2126	-270.399529	-270.431811
555	-361.677945	-362.051624
1768	-289.789940	-290.089448
2967	-305.841708	-305.800103
3740	-356.684693	-356.753401
960	-310.940611	-310.911754
3824	-302.288055	-302.379324
104	-360.574432	-360.574450
490	-231.142581	-231.854480
1177	-325.808092	-325.881593
58	-304.683044	-304.736565
1567	-356.714706	-356.705752
3404	-309.733988	-309.679435
2102	-361.723581	-361.616547
3734	-326.940196	-326.534501
1451	-348.052763	-347.961319
2629	-356.679047	-356.694517
2830	-325.800699	-325.822326
1875	-242.186010	-241.944145
978	-324.545574	-324.528013
1867	-324.583096	-324.561812
2152	-308.540101	-308.655609
53	-285.330157	-285.436236
3298	-345.599182	-345.609680
3880	-357.942023	-357.893935
1036	-340.609236	-340.573884
3624	-324.614194	-324.616926
192	-310.897684	-310.972562
1805	-344.380468	-344.409023
2131	-320.777849	-320.774015
3081	-302.557878	-302.616936
114	-361.772743	-361.763558
946	-324.577279	-324.589670
1343	-310.895432	-310.975248
847	-324.608363	-324.601541
1732	-269.170665	-269.073637
82	-309.701458	-309.759878
390	-306.070291	-306.371536
2638	-309.688194	-309.695804
1924	-340.591587	-340.626342
378	-356.705084	-356.754478
384	-343.291812	-343.292937
3593	-304.614300	-304.688117
32	-287.509315	-287.569552
1569	-234.503085	-234.501523
569	-376.620836	-376.602334
2644	-320.786990	-320.801300
2332	-342.335241	-342.305593
1744	-288.535621	-288.418616
488	-346.861837	-346.862142
3911	-345.639354	-345.633177
1789	-310.905299	-310.899055
2055	-304.724717	-304.845080
3180	-323.669200	-323.659033
3922	-270.394284	-270.601240
1710	-361.726166	-361.798679
610	-324.629068	-324.665195
1968	-324.538807	-324.549832
2981	-327.026688	-326.854634
3793	-381.580932	-381.655835
3978	-282.861121	-281.841025
3736	-355.517745	-355.598199
72	-325.720699	-325.764859
2398	-319.533364	-319.758871
483	-309.705795	-309.739482
958	-302.599262	-302.548377
3533	-232.036378	-231.824619
3020	-287.430903	-287.268846
730	-336.821088	-336.800813
2273	-324.579188	-324.465803
3967	-273.758273	-273.572532
3559	-309.721434	-309.718071
2816	-310.905786	-310.941720
1317	-344.393241	-344.427352
2759	-393.905418	-394.565742
1335	-283.156647	-281.203032
2845	-307.602080	-307.560691
3611	-324.577560	-324.499836
1551	-324.575851	-324.556561
1338	-320.793141	-320.786513
1568	-324.555249	-324.559485
536	-323.348544	-323.273624
1688	-324.567893	-324.506054
3630	-287.660591	-287.600458
1620	-270.431243	-270.735010
1318	-310.897519	-310.903305
2997	-380.371074	-380.463855
2297	-322.412936	-322.324155
1621	-346.884834	-346.896665
535	-248.416462	-248.369488
944	-320.766684	-320.763539
3891	-346.821929	-346.788100
2311	-193.034988	-192.879716
2430	-304.688809	-304.668805
3462	-272.538255	-272.564691
3604	-273.812100	-273.785862
923	-322.135797	-322.038137
3714	-265.398572	-265.264765
2175	-324.545475	-324.526485
3009	-307.265383	-307.186500
414	-192.762455	-192.408538
974	-303.468081	-303.487090
171	-361.745138	-361.641988
3103	-340.631134	-340.580935
1508	-308.462196	-308.392921
1002	-287.689262	-287.509074
2900	-272.554670	-272.476912
941	-340.652570	-340.667922
2848	-339.419688	-339.651409
2428	-309.682996	-309.738827
507	-309.697879	-309.660410
1880	-346.873992	-346.916467
122	-339.419649	-339.366753
2079	-363.517297	-363.179517
3603	-326.952955	-327.083624
1381	-303.795699	-303.814386
890	-344.458979	-344.443130
3488	-340.672417	-340.676998
88	-345.655534	-345.606835
1230	-323.396217	-323.390867
2556	-321.958604	-322.141661
2894	-309.717750	-309.698092
3385	-324.583090	-324.552918
1753	-375.351387	-375.593016
994	-323.428670	-323.199050
3471	-416.384141	-417.599072
2154	-360.512793	-360.559035
2777	-336.817321	-336.834457
2712	-274.985024	-275.041057
3731	-310.913156	-310.826769
106	-362.952198	-362.917047
2407	-377.829134	-377.862882
3732	-320.774305	-320.763550
2390	-270.097243	-269.773732
3118	-236.917873	-235.364186
629	-309.712115	-309.783765
3825	-93.411888	-74.823285
1272	-308.486687	-308.527443
98	-303.553222	-303.568735
2004	-346.839235	-346.880742
136	-343.240623	-343.223869
3160	-362.937857	-362.946533
3153	-340.622406	-340.632232
1433	-325.729800	-325.624517
2792	-362.944759	-362.824826
1616	-272.539058	-272.500238
1209	-392.612820	-392.076342
460	-360.488733	-360.421110
1032	-346.816694	-346.727363
2028	-346.821466	-346.709978
3354	-360.529236	-360.566484
816	-356.748545	-356.727203
3185	-348.053386	-348.072032
790	-341.836780	-341.968051
3328	-324.549529	-324.486285
924	-324.528533	-324.472691
2493	-346.822460	-346.681215
1713	-323.381747	-323.275414
736	-325.799293	-325.794144
2770	-288.588657	-288.534434
1801	-301.335636	-301.275526
445	-319.610687	-319.610080
762	-346.863396	-346.802326
3664	-269.219315	-269.097035
3602	-361.683811	-361.696801
442	-356.712228	-356.711224
3329	-310.909123	-310.875590
753	-361.710299	-362.110135
3152	-335.591582	-335.598676
204	-287.353313	-287.398703
1886	-302.286171	-302.232253
2380	-327.025010	-327.003868
3578	-286.432515	-286.608873
1067	-273.762417	-273.752560
1476	-308.455419	-308.436724
2346	-310.909551	-310.942223
1993	-339.504090	-339.795135
1391	-323.317575	-323.443372
3844	-308.450468	-308.496163
2206	-312.126404	-312.242841
2367	-361.723620	-361.665819
1890	-371.608385	-368.917114
1260	-270.417842	-270.974897
3609	-269.176442	-269.057445
3623	-341.892484	-341.717770
714	-356.669324	-356.652981
402	-312.124533	-311.933436
754	-361.718210	-361.447103
2988	-310.923406	-310.886203
565	-356.730212	-356.719154
354	-285.174014	-285.273244
2010	-323.385837	-323.452745
1785	-273.751900	-273.714114
2844	-301.377995	-301.377695
3874	-323.344889	-323.374394
1112	-287.644079	-287.517384
3980	-372.708066	-372.465691
1947	-303.533559	-303.384319
1276	-340.667317	-340.668153
3865	-362.899954	-362.871297
3973	-356.659922	-356.688039
2363	-324.610150	-324.509443
2606	-323.344105	-323.403041
1380	-288.625728	-288.631748
2916	-340.655601	-340.584990
2892	-325.728271	-325.726358
674	-346.879260	-346.914872
1434	-344.482088	-344.491855
3941	-231.108368	-231.532414
1629	-272.526778	-272.554941
1772	-361.717972	-361.663041
431	-361.712798	-361.862193
1012	-266.609146	-267.155852
1128	-361.695007	-361.696629
2425	-322.435505	-322.476564
416	-271.318448	-270.557604
2264	-346.831590	-346.797776
2739	-362.946034	-362.826289
3625	-326.948771	-327.112073
1322	-271.619912	-271.643795
3665	-323.329494	-323.357961
365	-361.740208	-361.741647
1972	-233.542445	-229.619342
2744	-288.573110	-288.495791
257	-324.569867	-324.557847
2359	-360.468392	-360.389409
3274	-196.407957	-197.025835
1109	-333.411326	-335.729638
2467	-325.805017	-325.701435
2266	-289.766576	-289.112580
3376	-273.775510	-273.792056
2703	-309.722894	-309.747687
3836	-346.833711	-346.828476
1884	-307.577822	-307.573446
2639	-302.580808	-303.032853
2946	-345.649552	-345.563082
3241	-319.515995	-319.578727
1114	-302.353948	-302.210493
3591	-273.762889	-273.749679
669	-377.780670	-377.804196
1285	-346.860450	-346.789153
666	-381.593528	-381.729727
1728	-362.942862	-362.987012
1017	-308.419735	-308.357960
3089	-327.025329	-326.643624
1085	-231.092208	-231.661104
1848	-273.769835	-273.760786
3670	-286.248451	-286.378723
1581	-345.660520	-345.718084
3230	-344.454591	-344.429160
84	-345.610574	-345.548079
2253	-325.818163	-325.768498
2230	-262.056533	-259.471232
2305	-376.633716	-376.689395
3705	-345.665479	-345.555121
311	-287.724713	-287.667851
3013	-346.883127	-346.904742
3073	-309.734862	-309.657934
1311	-288.545722	-288.497222
2587	-376.609234	-376.703615
404	-324.595399	-324.575207
3508	-309.675176	-309.707065
2216	-308.505718	-308.548094
2862	-309.693471	-309.708839
746	-273.802095	-273.761212
985	-320.770329	-320.775198
2780	-272.545389	-272.493557
2932	-285.320198	-285.276334
3585	-308.497008	-308.473625
3492	-345.645245	-345.745176
2418	-304.734646	-304.801883
570	-275.012535	-275.230404
2041	-346.821470	-346.905925
1666	-289.872246	-289.911801
3216	-344.380260	-344.429556
3601	-308.749822	-308.805118
3537	-346.860694	-346.894300
1021	-232.328175	-233.172723
1164	-340.611734	-340.615650
2814	-325.804528	-325.804400
245	-340.656722	-340.676912
2921	-310.904813	-310.908076
2540	-211.295796	-211.654862
1701	-344.428649	-344.453478
3406	-286.459793	-286.311844
295	-320.770299	-320.820161
2696	-353.269456	-347.188633
3129	-361.692023	-361.739731
3490	-359.315205	-359.224643
1246	-318.406529	-318.334851
3168	-323.614890	-323.763543
3315	-269.176979	-269.207915
2887	-345.641890	-345.737272
3534	-320.785748	-320.777169
3042	-269.468415	-269.399859
1066	-375.344926	-375.058385
2762	-306.370119	-306.680940
2525	-324.569051	-324.584369
1935	-361.677841	-361.642767
3915	-309.687698	-309.684870
238	-233.253760	-233.794719
747	-359.350089	-359.308647
3133	-356.679691	-356.674492
1175	-361.742598	-361.693803
141	-287.734664	-288.228538
973	-325.790444	-325.757867
2030	-273.804223	-273.788184
2998	-246.027383	-246.400914
1920	-361.714679	-361.713903
2085	-309.695312	-309.730474
2799	-340.702898	-340.673453
1204	-361.704371	-361.631067
3032	-360.508895	-360.744728
757	-345.678211	-345.591986
1876	-251.732828	-251.984707
1930	-341.835805	-341.852559
1296	-345.612257	-345.545761
1515	-360.502298	-360.497402
877	-359.317823	-359.372177
3695	-309.651827	-309.691216
2237	-325.784144	-325.814804
1646	-340.684749	-340.657094
850	-271.623957	-271.638376
3975	-309.693760	-309.729722
396	-372.782655	-372.743565
3102	-310.903589	-310.945888
2868	-270.407057	-270.324952
324	-307.534482	-307.657689
1634	-324.563073	-324.546557
3953	-325.792503	-325.588045
1693	-234.474613	-234.410983
3811	-274.982348	-275.177676
2828	-232.030352	-231.287035
3806	-309.676410	-309.710272
990	-309.684377	-309.698472
3782	-262.035127	-260.647622
3231	-380.446861	-380.473762
705	-362.953848	-362.889260
1401	-307.265351	-307.170196
2211	-340.648620	-340.646177
2065	-340.537496	-340.571965
622	-341.886905	-341.787873
3854	-346.867382	-346.903641
2551	-325.792606	-325.797685
2534	-362.960595	-363.114591
1090	-272.500426	-272.559453
1223	-324.586663	-324.616809
3662	-360.469577	-360.419493
1047	-346.836177	-346.850761
3684	-362.958208	-362.975362
1725	-360.495137	-360.484071
466	-382.782183	-382.944362
2662	-345.635068	-345.465928
2938	-346.875201	-346.950625
2558	-472.145935	-401.305794
1422	-361.728608	-361.803110
1843	-362.899677	-363.030906
1778	-305.036659	-303.329026
2640	-398.880824	-391.173325
148	-345.629933	-345.746232
2839	-362.930315	-362.971210
2389	-361.728546	-361.837929
1999	-233.547877	-231.424247
3275	-308.757315	-308.918614
1673	-309.733829	-309.732526
1806	-324.610229	-324.608764
3827	-270.435807	-270.759894
3855	-304.746925	-304.846848
3407	-343.517848	-343.167137
2203	-310.911529	-310.895657
2082	-302.567313	-302.601959
2641	-270.394309	-270.447711
3052	-291.017787	-291.262780
1627	-301.363590	-301.381946
2158	-340.663379	-340.675653
39	-340.687222	-340.683974
1417	-381.586740	-381.714577
3141	-345.651109	-345.558257
3254	-287.469473	-287.493000
3308	-381.582831	-381.613486
1228	-345.640969	-345.541356
1309	-287.723848	-288.091530
340	-273.789697	-273.754926
1489	-266.777425	-264.904269
151	-270.397623	-270.347217
319	-352.845678	-352.883436
1827	-343.492484	-343.458400
2412	-310.904086	-311.003598
444	-340.665581	-340.688023
2755	-381.595252	-381.687540
2155	-343.243883	-343.647448
2000	-309.736479	-309.738567
3256	-153.459846	-155.152277
600	-268.859550	-268.844707
1409	-285.282853	-285.055948
2007	-308.499105	-308.556643
2487	-361.694757	-361.754146
3146	-289.872162	-290.061512
3286	-361.731914	-361.848461
1564	-288.555332	-288.575596
3148	-324.567513	-324.547597
1667	-323.323781	-323.344857
2849	-355.442748	-355.511530
2015	-308.518276	-308.550969
3306	-361.650084	-361.579664
878	-308.466070	-308.292848
3484	-341.890999	-341.826152
917	-323.320690	-323.761397
195	-296.296482	-300.252363
2457	-382.757134	-382.887597
1471	-346.857623	-346.884455
285	-249.362379	-248.638017
2444	-318.641916	-318.699725
3908	-272.847530	-272.951307
1985	-339.481708	-339.508314
2637	-325.687098	-325.445386
2312	-344.416076	-344.494786
3543	-287.318584	-287.348139
3026	-250.478855	-250.831047
3512	-340.641866	-340.618738
2810	-273.763107	-273.771579
2684	-310.940657	-310.907275
2915	-344.371144	-344.376701
2975	-345.579201	-345.653269
2269	-308.452310	-308.494607
1240	-310.907666	-310.935233
1077	-326.938562	-327.079075
1700	-320.782427	-320.773046
1011	-310.942660	-310.960629
3612	-309.738513	-309.725657
1191	-360.510716	-360.583453
456	-336.811524	-336.820788
3835	-309.693085	-309.707345
2605	-346.869041	-346.870659
2767	-340.635968	-340.628628
2375	-360.564233	-360.523297
3322	-272.536448	-272.525194
3038	-288.542113	-288.647460
1203	-261.802956	-246.008596
2870	-289.872470	-289.726219
3784	-344.450127	-344.458984
366	-324.576206	-324.548246
2544	-381.632480	-381.567916
1463	-362.938449	-362.920927
764	-233.560626	-236.769390
2348	-285.253877	-285.331378
2691	-308.505543	-308.216240
2807	-269.176124	-269.188954
1984	-287.441165	-287.379480
3233	-304.691526	-304.798632
1659	-487.002792	-486.955680
23	-304.679494	-304.575041
138	-362.875317	-362.489823
3028	-346.861640	-346.917053
2219	-265.437885	-265.401226
2387	-391.391111	-394.365413
388	-340.594424	-340.602764
2438	-392.565188	-392.346568
1824	-336.855265	-336.836398
681	-312.126544	-312.152289
3006	-308.470648	-308.492273
3741	-169.860788	-168.774241
2550	-271.628346	-271.621580
1609	-210.001565	-210.266373
3036	-310.907823	-310.927794
1735	-320.791360	-320.805191
2068	-308.471269	-308.459115
2392	-272.551442	-272.572388
2267	-291.016020	-288.343102
3210	-336.808333	-336.695252
2228	-308.518356	-308.692550
1472	-306.080007	-305.936460
362	-289.871990	-290.008286
3060	-270.441145	-270.421122
3554	-309.689751	-309.645835
1127	-345.659797	-345.401229
3847	-356.693135	-356.682491
1749	-302.579654	-302.850545
3548	-79.764152	-54.181045
3658	-309.682445	-309.676412
3005	-249.248680	-250.518257
3184	-308.439671	-308.422533
3122	-232.329070	-232.776048
904	-345.608456	-346.373204
1962	-382.756724	-382.744110
1509	-345.612220	-345.652186
24	-345.608180	-345.577850
715	-285.275928	-285.305260
1686	-288.648208	-288.643630
1788	-345.646841	-345.680987
268	-362.957295	-363.033112
152	-306.286325	-306.273915
1362	-249.387499	-249.364009
3767	-324.568597	-324.451620
3990	-303.459637	-303.609574
3465	-324.548021	-324.513071
1355	-361.727678	-361.713904
2907	-344.466563	-344.507936
3466	-325.794624	-325.796567
1269	-307.563525	-307.755568
2212	-346.837271	-346.890570
3676	-346.840522	-346.844494
3650	-382.756764	-382.741987
2218	-325.756157	-325.614561
1698	-325.800949	-325.720917
1213	-324.530103	-324.466618
2778	-325.711441	-325.756348
893	-232.317400	-233.137127
1229	-288.582662	-288.644570
3697	-312.119261	-312.010767
3459	-346.831382	-346.875119
2622	-346.829131	-346.835785
1839	-355.496901	-355.607367
2202	-324.602888	-324.626501
2692	-356.663387	-356.590225
1897	-197.629387	-195.481863
3647	-325.794522	-325.805719
3268	-324.562156	-324.563555
2943	-340.654874	-340.664474
3649	-343.292778	-343.216801
2095	-348.034975	-347.970135
2086	-308.486338	-308.484708
1207	-324.584396	-324.526081
3393	-359.297522	-359.644736
1406	-375.394844	-374.016021
2062	-303.437471	-303.477385
2853	-325.794835	-325.668270
738	-324.592221	-324.570707
1448	-372.747155	-372.784170
2676	-325.784384	-325.831853
3752	-345.686524	-345.786333
1820	-324.522751	-324.435998
925	-307.567279	-307.550378
1208	-345.608535	-345.577255
3737	-361.714817	-361.995194
3452	-361.758902	-362.133141
3418	-308.467120	-308.510857
512	-346.861026	-346.897655
296	-345.688916	-345.669776
1467	-345.613895	-345.927452
528	-288.538806	-288.552055
3195	-274.982322	-275.032853
963	-345.645239	-345.542705
607	-301.373496	-301.396402
3748	-376.556657	-376.601267
1514	-320.781098	-320.825577
2527	-297.554699	-297.651421
3636	-324.624318	-324.616475
482	-272.599303	-272.450812
3068	-306.015194	-306.706549
1137	-271.622539	-271.654940
307	-302.239101	-302.721646
3048	-381.616883	-381.520596
2199	-377.815601	-377.852036
3271	-454.878708	-460.337298
3558	-339.464817	-339.512196
3235	-339.416290	-338.976619
2950	-360.498298	-360.377370
562	-456.105229	-406.737245
755	-324.568345	-324.525672
1499	-320.779994	-320.776987
1674	-360.499243	-360.484580
312	-234.485640	-234.442705
1759	-305.906809	-305.973253
1596	-492.022084	-484.713386
3913	-308.551230	-308.510486
2707	-310.915408	-310.909740
489	-356.745773	-356.731763
211	-357.939331	-357.949524
2104	-379.006904	-380.061510
3220	-273.806349	-273.814210
2150	-324.570860	-324.581819
3842	-376.587741	-376.618363
2242	-362.870426	-362.393606
2683	-309.686061	-309.749486
3018	-345.638117	-345.759721
1554	-320.728167	-320.755920
3289	-270.437636	-270.519310
2414	-382.803358	-383.410227
1780	-345.606551	-345.685775
2821	-308.511516	-308.522761
2317	-308.503515	-308.531706
1689	-336.823026	-336.769996
3783	-310.912792	-310.874892
2122	-348.040439	-348.039232
3464	-234.470922	-234.633018
203	-340.663148	-340.699878
1533	-309.671865	-309.649214
1495	-286.516879	-286.508412
3381	-309.731402	-309.723368
1562	-309.676327	-309.684688
1902	-324.615795	-324.592205
2554	-345.649886	-345.634343
3928	-377.799358	-377.934199
956	-230.183076	-230.322183
3228	-381.648857	-381.652533
1676	-296.285473	-299.811016
3198	-288.680991	-288.642878
3218	-325.743746	-325.799385
1534	-340.632075	-340.503931
2686	-340.697732	-340.784685
2292	-343.246371	-343.368031
2812	-381.619786	-381.582036
2672	-355.556836	-355.655912
3637	-309.764115	-309.767355
861	-360.488871	-360.641847
3969	-324.609784	-324.569854
1005	-273.786179	-273.812733
1950	-232.331230	-233.761211
2925	-301.394865	-301.374369
3779	-308.476903	-308.476389
533	-287.720383	-287.614339
1460	-309.684108	-309.729591
3320	-310.952127	-310.934229
2080	-325.793131	-325.801597
3791	-360.491959	-360.493461
3353	-324.514429	-324.542439
744	-249.332005	-248.748325
2917	-267.068488	-267.568294
876	-325.807685	-325.834502
2963	-287.651399	-287.330039
2614	-232.164586	-231.474506
3355	-345.648365	-345.474065
981	-303.499320	-303.484925
470	-303.460335	-303.594774
1301	-309.679190	-309.746885
1937	-287.438379	-287.229443
227	-377.805829	-377.894230
1795	-356.736238	-356.742606
1385	-309.679840	-309.696142
1412	-242.195730	-242.190359
2331	-308.516808	-308.596392
3410	-271.316922	-270.356730
2982	-325.722723	-325.697399
3245	-327.024699	-326.954296
1955	-339.498757	-339.626476
2535	-272.835594	-272.518527
2829	-340.622886	-340.533596
3059	-363.508158	-363.332071
1705	-286.218259	-286.007819
25	-309.712046	-309.675547
3538	-271.350701	-271.335383
1336	-334.362330	-334.290929
3364	-305.057353	-304.046450
407	-287.508781	-287.405984
3392	-361.774979	-361.768870
2555	-287.427764	-287.406761
2422	-325.718957	-325.735578
2027	-376.585000	-376.564197
3444	-289.794376	-290.277924
1007	-235.694216	-237.065405
2663	-361.722327	-361.792810
425	-289.769718	-289.354187
1392	-353.321142	-360.010673
2335	-346.825562	-346.807393
2040	-317.409527	-317.414031
1553	-323.448965	-323.246976
2204	-310.904876	-310.940638
1426	-381.607770	-381.596280
33	-264.504487	-265.911399
2356	-323.346816	-323.359874
976	-382.776658	-382.668524
2179	-361.698233	-361.647650
3794	-317.361117	-317.168311
920	-281.489179	-281.515267
3810	-372.726782	-372.940024
3161	-309.678595	-309.640385
3605	-372.755216	-372.886537
630	-273.762561	-273.760930
700	-310.938181	-310.921096
3082	-272.586248	-272.570864
3380	-345.606939	-345.656229
3569	-272.588302	-272.616242
3441	-372.686714	-372.719803
2081	-273.775864	-273.773322
1097	-325.784473	-325.861012
3110	-236.917458	-236.538941
2168	-310.899911	-310.871712
993	-317.364547	-317.188134
1405	-361.711854	-361.704486
3988	-309.707600	-309.695592
108	-345.614707	-345.576748
338	-272.544500	-272.559266
2881	-345.594203	-345.785887
3324	-345.641848	-345.519912
3312	-323.647099	-323.701059
1468	-345.650338	-345.674342
3428	-288.564752	-288.511158
3860	-308.505267	-308.382923
1946	-346.841836	-346.884139
1014	-301.385442	-301.356369
1879	-288.594527	-288.605323
1050	-304.643392	-304.700343
1421	-360.526142	-360.453418
1825	-271.656372	-271.670853
2673	-345.652182	-345.797298
1940	-334.429558	-334.908346
2111	-348.048744	-347.987075
381	-341.835557	-341.980212
648	-287.422111	-287.529857
3194	-301.367422	-301.426146
2437	-356.692640	-356.687790
2964	-362.945907	-362.941535
3872	-340.691219	-340.931381
3094	-324.601619	-324.602739
3078	-383.966179	-384.046814
1334	-273.765782	-273.731638
2512	-346.823548	-346.761864
2097	-345.639692	-345.659953
2891	-308.511094	-308.561975
546	-306.365166	-306.304937
947	-322.454079	-322.481308
906	-383.969892	-383.694894
1964	-309.726463	-309.715729
2008	-336.802659	-336.747256
3046	-322.057728	-321.976768
2926	-320.764569	-320.772961
1506	-339.437849	-339.377527
2144	-324.574829	-324.538454
1354	-382.790027	-382.764916
2643	-372.711859	-372.696084
1119	-304.733360	-304.776627
244	-346.835129	-346.871483
1004	-355.416555	-355.293865
2567	-320.795216	-320.842118
2271	-310.916474	-310.856268
1681	-310.908780	-310.890043
1542	-370.291993	-380.367862
3253	-281.476938	-281.694587
1167	-309.729139	-309.799298
1494	-345.654016	-345.576024
2236	-235.698987	-236.243460
2448	-346.833271	-346.774620
1474	-340.654517	-340.682980
1522	-324.485746	-324.504720
1446	-319.575102	-319.596934
1295	-346.829652	-346.863749
1850	-323.407987	-323.345301
2452	-344.424745	-344.419182
3200	-265.433051	-265.443459
3590	-340.660106	-340.693385
823	-361.732840	-361.744854
1219	-306.334850	-306.243233
2976	-356.737615	-356.688087
1531	-345.640098	-345.583308
3206	-346.853173	-346.655120
55	-335.683118	-335.527354
3140	-284.987905	-284.935813
409	-306.383308	-306.359993
3944	-381.563295	-381.484465
1169	-346.819305	-346.810180
1909	-345.630398	-345.542466
2860	-345.600676	-345.431531
310	-308.480308	-308.449584
1807	-344.469516	-344.368611
916	-345.608831	-345.160386
2034	-345.586124	-345.680497
3443	-346.866543	-346.919561
3712	-300.148891	-297.874012
1729	-361.740062	-361.805117
1613	-346.890723	-346.875185
999	-308.512721	-308.542429
3151	-362.873906	-362.573453
2321	-381.536295	-381.605508
1155	-272.838189	-272.567173
680	-325.806369	-325.813977
3730	-291.017996	-289.224386
3552	-325.793166	-325.813140
3361	-324.558989	-324.573396
1942	-382.751274	-382.465412
1088	-291.017433	-288.666884
826	-248.137789	-248.842339
291	-304.683134	-304.776866
2931	-361.729140	-361.711271
2653	-361.749428	-361.749719
1475	-362.957353	-362.971467
2196	-338.559964	-338.394363
2956	-360.528914	-360.524508
3101	-360.503577	-360.450486
3342	-153.787612	-156.994183
859	-308.468407	-308.357166
1663	-232.351764	-233.271532
1212	-304.733723	-304.704050
687	-346.841762	-346.893399
2163	-324.503356	-324.472594
517	-344.434827	-344.420919
3804	-324.573632	-324.569352
1282	-346.860539	-346.933329
869	-327.026488	-326.445317
1918	-319.573117	-319.537403
741	-344.434318	-344.447888
3689	-308.467642	-308.458106
1699	-272.541597	-272.615549
675	-346.827397	-346.752806
2107	-325.766177	-325.709880
3587	-322.421320	-322.337353
3517	-396.475511	-396.270860
2423	-338.238743	-338.953674
1195	-285.287913	-285.274303
3933	-307.569255	-307.533499
1913	-310.912131	-310.939702
1692	-362.862736	-362.737030
3449	-297.510804	-297.364779
2896	-356.725069	-356.759328
1649	-346.868661	-346.976761
2679	-312.130526	-312.236679
2671	-344.377098	-344.405255
209	-308.493663	-308.431222
526	-344.430692	-344.455636
3958	-291.015785	-290.720147
3914	-325.805781	-325.764780
2854	-325.810616	-325.781605
1683	-346.829154	-346.920947
3205	-341.842686	-341.906896
3319	-376.604793	-376.545393
246	-313.537245	-313.922753
2350	-341.853951	-342.007224
552	-340.639366	-340.520063
1868	-326.949224	-327.109092
1450	-273.757658	-273.736828
2250	-339.462492	-339.506585
549	-372.785072	-372.747159
3014	-269.263802	-269.133076
19	-309.720734	-309.731787
1063	-265.440996	-265.550208
234	-308.467880	-308.441826
2067	-280.248350	-280.905426
713	-308.484017	-308.487095
796	-344.453746	-344.472695
3528	-233.262752	-233.119216
892	-288.621895	-288.732073
3876	-304.574737	-304.629606
3656	-310.918831	-310.909394
828	-361.684892	-362.044567
2291	-286.514923	-286.405959
3945	-304.737186	-304.634747
1680	-377.842223	-377.689382
613	-309.689486	-309.566381
2524	-392.642251	-392.409420
779	-356.732185	-356.717399
3415	-308.495275	-308.544126
3989	-272.542369	-272.501286
2156	-346.827596	-346.870243
367	-360.491873	-360.346381
1608	-361.758032	-361.775914
2722	-344.423318	-344.309938
1655	-338.217210	-339.414862
3149	-372.694726	-372.823854
2017	-310.940345	-310.951968
2859	-362.909074	-362.919617
3097	-309.716094	-309.660663
2833	-248.375248	-248.703361
2781	-288.581699	-288.405163
2576	-306.418503	-306.236360
2088	-362.871515	-362.635357
1382	-360.492675	-360.482310
3029	-285.281493	-285.308072
1587	-322.133444	-322.163569
222	-412.548009	-411.551905
224	-324.628594	-324.570964
3576	-325.729906	-325.780293
3064	-326.983087	-327.005811
3348	-304.715963	-304.784787
1447	-469.758395	-464.543031
937	-306.397642	-306.170582
541	-325.714161	-325.603739
1702	-251.727632	-251.910987
1280	-356.683566	-356.699947
2403	-326.955365	-326.850363
70	-346.874234	-346.891601
146	-377.813815	-377.820479
286	-324.563745	-324.529551
819	-276.204532	-274.681138
644	-376.595314	-377.066229
1969	-360.529678	-360.489943
2822	-310.902197	-310.938365
3041	-345.692143	-345.582579
1018	-354.272548	-355.183730
2704	-320.786981	-320.781070
1738	-273.759338	-273.696359
2326	-320.768781	-320.775757
35	-343.197784	-342.451621
3706	-345.687338	-345.756370
1068	-308.470010	-308.188408
640	-345.616264	-345.645595
1330	-324.575010	-324.620778
987	-273.765811	-273.693310
1722	-362.946707	-362.937386
1132	-310.938583	-310.931543
3921	-343.218379	-343.151927
210	-362.938898	-363.063713
1970	-362.897428	-362.884237
3197	-309.714859	-309.751820
856	-324.568212	-324.559136
1428	-265.391486	-265.359737
1936	-360.564423	-360.530933
447	-271.627826	-271.563272
1538	-348.050463	-348.059500
10	-344.512001	-344.542259
2215	-289.795079	-289.806391
2669	-309.763785	-309.737938
1143	-367.635675	-367.977105
1271	-310.902165	-310.825591
3924	-270.393737	-270.420287
306	-307.335530	-307.172810
1635	-360.520081	-360.489958
3503	-266.630629	-267.036231
3100	-361.716824	-361.689205
2711	-322.460671	-322.411801
1189	-287.322957	-287.398563
1821	-308.473320	-308.567251
2505	-344.440744	-344.424702
1878	-346.819711	-346.842602
3985	-324.548763	-324.542658
1242	-308.508254	-308.594788
1096	-309.689595	-309.673195
693	-234.520624	-234.599531
2721	-271.401725	-271.573520
1435	-193.963318	-192.972694
1168	-308.454820	-308.569882
3091	-341.869641	-342.021196
2575	-308.759090	-308.692904
3898	-356.700248	-356.774654
63	-287.377993	-287.737554
1015	-344.454928	-344.446508
1630	-323.431776	-323.237881
1640	-304.583737	-304.711677
423	-304.694187	-304.743693
1142	-309.702591	-309.716371
2774	-310.910631	-310.892671
3549	-323.437779	-323.142002
2749	-340.645995	-340.672857
1298	-308.505512	-308.422501
601	-324.603558	-324.542474
2472	-209.159302	-209.545759
165	-327.013034	-326.630266
639	-270.405973	-270.019940
1161	-308.513516	-308.474365
605	-456.103432	-407.994953
3273	-288.589678	-288.738524
1051	-346.860404	-346.775157
3885	-304.728655	-304.842557
970	-310.911364	-310.926823
1516	-249.358446	-248.503488
1237	-360.542541	-360.529211
2594	-335.586914	-335.647741
1100	-380.373569	-380.494217
1809	-324.559733	-324.552518
282	-325.714378	-325.766456
3583	-325.721011	-325.742276
1783	-320.761312	-320.742730
1898	-360.497612	-360.501904
3383	-360.602876	-360.528747
121	-361.711483	-361.954480
3121	-344.419977	-344.343609
604	-320.777491	-320.795822
775	-344.469204	-344.498144
2191	-359.317050	-359.442346
1967	-288.573475	-288.585094
1166	-324.576650	-324.547105
2670	-326.934805	-327.111586
522	-309.680641	-309.694932
1163	-397.709232	-399.041062
1342	-361.712098	-361.431568
2797	-345.646914	-345.724807
2019	-340.659620	-340.665184
3171	-345.599912	-346.033763
2002	-286.504040	-286.516217
1754	-269.221561	-269.018776
2597	-412.494644	-412.234069
3757	-281.482952	-281.530001
3358	-326.934987	-326.181027
1900	-309.689410	-309.665848
368	-345.595021	-346.189448
1130	-346.826923	-346.713481
1398	-234.469383	-234.640906
1329	-309.710338	-309.739902
156	-288.654408	-288.607352
787	-360.525379	-360.563394
2301	-324.616647	-324.622040
1092	-360.552974	-360.542397
1200	-346.908492	-346.912399
436	-360.521191	-360.571941
3338	-308.466631	-308.449681
3690	-346.829378	-346.840644
3473	-360.527434	-360.508472
1864	-312.133063	-311.890234
1102	-116.609549	-126.773781
1615	-287.344000	-287.163400
3607	-325.801523	-325.788373
2270	-355.497046	-355.597633
2393	-324.608961	-324.568662
1279	-377.837977	-377.851161
1652	-301.316399	-301.251076
2484	-344.359905	-344.383856
3756	-326.943546	-326.944563
2341	-377.784360	-377.776141
1912	-310.915653	-310.948707
2113	-344.391557	-344.517027
3157	-335.619981	-335.679525
1378	-346.867789	-346.896826
1037	-306.397746	-306.231672
1963	-325.761942	-325.732129
2688	-284.964138	-284.792786
1010	-340.666160	-340.668660
2635	-323.324700	-323.365240
2532	-301.405558	-301.362910
2399	-308.430606	-308.424976
1245	-310.907810	-310.963590
1528	-360.446475	-360.371594
3641	-360.485033	-360.615161
2674	-342.352279	-341.977793
1891	-323.382399	-323.295074
3920	-319.574905	-319.600379
1062	-324.496997	-324.500573
530	-360.503506	-360.357257
1544	-324.594826	-324.648411
109	-158.340943	-142.909855
3935	-289.875063	-288.760210
65	-312.125621	-311.973657
395	-234.447743	-234.558486
3024	-251.729571	-251.801525
864	-323.337623	-323.300199
1941	-286.206129	-286.196447
2546	-248.018573	-245.171921
3432	-297.523580	-297.634270
3079	-270.401391	-270.590549
2014	-371.537915	-371.384925
3499	-309.702237	-309.674769
1521	-323.665247	-323.630539
879	-303.556846	-303.458401
591	-325.760915	-325.753959
3454	-376.600944	-376.563208
2207	-301.330754	-301.241436
951	-307.548619	-307.660660
2286	-309.728265	-309.723322
1887	-361.696319	-361.796142
172	-282.667163	-282.947238
1178	-382.751729	-382.829593
3167	-309.688639	-309.678179
2750	-268.301176	-268.580469
495	-342.297848	-342.217801
411	-397.680771	-397.291478
3311	-344.433172	-344.424396
3461	-320.776316	-320.749575
1703	-286.154755	-286.116702
2651	-273.744309	-273.658283
1103	-273.764642	-273.777978
1120	-353.283458	-361.690999
3371	-286.517424	-286.684643
3893	-341.097446	-335.960889
2105	-335.635972	-335.610853
1054	-323.427722	-323.230566
2796	-345.678871	-345.601531
3177	-287.662612	-288.124225
589	-340.604189	-340.610743
2477	-360.539944	-360.548587
684	-361.753989	-361.728039
577	-343.087962	-343.116654
1736	-273.764207	-273.745213
2294	-341.831947	-341.919793
2029	-380.417684	-380.462223
1818	-371.535911	-371.839997
933	-270.430832	-270.526010
2858	-346.862070	-346.883087
1345	-376.540686	-376.578823
662	-341.843824	-341.813511
1631	-345.642285	-345.636515
3203	-308.459279	-308.471968
3138	-345.651520	-345.642493
1771	-287.657053	-287.627221
364	-117.824798	-115.885635
3957	-307.291354	-307.124989
912	-323.344400	-323.504289
842	-360.514766	-360.518439
3414	-285.313674	-285.295676
1399	-341.826906	-341.918065
214	-348.052027	-348.056741
3963	-271.323381	-271.020124
3304	-346.843297	-346.838907
1933	-270.396100	-270.334406
219	-307.221351	-307.218211
112	-340.648166	-340.736099
3022	-234.455424	-234.498424
3551	-345.646761	-345.764349
3575	-309.736328	-309.741930
2426	-340.650391	-340.641642
566	-303.472917	-303.334121
3562	-360.524672	-360.759252
901	-270.446915	-270.550546
718	-392.601894	-392.582702
3424	-348.051118	-347.996522
770	-381.612946	-381.640953
2360	-340.636727	-340.620547
844	-324.606050	-324.643336
3693	-273.779498	-273.763429
1481	-376.634518	-376.702354
2094	-325.812885	-325.641068
1233	-265.440660	-265.569651
1353	-359.297643	-359.433251
3781	-274.984614	-274.989676
1069	-375.370023	-375.215708
3979	-345.651111	-345.488168
3323	-232.335768	-234.064027
1113	-234.484521	-234.568239
1669	-287.426878	-287.283826
2373	-302.564379	-302.606069
2646	-325.800095	-325.813171
435	-306.309029	-306.246491
3080	-344.436248	-344.446106
3050	-303.940271	-293.398874
2560	-339.452794	-339.473994
1877	-287.407788	-287.499917
3288	-348.045786	-347.880481
450	-235.729507	-234.193347
2580	-309.722373	-309.722316
2275	-312.122563	-312.165572
3119	-301.090914	-302.878444
903	-309.685872	-309.596663
3976	-273.765901	-273.771536
3506	-320.804155	-320.842550
2659	-324.461004	-324.455065
3067	-271.304881	-271.343426
1356	-271.372094	-270.800313
3077	-336.822591	-336.845301
752	-324.557693	-324.608069
2516	-309.661518	-309.662660
780	-308.769557	-308.852344
527	-324.629301	-324.568804
1048	-286.495416	-286.150394
2178	-339.455981	-339.329375
1573	-233.255259	-233.098033
1165	-309.706371	-309.634094
2084	-361.708021	-361.802264
599	-343.312201	-343.386586
3981	-249.257629	-249.179187
3857	-340.686134	-340.697392
3828	-288.650589	-288.589752
1995	-362.946041	-362.885565
3909	-310.945132	-311.002357
836	-324.606601	-324.574358
477	-265.399968	-265.378249
3453	-321.254976	-320.501148
1182	-304.738393	-304.816770
3646	-305.130313	-304.934817
1545	-308.468255	-308.307802
1263	-345.642008	-345.746511
2649	-381.581036	-381.496264
3224	-286.504546	-286.221908
704	-235.696677	-234.154265
1310	-307.529289	-307.507199
3956	-345.698757	-345.814889
3262	-235.693825	-235.664742
301	-324.570823	-324.429635
778	-324.573162	-324.567773
1384	-361.755719	-361.858694
3850	-308.528193	-308.531204
2914	-270.422403	-270.675520
331	-309.734363	-309.682368
720	-381.594735	-381.493464
1633	-247.201165	-247.239495
538	-324.494520	-324.449018
1423	-344.413850	-344.442150
3727	-285.317454	-285.256521
1123	-375.393636	-373.145892
333	-308.507517	-308.545271
1290	-345.660459	-345.612741
3375	-324.594534	-324.630194
1226	-195.226072	-195.037858
3799	-291.018995	-291.177326
243	-323.389193	-323.485961
3455	-270.401061	-270.503431
2878	-285.336744	-285.345068
45	-266.615452	-266.640043
783	-273.806375	-273.777409
2031	-269.170061	-268.978458
1527	-271.621836	-271.582230
2647	-262.017735	-254.906432
1719	-232.050342	-232.487730
3117	-346.824942	-346.641963
2626	-305.900638	-305.979804
2661	-323.448833	-323.274201
1052	-361.770383	-361.745248
3629	-359.312853	-359.256395
1	-360.499843	-360.486752
2429	-306.081547	-306.614281
1845	-302.309526	-302.523060
1267	-341.841438	-341.840517
822	-336.845442	-336.814144
2461	-269.170508	-269.163698
911	-356.711832	-356.700151
1497	-251.731545	-251.816681
619	-325.787161	-325.806677
2263	-274.983122	-274.980037
2254	-359.388326	-359.153770
3974	-323.433262	-323.166334
3713	-325.748400	-325.732854
633	-325.759393	-325.765250
575	-272.582834	-272.612379
2952	-308.511290	-308.689866
1095	-324.603415	-324.608962
2850	-288.580309	-288.557228
989	-272.839582	-273.730222
1221	-344.436348	-344.464298
813	-361.733052	-361.757309
544	-340.643340	-340.679831
2798	-307.259167	-307.755769
2135	-346.861074	-346.784403
2276	-309.679242	-309.728959
2260	-271.351786	-271.325705
1413	-247.214861	-247.377610
889	-272.539307	-272.532542
2509	-344.380267	-344.419605
2053	-320.769272	-320.787155
1323	-289.811983	-289.617943
3887	-242.196351	-242.431208
3191	-284.360325	-284.170164
784	-377.848074	-377.711795
167	-310.912077	-310.975611
1224	-308.420805	-308.445369
1053	-340.610046	-340.611627
2208	-286.486509	-286.460412
3550	-341.825957	-341.903371
832	-308.470270	-308.497737
3155	-376.605641	-376.522603
1483	-309.723988	-309.738333
2831	-356.723059	-356.717235
2337	-324.588418	-324.570294
493	-336.819674	-336.825162
1397	-271.624640	-271.624160
1580	-271.339821	-271.266428
144	-271.323089	-270.515624
1690	-339.426816	-339.265396
2405	-318.344936	-318.392997
3780	-323.320574	-323.355933
3501	-318.409788	-318.388521
2513	-345.631685	-345.664918
2298	-270.396464	-270.304052
1236	-155.897345	-156.406859
3175	-309.649998	-309.660756
3395	-248.436061	-248.759127
3725	-309.710255	-309.741669
871	-309.680919	-309.704792
3477	-348.046236	-348.348659
355	-273.761263	-273.786253
2933	-360.538112	-360.509952
2117	-346.839895	-346.799129
1274	-309.686648	-309.720812
1469	-324.444698	-324.434118
2687	-377.816463	-377.821363
614	-383.982605	-384.037013
3043	-196.405320	-191.649181
3137	-272.533448	-272.539323
1997	-271.666841	-271.812011
3349	-207.916786	-211.333749
3448	-324.634377	-324.610551
1579	-288.589020	-288.650860
2789	-340.629283	-340.627061
137	-287.440932	-287.012112
3621	-346.815715	-346.665298
96	-375.359188	-375.422331
2491	-381.634033	-381.637371
3012	-276.205920	-273.092570
2698	-344.434438	-344.447043
263	-341.853650	-341.932035
2898	-310.940190	-310.967377
2999	-307.237456	-307.228809
30	-325.717105	-325.740362
1071	-360.495618	-360.525998
769	-271.361537	-271.065217
427	-382.798099	-382.796623
453	-375.430225	-371.264748
1270	-307.571937	-307.848039
2531	-157.115484	-160.329811
647	-338.268974	-337.654791
578	-382.825717	-382.713560
756	-325.798888	-325.772776
2588	-376.538277	-376.571823
305	-346.859213	-346.748065
792	-310.898648	-310.833575
1288	-324.635136	-324.602505
2994	-345.597078	-345.578697
1866	-310.940708	-311.105147
1183	-325.750970	-325.728506
2873	-307.545713	-307.563866
3722	-308.759135	-308.890048
3485	-324.614459	-324.632615
3992	-319.576017	-319.692410
1308	-341.814212	-341.898204
3527	-309.716030	-309.674084
335	-361.729115	-361.742388
3158	-269.271320	-269.133248
1813	-307.550360	-307.595092
3327	-348.059242	-348.011682
1642	-344.345376	-344.366732
441	-380.414967	-380.476335
3247	-360.531175	-360.531510
2977	-310.909944	-310.865854
1566	-380.438011	-380.717205
3085	-322.130736	-323.389187
2623	-235.700285	-235.994822
1122	-345.601318	-345.633344
2619	-326.939536	-327.085872
655	-325.771459	-325.774272
3955	-323.391458	-323.280196
189	-322.167165	-322.344838
3181	-307.209274	-307.235930
3416	-320.770681	-320.780569
1856	-321.958301	-322.126575
2930	-310.906738	-310.940841
891	-325.767721	-325.801523
1716	-325.784331	-325.792342
2076	-274.982287	-275.505542
31	-359.310420	-359.183959
786	-307.544728	-307.590720
2793	-306.384286	-306.372981
2715	-345.709596	-345.598178
3659	-340.683837	-340.697793
811	-304.567859	-304.553473
3937	-361.713179	-361.866764
2302	-492.008892	-491.161264
672	-345.661057	-345.554330
2320	-362.876210	-363.048842
2574	-273.812881	-273.733368
3083	-381.591448	-381.683596
2494	-274.984732	-274.993214
1530	-272.549380	-272.579379
2194	-273.757530	-273.727255
3238	-340.667053	-340.648897
1248	-304.732336	-304.790900
1643	-310.910140	-310.850829
1687	-344.407598	-344.560825
3214	-344.426062	-344.240296
253	-305.838224	-305.953265
1477	-303.462312	-303.430364
3711	-303.469034	-303.477648
529	-309.725786	-309.744690
1027	-360.529992	-360.683884
1794	-325.712420	-325.646183
1863	-381.631601	-381.447480
1872	-272.566631	-272.602589
1375	-345.645053	-345.786090
2825	-360.576433	-360.553073
101	-324.507184	-324.838326
62	-309.677968	-309.665088
2279	-309.711101	-309.711851
3808	-345.614760	-345.485751
3357	-361.779217	-362.050017
2136	-263.278851	-263.324481
3801	-310.937414	-310.865635
2701	-326.942959	-326.660961
2970	-339.501361	-339.385742
2287	-310.905485	-310.852638
2841	-360.524422	-360.510948
2530	-345.673444	-345.985456
424	-309.717380	-309.725021
3511	-324.552260	-324.656154
2863	-287.423372	-287.403257
3066	-345.688382	-345.865562
774	-395.551843	-395.976867
1957	-206.721858	-193.097179
1254	-325.753541	-325.750652
236	-325.758113	-325.785324
2377	-236.916033	-237.155728
1911	-272.582516	-272.560523
899	-321.230055	-321.277221
1138	-308.444609	-308.427607
3616	-225.221461	-224.342005
299	-195.196751	-195.474094
2483	-322.158791	-322.357377
3853	-271.336383	-271.354285
1817	-339.459612	-339.594852
3011	-310.902708	-310.878557
3226	-339.491316	-339.491671
1415	-338.156727	-337.871243
940	-325.787515	-325.812191
2108	-267.944278	-268.160559
1792	-363.504227	-363.398685
3317	-269.177232	-269.086064
3614	-288.627505	-288.600312
997	-361.688335	-361.574559
51	-283.168740	-281.539952
1135	-310.903412	-310.878243
1815	-345.663783	-345.587033
2685	-344.426408	-344.412629
3001	-270.386138	-270.346461
3954	-271.611366	-271.517096
1366	-345.633122	-345.774023
1682	-269.215705	-269.063554
2147	-382.781806	-381.313811
3719	-320.742924	-320.712988
52	-345.627428	-345.814548
1190	-377.830859	-377.442801
3176	-432.852890	-430.260108
3526	-249.285024	-249.341914
2717	-309.726244	-309.739318
3667	-249.293044	-249.590043
459	-348.056615	-348.031376
1519	-352.874613	-352.902675
3255	-345.578846	-345.557393
3417	-354.292460	-353.591357
2776	-313.573888	-313.794233
1394	-396.500849	-395.797811
415	-309.692626	-309.642097
2252	-382.779570	-383.061003
743	-309.719124	-309.756825
2815	-324.570906	-324.690640
1227	-322.155306	-322.339472
255	-309.672030	-309.639235
1202	-361.725394	-361.674233
1518	-309.683200	-309.728993
3776	-320.773105	-320.816490
1057	-391.518453	-371.656969
2965	-344.689237	-345.720360
805	-309.658574	-309.674954
3673	-309.691463	-309.695783
1773	-304.696646	-304.634936
3788	-361.725962	-361.708043
2160	-345.674929	-345.773485
829	-310.909285	-310.872774
3497	-392.627857	-392.696829
3839	-231.155780	-231.969442
1287	-355.515622	-355.807389
3716	-361.720799	-361.715257
1376	-348.053064	-348.003551
3237	-303.553222	-303.568735
1253	-312.126356	-311.967300
1321	-234.472577	-234.618433
197	-233.549368	-229.381584
518	-289.791234	-290.369056
3446	-306.044918	-306.231828
771	-346.903261	-346.899067
66	-337.302324	-336.785896
115	-356.682218	-356.633439
3523	-325.728070	-325.834672
3343	-320.735225	-320.725960
2791	-194.254127	-192.259914
3681	-310.914919	-310.967562
2942	-325.778444	-325.807321
356	-372.741729	-372.800364
1352	-304.677606	-304.726584
3397	-356.702115	-356.746637
353	-197.632222	-194.970981
485	-250.585183	-249.957713
1944	-325.796840	-325.841828
3760	-280.314080	-280.969110
2232	-56.525887	-53.149436
2608	-306.369631	-306.156511
2442	-345.636611	-345.672202
3463	-304.735360	-304.729818
3986	-355.516778	-355.438095
2727	-271.330291	-271.342502
3950	-270.439135	-270.280726
2024	-306.349032	-306.582303
417	-344.440065	-344.448990
1420	-286.516174	-286.429477
2865	-342.307696	-342.505479
2689	-309.673807	-309.639527
3166	-326.949535	-326.941799
2159	-324.581067	-324.582179
494	-345.611057	-345.632028
1602	-318.339586	-318.458799
1873	-346.842529	-346.864646
1358	-340.682075	-340.782924
348	-196.432825	-198.477043
3035	-344.404557	-344.528883
3070	-281.491976	-281.592251
1473	-340.678945	-340.637477
3919	-304.721921	-304.751500
2543	-376.588479	-377.230280
1982	-345.609374	-345.641355
484	-351.639205	-351.691061
2485	-392.676111	-392.738292
689	-341.818686	-341.718349
592	-307.614861	-307.524654
1024	-302.535621	-302.748646
3169	-310.902849	-310.897845
695	-345.700085	-346.009966
3877	-340.623773	-340.612682
3873	-348.051405	-347.961637
3638	-306.320806	-306.371073
2790	-287.732329	-288.128128
2148	-309.718089	-309.728566
1498	-340.654582	-340.662007
135	-301.341304	-301.320336
2469	-270.392444	-270.489482
1658	-287.337578	-287.416173
1453	-309.720334	-309.733882
2127	-308.519863	-308.572700
1400	-306.067385	-305.549795
330	-286.408473	-286.604258
274	-272.539126	-272.582110
1502	-340.679724	-340.657975
2723	-324.554067	-324.538946
361	-376.622353	-376.967588
471	-324.532283	-324.426911
3144	-308.472241	-308.437546
525	-273.812813	-273.721453
3435	-361.728293	-361.757953
3374	-324.551244	-324.363405
2184	-360.501473	-360.405083
2025	-249.363808	-249.494859
1524	-272.550818	-272.450615
2768	-340.690205	-340.946406
116	-346.831175	-346.842177
1632	-340.673967	-340.660512
3746	-309.736797	-309.718380
481	-307.573371	-307.528353
3278	-298.952950	-282.143722
464	-324.485629	-324.519323
2482	-268.321270	-269.313453
3183	-345.642870	-345.619737
3347	-286.510514	-286.525080
1727	-324.606977	-324.571431
1410	-273.759553	-273.671114
321	-324.604397	-324.604930
3476	-304.737418	-304.689996
1558	-270.389386	-270.797299
523	-345.565792	-345.561246
3087	-392.563319	-391.571787
434	-338.195462	-337.435743
3813	-340.620847	-340.665350
2947	-355.510313	-355.452855
3165	-356.724041	-356.736869
3049	-324.610004	-324.608320
3899	-337.265273	-336.085383
134	-308.516376	-308.630716
2634	-326.927446	-326.581103
162	-232.324966	-231.967047
1266	-324.582035	-324.381256
2138	-340.684371	-340.714316
3525	-340.662316	-340.667094
2240	-381.627040	-381.450144
3964	-336.853985	-336.849526
3305	-310.955141	-310.916648
132	-308.469258	-308.501534
3651	-303.463214	-303.587792
2984	-362.935648	-363.025891
81	-318.390876	-318.383703
3199	-273.811544	-273.829926
2678	-285.255563	-285.276718
2808	-340.646073	-340.583698
3204	-306.313706	-305.815587
1638	-344.481904	-344.491612
370	-356.698196	-356.754950
2871	-308.460407	-308.481341
2733	-310.940764	-310.868049
1592	-271.616430	-271.583608
3487	-210.101789	-211.319458
56	-345.599154	-345.602748
3890	-341.849730	-341.912646
7	-309.722879	-309.649698
2538	-344.417597	-344.390849
2143	-288.628466	-288.646324
1823	-340.656176	-340.704425
934	-345.650323	-345.678041
446	-305.831164	-305.866200
1466	-340.657975	-340.679954
1829	-382.804482	-382.811595
3661	-287.358011	-287.348050
3572	-322.172641	-322.108944
1235	-265.447270	-265.303037
1917	-325.790782	-325.814478
1347	-359.361259	-359.234863
799	-310.910909	-310.863715
3272	-173.147782	-171.804696
3863	-346.804974	-346.843005
2121	-324.619773	-324.500162
3037	-288.567911	-288.706551
2547	-323.328581	-323.386798
44	-309.735489	-309.728516
1238	-360.499088	-360.481037
1979	-308.462923	-308.517649
2857	-362.899149	-362.856697
3265	-324.569062	-324.575692
3114	-309.692389	-309.641115
690	-375.420808	-375.243967
2630	-282.871678	-282.518927
531	-226.107205	-225.806644
1480	-324.584824	-324.536800
2832	-250.585843	-250.917633
3962	-341.865856	-341.926518
2991	-272.841336	-272.471982
1026	-325.765414	-325.774313
515	-287.727890	-287.912861
1851	-361.717868	-361.726650
3648	-324.631468	-324.584607
3904	-356.716094	-356.699999
2501	-232.377706	-233.056130
1761	-376.622507	-376.618733
2455	-344.431301	-344.382917
2132	-377.826580	-377.785099
3588	-272.549011	-272.488482
2018	-286.492357	-286.450510
3307	-318.647923	-318.985217
2617	-248.151318	-247.593955
3619	-325.779372	-325.777962
3479	-265.289023	-265.313090
468	-322.150234	-321.706961
3072	-340.671263	-340.652229
2539	-321.276274	-321.120235
193	-307.285557	-307.237671
2584	-360.567154	-360.579569
863	-285.288405	-285.293348
3817	-288.554600	-288.552768
2413	-345.604177	-345.475225
2324	-346.831385	-346.669561
2542	-326.951186	-327.116729
670	-324.618078	-324.596677
1452	-308.467331	-308.457526
22	-324.575190	-324.509478
1324	-270.399280	-270.038737
2307	-346.859945	-346.767860
3679	-320.794248	-320.791925
2384	-281.469893	-281.732002
119	-327.012568	-327.089696
2548	-340.654465	-340.651238
2362	-305.134491	-304.875621
2431	-309.684774	-309.641302
3582	-344.436500	-344.383191
2690	-231.093096	-231.625536
2447	-323.330261	-323.364002
2730	-286.492223	-286.480243
3023	-323.343769	-323.340926
1540	-285.217962	-284.855961
3063	-317.413890	-317.268399
897	-345.659998	-345.676615
1156	-154.972731	-156.031582
1712	-345.612640	-345.606539
1346	-308.542644	-308.484278
2174	-324.606491	-324.566451
1278	-362.942040	-362.941276
1273	-355.513035	-355.543209
2366	-286.466852	-286.319201
1196	-346.840727	-346.825188
2112	-304.729640	-304.815830
3642	-324.565306	-324.510530
839	-302.254301	-302.470023
1479	-309.677142	-309.686219
180	-360.505528	-360.457684
580	-360.537290	-360.528244
2710	-361.773017	-361.686677
1193	-324.550139	-324.563470
3027	-336.811099	-336.803806
1089	-344.451793	-344.455073
2049	-344.463291	-344.490120
2233	-319.556235	-319.442758
0	-351.615495	-351.575321
2974	-396.486691	-396.612322
2299	-280.273691	-280.653378
2400	-345.592410	-345.642076
2714	-398.878264	-391.418226
2507	-291.014750	-290.173777
1782	-308.555419	-308.580534
2272	-324.528642	-324.410021
1584	-251.727102	-251.858580
3259	-359.368793	-359.501291
2511	-250.500016	-247.316329
3968	-287.425634	-287.352810
3516	-324.634527	-324.552510
3831	-451.528971	-386.776414
1961	-197.629416	-196.048495
2705	-270.384180	-270.375687
2406	-306.386594	-306.335871
3814	-361.745554	-361.654849
1134	-343.068226	-343.122338
2648	-325.728744	-325.733761
2274	-308.463553	-308.496495
220	-276.205821	-273.580269
2123	-327.010026	-326.793886
1836	-268.273739	-268.747364
1350	-343.076530	-343.091911
1150	-308.551121	-308.504704
2866	-344.431605	-344.199193
1292	-323.652284	-323.672177
499	-340.611683	-340.648351
1786	-325.785038	-325.774003
1035	-284.385189	-284.447505
581	-287.683128	-287.528522
1107	-267.060326	-266.623643
1752	-296.265627	-300.928449
2624	-309.699280	-309.612751
254	-285.284456	-285.066816
2349	-301.357553	-301.316359
1492	-310.927319	-310.890495
332	-304.692914	-304.757413
2820	-308.557865	-308.424198
486	-288.678720	-288.834797
1952	-344.408452	-344.411510
1250	-309.686189	-309.718016
2784	-273.803873	-273.750039
2827	-345.615042	-345.602852
3202	-310.908741	-310.937385
3225	-362.875945	-362.040026
2383	-324.593866	-324.597086
2861	-288.654312	-288.611938
626	-288.653249	-288.657419
1028	-360.421732	-360.616395
1664	-310.904974	-310.914315
3663	-344.446747	-344.373346
163	-319.624414	-319.709013
3580	-345.661657	-345.566556
3425	-324.547564	-324.515776
3352	-272.834623	-272.826587
3632	-340.612805	-340.609354
164	-340.675814	-340.709555
857	-245.711897	-247.351510
579	-281.480583	-281.645246
1040	-268.307873	-268.473392
2322	-355.508682	-355.513931
1359	-229.927277	-229.703345
1570	-325.783642	-325.799080
2824	-304.720708	-304.743811
2557	-273.774103	-273.808265
260	-359.369049	-359.358029
1231	-324.569596	-324.340309
160	-309.685140	-309.663345
804	-248.395289	-248.461377
2464	-297.555801	-297.605625
751	-361.724921	-361.727672
870	-345.646965	-345.638955
3105	-346.821661	-346.540405
1020	-303.566436	-303.652415
2226	-276.206257	-272.014004
2142	-324.624987	-324.619544
3246	-340.652252	-340.658244
2397	-308.772292	-308.874153
609	-377.817369	-377.911618
886	-304.728323	-304.764492
1478	-309.691634	-309.685960
1074	-304.697680	-304.644488
2856	-376.586976	-376.663964
3030	-324.500475	-324.458861
2562	-375.357530	-375.672114
717	-380.401348	-380.443170
125	-228.992613	-230.359957
377	-360.527122	-360.569124
375	-346.857432	-346.878598
322	-346.832352	-346.798276
2667	-308.455402	-308.455906
3744	-339.414779	-339.285956
2585	-249.269471	-249.080138
3608	-372.729173	-372.482269
397	-288.630839	-288.609528
2666	-303.423742	-303.485121
3892	-271.608843	-271.576094
1992	-325.723538	-325.742972
457	-380.372151	-380.628118
3710	-308.565933	-308.469720
2718	-382.782995	-382.880353
133	-271.642927	-271.601507
1500	-345.609230	-345.750570
1146	-339.465889	-339.385084
597	-309.683901	-309.761276
2419	-287.353473	-287.338949
399	-304.735224	-304.697317
557	-312.122696	-312.670467
651	-232.334436	-233.781834
2693	-340.638326	-340.647864
2598	-308.508949	-308.477665
188	-339.406341	-339.394547
3655	-287.379629	-287.474023
1678	-310.955296	-310.835800
865	-304.728720	-304.799990
3276	-344.508729	-344.518603
3715	-381.567301	-381.343675
1000	-339.452428	-339.455143
2118	-324.560961	-324.569719
3886	-270.388222	-270.438046
505	-338.531538	-338.808858
2329	-324.557240	-324.542566
3394	-376.613178	-376.567686
1485	-309.731369	-309.749512
688	-324.491475	-324.555444
556	-272.600604	-272.608200
2680	-340.664901	-340.729245
1261	-268.282665	-267.390171
3010	-361.720579	-361.784012
3514	-340.654233	-340.646403
2411	-193.075202	-193.259283
3189	-324.510378	-324.481301
2070	-114.483613	-106.268808
2475	-381.524347	-381.693059
200	-345.625804	-345.714959
1603	-232.363630	-232.377946
1779	-288.583563	-288.581910
697	-340.621200	-340.601985
237	-268.287661	-268.308405
2583	-346.859078	-346.844370
1333	-270.359564	-270.388404
3634	-340.646592	-340.641867
1861	-235.696852	-233.707076
1976	-346.831692	-346.847778
3201	-346.845480	-346.766632
2752	-381.632242	-381.594020
267	-345.641113	-345.616756
1720	-309.692095	-309.651637
161	-285.276468	-285.257902
3545	-310.915918	-310.931496
1641	-340.647224	-340.669597
207	-285.281032	-285.268921
2365	-345.689766	-345.626599
3848	-324.564634	-324.562409
818	-387.475673	-389.737175
3467	-308.494487	-308.553253
173	-396.486463	-396.157169
1041	-371.504707	-371.483789
3240	-338.234966	-337.802814
437	-309.705971	-309.688896
2536	-273.758980	-273.782093
759	-398.888473	-391.079235
1637	-343.503600	-343.367908
653	-344.473681	-344.469753
3797	-376.587519	-376.764393
2003	-324.579943	-324.548412
1416	-308.514570	-308.521910
1179	-343.195060	-343.207981
1532	-309.731599	-309.731807
452	-324.575287	-324.577506
3257	-308.472221	-308.498597
3207	-355.520098	-355.549708
259	-309.735245	-309.731264
1838	-356.685238	-356.684181
2972	-320.764992	-320.779645
1739	-303.454720	-303.485711
1881	-361.772040	-361.533505
2886	-324.530742	-324.460896
938	-331.411639	-330.682240
2734	-309.719592	-309.717788
567	-339.489014	-339.768696
1765	-285.335887	-285.344193
2227	-356.712771	-356.705262
79	-324.605178	-324.547014
3766	-344.436564	-344.413792
2170	-274.987123	-274.946034
2835	-362.925466	-362.980425
1194	-381.612648	-381.530120
1543	-323.360471	-323.178182
297	-325.833945	-325.823443
327	-324.607903	-324.540227
408	-208.863267	-209.479421
105	-309.727110	-309.704691
872	-309.711438	-309.787495
2625	-291.021574	-288.890584
3567	-309.693494	-309.734570
3530	-309.739069	-309.715018
2934	-324.462733	-324.459532
617	-376.521083	-376.441842
1988	-312.124451	-312.085907
1148	-284.062954	-284.794373
2213	-287.433999	-287.331388
3943	-376.602183	-376.544396
1003	-308.516378	-308.530276
908	-310.911406	-310.901620
2582	-320.773768	-320.796170
264	-339.450073	-339.436653
1320	-340.656628	-340.656123
376	-309.732528	-309.724076
2811	-326.944158	-327.067768
1889	-361.731388	-361.724222
3170	-271.626697	-271.578312
998	-302.306196	-302.520539
3800	-346.862839	-346.848687
3807	-361.706503	-361.698818
1464	-381.610550	-381.454025
1225	-196.409349	-199.324208
2517	-308.462063	-308.446579
3970	-305.897998	-305.976660
2256	-303.503801	-303.498210
2502	-309.685960	-309.709682
967	-372.742461	-372.830548
491	-287.737498	-288.584264
3589	-324.543443	-324.578889
2486	-307.239887	-307.036880
1954	-226.144377	-225.547137
2500	-286.498235	-286.651494
2318	-348.039301	-348.153561
3480	-286.460642	-286.981051
2038	-348.056093	-347.920656
1302	-339.445855	-339.221440
3820	-340.655117	-340.656886
454	-265.283843	-265.363816
2804	-344.433943	-344.451329
3798	-310.941861	-310.918859
2515	-323.341413	-323.395405
919	-272.589999	-272.553558
1743	-346.856186	-346.896276
2702	-309.685148	-309.706591
3190	-232.325947	-233.245314
1536	-324.492974	-324.446976
480	-325.760797	-325.675090
11	-356.688211	-356.696894
1454	-288.652757	-288.585287
3316	-264.261826	-264.687190
576	-345.655968	-345.596828
3618	-309.731536	-309.767453
831	-346.867207	-346.818893
821	-307.566593	-307.601467
2259	-361.734611	-361.829764
1870	-309.686187	-309.693311
3687	-325.793945	-325.634327
1349	-286.542391	-286.411077
2427	-339.474134	-339.562661
3296	-345.650105	-345.529106
2042	-232.364952	-232.572270
2492	-396.477101	-396.148896
3563	-227.798785	-222.801085
1133	-308.517070	-308.469925
1520	-309.728493	-309.727805
308	-303.428586	-303.360856
3785	-348.045948	-348.018820
3571	-309.676719	-309.744247
545	-356.698773	-356.575914
2309	-272.583285	-272.608932
765	-317.447668	-317.581751
2731	-272.836211	-273.048779
256	-308.741915	-308.877728
3686	-344.462681	-344.464458
3242	-397.707881	-398.573021
213	-249.281074	-249.031485
3215	-320.793270	-320.773183
3738	-274.982053	-275.224745
432	-344.390227	-344.305418
1307	-303.460433	-303.578973
547	-360.540793	-360.483767
3519	-376.604739	-377.233567
2434	-377.845502	-377.787415
1977	-312.131398	-312.147006
1760	-326.940002	-327.005550
3524	-308.455477	-308.441366
1685	-338.273553	-338.440439
1462	-312.136049	-312.128510
3851	-326.998454	-326.741569
921	-325.682121	-325.642228
2880	-346.831172	-346.886486
682	-302.303791	-302.388751
248	-339.489875	-339.625704
606	-343.235457	-343.239186
3346	-318.327053	-318.271073
2633	-324.627681	-324.632328
1586	-272.837559	-272.986504
2198	-382.804255	-382.620127
2514	-354.197108	-356.576893
2033	-310.919833	-310.914273
954	-324.612244	-324.647278
3900	-308.465445	-308.509247
1925	-309.677276	-309.683599
2410	-361.673369	-361.679889
2612	-345.627545	-345.663071
2985	-304.745635	-304.823161
329	-380.402442	-380.404493
1590	-344.415609	-344.408125
17	-345.612580	-345.662215
3721	-284.372483	-284.533224
3061	-392.552088	-391.759525
1594	-323.433551	-323.181254
421	-288.627624	-288.622402
2613	-338.214346	-339.166488
2510	-325.797299	-325.798076
2488	-363.508158	-363.332071
1465	-382.796989	-382.567179
2050	-362.937518	-362.898442
2645	-362.923114	-362.954720
3574	-398.876124	-391.494900
2096	-345.661705	-345.590948
3281	-309.716743	-309.713762
2924	-348.045292	-348.005905
292	-308.517192	-308.551162
392	-345.637570	-345.580441
169	-309.688569	-309.712277
1118	-306.032266	-306.269099
3369	-158.342346	-141.212043
1368	-288.584029	-288.655596
2533	-265.438520	-265.298000
300	-324.602433	-324.611226
1766	-270.387395	-270.298324
2281	-345.643890	-345.756692
3284	-343.290242	-343.089792
2310	-338.194242	-337.727133
1367	-325.812267	-325.755583
1418	-325.725274	-325.677699
2103	-346.834331	-346.853109
3478	-343.296547	-343.534912
2304	-286.431160	-286.485301
698	-274.985880	-274.650603
2908	-271.620997	-271.646393
2838	-324.547436	-324.501099
290	-348.056024	-347.885405
1289	-344.439723	-344.467752
3123	-309.702150	-309.723037
212	-324.605613	-324.599746
168	-325.810050	-325.774164
2935	-297.516418	-297.257565
2197	-309.684327	-309.741796
3761	-352.866322	-352.828154
2220	-272.538190	-272.557584
1149	-325.796862	-325.783115
2087	-286.484121	-286.498092
475	-304.691568	-304.632136
1361	-346.840635	-346.890368
5	-351.628383	-351.603299
3901	-346.822424	-346.840852
2939	-352.864008	-352.900385
1661	-322.148261	-322.187345
2980	-274.983908	-275.089280
2441	-310.909223	-310.953852
3003	-325.798735	-325.803414
1775	-306.353871	-306.402184
3948	-340.614465	-340.643753
568	-303.458583	-303.434190
657	-270.392759	-270.224242
3458	-345.693035	-345.577090
2314	-345.658870	-345.665273
1180	-306.364186	-306.399352
3735	-360.522940	-360.721843
1316	-361.652250	-361.728990
385	-305.159206	-304.800576
1081	-310.912796	-310.947060
2801	-310.932716	-310.946424
3092	-340.610697	-340.613293
766	-312.133805	-312.232392
2817	-340.641240	-340.681006
3916	-273.810780	-273.806811
840	-289.871520	-289.820675
2129	-356.722498	-356.746909
359	-346.832402	-346.710083
3154	-309.714008	-309.713803
988	-341.827199	-341.699985
455	-340.664551	-340.594045
3249	-325.739818	-325.744717
3509	-288.685117	-288.673132
1331	-310.941319	-310.947031
3856	-306.313590	-306.446883
2819	-360.551444	-360.546079
3833	-324.559324	-324.527718
3952	-269.175627	-269.899159
1218	-287.431740	-287.340954
2655	-235.723792	-236.277635
2897	-346.825923	-346.826666
379	-391.337881	-393.763123
1557	-322.456250	-322.620207
3368	-308.496367	-308.284708
2343	-325.781464	-325.830251
843	-308.437835	-308.478487
111	-344.470970	-344.451566
2697	-360.495788	-360.476321
735	-309.716570	-309.652081
3594	-272.544482	-272.585213
1575	-334.447259	-334.300359
3456	-276.206318	-269.923000
793	-326.950540	-326.572561
1996	-356.687774	-356.684963
2709	-345.632155	-345.603857
1072	-272.554773	-272.458113
3925	-325.718488	-325.739000
1644	-325.774769	-325.805256
1599	-304.689816	-304.777008
3772	-356.752251	-356.743776
15	-288.542593	-288.564916
3513	-340.637067	-340.770516
749	-249.280474	-249.477977
1796	-307.536544	-307.677318
2285	-340.578657	-340.615206
2599	-355.457663	-355.428951
760	-324.605411	-324.580656
1056	-271.618179	-271.550360
1763	-325.799404	-325.774955
3419	-335.590859	-335.545230
1945	-361.754136	-361.559962
3565	-286.474509	-286.449538
3313	-360.526364	-360.737628
710	-340.625597	-340.611455
1201	-224.944660	-228.751640
991	-345.602096	-345.663301
654	-309.727166	-309.687333
3212	-360.575745	-360.553404
497	-287.470402	-287.539270
314	-233.255379	-233.332947
3303	-272.589883	-272.590561
337	-312.123120	-312.086902
3592	-323.367866	-323.235283
2570	-324.626187	-324.603544
949	-344.463502	-344.415410
561	-264.226909	-264.826885
506	-234.516241	-234.527444
3088	-308.459859	-308.540808
3044	-363.519194	-363.143716
1091	-309.678344	-309.669244
3093	-334.424572	-334.831902
1038	-267.106213	-267.279541
1949	-340.674935	-340.710126
1512	-346.839595	-346.829852
761	-312.126820	-312.089274
1162	-309.684472	-309.714293
2987	-271.618137	-271.549849
1535	-324.463541	-324.440656
2748	-321.271406	-321.224473
1061	-343.531666	-343.292029
2847	-307.566260	-307.528771
349	-309.687623	-309.695886
91	-275.011437	-274.896909
1991	-285.282532	-285.252657
3019	-301.357437	-301.338508
2700	-304.687547	-304.723122
1552	-346.865957	-346.903234
931	-361.763293	-361.664128
1734	-359.354596	-359.436038
532	-344.369744	-344.477819
2959	-289.795007	-289.699487
2877	-324.556404	-324.485588
1986	-344.459234	-344.366553
3372	-309.705858	-309.733182
2351	-304.614169	-304.663264
3617	-345.608658	-345.568784
2537	-317.434422	-317.413568
962	-376.587043	-376.581544
1618	-345.629039	-345.932656
3261	-232.025930	-231.736677
1136	-271.296056	-269.975893
3107	-281.504745	-281.658169
550	-319.568017	-319.662042
3500	-323.345473	-323.489560
709	-286.134079	-286.046398
1206	-342.315546	-342.302476
3830	-346.817778	-346.618181
1239	-356.710448	-356.693658
2244	-414.351653	-370.928098
1291	-285.276634	-285.484167
467	-273.793804	-273.754788
534	-324.575799	-324.562943
3507	-376.594067	-376.612211
2352	-288.589622	-288.545494
1793	-325.725688	-325.688784
2772	-343.232602	-343.385144
