no_training:1500	no_test:2493file identifier	 training data
3704	-348.035847
258	-371.546126
3278	-298.952950
201	-308.561649
127	-322.216227
2324	-346.831385
2026	-272.837907
1395	-375.348487
3860	-308.505267
820	-326.934229
1422	-361.728608
2425	-322.435505
3770	-272.544060
3623	-341.892484
1804	-324.542706
1773	-304.696646
2254	-359.388326
726	-346.870614
3549	-323.437779
473	-346.828378
641	-322.439472
2217	-344.408081
2259	-361.734611
3835	-309.693085
3323	-232.335768
2739	-362.946034
2196	-338.559964
3521	-342.324182
746	-273.802095
161	-285.276468
3795	-310.908453
1009	-266.763445
1891	-323.382399
429	-288.570364
3013	-346.883127
723	-361.717032
3907	-291.017966
2128	-308.504896
2757	-346.855643
3656	-310.918831
68	-286.519735
1095	-324.603415
355	-273.761263
1177	-325.808092
1046	-271.618580
3569	-272.588302
976	-382.776658
3761	-352.866322
3354	-360.529236
170	-340.667287
2710	-361.773017
2792	-362.944759
554	-340.688787
1216	-308.465534
1643	-310.910140
1573	-233.255259
2240	-381.627040
307	-302.239101
1057	-391.518453
3097	-309.716094
2198	-382.804255
2064	-309.687401
1770	-309.719198
1130	-346.826923
536	-323.348544
167	-310.912077
2037	-345.620113
403	-272.843742
3815	-288.574763
60	-382.768883
134	-308.516376
2494	-274.984732
749	-249.280474
1894	-360.532510
604	-320.777491
1104	-287.315479
3020	-287.430903
929	-272.832690
2493	-346.822460
1578	-233.217482
3374	-324.551244
138	-362.875317
3142	-376.617653
1080	-288.570006
1621	-346.884834
3837	-343.468335
1549	-340.689515
3239	-361.708121
172	-282.667163
3541	-379.527167
2780	-272.545389
3910	-309.703111
2742	-348.048844
2505	-344.440744
266	-308.477155
1852	-309.685790
2750	-268.301176
374	-372.796889
69	-265.441614
1524	-272.550818
2337	-324.588418
427	-382.798099
3300	-344.499155
233	-301.382062
184	-322.436757
3394	-376.613178
377	-360.527122
608	-309.688960
737	-336.836792
2171	-359.346839
2706	-345.667357
673	-345.680831
1683	-346.829154
1228	-345.640969
3439	-301.389192
2350	-341.853951
3311	-344.433172
1200	-346.908492
2345	-342.329232
2334	-472.135006
593	-303.525517
2224	-307.568767
1844	-325.808754
3645	-304.681903
1709	-326.941251
1608	-361.758032
724	-320.775720
1326	-266.616319
2484	-344.359905
1188	-306.054267
2905	-307.206439
1005	-273.786179
3050	-303.940271
3457	-324.559213
2011	-270.099401
208	-270.399081
1092	-360.552974
2017	-310.940345
3756	-326.943546
217	-271.648392
101	-324.507184
2003	-324.579943
2284	-359.298380
1814	-360.537947
2433	-324.552283
3242	-397.707881
1537	-309.692993
3464	-234.470922
875	-376.554863
2676	-325.784384
741	-344.434318
1445	-396.491525
2989	-287.317913
2632	-306.344083
2982	-325.722723
1870	-309.686187
552	-340.639366
3173	-325.791830
3574	-398.876124
1414	-377.797879
248	-339.489875
3218	-325.743746
326	-236.917664
1273	-355.513035
661	-335.635079
1924	-340.591587
1303	-345.676156
3087	-392.563319
1993	-339.504090
3710	-308.565933
2593	-321.252793
2099	-288.573876
2170	-274.987123
349	-309.687623
2102	-361.723581
3840	-309.681264
941	-340.652570
2305	-376.633716
701	-265.396194
2010	-323.385837
2200	-344.426799
3936	-326.951067
1989	-287.426977
1358	-340.682075
3083	-381.591448
2197	-309.684327
382	-344.494711
3057	-301.381127
3103	-340.631134
1085	-231.092208
977	-285.160699
3308	-381.582831
244	-346.835129
1010	-340.666160
3518	-340.655390
1424	-212.438188
3473	-360.527434
543	-310.937295
1050	-304.643392
430	-307.543210
1361	-346.840635
400	-376.570473
1121	-333.449362
2863	-287.423372
1379	-325.731549
3654	-307.541973
1570	-325.783642
884	-276.202586
2440	-317.433049
872	-309.711438
1929	-324.551800
1988	-312.124451
1283	-345.605635
3190	-232.325947
932	-361.764881
2821	-308.511516
2648	-325.728744
3373	-271.613890
3797	-376.587519
2144	-324.574829
3944	-381.563295
3105	-346.821661
3317	-269.177232
2245	-308.434866
2623	-235.700285
555	-361.677945
991	-345.602096
3577	-361.716705
1934	-341.769746
2535	-272.835594
1741	-345.629842
3777	-339.431092
2717	-309.726244
2767	-340.635968
2882	-322.444150
3946	-286.438084
2720	-231.102112
1953	-308.457242
311	-287.724713
1385	-309.679840
2211	-340.648620
425	-289.769718
2774	-310.910631
489	-356.745773
3958	-291.015785
2662	-345.635068
1074	-304.697680
323	-309.647349
3502	-376.564063
2229	-319.560814
2262	-325.780603
1821	-308.473320
391	-345.584667
556	-272.600604
2331	-308.516808
3833	-324.559324
2642	-324.578146
3406	-286.459793
1423	-344.413850
3272	-173.147782
3440	-322.135917
3172	-274.982310
2092	-288.572051
2844	-301.377995
619	-325.787161
2364	-360.507160
27	-324.573866
2455	-344.431301
2260	-271.351786
1829	-382.804482
10	-344.512001
3974	-323.433262
2985	-304.745635
861	-360.488871
2348	-285.253877
1866	-310.940708
888	-323.328290
3187	-272.591906
2368	-325.804686
1886	-302.286171
3613	-308.483617
660	-271.630416
3475	-321.247305
2174	-324.606491
2225	-324.612179
3287	-271.458576
1872	-272.566631
2866	-344.431605
3006	-308.470648
3721	-284.372483
980	-356.743821
783	-273.806375
3969	-324.609784
528	-288.538806
711	-341.849127
3849	-360.531172
1948	-195.158734
2116	-340.646768
623	-265.457424
3744	-339.414779
745	-344.464270
1864	-312.133063
3178	-345.605421
2656	-376.622509
2832	-250.585843
1684	-320.783029
418	-324.565412
1081	-310.912796
1109	-333.411326
28	-324.630221
3576	-325.729906
142	-307.594137
186	-340.606711
1097	-325.784473
1896	-326.971392
158	-308.540079
281	-322.479769
2583	-346.859078
284	-360.500454
2689	-309.673807
0	-351.615495
2077	-309.736028
2875	-344.475122
3078	-383.966179
2581	-234.469389
3578	-286.432515
1802	-361.715983
2460	-345.631797
1384	-361.755719
1419	-344.350927
2908	-271.620997
633	-325.759393
1612	-310.902795
2973	-324.604156
1646	-340.684749
2842	-308.450204
618	-308.467888
396	-372.782655
3823	-303.527274
2258	-303.453218
1764	-304.725676
2708	-308.512758
1605	-345.703157
2653	-361.749428
3544	-312.133269
2250	-339.462492
609	-377.817369
333	-308.507517
1539	-382.755486
3629	-359.312853
2840	-284.048718
779	-356.732185
1264	-324.536694
2159	-324.581067
1685	-338.273553
1390	-340.660793
1375	-345.645053
2567	-320.795216
1930	-341.835805
1036	-340.609236
3237	-303.553222
570	-275.012535
2151	-289.802108
3956	-345.698757
3001	-270.386138
2723	-324.554067
3554	-309.689751
2857	-362.899149
646	-323.641347
2340	-310.899612
558	-344.464151
1160	-286.467220
3579	-356.677429
850	-271.623957
2498	-288.539500
918	-310.917344
1459	-306.320451
2574	-273.812881
3487	-210.101789
3718	-195.186772
1822	-344.395150
602	-275.010289
2675	-303.787203
712	-294.081616
2249	-392.653825
1302	-339.445855
2671	-344.377098
2796	-345.678871
2631	-380.316551
3810	-372.726782
3244	-323.320332
3452	-361.758902
3171	-345.599912
3463	-304.735360
761	-312.126820
1981	-306.313924
1123	-375.393636
1718	-356.706262
472	-273.761356
1324	-270.399280
487	-307.223588
3506	-320.804155
1094	-304.696023
3901	-346.822424
260	-359.369049
303	-375.328197
3522	-309.691414
270	-372.752005
2877	-324.556404
1644	-325.774769
1266	-324.582035
2835	-362.925466
1338	-320.793141
3799	-291.018995
3177	-287.662612
1712	-345.612640
2705	-270.384180
3133	-356.679691
2991	-272.841336
3784	-344.450127
960	-310.940611
603	-346.867624
405	-273.804251
2422	-325.718957
1848	-273.769835
1985	-339.481708
3691	-352.852117
3318	-308.513124
2444	-318.641916
1189	-287.322957
1758	-271.616401
2508	-324.574476
1262	-356.712023
1945	-361.754136
3293	-360.535142
3411	-286.134060
1902	-324.615795
1713	-323.381747
441	-380.414967
3183	-345.642870
1346	-308.542644
2610	-309.711468
1099	-231.975652
465	-266.553159
2947	-355.510313
1288	-324.635136
3228	-381.648857
3890	-341.849730
63	-287.377993
3566	-325.830752
2793	-306.384286
1084	-309.711894
2524	-392.642251
384	-343.291812
3540	-321.236907
575	-272.582834
2086	-308.486338
3002	-269.479234
756	-325.798888
1397	-271.624640
3794	-317.361117
394	-344.385642
1212	-304.733723
1388	-250.583643
682	-302.303791
2120	-381.630205
1041	-371.504707
106	-362.952198
2307	-346.859945
1323	-289.811983
1235	-265.447270
788	-324.467888
1475	-362.957353
1412	-242.195730
844	-324.606050
3181	-307.209274
588	-309.684571
782	-361.678341
939	-344.481802
2556	-321.958604
2238	-281.495234
48	-304.689512
2785	-310.915445
1267	-341.841438
2435	-229.013797
3826	-372.742383
3847	-356.693135
3028	-346.861640
2201	-452.728039
812	-308.509197
2191	-359.317050
3267	-320.776472
3967	-273.758273
3943	-376.602183
2666	-303.423742
644	-376.595314
3539	-324.625415
1069	-375.370023
2401	-263.280728
3017	-271.339346
1845	-302.309526
291	-304.683134
2352	-288.589622
1591	-249.397368
2133	-323.338627
30	-325.717105
3636	-324.624318
3937	-361.713179
1455	-381.570969
1679	-288.576381
803	-325.789564
76	-325.685245
2111	-348.048744
397	-288.630839
2156	-346.827596
3798	-310.941861
3130	-270.427802
3652	-361.720088
642	-234.476516
1486	-380.373644
747	-359.350089
2856	-376.586976
529	-309.725786
33	-264.504487
2983	-346.833689
2553	-302.545562
772	-381.599310
2232	-56.525887
2223	-288.657055
911	-356.711832
1932	-310.911279
1994	-383.983835
1892	-382.805933
1772	-361.717972
102	-307.230370
2596	-339.467484
89	-249.259410
2650	-361.727711
1978	-281.485530
811	-304.567859
3364	-305.057353
1856	-321.958301
3846	-318.393987
511	-320.778636
933	-270.430832
450	-235.729507
1561	-325.749687
3637	-309.764115
448	-346.831139
762	-346.863396
2074	-285.300440
2359	-360.468392
870	-345.646965
2995	-381.584942
1564	-288.555332
1229	-288.582662
743	-309.719124
2790	-287.732329
1180	-306.364186
3007	-319.573727
2614	-232.164586
1307	-303.460433
2076	-274.982287
1466	-340.657975
2881	-345.594203
493	-336.819674
1413	-247.214861
2899	-310.930659
1707	-288.590006
386	-325.776001
3442	-381.635659
3696	-308.474441
1906	-324.613156
1611	-348.044714
3309	-274.989422
1638	-344.481904
677	-324.594116
2812	-381.619786
2199	-377.815601
1909	-345.630398
1410	-273.759553
3891	-346.821929
3863	-346.804974
1328	-376.531779
1176	-288.584832
121	-361.711483
3115	-340.620294
1761	-376.622507
2888	-361.704536
2412	-310.904086
731	-355.501990
345	-309.704732
569	-376.620836
227	-377.805829
306	-307.335530
507	-309.697879
2454	-288.578155
1495	-286.516879
3023	-323.343769
45	-266.615452
2810	-273.763107
1614	-325.736331
2381	-346.856604
2062	-303.437471
3765	-453.654335
1987	-325.775071
1314	-324.460304
3838	-271.318933
3713	-325.748400
891	-325.767721
2378	-339.490841
2067	-280.248350
3968	-287.425634
2542	-326.951186
522	-309.680641
1588	-323.678800
1624	-340.670034
1454	-288.652757
542	-382.793238
856	-324.568212
2106	-286.476486
3941	-231.108368
187	-341.842120
1004	-355.416555
1048	-286.495416
945	-264.243028
3138	-345.651520
171	-361.745138
1329	-309.710338
3303	-272.589883
2782	-340.664407
2408	-356.708234
3921	-343.218379
672	-345.661057
2831	-356.723059
3850	-308.528193
3868	-360.526225
3401	-338.175569
1781	-324.582445
1012	-266.609146
1787	-325.795649
2659	-324.461004
1152	-308.448572
2057	-288.540318
1806	-324.610229
670	-324.618078
39	-340.687222
1317	-344.393241
1928	-326.927990
444	-340.665581
1366	-345.633122
3009	-307.265383
722	-310.935212
3417	-354.292460
3324	-345.641848
3476	-304.737418
3	-346.838279
1175	-361.742598
1717	-345.603646
734	-233.242250
3558	-339.464817
1583	-345.655509
1348	-309.683859
1568	-324.555249
2766	-285.279992
331	-309.734363
2029	-380.417684
8	-272.545439
1434	-344.482088
1480	-324.584824
3816	-272.830720
2468	-307.193849
855	-271.614051
130	-274.988525
3648	-324.631468
832	-308.470270
1793	-325.725688
1090	-272.500426
1607	-303.462115
371	-380.374978
3347	-286.510514
70	-346.874234
662	-341.843824
2118	-324.560961
1075	-325.751822
1243	-323.582949
2082	-302.567313
587	-307.283919
3961	-308.561152
1066	-375.344926
3291	-362.911941
3679	-320.794248
2172	-308.472272
868	-312.124574
1469	-324.444698
2009	-273.812948
3786	-308.759185
1389	-272.510742
550	-319.568017
3640	-309.692577
3094	-324.601619
3076	-247.198000
771	-346.903261
242	-340.623533
3398	-304.686259
3326	-381.616196
2586	-191.810916
2716	-303.464433
3090	-287.362939
3878	-360.554015
3156	-362.941094
942	-325.715957
3725	-309.710255
1720	-309.692095
2216	-308.505718
1392	-353.321142
1547	-335.613384
1842	-362.894239
3812	-271.623066
2165	-319.567241
3483	-308.500974
1249	-272.543724
3828	-288.650589
1147	-304.755780
490	-231.142581
1198	-308.449457
936	-382.773457
1138	-308.444609
2949	-346.838702
2545	-324.614082
373	-379.522177
3516	-324.634527
3508	-309.675176
854	-383.971058
3125	-308.510840
2416	-344.406447
1623	-229.615446
1401	-307.265351
1347	-359.361259
1527	-271.621836
2625	-291.021574
3621	-346.815715
2519	-323.585680
79	-324.605178
1637	-343.503600
1129	-340.618148
1619	-340.600021
366	-324.576206
3225	-362.875945
3086	-360.507527
2654	-304.679740
1215	-335.566430
287	-307.560718
1402	-286.203815
112	-340.648166
1777	-265.408147
1306	-288.682324
1613	-346.890723
2488	-363.508158
3410	-271.316922
874	-271.611192
1832	-309.737802
828	-361.684892
1664	-310.904974
1594	-323.433551
399	-304.735224
3481	-357.941534
3917	-274.985822
3422	-340.663929
64	-362.945802
3423	-308.555641
264	-339.450073
286	-324.563745
3791	-360.491959
530	-360.503506
1730	-345.663299
2163	-324.503356
2313	-312.122262
1632	-340.673967
1316	-361.652250
2712	-274.985024
1117	-345.566120
3360	-382.810709
806	-308.768073
3025	-324.573338
3121	-344.419977
601	-324.603558
1220	-325.800532
2329	-324.557240
1374	-322.175807
1815	-345.663783
871	-309.680919
551	-382.817123
1690	-339.426816
1532	-309.731599
2617	-248.151318
3344	-325.748658
1111	-335.656557
1327	-320.768458
2310	-338.194242
2735	-309.690179
2910	-307.536915
1518	-309.683200
2515	-323.341413
320	-232.333410
3514	-340.654233
2772	-343.232602
1649	-346.868661
2773	-325.684055
2204	-310.904876
3525	-340.662316
3602	-361.683811
2934	-324.462733
2606	-323.344105
2935	-297.516418
3528	-233.262752
3129	-361.692023
78	-270.472470
1995	-362.946041
169	-309.688569
2715	-345.709596
2236	-235.698987
3163	-319.610683
1956	-308.461475
3588	-272.549011
3567	-309.693494
401	-325.712603
1914	-288.576123
1232	-336.811744
963	-345.645239
2993	-346.825502
727	-272.562906
3559	-309.721434
3964	-336.853985
3085	-322.130736
768	-193.039603
3191	-284.360325
3259	-359.368793
1748	-288.688929
2124	-345.600825
2386	-352.829520
1843	-362.899677
3792	-360.525610
3706	-345.687338
220	-276.205821
2969	-286.484904
678	-308.506580
3223	-341.794931
183	-362.962787
420	-362.950092
1745	-264.171923
2713	-310.904631
3675	-360.534222
2560	-339.452794
80	-392.672883
2255	-360.513163
128	-303.785832
1120	-353.283458
1743	-346.856186
2920	-326.952797
1237	-360.542541
512	-346.861026
1853	-359.314227
3072	-340.671263
2502	-309.685960
3788	-361.725962
3315	-269.176979
365	-361.740208
1318	-310.897519
2318	-348.039301
492	-305.904760
1824	-336.855265
3081	-302.557878
1584	-251.727102
1760	-326.940002
1528	-360.446475
469	-325.775843
1601	-345.646864
3888	-323.359825
2568	-325.718022
842	-360.514766
2590	-340.650928
775	-344.469204
2051	-325.790442
2987	-271.618137
1530	-272.549380
1874	-416.367317
3164	-344.379764
3658	-309.682445
3625	-326.948771
1426	-381.607770
2426	-340.650391
328	-310.911163
2848	-339.419688
276	-380.379743
2222	-340.678668
243	-323.389193
2527	-297.554699
3246	-340.652252
1807	-344.469516
2135	-346.861074
1983	-320.792773
994	-323.428670
2914	-270.422403
1523	-340.646229
3986	-355.516778
2677	-309.684577
833	-325.761605
3319	-376.604793
720	-381.594735
3545	-310.915918
2039	-360.553317
195	-296.296482
1070	-361.752301
1144	-264.255612
1443	-346.867442
3523	-325.728070
1678	-310.955296
363	-320.778723
2938	-346.875201
1603	-232.363630
3717	-275.014300
2971	-312.131841
3735	-360.522940
388	-340.594424
3769	-304.586424
3605	-372.755216
3913	-308.551230
1688	-324.567893
1974	-345.655745
3395	-248.436061
704	-235.696677
725	-325.725266
1006	-336.843788
680	-325.806369
210	-362.938898
3580	-345.661657
1587	-322.133444
718	-392.601894
1310	-307.529289
3949	-359.301320
2879	-265.401151
1284	-320.761539
3760	-280.314080
268	-362.957295
2336	-344.433499
358	-272.544323
860	-397.697425
1382	-360.492675
2895	-273.764673
1982	-345.609374
1504	-360.489720
1665	-336.802871
3531	-344.458268
3925	-325.718488
535	-248.416462
1336	-334.362330
984	-248.443503
2063	-344.402806
3219	-339.428557
3980	-372.708066
2622	-346.829131
3745	-310.912788
1965	-288.555445
848	-309.744522
330	-286.408473
3158	-269.271320
3665	-323.329494
2465	-339.464024
421	-288.627624
577	-343.087962
2149	-341.878745
708	-306.313133
1305	-319.621560
1860	-308.507458
1610	-196.406419
3254	-287.469473
1101	-307.244627
968	-308.470667
495	-342.297848
3562	-360.524672
792	-310.898648
1003	-308.516378
1494	-345.654016
1344	-341.767606
1145	-312.129019
1118	-306.032266
2939	-352.864008
2486	-307.239887
2728	-304.742823
2619	-326.939536
2125	-310.908354
126	-274.991042
1589	-324.608694
3102	-310.903589
2282	-375.368783
951	-307.548619
2980	-274.983908
2822	-310.902197
3266	-287.736841
143	-302.355005
3424	-348.051118
3241	-319.515995
2509	-344.380267
3979	-345.651111
1157	-309.691584
1750	-287.645651
2981	-327.026688
3962	-341.865856
2571	-309.686348
1489	-266.777425
21	-278.059333
1931	-310.900102
1400	-306.067385
1230	-323.396217
2759	-393.905418
1349	-286.542391
2602	-345.645491
1765	-285.335887
457	-380.372151
3561	-343.190300
3542	-344.409533
2379	-361.769162
337	-312.123120
2758	-309.696640
3680	-305.904722
3834	-324.589539
357	-307.245430
2846	-273.780933
115	-356.682218
3157	-335.619981
2487	-361.694757
1315	-288.533780
218	-285.311823
1950	-232.331230
3628	-272.509064
540	-346.830523
3610	-360.476593
548	-233.555951
3632	-340.612805
1213	-324.530103
111	-344.470970
1819	-249.292101
1884	-307.577822
2591	-325.773278
1708	-324.502429
740	-344.452972
3004	-288.652346
2138	-340.684371
2754	-309.674575
3620	-359.351415
621	-310.899323
1797	-194.267232
3185	-348.053386
118	-352.905052
2021	-346.818246
863	-285.288405
3361	-324.558989
962	-376.587043
1372	-381.574124
3824	-302.288055
3096	-338.175960
668	-267.103350
1352	-304.677606
1991	-285.282532
3356	-270.447268
2308	-324.460752
809	-361.738091
2775	-382.812383
2112	-304.729640
3627	-323.347112
3436	-361.762744
2902	-271.653205
2725	-269.218553
2670	-326.934805
571	-339.423497
406	-359.295180
3965	-273.764529
3458	-345.693035
679	-340.668108
3048	-381.616883
1467	-345.613895
614	-383.982605
2761	-309.696507
2127	-308.519863
3346	-318.327053
2019	-340.659620
1725	-360.495137
3095	-339.431197
2291	-286.514923
1026	-325.765414
1007	-235.694216
2186	-320.782523
3134	-271.319942
1661	-322.148261
3687	-325.793945
2123	-327.010026
136	-343.240623
32	-287.509315
3984	-344.418857
3920	-319.574905
3633	-380.412093
2319	-271.316064
1155	-272.838189
251	-265.386781
3445	-286.508374
2997	-380.371074
2871	-308.460407
23	-304.679494
1383	-344.398797
1579	-288.589020
3421	-324.571081
88	-345.655534
2764	-195.179738
494	-345.611057
3082	-272.586248
1289	-344.439723
435	-306.309029
347	-309.687405
785	-273.796695
1566	-380.438011
300	-324.602433
1186	-359.296697
3953	-325.792503
2439	-324.485913
2533	-265.438520
1219	-306.334850
173	-396.486463
3249	-325.739818
1616	-272.539058
1058	-324.585402
165	-327.013034
3116	-312.128429
2658	-308.461040
3787	-381.580675
837	-360.512026
458	-340.699868
1137	-271.622539
514	-309.685045
1077	-326.938562
2475	-381.524347
319	-352.845678
1369	-392.662003
1958	-340.595950
2955	-346.822341
1166	-324.576650
1110	-325.781398
1399	-341.826906
1869	-269.207716
513	-355.518342
503	-355.514134
1190	-377.830859
477	-265.399968
1557	-322.456250
3669	-285.267165
2561	-325.778234
2880	-346.831172
2692	-356.663387
3519	-376.604739
369	-361.733362
3359	-325.733758
1897	-197.629387
1056	-271.618179
2566	-346.832253
1450	-273.757658
2797	-345.646914
157	-376.519880
3592	-323.367866
1687	-344.407598
2834	-325.699665
2119	-323.665987
3435	-361.728293
3253	-281.476938
949	-344.463502
1373	-324.557383
3643	-309.660190
2731	-272.836211
360	-346.890881
1531	-345.640098
3653	-309.763576
3808	-345.614760
1460	-309.684108
3089	-327.025329
1246	-318.406529
1968	-324.538807
852	-361.731511
1975	-341.829025
1436	-375.359407
790	-341.836780
1162	-309.684472
3619	-325.779372
2480	-344.385369
3127	-327.010419
3918	-289.794194
44	-309.735489
1510	-322.425235
390	-306.070291
141	-287.734664
2148	-309.718089
1224	-308.420805
2784	-273.803873
40	-344.338878
1859	-324.577613
2744	-288.573110
2683	-309.686061
1017	-308.419735
2041	-346.821470
625	-308.514390
1633	-247.201165
3372	-309.705858
288	-355.557059
1729	-361.740062
209	-308.493663
1453	-309.720334
2027	-376.585000
3140	-284.987905
2554	-345.649886
859	-308.468407
1939	-242.205627
3447	-270.389803
1827	-343.492484
2890	-309.738198
2438	-392.565188
249	-306.347185
1876	-251.732828
1951	-317.408548
2532	-301.405558
502	-306.349558
934	-345.650323
2333	-338.234590
3862	-271.646263
2548	-340.654465
3131	-303.560907
1079	-287.347000
2913	-361.630982
2791	-194.254127
1615	-287.344000
1817	-339.459612
2630	-282.871678
669	-377.780670
439	-288.690999
132	-308.469258
2392	-272.551442
1604	-347.456674
2565	-345.591597
381	-341.835557
954	-324.612244
3333	-361.709769
3647	-325.794522
1920	-361.714679
151	-270.397623
1809	-324.559733
2140	-325.715372
2175	-324.545475
1367	-325.812267
2007	-308.499105
94	-362.955075
957	-360.490486
2274	-308.463553
2703	-309.722894
2288	-345.612787
1536	-324.492974
1606	-308.462382
3875	-309.655400
2188	-288.690060
1794	-325.712420
2862	-309.693471
2962	-309.686114
2467	-325.805017
3600	-325.781571
3686	-344.462681
1471	-346.857623
2207	-301.330754
3524	-308.455477
3321	-251.726162
1127	-345.659797
1711	-345.611239
1952	-344.408452
3712	-300.148891
131	-345.603479
1877	-287.407788
2300	-453.655583
2034	-345.586124
6	-345.687671
992	-377.811306
990	-309.684377
3141	-345.651109
2122	-348.040439
2734	-309.719592
3232	-345.686487
1935	-361.677841
1724	-381.594558
3195	-274.982322
520	-309.720011
1025	-324.520219
2400	-345.592410
3526	-249.285024
471	-324.532283
1417	-381.586740
1071	-360.495618
3970	-305.897998
2836	-345.652670
2612	-345.627545
2290	-343.224836
2071	-246.029150
1227	-322.155306
893	-232.317400
2771	-310.910278
498	-273.791878
996	-307.544316
3697	-312.119261
395	-234.447743
2241	-346.857051
3978	-282.861121
2295	-305.898313
836	-324.606601
2022	-344.425164
3887	-242.196351
2389	-361.728546
3443	-346.866543
3565	-286.474509
3340	-229.879598
1716	-325.784331
2456	-345.610758
3741	-169.860788
253	-305.838224
2287	-310.905485
2743	-234.516409
2317	-308.503515
3362	-345.632413
693	-234.520624
3987	-324.506120
2056	-325.729141
3371	-286.517424
3005	-249.248680
2655	-235.723792
417	-344.440065
2131	-320.777849
59	-248.430371
3573	-325.730390
1483	-309.723988
3011	-310.902708
1747	-360.559076
622	-341.886905
2576	-306.418503
1904	-304.752598
547	-360.540793
1106	-231.106310
853	-76.404702
797	-278.075775
3489	-308.508824
1181	-323.657279
282	-325.714378
3790	-286.502445
654	-309.727166
582	-325.833302
1836	-268.273739
3353	-324.514429
2605	-346.869041
432	-344.390227
2644	-320.786990
818	-387.475673
2187	-310.904927
123	-269.263476
909	-325.789320
3534	-320.785748
1311	-288.545722
2369	-273.760271
2278	-345.650717
2538	-344.417597
2600	-307.237880
2321	-381.536295
2409	-324.595526
1193	-324.550139
1023	-309.663477
1888	-276.201993
3040	-360.506446
2358	-322.169697
696	-356.709466
1654	-360.518768
2150	-324.570860
296	-345.688916
2911	-289.871661
1629	-272.526778
2470	-309.688189
1755	-304.686811
2733	-310.940764
497	-287.470402
3216	-344.380260
3113	-324.531139
2762	-306.370119
666	-381.593528
97	-286.495035
3231	-380.446861
3051	-192.736096
2702	-309.685148
1653	-157.116735
49	-396.507540
3581	-319.540355
2970	-339.501361
770	-381.612946
2795	-379.572458
1139	-270.382725
179	-362.928160
1509	-345.612220
971	-324.624537
1060	-345.713205
3622	-304.726439
1792	-363.504227
3260	-345.595084
3224	-286.504546
2878	-285.336744
484	-351.639205
1254	-325.753541
557	-312.122696
925	-307.567279
1775	-306.353871
2977	-310.909944
1706	-382.777508
617	-376.521083
3911	-345.639354
1054	-323.427722
1022	-310.902683
1828	-284.993731
1343	-310.895432
3865	-362.899954
2283	-231.111403
2885	-309.686862
1304	-356.679729
2665	-348.031230
2391	-310.927566
3757	-281.482952
2851	-356.699504
2397	-308.772292
2672	-355.556836
411	-397.680771
2549	-375.410333
3468	-345.710017
3583	-325.721011
2450	-312.124760
308	-303.428586
3334	-325.800680
2925	-301.394865
2242	-362.870426
827	-303.556664
1404	-346.883049
2363	-324.610150
1670	-269.230258
1387	-361.698635
1253	-312.126356
1293	-271.369084
3752	-345.686524
2768	-340.690205
370	-356.698196
3367	-269.216969
881	-234.470813
3044	-363.519194
1782	-308.555419
901	-270.446915
3014	-269.263802
2667	-308.455402
1726	-381.506605
3933	-307.569255
1799	-346.861635
2073	-345.600119
2361	-304.727460
2912	-346.883119
2635	-323.324700
2194	-273.757530
3144	-308.472241
1340	-271.616723
1567	-356.714706
3919	-304.721921
204	-287.353313
1839	-355.496901
1734	-359.354596
332	-304.692914
3763	-344.416821
1465	-382.796989
3106	-273.735646
2838	-324.547436
1737	-323.398064
175	-361.754326
2042	-232.364952
431	-361.712798
2874	-309.725707
1222	-325.805865
482	-272.599303
1625	-320.776082
3283	-287.404397
67	-172.006141
2190	-324.574822
3329	-310.909123
3388	-271.606364
192	-310.897684
3831	-451.528971
2732	-324.579850
265	-236.916125
3203	-308.459279
2178	-339.455981

file identifier 	 test data 	 predicted
3582	-344.436500	-344.441919
1154	-310.937644	-310.943165
3189	-324.510378	-324.467546
2374	-285.279236	-285.202672
1540	-285.217962	-285.106856
3603	-326.952955	-326.884410
3284	-343.290242	-343.138916
197	-233.549368	-233.639047
1368	-288.584029	-288.650521
3155	-376.605641	-376.652929
2176	-345.608670	-345.562844
3170	-271.626697	-271.666734
2660	-307.582044	-307.501180
3926	-325.748612	-325.777860
235	-270.375081	-270.324225
1463	-362.938449	-363.039591
3067	-271.304881	-271.239931
153	-347.466594	-346.674901
2183	-339.459869	-339.502116
719	-309.693538	-309.739353
1841	-325.788368	-325.823540
61	-308.462933	-308.417459
2154	-360.512793	-360.641598
1068	-308.470010	-308.480927
3370	-396.486664	-397.389082
3459	-346.831382	-346.858912
3762	-351.646368	-351.580233
2179	-361.698233	-361.686830
1937	-287.438379	-287.475269
2365	-345.689766	-345.519236
3688	-322.476720	-322.973533
2104	-379.006904	-379.616460
1067	-273.762417	-273.849745
858	-340.661797	-340.444602
3803	-287.351460	-287.288317
1791	-272.554824	-272.554359
653	-344.473681	-344.554425
55	-335.683118	-335.376918
3818	-308.470796	-308.408244
596	-325.754527	-325.780230
2747	-301.332569	-301.738511
3122	-232.329070	-232.324726
973	-325.790444	-325.817345
3352	-272.834623	-272.840005
2452	-344.424745	-344.500809
721	-185.648533	-187.233147
2833	-248.375248	-248.509477
2481	-324.614891	-324.651016
2638	-309.688194	-309.671098
1703	-286.154755	-286.193496
2069	-346.855971	-346.821487
3146	-289.872162	-289.879543
948	-336.827390	-336.745657
998	-302.306196	-302.309154
3490	-359.315205	-359.431104
1595	-309.686571	-309.564454
2965	-344.689237	-344.944167
1580	-271.339821	-271.342416
824	-310.952875	-310.972550
798	-208.842347	-208.811275
2572	-360.495461	-360.503176
193	-307.285557	-307.259672
1409	-285.282853	-285.250483
946	-324.577279	-324.453336
919	-272.589999	-272.599216
52	-345.627428	-345.657164
864	-323.337623	-323.391988
19	-309.720734	-309.623527
3934	-381.630276	-381.424610
256	-308.741915	-308.408235
3274	-196.407957	-196.474702
2496	-326.954795	-326.918735
2461	-269.170508	-269.207265
1659	-487.002792	-423.780697
2244	-414.351653	-449.265498
3662	-360.469577	-360.496146
438	-381.565482	-381.559124
3782	-262.035127	-264.171026
3465	-324.548021	-324.584629
1192	-326.947461	-326.893392
1986	-344.459234	-344.378160
526	-344.430692	-344.413453
434	-338.195462	-338.307637
3376	-273.775510	-273.813702
2936	-324.504178	-324.532347
3903	-340.636306	-340.587123
3075	-324.616343	-324.554665
1849	-324.547957	-324.577387
37	-381.587333	-381.472275
1042	-305.904676	-306.053756
793	-326.950540	-326.884877
1883	-346.839066	-346.844095
795	-246.023231	-246.039122
616	-345.676243	-345.671574
2192	-307.232824	-307.198542
3501	-318.409788	-318.453048
340	-273.789697	-273.751727
1280	-356.683566	-356.415213
295	-320.770299	-321.021804
113	-360.478880	-360.781254
109	-158.340943	-158.575355
2886	-324.530742	-324.567056
1634	-324.563073	-324.571259
376	-309.732528	-309.789315
1597	-336.805704	-336.795989
3861	-234.486176	-234.531733
3428	-288.564752	-288.568568
1915	-361.705669	-361.794054
3066	-345.688382	-345.718222
2979	-320.767064	-320.644909
2349	-301.357553	-302.259704
1431	-344.392695	-344.364543
2686	-340.697732	-340.457084
985	-320.770329	-320.967691
2167	-309.681554	-309.656654
1565	-325.735821	-325.710093
910	-270.384937	-270.380799
1083	-309.726295	-309.677617
801	-273.763117	-273.775936
3867	-356.726146	-356.549372
83	-344.434906	-344.490190
637	-360.557419	-360.298091
610	-324.629068	-324.492085
1001	-304.724431	-304.326391
710	-340.625597	-340.613891
3290	-341.859618	-341.745586
1851	-361.717868	-361.835847
2753	-310.904304	-310.932786
2633	-324.627681	-324.452271
3912	-308.435951	-308.479889
995	-360.542928	-360.533576
3027	-336.811099	-337.195199
534	-324.575799	-324.507300
1697	-345.613396	-345.680659
199	-309.673895	-309.653779
2157	-309.686797	-309.700362
3112	-327.021680	-326.983126
449	-325.753993	-325.771160
3596	-285.328258	-285.290022
2147	-382.781806	-382.659962
3425	-324.547564	-324.555746
509	-307.238995	-307.257837
3099	-324.530718	-324.271325
2097	-345.639692	-345.448729
1971	-362.906662	-362.794937
882	-169.557758	-169.013292
410	-325.835955	-325.806135
3137	-272.533448	-272.570547
835	-320.740782	-320.389344
2269	-308.452310	-308.493055
1554	-320.728167	-320.583717
2189	-325.762375	-325.779996
3989	-272.542369	-272.645661
1947	-303.533559	-303.487200
1191	-360.510716	-360.469180
1652	-301.316399	-301.325880
3037	-288.567911	-288.621792
2608	-306.369631	-306.322872
3819	-397.692021	-397.905313
531	-226.107205	-225.762593
12	-377.816587	-377.988384
443	-325.754109	-325.663372
294	-308.506421	-308.416501
3606	-310.906553	-310.901540
3402	-234.522504	-234.535554
1128	-361.695007	-361.865975
54	-195.186228	-195.255367
1179	-343.195060	-343.017566
3150	-310.942587	-310.900139
2347	-308.476587	-308.463385
436	-360.521191	-360.529195
505	-338.531538	-338.183961
222	-412.548009	-386.967498
2025	-249.363808	-249.326513
2516	-309.661518	-309.590878
851	-270.117027	-270.115758
3327	-348.059242	-348.079494
900	-288.561991	-288.592863
3657	-312.124380	-312.147696
2476	-346.865438	-346.844425
627	-359.304956	-359.174738
392	-345.637570	-345.662515
1846	-344.370966	-344.421627
2719	-286.477365	-286.530648
442	-356.712228	-356.362490
3305	-310.955141	-310.949478
1045	-344.449852	-344.442829
3503	-266.630629	-266.514604
1912	-310.915653	-310.871235
2968	-310.909942	-310.878721
2552	-340.624424	-340.829021
225	-346.842403	-346.953812
3312	-323.647099	-323.785173
1167	-309.729139	-309.724209
3954	-271.611366	-271.674621
1270	-307.571937	-307.678866
1490	-309.691591	-309.709595
346	-307.586014	-307.687190
259	-309.735245	-309.701564
3117	-346.824942	-346.884066
1783	-320.761312	-320.736832
580	-360.537290	-360.695970
1351	-309.733696	-309.703726
823	-361.732840	-361.751380
2058	-356.710498	-356.119337
776	-325.781815	-325.862339
805	-309.658574	-309.669780
2180	-340.665904	-340.621816
1946	-346.841836	-346.766303
791	-309.662433	-309.616231
1917	-325.790782	-325.899395
3135	-272.569212	-272.513868
3399	-307.229313	-307.216354
3780	-323.320574	-323.308101
164	-340.675814	-340.662909
3595	-345.600227	-345.627631
537	-361.731930	-361.626922
3301	-371.491061	-371.248212
578	-382.825717	-382.828579
3902	-382.757521	-382.515798
2220	-272.538190	-272.582662
1149	-325.796862	-325.899206
2847	-307.566260	-307.371414
385	-305.159206	-304.892785
277	-302.288351	-302.251875
273	-323.312375	-323.357091
3390	-309.736085	-309.642889
1173	-344.465017	-344.328289
2109	-321.219665	-320.721850
3486	-437.484875	-270.851571
3355	-345.648365	-345.527082
2292	-343.246371	-343.232815
1208	-345.608535	-345.593594
869	-327.026488	-326.775291
2492	-396.477101	-393.747716
3277	-354.254979	-353.934063
2892	-325.728271	-325.727043
252	-305.913756	-305.862764
3450	-382.824468	-382.816751
2134	-344.433965	-344.456588
3349	-207.916786	-208.543005
2634	-326.927446	-326.967023
3597	-360.539435	-360.663011
3182	-287.440436	-287.274862
3387	-309.727603	-309.821786
1895	-324.551432	-324.617754
2627	-235.695309	-235.739430
3108	-361.653332	-361.613979
1516	-249.358446	-249.336289
3226	-339.491316	-339.758904
3416	-320.770681	-320.150209
2799	-340.702898	-340.732015
2382	-380.343633	-380.335580
226	-360.556344	-360.417874
107	-307.580090	-307.622970
3369	-158.342346	-158.694905
2884	-324.471313	-324.620695
2464	-297.555801	-297.546214
125	-228.992613	-229.405770
2043	-344.484341	-344.506987
2748	-321.271406	-321.216840
2966	-308.428791	-308.529132
525	-273.812813	-273.800922
2257	-307.238509	-307.244834
2053	-320.769272	-320.403517
1376	-348.053064	-348.057967
2861	-288.654312	-288.613393
1879	-288.594527	-288.517988
3972	-359.339915	-359.295902
1030	-309.683546	-309.668078
2371	-307.253245	-307.018099
2050	-362.937518	-362.723996
3916	-273.810780	-273.807890
3243	-377.816466	-377.689141
433	-396.498209	-396.116171
1052	-361.770383	-361.769854
2080	-325.793131	-325.825507
2916	-340.655601	-340.530509
1029	-325.751230	-325.730765
1882	-273.764420	-273.794110
2447	-323.330261	-323.433396
3161	-309.678595	-309.556003
3845	-344.454717	-344.417253
2951	-308.569129	-308.560117
496	-377.794221	-378.082745
2065	-340.537496	-340.385142
2749	-340.645995	-340.622113
2375	-360.564233	-360.568152
20	-270.370102	-270.334562
2095	-348.034975	-347.978004
176	-308.554162	-308.541493
1105	-302.306944	-302.292766
2990	-376.661483	-376.582145
2088	-362.871515	-363.018305
930	-346.898838	-346.907857
1926	-273.773955	-273.713070
1158	-268.251114	-268.086757
807	-340.681309	-340.813106
2604	-304.743934	-304.675861
675	-346.827397	-346.813461
1905	-231.145151	-231.046877
2396	-307.546144	-307.481399
1059	-303.436180	-303.301745
1590	-344.415609	-344.324179
3003	-325.798735	-325.851357
2055	-304.724717	-304.598678
3908	-272.847530	-272.875099
563	-345.644179	-345.622708
359	-346.832402	-346.784226
1942	-382.751274	-382.727214
3703	-287.697316	-287.655751
285	-249.362379	-249.298605
553	-271.666055	-271.783249
2090	-308.473428	-308.504632
1134	-343.068226	-342.850990
263	-341.853650	-341.993941
1969	-360.529678	-360.717878
3114	-309.692389	-309.678492
2289	-325.766945	-325.928605
1136	-271.296056	-271.155158
3111	-318.340705	-319.104475
3192	-313.554802	-317.855332
2578	-324.576080	-324.554498
2540	-211.295796	-211.238227
103	-291.024232	-291.037156
913	-352.855499	-353.239027
454	-265.283843	-265.531394
649	-340.685408	-340.551291
65	-312.125621	-312.067487
2781	-288.581699	-288.631027
3938	-345.645388	-345.648439
2580	-309.722373	-309.716157
2428	-309.682996	-309.731756
1910	-326.978724	-326.892397
796	-344.453746	-344.414689
255	-309.672030	-309.627315
2789	-340.629283	-340.530999
2845	-307.602080	-307.583401
2528	-308.467760	-308.493798
1640	-304.583737	-304.231059
206	-309.688611	-309.590377
1627	-301.363590	-300.776778
1837	-381.574917	-381.487273
1789	-310.905299	-310.932462
1027	-360.529992	-360.461631
1276	-340.667317	-340.616992
2948	-382.790431	-382.584589
3885	-304.728655	-304.645367
1599	-304.689816	-304.644077
2335	-346.825562	-346.797511
3512	-340.641866	-340.356712
3281	-309.716743	-309.703986
2707	-310.915408	-310.897251
2383	-324.593866	-324.579229
1203	-261.802956	-262.598241
694	-344.360007	-344.441184
301	-324.570823	-324.586894
2193	-383.976576	-383.857571
2398	-319.533364	-319.716456
1204	-361.704371	-361.736573
1768	-289.789940	-289.614047
1771	-287.657053	-287.622056
988	-341.827199	-341.872961
3194	-301.367422	-301.466203
1710	-361.726166	-361.657565
517	-344.434827	-344.465805
2431	-309.684774	-309.634175
2669	-309.763785	-309.799242
3598	-340.671493	-340.829968
1485	-309.731369	-309.729435
3166	-326.949535	-326.838583
1823	-340.656176	-340.590090
3491	-361.750275	-361.727064
1479	-309.677142	-309.630703
3667	-249.293044	-249.188743
437	-309.705971	-309.663740
3307	-318.647923	-318.777856
698	-274.985880	-275.039627
2045	-324.495988	-324.465508
2928	-324.540084	-324.520192
3110	-236.917458	-237.007784
1031	-304.643927	-304.605723
2984	-362.935648	-363.049200
831	-346.867207	-346.837823
1980	-345.680616	-345.658383
3444	-289.794376	-289.860624
1893	-344.385273	-344.396223
3247	-360.531175	-360.198281
3720	-308.561301	-308.557322
1169	-346.819305	-346.933609
838	-361.709679	-361.683734
3215	-320.793270	-320.580726
2729	-323.315925	-323.312012
2085	-309.695312	-309.722933
402	-312.124533	-312.081726
237	-268.287661	-268.264040
412	-372.768039	-371.434768
2261	-233.260156	-233.379641
3872	-340.691219	-340.479033
1593	-335.598739	-336.358756
2661	-323.448833	-323.440859
2420	-340.625366	-340.468589
1339	-285.316421	-285.415032
938	-331.411639	-316.007087
216	-307.283509	-307.404408
742	-272.588370	-272.563889
800	-324.611571	-324.504857
2413	-345.604177	-345.597980
2536	-273.758980	-273.719780
1581	-345.660520	-345.677857
3789	-273.762938	-273.796823
2155	-343.243883	-343.247715
2388	-309.695742	-309.644356
1790	-345.664882	-345.535386
1698	-325.800949	-325.764814
3672	-309.689612	-309.711840
2212	-346.837271	-346.949825
3335	-275.020322	-275.077578
124	-271.621961	-271.624754
981	-303.499320	-303.470499
35	-343.197784	-343.110437
464	-324.485629	-324.441459
50	-357.934562	-358.814802
1091	-309.678344	-309.657629
764	-233.560626	-233.629442
3899	-337.265273	-337.917499
310	-308.480308	-308.546887
1301	-309.679190	-309.660821
470	-303.460335	-303.406540
2306	-287.354343	-287.322576
317	-325.797397	-325.955307
3046	-322.057728	-321.897507
3774	-305.130184	-305.048231
2988	-310.923406	-310.832035
1938	-341.826148	-341.940541
3052	-291.017787	-291.086980
422	-288.692943	-288.625388
1555	-324.529724	-324.536699
1647	-343.242553	-343.214048
2446	-361.740252	-361.440356
2448	-346.833271	-346.791565
1736	-273.764207	-273.775891
368	-345.595021	-345.602659
3382	-341.145624	-342.740266
3012	-276.205920	-276.153735
2387	-391.391111	-392.284423
3466	-325.794624	-325.897168
3575	-309.736328	-309.813735
1861	-235.696852	-235.749171
3811	-274.982348	-275.014735
2405	-318.344936	-319.251869
280	-271.324234	-271.403223
459	-348.056615	-348.140709
1780	-345.606551	-345.650773
908	-310.911406	-310.947234
3384	-357.949026	-359.329473
647	-338.268974	-338.191104
2909	-361.687451	-361.750222
3148	-324.567513	-324.446942
3695	-309.651827	-309.681845
3207	-355.520098	-355.532674
879	-303.556846	-303.805751
2889	-341.871347	-341.821300
961	-326.950279	-327.039381
3493	-232.333258	-232.435740
98	-303.553222	-303.553219
1609	-210.001565	-209.974030
3441	-372.686714	-370.843649
2490	-343.078368	-343.327172
3864	-288.639421	-288.330424
2946	-345.649552	-345.545768
2504	-325.805550	-325.805684
2819	-360.551444	-360.598534
3873	-348.051405	-348.042826
1199	-377.813742	-377.113740
75	-381.566310	-381.610678
629	-309.712115	-309.697107
2208	-286.486509	-286.599815
794	-248.143861	-248.183572
1292	-323.652284	-323.502167
2752	-381.632242	-381.603856
3930	-338.542975	-337.533983
3058	-247.214450	-247.111836
3881	-357.951284	-359.123517
786	-307.544728	-307.475588
573	-286.504534	-286.615530
2664	-348.047695	-348.142438
937	-306.397642	-306.294066
3186	-346.829695	-346.875037
1260	-270.417842	-270.466188
3147	-338.530072	-338.572815
348	-196.432825	-196.411904
2235	-318.409670	-318.423977
3504	-308.561061	-308.583241
3477	-348.046236	-348.099823
840	-289.871520	-289.911493
599	-343.312201	-343.284086
2603	-341.863083	-341.972078
1044	-304.687053	-304.334134
1002	-287.689262	-287.604493
2595	-303.465315	-303.300520
1403	-308.462299	-308.510176
269	-325.729080	-325.807380
2280	-359.345792	-359.512891
162	-232.324966	-232.344558
31	-359.310420	-359.177522
3448	-324.634377	-324.624484
3896	-307.280331	-307.352566
3320	-310.952127	-310.970831
1862	-319.615129	-319.667256
3927	-323.326298	-323.338050
2107	-325.766177	-325.654522
1522	-324.485746	-324.483408
190	-354.290746	-354.547659
2304	-286.431160	-286.290255
2142	-324.624987	-324.472582
2526	-340.601771	-340.306939
687	-346.841762	-346.911585
3018	-345.638117	-345.639926
3026	-250.478855	-250.276669
799	-310.910909	-310.868057
1838	-356.685238	-357.264510
965	-323.329385	-323.401472
866	-340.620625	-340.666760
3494	-324.573795	-324.476388
591	-325.760915	-325.914825
978	-324.545574	-324.528277
754	-361.718210	-361.809051
3723	-345.597175	-345.680582
751	-361.724921	-361.651032
1753	-375.351387	-375.616472
1178	-382.751729	-382.885898
2828	-232.030352	-232.074469
1439	-340.590431	-340.497028
1863	-381.631601	-381.495420
1371	-288.596392	-288.448119
1353	-359.297643	-359.286266
66	-337.302324	-337.922582
1907	-346.819476	-346.945443
2575	-308.759090	-308.714731
305	-346.859213	-346.865061
2722	-344.423318	-344.356089
2918	-271.326117	-271.387688
1159	-325.779568	-325.768555
2854	-325.810616	-325.823282
313	-361.721849	-361.388484
1992	-325.723538	-325.741339
1913	-310.912131	-310.881103
140	-309.676929	-309.651302
915	-304.734226	-304.273377
25	-309.712046	-309.706280
499	-340.611683	-340.797157
474	-281.476832	-281.520446
1037	-306.397746	-306.429496
3176	-432.852890	-450.201312
2132	-377.826580	-377.745782
1211	-286.498633	-286.553864
2645	-362.923114	-363.096170
1519	-352.874613	-352.778812
632	-361.705069	-361.744084
3666	-309.735874	-309.719317
3310	-309.721850	-309.662610
1705	-286.218259	-285.983704
2806	-234.476081	-234.552689
3809	-310.902628	-310.956031
3842	-376.587741	-376.584737
1715	-286.486570	-286.441635
2577	-381.600777	-381.721346
91	-275.011437	-275.119173
1868	-326.949224	-326.987385
927	-340.676668	-340.523226
2267	-291.016020	-290.860451
2473	-324.497671	-324.512650
129	-308.512092	-308.474561
2023	-317.402836	-317.337919
3015	-359.362011	-359.669960
1432	-324.522792	-324.590712
1364	-267.963366	-268.024989
944	-320.766684	-320.873586
3594	-272.544482	-272.529364
2351	-304.614169	-304.936333
3257	-308.472221	-308.522422
3325	-341.836362	-341.894476
1558	-270.389386	-270.431529
1458	-288.648179	-288.493769
2377	-236.916033	-237.033276
2253	-325.818163	-325.844762
2883	-308.757991	-308.770280
2265	-360.469291	-360.293306
2926	-320.764569	-320.336558
638	-345.695868	-345.531553
3884	-323.333263	-323.315936
3197	-309.714859	-309.671145
2312	-344.416076	-344.420040
3062	-381.573048	-381.749542
713	-308.484017	-308.433939
3624	-324.614194	-324.617475
903	-309.685872	-309.684785
2817	-340.641240	-340.669498
3234	-287.349937	-287.344508
2367	-361.723620	-361.822989
2613	-338.214346	-338.375867
1238	-360.499088	-360.029434
847	-324.608363	-324.554353
2247	-348.046805	-348.052155
3461	-320.776316	-320.711645
1194	-381.612648	-381.585895
586	-376.582598	-376.050087
1672	-336.831068	-336.061311
309	-309.718312	-309.674807
3343	-320.735225	-320.624366
1333	-270.359564	-270.264234
2115	-266.626759	-266.555630
1890	-371.608385	-365.928575
3485	-324.614459	-324.518276
2402	-235.696227	-235.734748
2998	-246.027383	-246.049692
189	-322.167165	-322.120852
1076	-361.656187	-361.919632
1940	-334.429558	-333.163828
3651	-303.463214	-303.494100
920	-281.489179	-281.514425
3555	-360.547370	-360.186628
1662	-377.834156	-377.414362
3707	-271.620156	-271.595716
3859	-308.499978	-308.545598
3750	-346.838572	-346.880413
2823	-309.730966	-309.729407
532	-344.369744	-344.447096
1268	-344.411146	-344.350935
1551	-324.575851	-324.465121
3165	-356.724041	-356.004919
81	-318.390876	-318.525560
3694	-338.246643	-338.266427
656	-376.605347	-376.541865
416	-271.318448	-271.282805
361	-376.622353	-377.123383
3404	-309.733988	-309.690697
1520	-309.728493	-309.785121
2952	-308.511290	-308.622264
3796	-341.875439	-341.805515
3322	-272.536448	-272.478164
3733	-309.678068	-309.693876
697	-340.621200	-340.488345
2755	-381.595252	-381.787232
3874	-323.344889	-323.418874
1170	-310.895183	-310.927019
1449	-308.507220	-308.444382
2957	-323.644468	-323.650822
1478	-309.691634	-309.700172
2564	-325.789398	-325.665570
2721	-271.401725	-271.350869
1143	-367.635675	-290.736521
3236	-310.912270	-310.850236
3747	-324.521162	-324.423291
247	-304.688358	-304.589738
1721	-339.479764	-339.430874
3059	-363.508158	-363.508154
1723	-307.290176	-307.266267
1887	-361.696319	-361.800721
3711	-303.469034	-303.334158
1899	-308.478846	-308.435144
2466	-325.785959	-325.881013
1488	-320.766344	-320.694249
1242	-308.508254	-308.508459
2825	-360.576433	-360.481645
3773	-345.602641	-345.571749
685	-320.029854	-320.140330
13	-360.526646	-360.674362
2293	-269.216495	-269.293560
748	-324.572987	-324.657705
1800	-212.439286	-212.519784
1714	-132.718150	-133.612387
667	-360.533083	-360.625947
289	-321.949791	-322.440682
198	-303.934323	-303.810389
3612	-309.738513	-309.757418
1660	-274.985107	-274.939880
9	-344.468531	-344.501473
2203	-310.911529	-310.930497
2411	-193.075202	-192.948197
3430	-341.828533	-341.660575
3093	-334.424572	-333.078490
3405	-269.206920	-269.213510
1207	-324.584396	-324.609517
3715	-381.567301	-381.606257
181	-412.528245	-388.874974
1617	-355.508183	-355.610853
2430	-304.688809	-304.655133
1544	-324.594826	-324.563550
3168	-323.614890	-323.449016
1251	-322.482659	-322.183168
2110	-341.867094	-341.814646
174	-229.928448	-229.813025
3351	-285.306999	-285.378434
3429	-274.987297	-275.000490
2824	-304.720708	-304.344269
3722	-308.759135	-308.705760
3427	-325.793904	-325.842598
3453	-321.254976	-321.031613
1511	-271.315027	-271.300745
2778	-325.711441	-325.723514
1234	-325.796704	-325.747839
1061	-343.531666	-343.571685
1165	-309.706371	-309.689483
3513	-340.637067	-340.531542
565	-356.730212	-357.331240
3836	-346.833711	-346.792201
1502	-340.679724	-340.719256
2182	-340.610000	-340.643852
3726	-382.754967	-382.962079
1699	-272.541597	-272.502098
2649	-381.581036	-381.492991
2894	-309.717750	-309.684801
1285	-346.860450	-346.784485
1691	-272.595294	-272.581834
428	-324.570042	-324.598799
589	-340.604189	-339.407373
3730	-291.017996	-291.116418
1098	-356.649302	-355.339832
914	-361.707841	-361.681544
178	-188.042067	-188.076895
2087	-286.484121	-286.549095
691	-361.734668	-361.690714
2281	-345.643890	-345.670824
699	-307.243079	-307.248844
2370	-360.496984	-360.508842
3966	-376.570141	-377.030487
1491	-344.421383	-344.360509
72	-325.720699	-325.719325
2101	-361.717364	-361.626719
1923	-287.427777	-287.402033
931	-361.763293	-361.944089
1272	-308.486687	-308.437788
1271	-310.902165	-310.876739
2417	-336.838171	-336.886091
2679	-312.130526	-312.158337
1733	-322.169100	-322.101839
1024	-302.535621	-302.333273
302	-340.632285	-340.857826
3708	-270.397474	-270.371667
3482	-281.480993	-281.390869
1487	-345.665813	-345.610185
232	-490.793044	-456.857484
2489	-250.583259	-250.566732
3240	-338.234966	-338.324008
3206	-346.853173	-346.817769
1585	-360.545832	-360.217591
460	-360.488733	-360.548629
2944	-309.687280	-309.664901
2162	-340.613712	-340.460651
3992	-319.576017	-319.503142
1976	-346.831692	-346.915779
2311	-193.034988	-192.770483
424	-309.717380	-309.662758
236	-325.758113	-325.788832
119	-327.012568	-326.910635
1053	-340.610046	-340.775764
2972	-320.764992	-320.349984
2867	-361.734339	-361.736648
234	-308.467880	-308.490425
2098	-327.020807	-327.081524
2730	-286.492223	-286.637596
85	-272.550580	-272.502672
1047	-346.836177	-346.823581
2557	-273.774103	-273.787750
423	-304.694187	-304.719049
583	-285.016369	-284.726196
1586	-272.837559	-272.812256
738	-324.592221	-324.675984
1626	-345.619567	-345.638886
3449	-297.510804	-297.825620
1695	-344.411060	-344.384981
2770	-288.588657	-288.617034
1286	-310.906869	-310.887067
2230	-262.056533	-264.735581
1183	-325.750970	-325.636721
2266	-289.766576	-289.666604
2570	-324.626187	-324.657573
3801	-310.937414	-310.914718
943	-303.497783	-303.464823
778	-324.573162	-324.543930
275	-344.442225	-344.468091
3434	-360.560766	-360.667360
2906	-340.657508	-340.616827
1858	-343.238086	-343.176431
3785	-348.045948	-348.050230
3634	-340.646592	-340.547214
3981	-249.257629	-249.236447
716	-325.758431	-325.654365
1855	-360.497728	-360.083487
1898	-360.497612	-360.340975
3507	-376.594067	-376.813268
2445	-324.576679	-324.528157
3212	-360.575745	-360.493249
2663	-361.722327	-361.619859
3262	-235.693825	-235.720785
1362	-249.387499	-249.429950
2000	-309.736479	-309.767281
1553	-323.448965	-323.484334
3759	-270.393902	-270.414625
2788	-345.596027	-345.666245
1279	-377.837977	-377.652981
297	-325.833945	-325.803457
2776	-313.573888	-318.134541
205	-269.465281	-269.071260
3263	-285.326726	-285.150894
841	-361.736259	-361.705241
1433	-325.729800	-325.766744
1418	-325.725274	-325.699240
2205	-318.391203	-318.514708
643	-345.663386	-345.641136
3681	-310.914919	-310.858131
2688	-284.964138	-284.974938
538	-324.494520	-324.415486
2137	-324.588239	-324.489347
1754	-269.221561	-269.107655
2221	-308.512137	-308.479630
2443	-288.547509	-288.597683
1391	-323.317575	-323.359508
2531	-157.115484	-157.171056
2419	-287.353473	-287.424664
1552	-346.865957	-346.811306
2558	-472.145935	-470.638201
1035	-284.385189	-284.432521
3294	-340.693392	-340.681780
686	-391.370332	-391.317054
2399	-308.430606	-308.448298
2525	-324.569051	-324.480440
3802	-356.724118	-356.824128
1355	-361.727678	-361.809160
14	-302.238859	-302.273494
892	-288.621895	-288.642097
989	-272.839582	-272.845767
1309	-287.723848	-287.501929
2626	-305.900638	-305.605648
2961	-348.061993	-348.145120
2393	-324.608961	-324.618843
2839	-362.930315	-362.798378
2929	-345.638912	-345.692989
3543	-287.318584	-287.365506
2423	-338.238743	-338.296156
1218	-287.431740	-287.447727
3766	-344.436564	-344.430951
3825	-93.411888	-97.165353
671	-310.897268	-310.879861
1209	-392.612820	-392.237295
1533	-309.671865	-309.618582
2114	-307.528446	-307.727684
3616	-225.221461	-225.034840
3586	-287.506415	-287.864402
2597	-412.494644	-389.193418
1236	-155.897345	-156.137154
624	-312.119017	-312.104071
3985	-324.548763	-324.581529
2853	-325.794835	-325.914715
145	-310.929561	-310.917848
1835	-376.631067	-376.682577
1132	-310.938583	-310.854712
1784	-324.497693	-324.542538
3498	-381.585231	-381.594519
3922	-270.394284	-270.411206
1505	-308.487195	-308.413401
2804	-344.433943	-344.369386
3877	-340.623773	-340.767099
3699	-355.497878	-355.598415
1319	-308.560759	-308.562732
1728	-362.942862	-362.786580
2018	-286.492357	-286.532556
2323	-310.954565	-310.970989
2927	-324.500425	-324.517956
2869	-306.113519	-306.032195
3552	-325.793166	-325.881835
2451	-359.328735	-359.410126
2694	-317.396153	-318.557166
3288	-348.045786	-348.098113
3898	-356.700248	-356.424843
1598	-308.471397	-308.510952
819	-276.204532	-276.146384
3336	-308.477672	-308.545800
1131	-324.580815	-324.478139
1437	-376.547304	-376.652093
2620	-324.587670	-324.493998
2040	-317.409527	-319.049383
1225	-196.409349	-196.395727
3935	-289.875063	-289.954237
2344	-305.915175	-305.734233
17	-345.612580	-345.676269
1112	-287.644079	-287.558925
2643	-372.711859	-372.184518
3229	-271.614305	-271.605337
2339	-326.954728	-326.974121
1380	-288.625728	-288.624780
3132	-309.670613	-309.701100
3139	-344.437158	-344.209053
822	-336.845442	-336.568214
684	-361.753989	-361.583660
2994	-345.597078	-345.585917
2129	-356.722498	-356.791941
501	-345.630685	-345.809492
224	-324.628594	-324.664501
3639	-345.680996	-345.784931
150	-309.732713	-309.698567
2827	-345.615042	-345.613850
2294	-341.831947	-341.930938
1214	-341.865386	-341.103114
3358	-326.934987	-326.991981
527	-324.629301	-324.688776
3661	-287.358011	-287.374974
1297	-345.621773	-345.591777
3529	-341.843027	-341.844103
486	-288.678720	-288.764582
2100	-343.199390	-343.123651
755	-324.568345	-324.649199
3906	-309.685651	-309.666224
2285	-340.578657	-340.571803
3839	-231.155780	-231.083315
3024	-251.729571	-251.687930
3126	-360.523204	-360.507451
213	-249.281074	-249.230744
1231	-324.569596	-324.553506
3538	-271.350701	-271.351635
3162	-324.546164	-324.539078
1778	-305.036659	-304.907807
3931	-288.683173	-288.586588
1055	-345.681183	-345.753622
1161	-308.513516	-308.482885
692	-362.917261	-362.935939
808	-320.774349	-320.864549
757	-345.678211	-345.639818
2829	-340.622886	-340.674506
1847	-325.753767	-325.805728
1300	-324.595031	-324.569424
3886	-270.388222	-270.408971
1642	-344.345376	-344.326214
735	-309.716570	-309.739530
2594	-335.586914	-336.094780
3409	-356.696744	-356.647211
1854	-382.743932	-382.454190
1997	-271.666841	-271.692304
1492	-310.927319	-310.936949
1746	-396.470299	-395.673311
3500	-323.345473	-323.351033
3618	-309.731536	-309.669513
3297	-360.526636	-360.530580
3380	-345.606939	-345.598189
620	-346.820834	-346.804317
3778	-309.700675	-309.660227
180	-360.505528	-360.698757
3045	-310.906568	-310.877102
1028	-360.421732	-360.296556
1693	-234.474613	-234.650616
1944	-325.796840	-325.806432
2668	-310.906004	-310.893822
3830	-346.817778	-346.821117
3088	-308.459859	-308.397016
3069	-346.878430	-346.837746
504	-356.680129	-356.482898
2032	-287.663174	-287.620985
3858	-308.459001	-308.462311
2210	-325.710772	-325.818959
2588	-376.538277	-376.572536
2072	-344.431636	-344.526242
2079	-363.517297	-363.116465
760	-324.605411	-324.635435
1195	-285.287913	-285.397234
2693	-340.638326	-340.697491
665	-288.571762	-288.518203
1415	-338.156727	-336.856109
2093	-324.473588	-324.496869
383	-361.702346	-361.693424
475	-304.691568	-304.730324
574	-271.665153	-271.740487
3175	-309.649998	-309.707523
1740	-376.599676	-376.619775
2652	-317.377404	-318.868714
1196	-346.840727	-346.850826
1657	-338.273162	-338.371993
1298	-308.505512	-308.416422
2937	-324.573883	-324.581064
2975	-345.579201	-345.578129
1801	-301.335636	-301.727327
2463	-288.576502	-288.618074
2286	-309.728265	-309.682751
2850	-288.580309	-288.608953
1961	-197.629416	-197.699343
1543	-323.360471	-323.360011
3644	-345.587398	-345.496351
862	-361.764434	-361.755624
3008	-323.359336	-323.390280
1954	-226.144377	-225.392357
1124	-271.651913	-271.702044
3389	-309.689740	-309.703992
3408	-287.661454	-287.558000
2517	-308.462063	-308.393578
1742	-288.583008	-288.606207
3894	-322.469844	-322.364652
1408	-379.527030	-379.845590
3208	-288.572843	-288.478644
1049	-323.336196	-323.365796
2418	-304.734646	-304.715103
883	-340.647778	-340.629527
2954	-305.915530	-305.863274
2360	-340.636727	-340.415560
648	-287.422111	-287.427894
2297	-322.412936	-322.217708
3049	-324.610004	-324.501846
3200	-265.433051	-265.450060
3080	-344.436248	-344.480419
1545	-308.468255	-308.473380
2404	-323.340989	-323.436033
3870	-345.605387	-345.641851
3869	-324.525580	-323.967387
1962	-382.756724	-382.854609
732	-327.023478	-326.880493
564	-272.569586	-272.655015
2837	-325.730097	-325.747336
636	-382.818623	-382.545747
3152	-335.591582	-335.968476
314	-233.255379	-233.287102
1881	-361.772040	-361.775770
2299	-280.273691	-280.341912
744	-249.332005	-249.319828
1472	-306.080007	-306.165004
3673	-309.691463	-309.760676
163	-319.624414	-319.357431
2700	-304.687547	-304.568379
2166	-343.239068	-343.236852
1921	-310.904960	-310.887242
1749	-302.579654	-302.648887
2202	-324.602888	-324.671517
3749	-249.363949	-249.379254
651	-232.334436	-232.355580
3275	-308.757315	-308.637828
3626	-310.902465	-310.935477
1019	-327.016183	-326.827443
1546	-318.321510	-318.452723
2328	-320.732586	-320.592636
378	-356.705084	-356.541382
3509	-288.685117	-288.681238
506	-234.516241	-234.494863
2584	-360.567154	-359.918049
1082	-310.901659	-310.871269
375	-346.857432	-346.806076
3895	-325.808333	-325.941478
3641	-360.485033	-360.484476
409	-306.383308	-306.385661
3345	-312.120708	-312.088386
3339	-356.699649	-356.870476
950	-324.580266	-324.536005
2177	-346.868453	-346.862132
2060	-362.945811	-363.026077
152	-306.286325	-306.275991
628	-325.726991	-325.467234
480	-325.760797	-325.826804
3678	-285.255880	-285.310563
1250	-309.686189	-309.670355
2059	-345.674176	-345.597912
1960	-345.602645	-345.566758
2047	-286.246880	-285.949993
3793	-381.580932	-381.660601
2826	-308.764658	-308.793060
2002	-286.504040	-286.520835
1700	-320.782427	-320.846983
283	-355.460155	-355.873622
166	-325.729970	-325.656521
1529	-354.275774	-354.581050
1498	-340.654582	-340.466453
3876	-304.574737	-304.662327
2726	-324.475651	-324.587631
2410	-361.673369	-361.867138
1769	-324.569009	-324.556253
3213	-339.438949	-339.461284
2185	-344.343476	-344.426080
325	-345.637577	-345.729441
87	-490.834069	-458.959028
299	-195.196751	-195.245970
1482	-312.132386	-312.137033
3914	-325.805781	-325.913293
1206	-342.315546	-343.064366
3682	-291.017820	-291.164006
3366	-323.268818	-323.373915
3764	-308.483519	-308.476625
1342	-361.712098	-361.676595
1125	-285.292217	-285.145255
1812	-307.275809	-307.193649
3739	-324.566515	-324.491823
3746	-309.736797	-309.712464
1744	-288.535621	-288.549230
826	-248.137789	-248.147157
149	-380.415966	-380.357132
3120	-309.689111	-309.704910
3698	-360.508088	-360.468567
2161	-361.735863	-361.598305
2206	-312.126404	-312.123531
3971	-360.530885	-360.272723
82	-309.701458	-309.757636
356	-372.741729	-372.629025
1043	-324.605875	-324.610882
1126	-270.392715	-270.396405
3470	-416.814878	-451.359210
2800	-287.478272	-287.458751
1925	-309.677276	-309.704322
3304	-346.843297	-346.931039
1421	-360.526142	-360.766209
114	-361.772743	-361.516453
2153	-309.673226	-309.677471
3386	-309.684862	-309.662695
3649	-343.292778	-343.209119
1141	-115.679136	-116.142103
3611	-324.577560	-324.554970
1826	-285.242094	-285.041949
3269	-381.624381	-381.655124
215	-356.645883	-356.936891
924	-324.528533	-324.431737
1515	-360.502298	-360.751824
96	-375.359188	-375.049102
3338	-308.466631	-308.496884
3348	-304.715963	-304.672431
549	-372.785072	-372.770855
3438	-312.132858	-312.104291
1474	-340.654517	-340.572021
3068	-306.015194	-306.031596
559	-362.935404	-362.927585
34	-306.355655	-306.361280
907	-381.607752	-381.637939
964	-291.014970	-291.110425
1103	-273.764642	-273.760407
2903	-308.505951	-308.442459
2215	-289.795079	-289.756974
1093	-325.718074	-325.685173
2089	-308.469081	-308.473522
758	-307.574899	-307.562538
229	-361.648305	-361.963607
3940	-308.464824	-308.498907
2226	-276.206257	-276.147255
2376	-346.840597	-346.831252
1788	-345.646841	-345.718567
2896	-356.725069	-356.903842
3751	-339.491316	-339.758907
3948	-340.614465	-340.646291
1560	-340.645686	-340.835757
219	-307.221351	-307.131256
572	-356.752533	-356.597367
700	-310.938181	-310.886835
2380	-327.025010	-327.040467
47	-247.225618	-247.152646
815	-285.324641	-285.421260
2499	-376.539208	-376.630042
1774	-324.585556	-324.498933
1201	-224.944660	-224.372215
1078	-309.738888	-309.775037
3070	-281.491976	-281.214709
2296	-309.691365	-309.698873
3841	-371.541704	-370.849928
452	-324.575287	-324.544789
238	-233.253760	-233.279780
329	-380.402442	-380.130202
22	-324.575190	-324.412298
3016	-309.730329	-309.733815
3690	-346.829378	-346.964803
3042	-269.468415	-269.573260
703	-340.656580	-340.525715
2014	-371.537915	-371.704841
1576	-247.184334	-247.021915
2441	-310.909223	-310.896680
3091	-341.869641	-341.861879
2992	-343.202564	-343.155113
3109	-324.582824	-324.702786
834	-346.828689	-346.849513
1065	-360.485823	-360.025639
2105	-335.635972	-336.178811
3928	-377.799358	-377.978786
1202	-361.725394	-361.796810
1263	-345.642008	-345.608724
1140	-304.683966	-304.552434
372	-337.283890	-337.773294
974	-303.468081	-303.282408
3407	-343.517848	-343.770232
3038	-288.542113	-288.676415
3077	-336.822591	-335.696410
705	-362.953848	-362.997366
1656	-323.352987	-323.300042
3282	-362.972786	-362.815646
1122	-345.601318	-345.603628
876	-325.807685	-325.839340
814	-308.509272	-308.521279
1943	-325.729335	-325.796300
3403	-339.424322	-339.540731
3198	-288.680991	-288.551426
1805	-344.380468	-344.343032
1499	-320.779994	-320.331955
3714	-265.398572	-265.471289
2738	-324.555069	-324.551952
650	-193.034094	-192.999922
1984	-287.441165	-287.399726
3530	-309.739069	-309.767750
3022	-234.455424	-234.458322
2582	-320.773768	-320.469375
3736	-355.517745	-355.534223
867	-283.179781	-283.045687
462	-234.474088	-234.541341
2685	-344.426408	-344.482407
1651	-273.809498	-273.776733
2522	-307.545457	-307.504106
3505	-274.983383	-274.962724
1867	-324.583096	-324.617507
228	-346.859384	-346.764810
2273	-324.579188	-324.628383
3882	-194.261089	-194.272578
223	-339.501781	-339.818558
3030	-324.500475	-324.347001
2302	-492.008892	-458.879637
2690	-231.093096	-231.046902
3590	-340.660106	-340.794070
1241	-345.608395	-345.630786
3560	-286.463470	-286.497542
3832	-346.836423	-346.926069
3047	-285.293918	-285.188258
626	-288.653249	-288.784136
3557	-344.382663	-344.461114
2277	-383.973315	-383.968454
1294	-345.612830	-345.668127
3460	-288.678290	-288.607513
3848	-324.564634	-324.560319
2424	-273.764093	-273.790052
3709	-340.613243	-340.389147
250	-360.538828	-360.700721
1308	-341.814212	-341.737467
3250	-360.517106	-360.126743
2887	-345.641890	-345.536669
715	-285.275928	-285.303213
1738	-273.759338	-273.733967
3571	-309.676719	-309.662666
3689	-308.467642	-308.454891
1669	-287.426878	-287.434758
1456	-308.496384	-308.460805
709	-286.134079	-286.184028
904	-345.608456	-345.639259
947	-322.454079	-322.419209
1630	-323.431776	-323.371078
3316	-264.261826	-264.347492
2169	-356.733974	-356.375879
182	-324.474954	-324.532646
3061	-392.552088	-391.272897
2301	-324.616647	-324.670544
3827	-270.435807	-270.523483
2724	-376.591176	-377.084081
18	-309.719641	-309.728216
2471	-288.628801	-288.523743
2227	-356.712771	-356.334590
634	-154.960361	-156.803830
2901	-318.323005	-318.401322
2657	-308.451299	-308.453166
2808	-340.646073	-340.388686
2271	-310.916474	-310.938751
3783	-310.912792	-310.912844
3684	-362.958208	-362.998291
447	-271.627826	-271.620843
2213	-287.433999	-287.464264
2520	-307.284294	-307.201339
2601	-333.464063	-332.924730
2083	-322.434119	-322.349634
466	-382.782183	-382.706622
3365	-396.458774	-396.795588
3471	-416.384141	-414.762744
1496	-268.248371	-268.015635
3805	-309.680682	-309.632541
3728	-234.474951	-234.499833
2682	-324.528297	-324.432179
2859	-362.909074	-362.940682
3201	-346.845480	-346.776161
2904	-302.545112	-302.273702
2020	-272.514099	-272.528967
3286	-361.731914	-361.675332
541	-325.714161	-325.840131
759	-398.888473	-398.664508
3879	-339.483894	-339.524242
1582	-361.735290	-362.094440
1378	-346.867789	-346.913239
736	-325.799293	-325.813893
3104	-310.941183	-310.878524
1476	-308.455419	-308.424885
1526	-269.267574	-269.357741
1767	-285.277900	-285.294368
2523	-344.512144	-344.415550
821	-307.566593	-307.515406
561	-264.226909	-264.557569
3800	-346.862839	-346.877480
890	-344.458979	-344.459163
290	-348.056024	-348.064228
2355	-336.816043	-336.740794
2681	-308.466840	-308.467373
3564	-303.533472	-303.139231
1464	-381.610550	-381.736032
3400	-289.799552	-289.712343
2061	-345.638357	-345.734564
3589	-324.543443	-324.459264
2870	-289.872470	-289.938188
1013	-271.300649	-271.073324
451	-362.932378	-363.023408
2511	-250.500016	-250.402067
1628	-345.637174	-345.647589
1217	-325.773675	-325.922260
1751	-339.469166	-339.453210
3154	-309.714008	-309.727637
3298	-345.599182	-345.595222
787	-360.525379	-360.691850
2718	-382.782995	-382.929307
2986	-340.629609	-340.637560
3235	-339.416290	-339.588327
1810	-288.653294	-288.655982
3807	-361.706503	-361.716216
1473	-340.678945	-340.706970
849	-360.532987	-360.684557
2678	-285.255563	-285.016206
1114	-302.353948	-302.317027
3279	-356.732861	-356.353985
2919	-340.635773	-340.490448
1337	-286.498779	-286.607650
155	-324.571682	-324.435309
3568	-308.468418	-308.457034
144	-271.323089	-271.212842
3593	-304.614300	-304.568755
42	-376.564691	-376.606860
1622	-346.869712	-346.908173
483	-309.705795	-309.703715
683	-348.060054	-347.976577
2618	-361.768020	-361.706578
2803	-327.013853	-327.005145
2270	-355.497046	-355.814199
594	-325.809558	-325.951658
41	-345.649146	-345.628622
606	-343.235457	-343.266800
1600	-249.301818	-249.205159
1949	-340.674935	-340.575549
212	-324.605613	-324.502026
3806	-309.676410	-309.697529
188	-339.406341	-339.465976
2036	-309.733888	-309.730874
2897	-346.825923	-346.885334
1269	-307.563525	-307.745289
3128	-341.867138	-341.689363
1451	-348.052763	-348.073559
2434	-377.845502	-377.799590
2472	-209.159302	-210.411514
2740	-360.536920	-360.617151
292	-308.517192	-308.503630
1350	-343.076530	-343.280215
1481	-376.634518	-376.813182
3031	-270.411205	-270.369182
3951	-326.977685	-326.603793
3313	-360.526364	-360.411743
3532	-344.464356	-344.620588
1470	-272.542270	-272.597231
86	-190.624631	-190.366395
1150	-308.551121	-308.552185
516	-312.134532	-312.099954
2279	-309.711101	-309.649167
1245	-310.907810	-310.886597
3432	-297.523580	-298.043398
2701	-326.942959	-326.940161
2628	-359.341296	-359.132649
1756	-326.935440	-326.798795
3533	-232.036378	-232.134682
1795	-356.736238	-356.673771
717	-380.401348	-380.331470
2035	-249.294409	-249.133770
1365	-361.755045	-361.918876
214	-348.052027	-348.128641
1936	-360.564423	-360.635134
2691	-308.505543	-308.567751
3677	-307.571921	-307.601531
1226	-195.226072	-195.237393
2756	-153.742562	-156.017252
3988	-309.707600	-309.733736
2687	-377.816463	-377.688286
896	-323.312767	-323.370138
3330	-323.360126	-323.489862
2338	-268.888303	-269.244517
983	-341.851447	-341.992966
899	-321.230055	-321.345905
1972	-233.542445	-233.535419
690	-375.420808	-375.556773
640	-345.616264	-345.629257
2407	-377.829134	-378.629771
2228	-308.518356	-308.533498
3199	-273.811544	-273.798429
857	-245.711897	-245.432991
802	-359.306313	-359.173979
156	-288.654408	-288.681734
3412	-335.628480	-335.528261
993	-317.364547	-318.686971
1766	-270.387395	-270.440238
877	-359.317823	-359.550513
3499	-309.702237	-309.684138
562	-456.105229	-450.338777
3251	-306.056425	-306.122718
3000	-309.688191	-309.658327
407	-287.508781	-287.826219
1786	-325.785038	-325.751318
2477	-360.539944	-360.342273
2585	-249.269471	-249.241671
3063	-317.413890	-318.541417
46	-372.766726	-372.252994
2956	-360.528914	-360.368448
3331	-233.545899	-233.435775
1493	-335.643923	-335.649640
3151	-362.873906	-362.775167
1156	-154.972731	-156.728990
71	-346.864282	-346.737522
781	-362.918463	-362.776173
3431	-323.229212	-323.623885
56	-345.599154	-345.526658
200	-345.625804	-345.632954
3939	-317.386479	-318.000802
3668	-309.700336	-309.652090
2999	-307.237456	-307.317759
2815	-324.570906	-324.528204
139	-338.257996	-338.035063
605	-456.103432	-454.229659
2841	-360.524422	-360.414175
3299	-325.725069	-325.808602
3517	-396.475511	-396.510897
714	-356.669324	-356.979232
1406	-375.394844	-375.137001
2326	-320.768781	-320.439578
830	-320.767103	-320.984348
3391	-306.403144	-306.323339
15	-288.542593	-288.543089
1999	-233.547877	-233.443320
515	-287.727890	-287.652193
3889	-360.533387	-360.596463
3478	-343.296547	-343.204462
1763	-325.799404	-325.784070
93	-340.615011	-339.549061
3136	-340.660061	-340.679229
2673	-345.652182	-345.700357
3280	-344.483775	-344.463057
789	-324.581906	-324.529145
3976	-273.765901	-273.708343
240	-286.517094	-286.558239
729	-343.084333	-342.758066
3238	-340.667053	-340.609629
3768	-227.338075	-226.543818
1008	-248.448467	-248.282834
2353	-281.504579	-281.383830
2941	-340.635024	-340.234624
1696	-320.785074	-320.782288
2091	-346.904050	-346.858398
922	-272.844560	-272.813210
695	-345.700085	-345.611135
688	-324.491475	-324.562706
2168	-310.899911	-310.923408
566	-303.472917	-303.126942
3084	-325.781161	-325.795770
3479	-265.289023	-265.504432
567	-339.489014	-339.539602
767	-346.861463	-346.904260
1639	-345.640072	-345.636000
354	-285.174014	-285.278212
3570	-272.514475	-272.532691
1840	-360.536972	-360.304313
2737	-322.442708	-322.122859
1172	-357.927353	-358.223479
2783	-272.537685	-272.581525
3853	-271.336383	-271.453022
1620	-270.431243	-270.411113
2960	-271.360631	-271.343632
3676	-346.840522	-346.834937
1857	-307.540766	-307.567360
3748	-376.556657	-376.654747
2234	-272.580839	-272.563587
1834	-381.615289	-380.882809
2342	-309.680487	-309.684167
1108	-341.839596	-341.707143
3065	-344.486202	-344.423244
364	-117.824798	-118.702603
600	-268.859550	-269.016887
2136	-263.278851	-263.074461
2160	-345.674929	-345.756009
3738	-274.982053	-274.956472
1	-360.499843	-360.696617
2562	-375.357530	-375.120559
221	-310.917273	-310.892454
1087	-324.508933	-324.466021
3705	-345.665479	-345.719944
2314	-345.658870	-345.747752
196	-341.759398	-341.638078
3392	-361.774979	-361.870860
1752	-296.265627	-297.115955
1088	-291.017433	-291.020333
630	-273.762561	-273.760394
1033	-339.482903	-339.875231
2327	-381.624797	-381.598153
1411	-327.023352	-326.949188
1299	-348.043466	-348.111200
1507	-310.914024	-310.940694
1508	-308.462196	-308.472524
3843	-309.717869	-309.712274
956	-230.183076	-230.085969
488	-346.861837	-346.808611
3273	-288.589678	-288.649832
3174	-272.844804	-272.802495
1592	-271.616430	-271.608730
1702	-251.727632	-251.615429
3357	-361.779217	-361.731417
3053	-490.831786	-465.014977
1503	-327.014214	-327.043329
1197	-308.462932	-308.454932
3942	-287.507193	-287.844151
3614	-288.627505	-288.625071
813	-361.733052	-361.643982
3469	-356.686540	-356.712836
817	-345.619715	-345.639609
1818	-371.535911	-370.846033
2967	-305.841708	-305.579851
2534	-362.960595	-363.148925
2239	-346.823312	-346.817952
1535	-324.463541	-324.544835
38	-309.736982	-309.809292
1922	-248.132701	-248.163568
1918	-319.573117	-320.097696
3193	-320.725883	-320.540102
2917	-267.068488	-267.195862
1444	-304.691748	-304.735281
2485	-392.676111	-392.485488
702	-379.000257	-379.660430
889	-272.539307	-272.539244
1641	-340.647224	-340.865153
3915	-309.687698	-309.696790
148	-345.629933	-345.554943
1830	-345.641862	-345.514413
2629	-356.679047	-356.689286
2429	-306.081547	-305.969248
2066	-432.401755	-398.652982
3856	-306.313590	-306.343872
1248	-304.732336	-304.495394
1525	-345.608193	-345.538222
1256	-312.119596	-312.078829
1429	-288.579114	-288.616317
3446	-306.044918	-305.995774
1900	-309.689410	-309.707382
279	-306.012858	-306.014024
3437	-288.585212	-288.421218
1631	-345.642285	-345.749767
3337	-286.438448	-286.315031
1275	-310.936083	-310.982210
1184	-286.506282	-286.566851
245	-340.656722	-340.585875
2518	-360.566272	-360.721399
500	-308.452306	-308.344621
1575	-334.447259	-333.703735
1865	-345.609914	-345.606095
1331	-310.941319	-310.951581
663	-323.347275	-323.283481
3480	-286.460642	-286.351915
2303	-309.719920	-309.735431
16	-273.806874	-273.741368
518	-289.791234	-289.594210
1457	-288.573089	-288.372615
595	-340.652012	-340.853070
2322	-355.508682	-355.454501
2974	-396.486691	-396.099732
1330	-324.575010	-324.580290
1719	-232.050342	-232.147482
387	-268.248806	-268.012874
1816	-344.357220	-344.403552
1514	-320.781098	-320.807035
2248	-377.773452	-378.353373
1440	-270.441325	-270.502300
1427	-340.646339	-340.731668
1416	-308.514570	-308.532382
804	-248.395289	-248.660277
1512	-346.839595	-346.809398
2325	-273.732431	-273.810391
921	-325.682121	-325.678267
3472	-340.657197	-340.390439
3252	-340.610842	-340.846305
585	-229.918003	-229.947813
902	-310.940195	-310.952957
3295	-231.069318	-230.999781
2385	-310.911571	-310.900967
1878	-346.819711	-346.822808
1686	-288.648208	-288.593772
2068	-308.471269	-308.486651
445	-319.610687	-319.610209
590	-346.857871	-346.775761
780	-308.769557	-308.663592
239	-270.446608	-270.480219
2427	-339.474134	-339.684860
1278	-362.942040	-362.951615
2309	-272.583285	-272.546713
1435	-193.963318	-194.084213
631	-371.449232	-370.592120
3893	-341.097446	-341.405407
2898	-310.940190	-310.902877
476	-397.686127	-397.536242
2237	-325.784144	-325.852975
784	-377.848074	-378.795136
579	-281.480583	-281.118746
2978	-340.669862	-341.143235
1977	-312.131398	-312.138057
2543	-376.588479	-376.531679
2218	-325.756157	-325.650937
426	-362.933001	-362.774133
254	-285.284456	-285.265126
1811	-346.855968	-346.896676
1885	-345.647670	-345.669896
1313	-324.502042	-324.426340
2478	-339.450173	-339.399045
3143	-286.432042	-286.415588
404	-324.595399	-324.630422
3036	-310.907823	-310.874243
3963	-271.323381	-271.358217
2139	-381.581478	-381.654586
1205	-304.682331	-304.716375
3204	-306.313706	-306.236418
2959	-289.795007	-289.775258
3426	-307.387663	-307.614815
1776	-325.785476	-325.738291
1345	-376.540686	-376.458304
1115	-325.773014	-325.786878
3866	-341.882531	-341.637178
5	-351.628383	-351.445569
2891	-308.511094	-308.544562
2357	-325.754267	-325.797208
3261	-232.025930	-232.029377
3285	-247.192524	-247.040316
36	-344.382282	-344.400771
479	-77.308427	-81.283694
2094	-325.812885	-325.839030
1116	-356.691214	-357.030116
1957	-206.721858	-208.385949
105	-309.727110	-309.755613
2599	-355.457663	-356.145208
987	-273.765811	-273.798306
1875	-242.186010	-242.282212
1086	-272.587059	-272.571575
1174	-345.614442	-345.657893
3220	-273.806349	-273.816654
62	-309.677968	-309.720535
2615	-360.501085	-360.415372
2474	-357.944802	-359.053895
2709	-345.632155	-345.603163
1796	-307.536544	-307.588448
969	-325.797425	-325.813821
2907	-344.466563	-344.391333
2276	-309.679242	-309.705726
3630	-287.660591	-287.630132
707	-381.585428	-381.850829
810	-269.144656	-269.142014
2346	-310.909551	-310.953276
2550	-271.628346	-271.584541
1668	-344.433140	-344.458661
1990	-281.482892	-281.370131
1448	-372.747155	-372.508442
1677	-344.412416	-344.327374
2164	-304.744503	-304.585956
2158	-340.663379	-340.602635
3547	-324.582904	-324.478348
3179	-270.408713	-270.403279
1244	-345.616998	-345.611394
2636	-306.112153	-306.040461
1967	-288.573475	-288.541999
2152	-308.540101	-308.517712
1506	-339.437849	-339.417127
1393	-271.647465	-271.600912
3775	-324.576188	-324.515246
2598	-308.508949	-308.532569
1252	-301.395982	-301.559948
3537	-346.860694	-346.859718
652	-345.620593	-345.545892
3123	-309.702150	-309.586101
2609	-322.351046	-322.214141
3670	-286.248451	-286.009515
1759	-305.906809	-306.057402
1014	-301.385442	-301.429868
1548	-306.308471	-306.289937
2479	-271.622821	-271.613152
2483	-322.158791	-322.248057
1850	-323.407987	-323.548789
3635	-308.475489	-308.357565
953	-392.650949	-392.536824
510	-234.491176	-234.541621
3079	-270.401391	-270.423175
1363	-355.525451	-355.645845
3671	-326.941692	-326.936948
2727	-271.330291	-271.440538
2741	-297.520999	-297.756361
1563	-376.575382	-375.766071
1255	-381.635881	-381.117172
3188	-325.807242	-325.853807
3233	-304.691526	-304.639173
3829	-323.654114	-324.093205
912	-323.344400	-323.251377
455	-340.664551	-340.371451
3029	-285.281493	-285.369709
1133	-308.517070	-308.504627
3350	-339.431591	-339.206687
1291	-285.276634	-285.198207
1650	-341.836348	-341.874312
3604	-273.812100	-273.843537
3585	-308.497008	-308.546684
2696	-353.269456	-352.755491
3659	-340.683837	-340.711855
3732	-320.774305	-320.669888
1015	-344.454928	-344.423375
2384	-281.469893	-282.158702
2031	-269.170061	-269.199093
2547	-323.328581	-323.212769
2	-324.551643	-324.526732
1407	-235.694798	-235.720703
3758	-272.557350	-272.587300
2075	-345.606444	-345.616181
3363	-345.658313	-345.666419
1396	-346.886411	-346.802451
1562	-309.676327	-309.650358
3551	-345.646761	-345.610223
3497	-392.627857	-392.248819
1970	-362.897428	-362.966639
1119	-304.733360	-304.287097
1261	-268.282665	-268.395110
3983	-322.115604	-322.184986
262	-345.647032	-345.724523
1919	-407.364323	-376.730158
2858	-346.862070	-346.881882
3196	-297.530335	-297.659910
2453	-268.273240	-267.778032
3214	-344.426062	-344.427203
3511	-324.552260	-324.506050
2038	-348.056093	-348.171995
2256	-303.503801	-303.413084
1973	-340.637231	-340.496698
615	-345.676743	-345.661861
3734	-326.940196	-327.029396
1021	-232.328175	-232.381827
257	-324.569867	-324.599352
2922	-352.890573	-352.867130
1187	-264.235803	-264.336330
3781	-274.984614	-274.959564
3145	-324.570872	-324.539310
3977	-288.552886	-288.571581
923	-322.135797	-322.160008
1694	-273.743311	-273.821267
1096	-309.689595	-309.707409
1185	-324.558175	-324.462325
1833	-302.579718	-302.183918
1803	-270.394458	-270.384053
2457	-382.757134	-382.816680
338	-272.544500	-272.580268
3771	-309.655144	-309.659468
272	-322.161948	-322.180633
1689	-336.823026	-334.924508
635	-324.578381	-324.611982
108	-345.614707	-345.649153
2130	-271.612772	-271.596926
3222	-344.494043	-344.575467
1658	-287.337578	-287.401711
3010	-361.720579	-361.840689
1039	-360.575277	-360.398987
1908	-286.508233	-286.455491
207	-285.281032	-285.349836
581	-287.683128	-287.747309
1673	-309.733829	-309.675440
100	-361.702143	-361.654843
3377	-360.549337	-360.415424
1667	-323.323781	-323.474554
1618	-345.629039	-345.659123
2711	-322.460671	-322.531579
1675	-271.277972	-271.385220
1357	-375.307060	-374.928538
230	-271.617434	-271.623241
1359	-229.927277	-229.827852
3924	-270.393737	-270.431946
2354	-387.558484	-382.098932
1386	-362.967171	-362.740748
1335	-283.156647	-283.217192
7	-309.722879	-309.727567
3043	-196.405320	-196.499050
2514	-354.197108	-352.597815
544	-340.643340	-340.385241
2462	-325.752244	-325.740811
1602	-318.339586	-319.030208
2704	-320.786981	-320.823413
1671	-309.708282	-309.702630
3871	-346.859809	-346.815118
2587	-376.609234	-375.706693
1062	-324.496997	-324.466049
334	-245.983375	-246.118935
2943	-340.654874	-340.558652
51	-283.168740	-283.412635
2181	-340.656656	-340.610602
2028	-346.821466	-346.972548
1645	-324.477059	-324.480745
1569	-234.503085	-234.500899
2184	-360.501473	-359.512794
3221	-308.477915	-308.484034
2765	-381.546975	-381.681552
1441	-303.469082	-303.314948
3821	-308.427345	-308.459536
1534	-340.632075	-340.660607
3153	-340.622406	-340.496810
1556	-340.659506	-340.743916
3855	-304.746925	-304.715603
3169	-310.902849	-310.872673
3159	-324.612512	-324.590077
2033	-310.919833	-310.885958
2777	-336.817321	-336.808761
539	-341.886521	-342.004907
1785	-273.751900	-273.622600
3556	-276.202384	-276.205489
3535	-323.235679	-323.458502
2015	-308.518276	-308.511507
2343	-325.781464	-325.865361
2563	-247.215049	-247.528700
2512	-346.823548	-346.805423
147	-345.615452	-345.602075
1820	-324.522751	-324.578160
463	-309.715058	-309.717413
2078	-324.575989	-324.484523
3462	-272.538255	-272.593488
730	-336.821088	-336.775950
135	-301.341304	-301.284438
3368	-308.496367	-308.479212
576	-345.655968	-345.665236
1438	-356.728392	-356.462460
3270	-273.788787	-273.793579
1322	-271.619912	-271.598560
3563	-227.798785	-228.334157
3548	-79.764152	-83.983463
3021	-360.495540	-360.566131
3496	-302.303890	-302.302344
1354	-382.790027	-382.613071
1135	-310.903412	-310.908384
3033	-325.785262	-325.845567
1360	-362.941781	-363.017315
2251	-430.448052	-446.102847
1996	-356.687774	-356.716776
2332	-342.335241	-343.415195
1295	-346.829652	-346.947749
2012	-382.788561	-382.658056
2449	-341.841190	-341.939413
1825	-271.656372	-271.737843
116	-346.831175	-346.957156
3296	-345.650105	-345.552660
3804	-324.573632	-324.568609
2541	-341.834413	-341.413634
766	-312.133805	-312.109615
2146	-310.932540	-310.924394
2637	-325.687098	-325.575143
2024	-306.349032	-306.299090
1959	-324.603913	-324.636364
3909	-310.945132	-310.919107
3601	-308.749822	-308.803015
546	-306.365166	-306.245625
2931	-361.729140	-361.745931
2801	-310.932716	-310.912343
2933	-360.538112	-360.567799
3227	-348.043668	-348.059525
2530	-345.673444	-345.657680
1325	-356.758284	-356.536120
2924	-348.045292	-348.046005
1873	-346.842529	-346.831965
1462	-312.136049	-312.105702
2366	-286.466852	-286.529823
3100	-361.716824	-361.635943
1016	-305.129953	-305.240016
367	-360.491873	-360.721344
327	-324.607903	-324.690826
336	-308.524858	-308.519873
3631	-303.560350	-303.745251
3160	-362.937857	-362.693379
885	-324.623780	-324.672790
3292	-326.937372	-326.929284
315	-302.472397	-302.646271
3180	-323.669200	-323.619472
2145	-346.844016	-346.985281
2001	-346.833365	-346.868898
2751	-273.787799	-273.740298
3414	-285.313674	-285.405158
940	-325.787515	-325.851054
935	-269.154939	-269.119671
1287	-355.515622	-356.259843
2436	-308.473229	-308.402953
3880	-357.942023	-359.387527
1933	-270.396100	-270.403398
3851	-326.998454	-326.915254
344	-343.305175	-343.241179
1142	-309.702591	-309.691574
1032	-346.816694	-346.847211
1927	-361.739999	-361.405216
3073	-309.734862	-309.646703
887	-361.720206	-361.793506
846	-270.434394	-270.407171
3716	-361.720799	-361.766785
1732	-269.170665	-269.155239
560	-344.385047	-344.357480
1107	-267.060326	-267.203836
706	-303.481839	-303.566745
2046	-286.493052	-286.322429
413	-301.369263	-300.824467
979	-309.713440	-309.701428
2805	-272.587161	-272.564025
1731	-381.565314	-381.664695
379	-391.337881	-392.028938
1701	-344.428649	-344.488684
1762	-361.755551	-361.750863
1722	-362.946707	-363.004879
3433	-308.465425	-308.417851
3553	-346.830674	-346.937930
843	-308.437835	-308.411661
485	-250.585183	-250.616581
1377	-325.768959	-325.702410
3685	-381.602419	-381.787838
3054	-269.129580	-268.955337
1692	-362.862736	-362.969639
2699	-346.864540	-346.839492
1901	-362.946498	-363.013135
3202	-310.908741	-310.894642
1321	-234.472577	-234.494032
645	-308.540795	-308.564979
1680	-377.842223	-378.172685
2820	-308.557865	-308.533296
1916	-360.557411	-360.588067
3991	-372.765028	-372.809338
414	-192.762455	-192.594149
26	-301.359287	-302.152404
398	-345.636145	-345.541220
456	-336.811524	-336.179168
304	-322.464725	-321.996797
2006	-339.486095	-339.451284
2607	-275.007113	-274.960634
2390	-270.097243	-270.175125
3754	-324.570035	-324.600554
2900	-272.554670	-272.583439
2246	-287.318502	-287.350691
2143	-288.628466	-288.575079
639	-270.405973	-270.406745
2930	-310.906738	-310.894941
999	-308.512721	-308.510514
415	-309.692626	-309.691094
261	-310.905322	-310.912521
2341	-377.784360	-377.777493
2932	-285.320198	-285.417573
3209	-346.834502	-346.960374
1966	-302.558699	-302.824326
2964	-362.945907	-362.975776
1073	-233.249538	-233.330442
2030	-273.804223	-273.799245
607	-301.373496	-301.331741
2209	-382.781841	-382.764870
1430	-361.720960	-361.857241
895	-356.728690	-356.640665
655	-325.771459	-325.770041
1461	-346.899170	-346.911687
3729	-376.562796	-376.111716
774	-395.551843	-359.368899
2231	-346.825174	-346.752080
446	-305.831164	-305.666124
3753	-271.652242	-271.738299
2500	-286.498235	-286.414941
1034	-356.732791	-356.584753
3385	-324.583090	-324.469027
2113	-344.391557	-344.423281
1277	-309.706892	-309.716795
2923	-325.801905	-325.908319
321	-324.604397	-324.537346
380	-307.581989	-307.569773
568	-303.458583	-303.479607
278	-397.667072	-397.054715
339	-356.705991	-356.902854
2263	-274.983122	-274.985139
1468	-345.650338	-345.682641
2394	-355.446449	-355.779433
1100	-380.373569	-380.544731
3536	-352.836930	-352.717830
1955	-339.498757	-339.422837
92	-301.343578	-301.376695
3615	-210.071468	-210.255697
293	-377.807580	-377.774411
2356	-323.346816	-323.419069
777	-307.544712	-307.409152
3035	-344.404557	-344.435549
1704	-274.984793	-275.049373
3383	-360.602876	-360.333848
1425	-288.648476	-288.591863
3904	-356.716094	-356.612367
2794	-304.681399	-304.409343
3607	-325.801523	-325.851917
2233	-319.556235	-320.161955
2763	-272.548325	-272.534467
2432	-274.987245	-274.861070
880	-345.648463	-345.679543
2437	-356.692640	-357.275730
1798	-312.126342	-312.104025
2809	-344.506029	-344.491163
3328	-324.549529	-324.588473
676	-272.584377	-272.580306
2458	-361.683558	-361.850609
1596	-492.022084	-467.004139
3820	-340.655117	-340.668832
689	-341.818686	-341.785798
194	-308.496245	-308.420315
3264	-307.260972	-307.382412
2052	-325.809179	-325.802188
1312	-381.612501	-381.487238
122	-339.419649	-339.462235
2589	-361.718361	-361.691935
1808	-356.676972	-357.299366
58	-304.683044	-304.657177
2529	-229.969129	-230.073538
95	-351.666551	-351.555317
3245	-327.024699	-327.082538
2915	-344.371144	-344.427427
1550	-301.345683	-301.428772
29	-344.425700	-344.444568
3455	-270.401061	-270.441811
298	-377.795528	-377.842960
1089	-344.451793	-344.529654
3041	-345.692143	-345.742487
955	-345.632414	-345.560615
1880	-346.873992	-346.889347
674	-346.879260	-346.848066
3960	-336.825944	-335.767601
3379	-273.761967	-273.772792
2054	-302.588564	-302.272139
1663	-232.351764	-232.386988
2503	-345.653983	-345.636688
2005	-305.155985	-304.913550
1813	-307.550360	-307.536989
519	-309.687078	-309.686318
1779	-288.583563	-288.579686
453	-375.430225	-374.329045
2013	-343.195410	-343.051316
2745	-322.118085	-322.202869
3737	-361.714817	-361.594469
1538	-348.050463	-348.025518
3702	-362.951503	-361.978158
2813	-232.063900	-232.065702
1290	-345.660459	-345.639003
3767	-324.568597	-324.598637
2695	-346.871133	-346.832922
3952	-269.175627	-269.152300
3975	-309.693760	-309.684425
2697	-360.495788	-360.638657
3742	-271.272557	-271.284013
3056	-269.180682	-269.183292
318	-310.954514	-311.047677
3822	-309.665941	-309.682703
2852	-274.986857	-274.926037
3955	-323.391458	-323.369095
1676	-296.285473	-295.859296
3418	-308.467120	-308.507786
3527	-309.716030	-309.713835
324	-307.534482	-307.510275
928	-345.665412	-345.710898
1072	-272.554773	-272.652459
2616	-272.542567	-272.552637
1442	-308.465594	-308.421192
773	-309.674485	-309.762506
1210	-340.641282	-340.685437
267	-345.641113	-345.731243
3617	-345.608658	-345.653035
3897	-324.519277	-324.465154
2141	-307.287454	-307.299263
104	-360.574432	-360.405876
3660	-288.651313	-288.624886
2811	-326.944158	-326.961128
2264	-346.831590	-346.798818
3289	-270.437636	-270.511753
1000	-339.452428	-339.676549
2843	-308.509454	-308.608461
972	-341.869909	-341.785149
3256	-153.459846	-153.206479
3467	-308.494487	-308.534796
1240	-310.907666	-310.868731
1171	-325.721867	-325.675183
2651	-273.744309	-273.719678
3451	-319.606765	-319.421271
24	-345.608180	-345.585319
2640	-398.880824	-399.017810
2521	-361.728609	-361.793143
2592	-308.486071	-308.516273
2830	-325.800699	-325.832370
2315	-273.793520	-273.798198
2579	-273.765811	-273.811914
3982	-324.592116	-324.451694
2684	-310.940657	-310.998628
491	-287.737498	-287.773142
2103	-346.834331	-346.869868
3854	-346.867382	-346.843285
3397	-356.702115	-356.584605
3124	-308.562031	-308.566080
2252	-382.779570	-383.018073
2779	-381.606362	-381.750239
3692	-281.505078	-281.649000
4	-270.439280	-270.453372
3650	-382.756764	-382.927567
468	-322.150234	-322.274522
3211	-310.908555	-310.928834
419	-312.128001	-312.135296
3642	-324.565306	-324.586815
3844	-308.450468	-308.456968
2641	-270.394309	-270.406333
3663	-344.446747	-344.411355
681	-312.126544	-312.032712
3107	-281.504745	-281.629794
2395	-297.523583	-297.808463
3546	-233.219124	-233.271204
341	-273.735711	-273.715234
2539	-321.276274	-321.491973
3268	-324.562156	-324.559307
160	-309.685140	-309.718332
73	-233.293627	-233.363753
3693	-273.779498	-273.799164
3813	-340.620847	-340.558035
2421	-249.395323	-249.364614
873	-273.763068	-273.830903
3700	-361.717469	-361.620998
3230	-344.454591	-344.643639
1265	-227.324775	-226.887803
2786	-327.009009	-326.979924
1739	-303.454720	-303.487306
3959	-305.831035	-305.810537
3510	-340.674744	-340.745697
146	-377.813815	-377.091796
3342	-153.787612	-155.766489
1259	-288.590804	-288.622574
967	-372.742461	-372.788472
966	-339.467091	-339.183041
816	-356.748545	-356.194266
2495	-307.596472	-307.692615
1903	-309.678054	-309.689910
845	-40.478930	-46.115300
1038	-267.106213	-267.320749
461	-273.773506	-273.819929
2272	-324.528642	-324.494162
2008	-336.802659	-336.702115
3655	-287.379629	-287.334052
3205	-341.842686	-341.809580
2546	-248.018573	-248.347780
3950	-270.439135	-270.482469
598	-193.088340	-192.850935
2760	-155.908941	-156.079630
2807	-269.176124	-269.172098
2081	-273.775864	-273.743953
1572	-322.170570	-322.085663
1332	-209.144909	-209.829329
2330	-287.681216	-287.455379
1258	-344.472090	-344.480608
1963	-325.761942	-325.732678
3973	-356.659922	-357.834844
2958	-324.580268	-324.518391
1221	-344.436348	-344.416426
57	-345.635513	-345.451716
1428	-265.391486	-265.389545
3265	-324.569062	-324.488668
524	-308.507004	-308.477175
246	-313.537245	-317.817889
2126	-270.399529	-270.415362
3381	-309.731402	-309.699689
3664	-269.219315	-269.196308
3724	-324.573480	-324.587225
1674	-360.499243	-360.402868
2320	-362.876210	-362.489958
533	-287.720383	-287.625386
975	-357.171724	-355.100908
3817	-288.554600	-288.663939
2195	-289.873479	-290.022050
1501	-288.653529	-288.736981
592	-307.614861	-307.498292
1164	-340.611734	-340.448113
3674	-309.731169	-309.720017
3591	-273.762889	-273.858308
1394	-396.500849	-393.696316
1655	-338.217210	-338.381528
1148	-284.062954	-283.904939
211	-357.939331	-358.636784
1521	-323.665247	-323.809601
2268	-302.558547	-302.324739
90	-327.017113	-326.938580
3210	-336.808333	-336.739349
3071	-273.789182	-273.756414
508	-325.801512	-325.769160
2876	-360.574465	-360.472743
3947	-382.782251	-382.799020
3932	-360.472117	-360.469758
2559	-319.571638	-320.324594
894	-338.247875	-338.075782
1051	-346.860404	-346.819580
1542	-370.291993	-367.246383
3584	-281.484877	-281.336756
1941	-286.206129	-286.209215
3719	-320.742924	-320.538970
1320	-340.656628	-340.428771
2219	-265.437885	-265.405768
659	-326.976670	-327.008760
343	-360.502305	-360.463705
393	-323.334482	-323.397807
3055	-285.313284	-285.476007
1681	-310.908780	-310.898751
2243	-340.673964	-340.792126
1636	-233.551389	-233.625806
2624	-309.699280	-309.706963
2573	-307.303421	-307.312736
3217	-306.392828	-306.191330
839	-302.254301	-301.787466
886	-304.728323	-304.728902
2414	-382.803358	-381.691811
1420	-286.516174	-286.526511
3149	-372.694726	-371.758122
389	-271.336957	-271.143295
1500	-345.609230	-345.705943
3520	-325.752207	-325.596411
3415	-308.495275	-308.548639
3074	-272.553250	-272.550923
1381	-303.795699	-303.769001
241	-309.718177	-309.707191
53	-285.330157	-285.280116
1513	-306.368494	-306.404666
2950	-360.498298	-360.540485
3119	-301.090914	-300.650383
1727	-324.606977	-324.637300
3945	-304.737186	-304.510482
2940	-339.418028	-339.480143
2864	-340.658990	-340.618792
3772	-356.752251	-356.722549
353	-197.632222	-197.566688
3740	-356.684693	-356.833045
1239	-356.710448	-356.597783
1831	-323.386306	-323.326465
2769	-376.563238	-376.671220
3488	-340.672417	-340.740873
3731	-310.913156	-310.876089
3608	-372.729173	-370.620654
2501	-232.377706	-232.271800
728	-309.678404	-309.665681
905	-360.513668	-360.452884
2963	-287.651399	-287.650271
1911	-272.582516	-272.530762
1274	-309.686648	-309.642126
1979	-308.462923	-308.423892
2942	-325.778444	-325.779530
3755	-341.874216	-341.805198
3271	-454.878708	-448.900297
1257	-346.855622	-346.865979
478	-119.052475	-120.060996
2953	-348.047609	-348.072964
2865	-342.307696	-342.546856
3167	-309.688639	-309.691554
2506	-307.526911	-307.794821
133	-271.642927	-271.565631
970	-310.911364	-310.904223
3248	-322.477268	-321.558143
523	-345.565792	-345.547526
1168	-308.454820	-308.405957
1064	-276.202311	-276.171921
584	-309.681686	-309.642076
1233	-265.440660	-265.614789
2921	-310.904813	-310.986975
1296	-345.612257	-345.665231
612	-397.697891	-398.261500
231	-346.860243	-346.804192
3302	-324.577047	-324.589618
185	-361.726913	-361.714165
2860	-345.600676	-345.724408
3258	-324.473847	-324.545098
1151	-392.620909	-390.974051
2482	-268.321270	-267.881020
1018	-354.272548	-354.050482
733	-345.660927	-345.578233
1282	-346.860539	-346.760405
2096	-345.661705	-345.716933
342	-323.351196	-323.330323
1998	-324.536830	-324.517708
1398	-234.469383	-234.512547
2316	-306.361448	-306.287726
77	-348.062001	-347.980924
1113	-234.484521	-234.608196
3857	-340.686134	-340.572921
1574	-245.997884	-245.486635
3892	-271.608843	-271.628439
335	-361.729115	-361.743523
2945	-307.281910	-307.315082
664	-335.632054	-334.549736
481	-307.573371	-307.682720
3701	-248.211932	-248.587111
3454	-376.600944	-376.472514
2621	-305.145002	-304.980988
316	-341.858490	-341.302761
3492	-345.645245	-345.677725
362	-289.871990	-289.961509
1370	-242.180146	-242.331340
2372	-322.217569	-322.129017
825	-340.536374	-340.329505
3314	-305.846541	-305.538495
3776	-320.773105	-320.427886
350	-320.793580	-320.690157
3727	-285.317454	-285.361266
917	-323.320690	-323.454204
2049	-344.463291	-344.359078
2674	-342.352279	-343.646141
2639	-302.580808	-302.175745
3118	-236.917873	-236.919016
986	-347.459586	-347.196243
1153	-325.764669	-325.859710
1871	-306.406578	-306.172859
2537	-317.434422	-317.398891
763	-308.429953	-308.417056
1484	-273.817328	-273.806900
1341	-301.373831	-301.148651
3413	-308.440890	-308.380727
322	-346.832352	-346.791193
3060	-270.441145	-270.515983
3646	-305.130313	-305.055310
3375	-324.594534	-324.587587
408	-208.863267	-208.566931
2736	-310.922181	-310.787558
2611	-346.824672	-346.972861
2872	-288.581144	-288.410191
3034	-360.418556	-360.804088
3923	-309.737951	-309.746622
1559	-380.372123	-380.393081
3883	-308.516508	-308.454807
3599	-308.482454	-308.444457
658	-307.234503	-307.201983
597	-309.683901	-309.707783
2647	-262.017735	-264.310510
120	-323.345161	-323.286568
2491	-381.634033	-381.372496
3396	-273.815873	-273.769035
2004	-346.839235	-346.784885
2121	-324.619773	-324.663042
3683	-308.510782	-308.539472
202	-226.160842	-225.950710
2798	-307.259167	-307.316759
3572	-322.172641	-322.097727
74	-310.918822	-310.942881
274	-272.539126	-272.519598
829	-310.909285	-310.852840
1635	-360.520081	-360.208888
3779	-308.476903	-308.480786
897	-345.659998	-345.726198
1682	-269.215705	-269.275085
191	-307.610450	-307.578888
906	-383.969892	-383.990173
545	-356.698773	-357.386551
1146	-339.465889	-339.336871
3852	-361.710525	-361.764739
137	-287.440932	-287.300600
952	-325.717725	-325.588894
2510	-325.797299	-325.711454
878	-308.466070	-308.445462
2746	-247.190194	-246.985467
3638	-306.320806	-306.248219
2873	-307.545713	-307.486378
11	-356.688211	-356.464171
2646	-325.800095	-325.782746
3495	-288.563768	-288.554210
3474	-309.730988	-309.729281
2275	-312.122563	-312.151699
2680	-340.664901	-340.619013
2070	-114.483613	-116.491700
1281	-308.457113	-308.490930
1102	-116.609549	-117.532977
865	-304.728720	-304.679492
1063	-265.440996	-265.589450
203	-340.663148	-340.683801
2298	-270.396464	-270.377091
2415	-340.676441	-340.667209
3743	-325.726182	-325.768250
2406	-306.386594	-306.169418
1577	-355.468067	-356.022133
1648	-345.660642	-345.691570
3929	-321.233569	-321.334001
657	-270.392759	-270.350115
168	-325.810050	-325.740408
1405	-361.711854	-361.821097
2818	-335.618370	-336.191155
1446	-319.575102	-319.649418
613	-309.689486	-309.708348
765	-317.447668	-317.454821
959	-492.026657	-459.928163
99	-336.813559	-336.907695
2497	-325.763216	-325.770187
1011	-310.942660	-310.945271
3306	-361.650084	-361.926225
3255	-345.578846	-345.565060
3990	-303.459637	-303.477759
2996	-324.566568	-324.526974
1735	-320.791360	-320.654070
611	-248.364357	-248.091130
43	-319.572842	-320.298576
1040	-268.307873	-268.185889
2173	-304.678340	-304.694927
3019	-301.357437	-300.632362
3456	-276.206318	-275.613409
3393	-359.297522	-359.183554
2459	-273.761223	-273.720486
3092	-340.610697	-340.518937
154	-324.538764	-324.586177
2868	-270.407057	-270.443042
898	-305.906901	-306.072682
1163	-397.709232	-398.820173
2555	-287.427764	-287.374352
3515	-346.852204	-346.892150
352	-288.557016	-288.646883
84	-345.610574	-345.557534
752	-324.557693	-324.515061
3900	-308.465445	-308.502680
2016	-308.569875	-308.546710
2802	-325.804486	-325.821106
1247	-325.770105	-325.767139
3550	-341.825957	-341.799492
3609	-269.176442	-269.195436
997	-361.688335	-361.692584
2507	-291.014750	-290.970444
2855	-268.917900	-269.038031
2084	-361.708021	-361.714515
351	-345.625747	-345.650549
1571	-470.915515	-469.658048
3957	-307.291354	-307.398524
1182	-304.738393	-304.739683
750	-344.384630	-344.337665
1356	-271.372094	-271.339952
2362	-305.134491	-304.839980
2551	-325.792606	-325.776595
1334	-273.765782	-273.786725
1020	-303.566436	-303.765493
1497	-251.731545	-251.632263
521	-262.065493	-263.567414
753	-361.710299	-361.708962
982	-307.235414	-307.255140
2214	-245.994065	-246.293258
926	-345.680086	-345.627366
2544	-381.632480	-381.632902
769	-271.361537	-271.314005
110	-346.869123	-346.784312
1517	-359.342366	-359.145898
1223	-324.586663	-324.462335
2513	-345.631685	-345.578471
1452	-308.467331	-308.425876
3814	-361.745554	-361.842795
2569	-281.476967	-281.954600
3378	-325.831718	-325.785433
3032	-360.508895	-360.359381
3064	-326.983087	-326.663357
3905	-395.515911	-359.528206
159	-273.773408	-273.778085
2442	-345.636611	-345.682456
2849	-355.442748	-356.768716
2048	-235.699029	-235.740786
271	-361.759779	-361.833486
2976	-356.737615	-356.506540
3419	-335.590859	-334.666717
2108	-267.944278	-268.107534
2698	-344.434438	-344.335174
2117	-346.839895	-346.860706
2816	-310.905786	-310.908721
1889	-361.731388	-361.870064
2814	-325.804528	-325.851488
958	-302.599262	-302.657893
3341	-291.021228	-291.136838
3184	-308.439671	-308.491851
177	-362.872710	-362.933828
2787	-324.505365	-324.345180
3332	-376.610619	-376.918155
3101	-360.503577	-360.324135
1477	-303.462312	-303.378456
2714	-398.878264	-398.640615
312	-234.485640	-234.649367
467	-273.793804	-273.824917
2893	-274.985796	-274.958494
440	-307.226474	-307.067737
117	-211.295163	-211.291151
3587	-322.421320	-322.120669
739	-309.678703	-309.699761
1757	-285.313612	-285.494616
3098	-345.658421	-345.566881
2403	-326.955365	-326.920356
1666	-289.872246	-289.879351
3039	-341.851538	-341.801533
3420	-306.358581	-306.216159
2044	-373.173910	-342.416286
1447	-469.758395	-469.710655
1964	-309.726463	-309.724719
1541	-310.912991	-310.867024
2469	-270.392444	-270.407897
2373	-302.564379	-302.404342
3484	-341.890999	-341.733263
916	-345.608831	-345.636177
3276	-344.508729	-344.447404
