no_training:3000	no_test:993file identifier	 training data
3975	-309.693760
3121	-344.419977
1619	-340.600021
1011	-310.942660
712	-294.081616
1618	-345.629039
3721	-284.372483
2126	-270.399529
2417	-336.838171
2911	-289.871661
810	-269.144656
2616	-272.542567
3939	-317.386479
3921	-343.218379
1622	-346.869712
2112	-304.729640
720	-381.594735
3441	-372.686714
2176	-345.608670
2172	-308.472272
2054	-302.588564
1140	-304.683966
2815	-324.570906
453	-375.430225
1664	-310.904974
3971	-360.530885
3910	-309.703111
1949	-340.674935
1094	-304.696023
1046	-271.618580
437	-309.705971
649	-340.685408
317	-325.797397
1945	-361.754136
2109	-321.219665
1264	-324.536694
629	-309.712115
3289	-270.437636
2726	-324.475651
2877	-324.556404
2919	-340.635773
3432	-297.523580
1199	-377.813742
3641	-360.485033
82	-309.701458
2223	-288.657055
1796	-307.536544
2878	-285.336744
3452	-361.758902
1750	-287.645651
424	-309.717380
3890	-341.849730
223	-339.501781
2589	-361.718361
614	-383.982605
6	-345.687671
3648	-324.631468
3283	-287.404397
166	-325.729970
3699	-355.497878
321	-324.604397
1859	-324.577613
955	-345.632414
3761	-352.866322
2317	-308.503515
736	-325.799293
435	-306.309029
2367	-361.723620
910	-270.384937
2767	-340.635968
2081	-273.775864
1242	-308.508254
340	-273.789697
2839	-362.930315
2925	-301.394865
269	-325.729080
975	-357.171724
360	-346.890881
350	-320.793580
1666	-289.872246
2908	-271.620997
3025	-324.573338
85	-272.550580
3833	-324.559324
2842	-308.450204
2820	-308.557865
310	-308.480308
3877	-340.623773
2372	-322.217569
3649	-343.292778
1984	-287.441165
1569	-234.503085
110	-346.869123
2319	-271.316064
370	-356.698196
3660	-288.651313
2471	-288.628801
697	-340.621200
605	-456.103432
1546	-318.321510
1257	-346.855622
192	-310.897684
656	-376.605347
2783	-272.537685
1440	-270.441325
2633	-324.627681
888	-323.328290
1306	-288.682324
271	-361.759779
1232	-336.811744
747	-359.350089
1184	-286.506282
2557	-273.774103
1763	-325.799404
1375	-345.645053
3394	-376.613178
1737	-323.398064
137	-287.440932
2865	-342.307696
2749	-340.645995
3694	-338.246643
2993	-346.825502
1300	-324.595031
2315	-273.793520
3018	-345.638117
1652	-301.316399
863	-285.288405
1850	-323.407987
3791	-360.491959
1161	-308.513516
1337	-286.498779
2235	-318.409670
3457	-324.559213
2727	-271.330291
3913	-308.551230
1990	-281.482892
118	-352.905052
440	-307.226474
322	-346.832352
3808	-345.614760
339	-356.705991
973	-325.790444
1631	-345.642285
145	-310.929561
2897	-346.825923
2882	-322.444150
3104	-310.941183
2294	-341.831947
1972	-233.542445
3326	-381.616196
3727	-285.317454
3785	-348.045948
2654	-304.679740
1821	-308.473320
2106	-286.476486
2133	-323.338627
2299	-280.273691
3756	-326.943546
1492	-310.927319
3504	-308.561061
3729	-376.562796
1778	-305.036659
2862	-309.693471
2812	-381.619786
1991	-285.282532
3626	-310.902465
1496	-268.248371
1281	-308.457113
3229	-271.614305
23	-304.679494
2323	-310.954565
916	-345.608831
601	-324.603558
2302	-492.008892
3231	-380.446861
3046	-322.057728
352	-288.557016
52	-345.627428
737	-336.836792
3223	-341.794931
3062	-381.573048
3904	-356.716094
2867	-361.734339
3282	-362.972786
2027	-376.585000
2845	-307.602080
1153	-325.764669
2262	-325.780603
1247	-325.770105
544	-340.643340
2459	-273.761223
1104	-287.315479
3959	-305.831035
448	-346.831139
3036	-310.907823
1219	-306.334850
3093	-334.424572
2325	-273.732431
1753	-375.351387
3956	-345.698757
811	-304.567859
1812	-307.275809
397	-288.630839
162	-232.324966
2105	-335.635972
2855	-268.917900
3670	-286.248451
2947	-355.510313
3875	-309.655400
1145	-312.129019
1621	-346.884834
607	-301.373496
2163	-324.503356
2885	-309.686862
2043	-344.484341
2026	-272.837907
3982	-324.592116
985	-320.770329
3381	-309.731402
832	-308.470270
2404	-323.340989
2835	-362.925466
102	-307.230370
1673	-309.733829
1462	-312.136049
2854	-325.810616
1274	-309.686648
3418	-308.467120
702	-379.000257
2472	-209.159302
3837	-343.468335
3237	-303.553222
826	-248.137789
2232	-56.525887
3584	-281.484877
3671	-326.941692
2145	-346.844016
1912	-310.915653
3069	-346.878430
1463	-362.938449
3775	-324.576188
1929	-324.551800
689	-341.818686
375	-346.857432
270	-372.752005
1669	-287.426878
3924	-270.393737
2340	-310.899612
801	-273.763117
2462	-325.752244
2335	-346.825562
2181	-340.656656
3481	-357.941534
301	-324.570823
2478	-339.450173
802	-359.306313
3247	-360.531175
3844	-308.450468
1309	-287.723848
3985	-324.548763
3918	-289.794194
3549	-323.437779
2753	-310.904304
3261	-232.025930
2280	-359.345792
1249	-272.543724
2694	-317.396153
2953	-348.047609
296	-345.688916
3692	-281.505078
3684	-362.958208
1536	-324.492974
1588	-323.678800
615	-345.676743
283	-355.460155
393	-323.334482
2653	-361.749428
2116	-340.646768
2718	-382.782995
3723	-345.597175
2136	-263.278851
862	-361.764434
3776	-320.773105
2684	-310.940657
902	-310.940195
502	-306.349558
1181	-323.657279
2141	-307.287454
1106	-231.106310
3337	-286.438448
1893	-344.385273
2624	-309.699280
891	-325.767721
3003	-325.798735
2083	-322.434119
3966	-376.570141
2869	-306.113519
485	-250.585183
1064	-276.202311
197	-233.549368
477	-265.399968
1989	-287.426977
872	-309.711438
3227	-348.043668
3652	-361.720088
2917	-267.068488
2944	-309.687280
1246	-318.406529
729	-343.084333
3793	-381.580932
2020	-272.514099
1003	-308.516378
2037	-345.620113
1301	-309.679190
3532	-344.464356
2377	-236.916033
945	-264.243028
3143	-286.432042
351	-345.625747
3503	-266.630629
3205	-341.842686
2242	-362.870426
2573	-307.303421
836	-324.606601
1858	-343.238086
2131	-320.777849
124	-271.621961
373	-379.522177
1874	-416.367317
335	-361.729115
3124	-308.562031
1807	-344.469516
3607	-325.801523
0	-351.615495
1056	-271.618179
3325	-341.836362
3234	-287.349937
859	-308.468407
1614	-325.736331
147	-345.615452
2580	-309.722373
3679	-320.794248
1043	-324.605875
1054	-323.427722
1835	-376.631067
490	-231.142581
416	-271.318448
2535	-272.835594
46	-372.766726
2540	-211.295796
2966	-308.428791
644	-376.595314
948	-336.827390
1956	-308.461475
2161	-361.735863
414	-192.762455
2567	-320.795216
3784	-344.450127
3169	-310.902849
3797	-376.587519
274	-272.539126
3960	-336.825944
2631	-380.316551
3957	-307.291354
2927	-324.500425
2288	-345.612787
3222	-344.494043
1551	-324.575851
2702	-309.685148
452	-324.575287
2652	-317.377404
796	-344.453746
823	-361.732840
2768	-340.690205
422	-288.692943
1654	-360.518768
2909	-361.687451
2888	-361.704536
632	-361.705069
681	-312.126544
2187	-310.904927
834	-346.828689
1376	-348.053064
2941	-340.635024
443	-325.754109
1022	-310.902683
235	-270.375081
1105	-302.306944
285	-249.362379
1917	-325.790782
1260	-270.417842
570	-275.012535
2401	-263.280728
2007	-308.499105
1979	-308.462923
2949	-346.838702
2263	-274.983122
134	-308.516376
2957	-323.644468
3273	-288.589678
2971	-312.131841
1494	-345.654016
3574	-398.876124
211	-357.939331
1057	-391.518453
1195	-285.287913
1924	-340.591587
178	-188.042067
742	-272.588370
805	-309.658574
1848	-273.769835
3919	-304.721921
463	-309.715058
79	-324.605178
3271	-454.878708
2328	-320.732586
829	-310.909285
3906	-309.685651
900	-288.561991
1071	-360.495618
3834	-324.589539
2960	-271.360631
1733	-322.169100
53	-285.330157
1154	-310.937644
1842	-362.894239
1305	-319.621560
1732	-269.170665
2761	-309.696507
2358	-322.169697
3345	-312.120708
1927	-361.739999
573	-286.504534
858	-340.661797
634	-154.960361
1180	-306.364186
581	-287.683128
1955	-339.498757
309	-309.718312
3730	-291.017996
1645	-324.477059
2286	-309.728265
2107	-325.766177
1050	-304.643392
429	-288.570364
2780	-272.545389
1486	-380.373644
1996	-356.687774
2711	-322.460671
218	-285.311823
1800	-212.439286
2588	-376.538277
384	-343.291812
88	-345.655534
647	-338.268974
3031	-270.411205
1484	-273.817328
3176	-432.852890
3505	-274.983383
3954	-271.611366
1282	-346.860539
3240	-338.234966
3317	-269.177232
1291	-285.276634
1662	-377.834156
657	-270.392759
1672	-336.831068
2642	-324.578146
3854	-346.867382
2669	-309.763785
2077	-309.736028
767	-346.861463
3496	-302.303890
1613	-346.890723
470	-303.460335
2732	-324.579850
3579	-356.677429
3315	-269.176979
3573	-325.730390
3839	-231.155780
505	-338.531538
73	-233.293627
3527	-309.716030
790	-341.836780
1355	-361.727678
2097	-345.639692
2227	-356.712771
1597	-336.805704
2896	-356.725069
2441	-310.909223
326	-236.917664
510	-234.491176
165	-327.013034
934	-345.650323
2412	-310.904086
2103	-346.834331
2985	-304.745635
2933	-360.538112
658	-307.234503
3157	-335.619981
3969	-324.609784
2756	-153.742562
576	-345.655968
1198	-308.449457
3021	-360.495540
2100	-343.199390
3949	-359.301320
725	-325.725266
3710	-308.565933
2661	-323.448833
495	-342.297848
3822	-309.665941
885	-324.623780
154	-324.538764
2609	-322.351046
2614	-232.164586
3083	-381.591448
1039	-360.575277
2575	-308.759090
2289	-325.766945
1695	-344.411060
2996	-324.566568
1853	-359.314227
1553	-323.448965
2196	-338.559964
2456	-345.610758
3303	-272.589883
3387	-309.727603
3595	-345.600227
2714	-398.878264
3474	-309.730988
185	-361.726913
824	-310.952875
2022	-344.425164
695	-345.700085
3420	-306.358581
3472	-340.657197
807	-340.681309
1980	-345.680616
3286	-361.731914
1400	-306.067385
2668	-310.906004
3757	-281.482952
150	-309.732713
1179	-343.195060
2887	-345.641890
1670	-269.230258
1930	-341.835805
2621	-305.145002
2167	-309.681554
855	-271.614051
3489	-308.508824
2305	-376.633716
125	-228.992613
1830	-345.641862
1073	-233.249538
2453	-268.273240
292	-308.517192
1459	-306.320451
3978	-282.861121
919	-272.589999
3081	-302.557878
306	-307.335530
8	-272.545439
1903	-309.678054
3468	-345.710017
2012	-382.788561
2606	-323.344105
3125	-308.510840
253	-305.838224
3689	-308.467642
331	-309.734363
1958	-340.595950
1374	-322.175807
1364	-267.963366
3244	-323.320332
1431	-344.392695
1779	-288.583563
896	-323.312767
3137	-272.533448
3635	-308.475489
2792	-362.944759
539	-341.886521
2240	-381.627040
979	-309.713440
2680	-340.664901
3426	-307.387663
3899	-337.265273
3249	-325.739818
347	-309.687405
449	-325.753993
3902	-382.757521
3255	-345.578846
529	-309.725786
63	-287.377993
2872	-288.581144
3825	-93.411888
25	-309.712046
784	-377.848074
1900	-309.689410
3722	-308.759135
2710	-361.773017
2755	-381.595252
365	-361.740208
3156	-362.941094
3290	-341.859618
346	-307.586014
1142	-309.702591
2497	-325.763216
2437	-356.692640
2062	-303.437471
5	-351.628383
1439	-340.590431
1389	-272.510742
3773	-345.602641
445	-319.610687
2492	-396.477101
880	-345.648463
2994	-345.597078
3765	-453.654335
341	-273.735711
99	-336.813559
14	-302.238859
904	-345.608456
564	-272.569586
1544	-324.594826
2247	-348.046805
1279	-377.837977
1040	-268.307873
184	-322.436757
603	-346.867624
3947	-382.782251
688	-324.491475
2963	-287.651399
2984	-362.935648
3151	-362.873906
18	-309.719641
1947	-303.533559
3590	-340.660106
3268	-324.562156
2233	-319.556235
3864	-288.639421
1089	-344.451793
2937	-324.573883
1251	-322.482659
2361	-304.727460
1623	-229.615446
2028	-346.821466
1399	-341.826906
2419	-287.353473
3460	-288.678290
2296	-309.691365
3758	-272.557350
3754	-324.570035
2928	-324.540084
2241	-346.857051
2518	-360.566272
1755	-304.686811
2520	-307.284294
2134	-344.433965
2695	-346.871133
1987	-325.775071
931	-361.763293
1586	-272.837559
721	-185.648533
1968	-324.538807
2019	-340.659620
100	-361.702143
1963	-325.761942
3701	-248.211932
511	-320.778636
3335	-275.020322
1894	-360.532510
1253	-312.126356
877	-359.317823
2243	-340.673964
3742	-271.272557
2731	-272.836211
1711	-345.611239
2150	-324.570860
1157	-309.691584
1190	-377.830859
943	-303.497783
2610	-309.711468
2284	-359.298380
2093	-324.473588
2790	-287.732329
691	-361.734668
2414	-382.803358
3970	-305.897998
2698	-344.434438
1584	-251.727102
2075	-345.606444
1566	-380.438011
1432	-324.522792
3518	-340.655390
4	-270.439280
2439	-324.485913
183	-362.962787
1325	-356.758284
883	-340.647778
1532	-309.731599
2591	-325.773278
2118	-324.560961
2311	-193.034988
1288	-324.635136
3643	-309.660190
1280	-356.683566
320	-232.333410
471	-324.532283
86	-190.624631
3714	-265.398572
2442	-345.636611
3383	-360.602876
1130	-346.826923
514	-309.685045
3434	-360.560766
783	-273.806375
1045	-344.449852
1013	-271.300649
2250	-339.462492
734	-233.242250
3476	-304.737418
1771	-287.657053
715	-285.275928
1638	-344.481904
1527	-271.621836
3096	-338.175960
3638	-306.320806
3138	-345.651520
516	-312.134532
2824	-304.720708
2180	-340.665904
2735	-309.690179
813	-361.733052
2430	-304.688809
1047	-346.836177
977	-285.160699
3891	-346.821929
3893	-341.097446
2988	-310.923406
1147	-304.755780
2579	-273.765811
1808	-356.676972
1747	-360.559076
49	-396.507540
243	-323.389193
1851	-361.717868
2850	-288.580309
884	-276.202586
1819	-249.292101
1379	-325.731549
2095	-348.034975
1573	-233.255259
2746	-247.190194
3986	-355.516778
1587	-322.133444
2823	-309.730966
2801	-310.932716
3057	-301.381127
1933	-270.396100
3557	-344.382663
1952	-344.408452
295	-320.770299
1690	-339.426816
1656	-323.352987
1667	-323.323781
2363	-324.610150
3550	-341.825957
2657	-308.451299
2688	-284.964138
3533	-232.036378
2629	-356.679047
3334	-325.800680
3118	-236.917873
1319	-308.560759
3517	-396.475511
2832	-250.585843
1070	-361.752301
2538	-344.417597
1511	-271.315027
357	-307.245430
305	-346.859213
221	-310.917273
202	-226.160842
1781	-324.582445
1698	-325.800949
567	-339.489014
474	-281.476832
587	-307.283919
247	-304.688358
1095	-324.603415
3119	-301.090914
2536	-273.758980
2380	-327.025010
3355	-345.648365
3427	-325.793904
3252	-340.610842
532	-344.369744
256	-308.741915
2191	-359.317050
206	-309.688611
1480	-324.584824
3609	-269.176442
2185	-344.343476
1729	-361.740062
2821	-308.511516
652	-345.620593
1311	-288.545722
2461	-269.170508
2422	-325.718957
928	-345.665412
2527	-297.554699
2152	-308.540101
1487	-345.665813
3257	-308.472221
881	-234.470813
2225	-324.612179
1687	-344.407598
3897	-324.519277
1761	-376.622507
3642	-324.565306
1366	-345.633122
2217	-344.408081
3389	-309.689740
1592	-271.616430
3704	-348.035847
1887	-361.696319
600	-268.859550
554	-340.688787
1708	-324.502429
3356	-270.447268
140	-309.676929
3905	-395.515911
2023	-317.402836
239	-270.446608
1785	-273.751900
3943	-376.602183
3901	-346.822424
2264	-346.831590
612	-397.697891
1716	-325.784331
1829	-382.804482
3396	-273.815873
3511	-324.552260
3354	-360.529236
2521	-361.728609
28	-324.630221
461	-273.773506
325	-345.637577
56	-345.599154
3323	-232.335768
2411	-193.075202
2088	-362.871515
3512	-340.641866
775	-344.469204
2219	-265.437885
2300	-453.655583
1031	-304.643927
989	-272.839582
970	-310.911364
3278	-298.952950
1500	-345.609230
1150	-308.551121
3344	-325.748658
40	-344.338878
3842	-376.587741
3415	-308.495275
434	-338.195462
1651	-273.809498
1410	-273.759553
519	-309.687078
3601	-308.749822
3089	-327.025329
2779	-381.606362
148	-345.629933
3691	-352.852117
821	-307.566593
2113	-344.391557
3677	-307.571921
907	-381.607752
2470	-309.688189
1455	-381.570969
1278	-362.942040
3425	-324.547564
1674	-360.499243
2641	-270.394309
2481	-324.614891
3827	-270.435807
116	-346.831175
2499	-376.539208
1159	-325.779568
37	-381.587333
1648	-345.660642
2582	-320.773768
2207	-301.330754
2603	-341.863083
415	-309.692626
1380	-288.625728
3482	-281.480993
3455	-270.401061
3463	-304.735360
1598	-308.471397
1516	-249.358446
543	-310.937295
1649	-346.868661
1647	-343.242553
3521	-342.324182
1158	-268.251114
2475	-381.524347
3005	-249.248680
749	-249.280474
2036	-309.733888
2354	-387.558484
1543	-323.360471
450	-235.729507
574	-271.665153
1121	-333.449362
1419	-344.350927
2287	-310.905485
3288	-348.045786
323	-309.647349
2681	-308.466840
1600	-249.301818
3857	-340.686134
1227	-322.155306
3049	-324.610004
2977	-310.909944
1371	-288.596392
3272	-173.147782
112	-340.648166
3465	-324.548021
3664	-269.219315
361	-376.622353
3471	-416.384141
2639	-302.580808
3277	-354.254979
2650	-361.727711
2831	-356.723059
590	-346.857871
3439	-301.389192
1904	-304.752598
2226	-276.206257
1677	-344.412416
3113	-324.531139
2346	-310.909551
809	-361.738091
2146	-310.932540
3403	-339.424322
1491	-344.421383
2183	-339.459869
1814	-360.537947
1760	-326.940002
2879	-265.401151
442	-356.712228
1086	-272.587059
1052	-361.770383
343	-360.502305
946	-324.577279
1876	-251.732828
3870	-345.605387
3586	-287.506415
35	-343.197784
2381	-346.856604
1416	-308.514570
3972	-359.339915
2997	-380.371074
1476	-308.455419
2033	-310.919833
2594	-335.586914
733	-345.660927
1994	-383.983835
1212	-304.733723
1738	-273.759338
1795	-356.736238
2550	-271.628346
2636	-306.112153
2368	-325.804686
3004	-288.652346
2228	-308.518356
1831	-323.386306
3640	-309.692577
940	-325.787515
3582	-344.436500
2259	-361.734611
417	-344.440065
1434	-344.482088
1942	-382.751274
2508	-324.574476
1560	-340.645686
2386	-352.829520
684	-361.753989
2230	-262.056533
1960	-345.602645
3805	-309.680682
546	-306.365166
3369	-158.342346
1608	-361.758032
3746	-309.736797
2626	-305.900638
2738	-324.555069
743	-309.719124
2646	-325.800095
2607	-275.007113
3760	-280.314080
394	-344.385642
722	-310.935212
175	-361.754326
3149	-372.694726
1025	-324.520219
1294	-345.612830
1564	-288.555332
222	-412.548009
1120	-353.283458
2252	-382.779570
752	-324.557693
3442	-381.635659
1326	-266.616319
3336	-308.477672
3248	-322.477268
1233	-265.440660
1059	-303.436180
3858	-308.459001
2257	-307.238509
2277	-383.973315
1967	-288.573475
861	-360.488871
89	-249.259410
2486	-307.239887
1748	-288.688929
1023	-309.663477
2173	-304.678340
2166	-343.239068
2571	-309.686348
3667	-249.293044
1331	-310.941319
70	-346.874234
3519	-376.604739
2810	-273.763107
219	-307.221351
1746	-396.470299
947	-322.454079
3845	-344.454717
2092	-288.572051
3591	-273.762889
2871	-308.460407
3060	-270.441145
698	-274.985880
3766	-344.436564
3676	-346.840522
2666	-303.423742
630	-273.762561
3456	-276.206318
94	-362.955075
705	-362.953848
1418	-325.725274
1946	-346.841836
3552	-325.793166
1082	-310.901659
1235	-265.447270
3351	-285.306999
665	-288.571762
1639	-345.640072
944	-320.766684
3487	-210.101789
3266	-287.736841
3200	-265.433051
3614	-288.627505
1369	-392.662003
2490	-343.078368
2936	-324.504178
3523	-325.728070
1539	-382.755486
1034	-356.732791
3488	-340.672417
3034	-360.418556
1533	-309.671865
2782	-340.664407
2802	-325.804486
1268	-344.411146
2336	-344.433499
3661	-287.358011
1593	-335.598739
3296	-345.650105
731	-355.501990
3235	-339.416290
1926	-273.773955
405	-273.804251
3082	-272.586248
1978	-281.485530
1966	-302.558699
1008	-248.448467
1218	-287.431740
694	-344.360007
3017	-271.339346
1452	-308.467331
3548	-79.764152
2025	-249.363808
3123	-309.702150
1387	-361.698635
1124	-271.651913
2644	-320.786990
2713	-310.904631
1954	-226.144377
1948	-195.158734
842	-360.514766
3401	-338.175569
177	-362.872710
2817	-340.641240
2452	-344.424745
2663	-361.722327
1256	-312.119596
2704	-320.786981
1116	-356.691214
706	-303.481839
561	-264.226909
3712	-300.148891
3656	-310.918831
1911	-272.582516
676	-272.584377
3778	-309.700675
837	-360.512026
3566	-325.830752
2590	-340.650928
3385	-324.583090
2418	-304.734646
1886	-302.286171
3458	-345.693035
2390	-270.097243
1368	-288.584029
670	-324.618078
220	-276.205821
3681	-310.914919
2423	-338.238743
3803	-287.351460
1221	-344.436348
1734	-359.354596
379	-391.337881
1630	-323.431776
3922	-270.394284
1768	-289.789940
3587	-322.421320
1883	-346.839066
1149	-325.796862
2611	-346.824672
1262	-356.712023
2706	-345.667357
494	-345.611057
1151	-392.620909
2751	-273.787799
2836	-345.652670
2446	-361.740252
3772	-356.752251
1725	-360.495137
2778	-325.711441
3020	-287.430903
3358	-326.934987
1240	-310.907666
521	-262.065493
76	-325.685245
298	-377.795528
2209	-382.781841
3896	-307.280331
3330	-323.360126
548	-233.555951
1754	-269.221561
265	-236.916125
2001	-346.833365
2290	-343.224836
1683	-346.829154
772	-381.599310
319	-352.845678
3650	-382.756764
2847	-307.566260
781	-362.918463
3501	-318.409788
3160	-362.937857
1765	-285.335887
1766	-270.387395
2122	-348.040439
1060	-345.713205
984	-248.443503
2194	-273.757530
624	-312.119017
3416	-320.770681
2132	-377.826580
2777	-336.817321
2070	-114.483613
1878	-346.819711
403	-272.843742
3567	-309.693494
860	-397.697425
1985	-339.481708
1751	-339.469166
1407	-235.694798
1549	-340.689515
213	-249.281074
3117	-346.824942
3576	-325.729906
280	-271.324234
1866	-310.940708
2913	-361.630982
2425	-322.435505
1118	-306.032266
3209	-346.834502
3279	-356.732861
704	-235.696677
2474	-357.944802
1501	-288.653529
3987	-324.506120
3619	-325.779372
1435	-193.963318
3855	-304.746925
958	-302.599262
2333	-338.234590
2111	-348.048744
249	-306.347185
1102	-116.609549
1044	-304.687053
3256	-153.459846
3841	-371.541704
1445	-396.491525
563	-345.644179
3851	-326.998454
716	-325.758431
65	-312.125621
1033	-339.482903
2805	-272.587161
2945	-307.281910
3378	-325.831718
1641	-340.647224
17	-345.612580
2256	-303.503801
2268	-302.558547
2886	-324.530742
2699	-346.864540
286	-324.563745
169	-309.688569
1005	-273.786179
1107	-267.060326
1160	-286.467220
1791	-272.554824
611	-248.364357
3562	-360.524672
1223	-324.586663
1317	-344.393241
2868	-270.407057
3788	-361.725962
1166	-324.576650
1271	-310.902165
1599	-304.689816
2728	-304.742823
3513	-340.637067
289	-321.949791
1234	-325.796704
3968	-287.425634
2343	-325.781464
935	-269.154939
3737	-361.714817
771	-346.903261
2678	-285.255563
3828	-288.650589
2583	-346.859078
1922	-248.132701
2004	-346.839235
3583	-325.721011
44	-309.735489
3041	-345.692143
122	-339.419649
72	-325.720699
1348	-309.683859
2072	-344.431636
1833	-302.579718
1035	-284.385189
3740	-356.684693
2822	-310.902197
1361	-346.840635
377	-360.527122
680	-325.806369
2332	-342.335241
585	-229.918003
2682	-324.528297
3019	-301.357437
1270	-307.571937
408	-208.863267
1290	-345.660459
413	-301.369263
479	-77.308427
395	-234.447743
371	-380.374978
2255	-360.513163
3703	-287.697316
2570	-324.626187
411	-397.680771
3508	-309.675176
3114	-309.692389
3181	-307.209274
318	-310.954514
3840	-309.681264
50	-357.934562
2238	-281.495234
3495	-288.563768
666	-381.593528
648	-287.422111
456	-336.811524
845	-40.478930
26	-301.359287
3702	-362.951503
3390	-309.736085
1015	-344.454928
971	-324.624537
3698	-360.508088
2784	-273.803873
1932	-310.911279
3646	-305.130313
3306	-361.650084
3174	-272.844804
2907	-344.466563
1971	-362.906662
64	-362.945802
396	-372.782655
2979	-320.767064
3696	-308.474441
1499	-320.779994
1776	-325.785476
876	-325.807685
1950	-232.331230
2331	-308.516808
355	-273.761263
3409	-356.696744
2715	-345.709596
625	-308.514390
3275	-308.757315
376	-309.732528
879	-303.556846
3340	-229.879598
314	-233.255379
1207	-324.584396
1799	-346.861635
1827	-343.492484
3221	-308.477915
1422	-361.728608
963	-345.645239
640	-345.616264
748	-324.572987
1055	-345.681183
1561	-325.749687
3140	-284.987905
875	-376.554863
3395	-248.436061
3826	-372.742383
3618	-309.731536
3859	-308.499978
1	-360.499843
897	-345.659998
986	-347.459586
1411	-327.023352
791	-309.662433
3048	-381.616883
2504	-325.805550
3469	-356.686540
303	-375.328197
1183	-325.750970
1447	-469.758395
1530	-272.549380
3473	-360.527434
3055	-285.313284
237	-268.287661
1970	-362.897428
3263	-285.326726
3184	-308.439671
981	-303.499320
1446	-319.575102
3423	-308.555641
380	-307.581989
3310	-309.721850
2676	-325.784384
3127	-327.010419
334	-245.983375
1093	-325.718074
1403	-308.462299
392	-345.637570
3182	-287.440436
117	-211.295163
1084	-309.711894
1590	-344.415609
895	-356.728690
2249	-392.653825
2566	-346.832253
2463	-288.576502
2454	-288.578155
1701	-344.428649
3368	-308.496367
651	-232.334436
3674	-309.731169
2135	-346.861074
3774	-305.130184
3350	-339.431591
2320	-362.876210
1937	-287.438379
1485	-309.731369
1625	-320.776082
3665	-323.329494
3384	-357.949026
687	-346.841762
1114	-302.353948
874	-271.611192
3795	-310.908453
3110	-236.917458
2889	-341.871347
983	-341.851447
3400	-289.799552
3370	-396.486664
2598	-308.508949
2903	-308.505951
3930	-338.542975
2347	-308.476587
2014	-371.537915
2525	-324.569051
1519	-352.874613
3098	-345.658421
804	-248.395289
846	-270.434394
2044	-373.173910
3333	-361.709769
201	-308.561649
515	-287.727890
3514	-340.654233
3542	-344.409533
1454	-288.652757
1815	-345.663783
2465	-339.464024
2526	-340.601771
141	-287.734664
2003	-324.579943
3556	-276.202384
2429	-306.081547
3741	-169.860788
3927	-323.326298
2981	-327.026688
3147	-338.530072
673	-345.680831
2800	-287.478272
1408	-379.527030
696	-356.709466
284	-360.500454
2206	-312.126404
1204	-361.704371
3146	-289.872162
2770	-288.588657
2231	-346.825174
3219	-339.428557
1362	-249.387499
1405	-361.711854
2915	-344.371144
2170	-274.987123
2733	-310.940764
3631	-303.560350
2685	-344.426408
1441	-303.469082
158	-308.540079
3321	-251.726162
1174	-345.614442
3770	-272.544060
3429	-274.987297
2675	-303.787203
798	-208.842347
1606	-308.462382
3050	-303.940271
1178	-382.751729
2488	-363.508158
153	-347.466594
828	-361.684892
2201	-452.728039
3440	-322.135917
130	-274.988525
3575	-309.736328
1167	-309.729139
3846	-318.393987
886	-304.728323
172	-282.667163
708	-306.313133
873	-273.763068
889	-272.539307
2495	-307.596472
2851	-356.699504
3565	-286.474509
2578	-324.576080
2843	-308.509454
1940	-334.429558
2942	-325.778444
1526	-269.267574
2507	-291.014750
2078	-324.575989
2199	-377.815601
1696	-320.785074
3830	-346.817778
2772	-343.232602
1074	-304.697680
359	-346.832402
2860	-345.600676
2066	-432.401755
586	-376.582598
2679	-312.130526
3239	-361.708121
1392	-353.321142
1925	-309.677276
974	-303.468081
48	-304.689512
2200	-344.426799
3372	-309.705858
3024	-251.729571
1185	-324.558175
1816	-344.357220
785	-273.796695
2686	-340.697732
1759	-305.906809
3946	-286.438084
745	-344.464270
2298	-270.396464
1797	-194.267232
962	-376.587043
3148	-324.567513
3183	-345.642870
466	-382.782183
840	-289.871520
2087	-286.484121
2147	-382.781806
2310	-338.194242
3938	-345.645388
558	-344.464151
2155	-343.243883
972	-341.869909
3074	-272.553250
927	-340.676668
2468	-307.193849
2345	-342.329232
2717	-309.726244
3593	-304.614300
758	-307.574899
3944	-381.563295
1658	-287.337578
3251	-306.056425
2438	-392.565188
3695	-309.651827
3308	-381.582831
1188	-306.054267
1665	-336.802871
3738	-274.982053
3748	-376.556657
1801	-301.335636
1702	-251.727632
146	-377.813815
3538	-271.350701
428	-324.570042
856	-324.568212
3382	-341.145624
723	-361.717032
925	-307.567279
3629	-359.312853
2539	-321.276274
2978	-340.669862
1170	-310.895183
159	-273.773408
3673	-309.691463
2920	-326.952797
540	-346.830523
1510	-322.425235
1616	-272.539058
3545	-310.915918
2110	-341.867094
378	-356.705084
2758	-309.696640
678	-308.506580
959	-492.026657
1607	-303.462115
3022	-234.455424
1875	-242.186010
2487	-361.694757
3189	-324.510378
3203	-308.459279
839	-302.254301
2104	-379.006904
1896	-326.971392
690	-375.420808
3872	-340.691219
3666	-309.735874
3196	-297.530335
2501	-232.377706
3589	-324.543443
768	-193.039603
1002	-287.689262
2158	-340.663379
3122	-232.329070
1508	-308.462196
2775	-382.812383
762	-346.863396
2547	-323.328581
3663	-344.446747
2788	-345.596027
2046	-286.493052
3942	-287.507193
425	-289.769718
1353	-359.297643
3105	-346.821661
2479	-271.622821
3763	-344.416821
610	-324.629068
2950	-360.498298
2030	-273.804223
1208	-345.608535
3191	-284.360325
3444	-289.794376
2921	-310.904813
2177	-346.868453
1347	-359.361259
1504	-360.489720
1367	-325.812267
1986	-344.459234
844	-324.606050
3728	-234.474951
1385	-309.679840
3764	-308.483519
3546	-233.219124
751	-361.724921
1197	-308.462932
2171	-359.346839
2724	-376.591176
1449	-308.507220
2524	-392.642251
1655	-338.217210
669	-377.780670
1189	-287.322957
1066	-375.344926
806	-308.768073
2389	-361.728546
242	-340.623533
2144	-324.574829
2015	-308.518276
608	-309.688960
3419	-335.590859
2940	-339.418028
1224	-308.420805
2017	-310.940345
60	-382.768883
3028	-346.861640
2895	-273.764673
2522	-307.545457
2428	-309.682996
613	-309.689486
899	-321.230055
3179	-270.408713
2006	-339.486095
2556	-321.958604
1726	-381.506605
3039	-341.851538
3916	-273.810780
1577	-355.468067
389	-271.336957
115	-356.682218
451	-362.932378
1817	-339.459612
3210	-336.808333
3543	-287.318584
1663	-232.351764
1148	-284.062954
2975	-345.579201
575	-272.582834
287	-307.560718
2502	-309.685960
3529	-341.843027
2399	-308.430606
3322	-272.536448
3867	-356.726146
58	-304.683044
3657	-312.124380
3130	-270.427802
787	-360.525379
2747	-301.332569
338	-272.544500
849	-360.532987
3781	-274.984614
1460	-309.684108
1101	-307.244627
3341	-291.021228
3375	-324.594534
2434	-377.845502
2045	-324.495988
3428	-288.564752
3732	-320.774305
1016	-305.129953
3637	-309.764115
2212	-346.837271
227	-377.805829
91	-275.011437
1276	-340.667317
1042	-305.904676
2127	-308.519863
2337	-324.588418
3043	-196.405320
2948	-382.790431
1359	-229.927277
2285	-340.578657
3604	-273.812100
2807	-269.176124
3346	-318.327053
252	-305.913756
2532	-301.405558
2237	-325.784144
3644	-345.587398
3559	-309.721434
2529	-229.969129
1352	-304.677606
738	-324.592221
3786	-308.759185
2322	-355.508682
210	-362.938898
3454	-376.600944
3596	-285.328258
520	-309.720011
1214	-341.865386
1393	-271.647465
2396	-307.546144
3158	-269.271320
3412	-335.628480
3207	-355.520098
2516	-309.661518
3605	-372.755216
2448	-346.833271
3218	-325.743746
1267	-341.841438
668	-267.103350
1723	-307.290176
363	-320.778723
1867	-324.583096
2625	-291.021574
867	-283.179781
1742	-288.583008
1794	-325.712420
3506	-320.804155
3535	-323.235679
2447	-323.330261
226	-360.556344
1316	-361.652250
3430	-341.828533
475	-304.691568
1873	-346.842529
1678	-310.955296
509	-307.238995
1517	-359.342366
204	-287.353313
3171	-345.599912
3405	-269.206920
225	-346.842403
2355	-336.816043
198	-303.934323
3436	-361.762744
2278	-345.650717
2192	-307.232824
1216	-308.465534
2929	-345.638912
433	-396.498209
3177	-287.662612
3783	-310.912792
2375	-360.564233
2398	-319.533364
3029	-285.281493
2593	-321.252793
214	-348.052027
2939	-352.864008
3242	-397.707881
3659	-340.683837
3328	-324.549529
2721	-271.401725
2837	-325.730097
1826	-285.242094
1329	-309.710338
3610	-360.476593
620	-346.820834
1010	-340.666160
3992	-319.576017
3634	-340.646592
2926	-320.764569
524	-308.507004
1069	-375.370023
1591	-249.397368
2716	-303.464433
1048	-286.495416
2923	-325.801905
1699	-272.541597
3226	-339.491316
313	-361.721849
1037	-306.397746
3411	-286.134060
1792	-363.504227
1097	-325.784473
2856	-376.586976
1126	-270.392715
3220	-273.806349
203	-340.663148
1019	-327.016183
38	-309.736982
2139	-381.581478
627	-359.304956
2537	-317.434422
951	-307.548619
3253	-281.476938
3500	-323.345473
1957	-206.721858
1823	-340.656176
2794	-304.681399
1340	-271.616723
2595	-303.465315
2138	-340.684371
98	-303.553222
2140	-325.715372
820	-326.934229
2799	-340.702898
1108	-341.839596
1077	-326.938562
1837	-381.574917
2245	-308.434866
741	-344.434318
800	-324.611571
700	-310.938181
1910	-326.978724
2530	-345.673444
386	-325.776001
3386	-309.684862
3305	-310.955141
3868	-360.526225
3095	-339.431197
1558	-270.389386
3871	-346.859809
1478	-309.691634
1088	-291.017433
458	-340.699868
1724	-381.594558
2506	-307.526911
2965	-344.689237
3108	-361.653332
655	-325.771459
2188	-288.690060
3675	-360.534222
3090	-287.362939
3000	-309.688191
36	-344.382282
2620	-324.587670
3097	-309.716094
2723	-324.554067
1404	-346.883049
299	-195.196751
2849	-355.442748
1482	-312.132386
1372	-381.574124
465	-266.553159
550	-319.568017
2708	-308.512758
328	-310.911163
2628	-359.341296
2059	-345.674176
534	-324.575799
1764	-304.725676
887	-361.720206
3636	-324.624318
3632	-340.612805
3990	-303.459637
2366	-286.466852
3687	-325.793945
3886	-270.388222
3863	-346.804974
1229	-288.582662
3539	-324.625415
1062	-324.496997
818	-387.475673
2967	-305.841708
1525	-345.608193
1119	-304.733360
2558	-472.145935
2220	-272.538190
1443	-346.867442
2392	-272.551442
3215	-320.793270
2189	-325.762375
2618	-361.768020
3628	-272.509064
3602	-361.683811
1770	-309.719198
1897	-197.629387
3267	-320.776472
1703	-286.154755
2655	-235.723792
3047	-285.293918
1206	-342.315546
1902	-324.615795
2469	-270.392444
1357	-375.307060
2085	-309.695312
121	-361.711483
1570	-325.783642
808	-320.774349
3599	-308.482454
135	-301.341304
2159	-324.581067
2542	-326.951186
3749	-249.363949
3750	-346.838572
1604	-347.456674
1351	-309.733696
3884	-323.333263
31	-359.310420
1266	-324.582035
2560	-339.452794
653	-344.473681
374	-372.796889
2863	-287.423372
3102	-310.903589
1000	-339.452428
592	-307.614861
2559	-319.571638
12	-377.816587
2844	-301.377995
1813	-307.550360
3814	-361.745554
1144	-264.255612
2604	-304.743934
545	-356.698773
2178	-339.455981
2119	-323.665987
3672	-309.689612
3155	-376.605641
3622	-304.726439
2722	-344.423318
1907	-346.819476
123	-269.263476
1061	-343.531666
1215	-335.566430
1899	-308.478846
3448	-324.634377
3973	-356.659922
754	-361.718210
1173	-344.465017
2074	-285.300440
3163	-319.610683
2067	-280.248350
3802	-356.724118
1143	-367.635675
954	-324.612244
761	-312.126820
1820	-324.522751
3815	-288.574763
1315	-288.533780
1572	-322.170570
1498	-340.654582
2673	-345.652182
2846	-273.780933
1133	-308.517070
1731	-381.565314
3509	-288.685117
1679	-288.576381
617	-376.521083
3115	-340.620294
1087	-324.508933
2307	-346.859945
3779	-308.476903
2834	-325.699665
1213	-324.530103
2024	-306.349032
2193	-383.976576
3989	-272.542369
579	-281.480583
487	-307.223588
2421	-249.395323
841	-361.736259
181	-412.528245
909	-325.789320
420	-362.950092
816	-356.748545
1506	-339.437849
3606	-310.906553
3107	-281.504745
3961	-308.561152
3887	-242.196351
27	-324.573866
1741	-345.629842
2350	-341.853951
2771	-310.910278
3410	-271.316922
3417	-354.292460
2101	-361.717364
1236	-155.897345
2999	-307.237456
918	-310.917344
744	-249.332005
2838	-324.547436
217	-271.648392
1964	-309.726463
2394	-355.446449
42	-376.564691
3080	-344.436248
3860	-308.505267
553	-271.666055
2071	-246.029150
1959	-324.603913
949	-344.463502
1571	-470.915515
2995	-381.584942
3817	-288.554600
2902	-271.653205
1832	-309.737802
1006	-336.843788
2546	-248.018573
104	-360.574432
1477	-303.462312
2645	-362.923114
3134	-271.319942
1001	-304.724431
2531	-157.115484
1640	-304.583737
2544	-381.632480
51	-283.168740
2416	-344.406447
2562	-375.357530
2637	-325.687098
3731	-310.913156
933	-270.430832
865	-304.728720
2234	-272.580839
3136	-340.660061
1545	-308.468255
969	-325.797425
1981	-306.313924
2473	-324.497671
19	-309.720734
757	-345.678211
418	-324.565412
2260	-271.351786
594	-325.809558
2635	-323.324700
2321	-381.536295
3838	-271.318933
3170	-271.626697
3026	-250.478855
1298	-308.505512
3254	-287.469473
2709	-345.632155
3617	-345.608658
3936	-326.951067
2509	-344.380267
3492	-345.645245
2175	-324.545475
1063	-265.440996
1053	-340.610046
2482	-268.321270
3544	-312.133269
583	-285.016369
2050	-362.937518
3736	-355.517745
2009	-273.812948
1682	-269.215705
69	-265.441614
2662	-345.635068
1192	-326.947461
3142	-376.617653
176	-308.554162
645	-308.540795
1391	-323.317575
1515	-360.502298
2382	-380.343633
244	-346.835129
3810	-372.726782
3338	-308.466631
1822	-344.395150
1793	-325.725688
156	-288.654408
2218	-325.756157
3320	-310.952127
1414	-377.797879
2766	-285.279992
3072	-340.671263
1870	-309.686187
2052	-325.809179
523	-345.565792
330	-286.408473
1877	-287.407788
1901	-362.946498
1706	-382.777508
2179	-361.698233
2318	-348.039301
3976	-273.765901
3246	-340.652252
1083	-309.726295
3270	-273.788787
3685	-381.602419
3668	-309.700336
233	-301.382062
3861	-234.486176
2304	-286.431160
2013	-343.195410
3012	-276.205920
1736	-273.764207
795	-246.023231
2124	-345.600825
525	-273.812813
432	-344.390227
3269	-381.624381
1973	-340.637231
131	-345.603479
336	-308.524858
3716	-361.720799
152	-306.286325
2065	-340.537496
2239	-346.823312
871	-309.680919
1537	-309.692993
2574	-273.812881
3314	-305.846541
3690	-346.829378
3733	-309.678068
259	-309.735245
3800	-346.862839
3771	-309.655144
1659	-487.002792
3006	-308.470648
2102	-361.723581
2406	-306.386594
3078	-383.966179
2552	-340.624424
1241	-345.608395
2852	-274.986857
2744	-288.573110
316	-341.858490
3654	-307.541973
560	-344.385047
103	-291.024232
240	-286.517094
3881	-357.951284
997	-361.688335
1685	-338.273553
1381	-303.795699
756	-325.798888
1845	-302.309526
2329	-324.557240
2701	-326.942959
3588	-272.549011
3367	-269.216969
3540	-321.236907
2162	-340.613712
2114	-307.528446
3280	-344.483775
2120	-381.630205
167	-310.912077
1481	-376.634518
3780	-323.320574
1423	-344.413850
528	-288.538806
2374	-285.279236
21	-278.059333
526	-344.430692
362	-289.871990
2271	-310.916474
2622	-346.829131
3898	-356.700248
2090	-308.473428
3038	-288.542113
2757	-346.855643
2787	-324.505365
2068	-308.471269
1450	-273.757658
7	-309.722879
763	-308.429953
1284	-320.761539
2932	-285.320198
1388	-250.583643
1890	-371.608385
3600	-325.781571
2443	-288.547509
3478	-343.296547
2415	-340.676441
1547	-335.613384
1528	-360.446475
3541	-379.527167
2035	-249.294409
1524	-272.550818
3076	-247.198000
3185	-348.053386
119	-327.012568
3991	-372.765028
2063	-344.402806
455	-340.664551
1518	-309.683200
3008	-323.359336
1186	-359.296697
1354	-382.790027
1041	-371.504707
797	-278.075775
2197	-309.684327
3339	-356.699649
39	-340.687222
3449	-297.510804
2725	-269.218553
1756	-326.935440
1881	-361.772040
3198	-288.680991
2647	-262.017735
1825	-271.656372
3645	-304.681903
1609	-210.001565
2058	-356.710498
2672	-355.556836
1030	-309.683546
2857	-362.899149
327	-324.607903
478	-119.052475
3945	-304.737186
3094	-324.601619
1921	-310.904960
369	-361.733362
278	-397.667072
3479	-265.289023
1839	-355.496901
3316	-264.261826
1099	-231.975652
1466	-340.657975
3450	-382.824468
1854	-382.743932
1335	-283.156647
2246	-287.318502
3620	-359.351415
2466	-325.785959
2157	-309.686797
2774	-310.910631
1384	-361.755719
3291	-362.911941
3241	-319.515995
3762	-351.646368
618	-308.467888
936	-382.773457
1603	-232.363630
1713	-323.381747
2344	-305.915175
228	-346.859384
2875	-344.475122
1444	-304.691748
2224	-307.568767
1390	-340.660793
671	-310.897268
2160	-345.674929
2498	-288.539500
59	-248.430371
194	-308.496245
643	-345.663386
2142	-324.624987
3190	-232.325947
427	-382.798099
266	-308.477155
3724	-324.573480
2696	-353.269456
1244	-345.616998
664	-335.632054
2880	-346.831172
3553	-346.830674
3216	-344.380260
1024	-302.535621
582	-325.833302
3030	-324.500475
3625	-326.948771
3700	-361.717469
2600	-307.237880
571	-339.423497
1824	-336.855265
1091	-309.678344
2992	-343.202564
1888	-276.201993
446	-305.831164
3284	-343.290242
3796	-341.875439
80	-392.672883
207	-285.281032
2705	-270.384180
1473	-340.678945
2348	-285.253877
3751	-339.491316
3260	-345.595084
765	-317.447668
2513	-345.631685
2047	-286.246880
1386	-362.967171
641	-322.439472
3451	-319.606765
3360	-382.810709
75	-381.566310
469	-325.775843
3133	-356.679691
3304	-346.843297
2205	-318.391203
950	-324.580266
1884	-307.577822
3662	-360.469577
1804	-324.542706
1020	-303.566436
1065	-360.485823
232	-490.793044
1578	-233.217482
33	-264.504487
833	-325.761605
1531	-345.640098
3616	-225.221461
685	-320.029854
2533	-265.438520
3073	-309.734862
1514	-320.781098
1535	-324.463541
993	-317.364547
1495	-286.516879
2719	-286.477365
3686	-344.462681
3178	-345.605421
882	-169.557758
1469	-324.444698
3433	-308.465425
462	-234.474088
149	-380.415966
3259	-359.368793
939	-344.481802
3101	-360.503577
3027	-336.811099
2464	-297.555801
2765	-381.546975
193	-307.285557
2385	-310.911571
3688	-322.476720
120	-323.345161
1646	-340.684749
1992	-325.723538
1692	-362.862736
3530	-309.739069
483	-309.705795
2195	-289.873479
1187	-264.235803
1909	-345.630398
2130	-271.612772
923	-322.135797
2990	-376.661483
3361	-324.558989
3139	-344.437158
2276	-309.679242
381	-341.835557
1225	-196.409349
1378	-346.867789
2910	-307.536915
436	-360.521191
497	-287.470402
3129	-361.692023
504	-356.680129
789	-324.581906
1951	-317.408548
3522	-309.691414
506	-234.516241
819	-276.204532
2759	-393.905418
718	-392.601894
3398	-304.686259
893	-232.317400
719	-309.693538
1265	-227.324775
2596	-339.467484
1928	-326.927990
3777	-339.431092
2720	-231.102112
2797	-345.646914
1210	-340.641282
45	-266.615452
675	-346.827397
2424	-273.764093
3228	-381.648857
3806	-309.676410
268	-362.957295
24	-345.608180
2357	-325.754267
2248	-377.773452
476	-397.686127
1417	-381.586740
3131	-303.560907
1111	-335.656557
2892	-325.728271
447	-271.627826
1542	-370.291993
1458	-288.648179
1680	-377.842223
937	-306.397642
3836	-346.833711
1248	-304.732336
2564	-325.789398
1885	-345.647670
2270	-355.497046
3931	-288.683173
2002	-286.504040
1871	-306.406578
1852	-309.685790
1314	-324.460304
1324	-270.399280
1676	-296.285473
1327	-320.768458
1579	-288.589020
2125	-310.908354
2266	-289.766576
3866	-341.882531
3120	-309.689111
1471	-346.857623
3438	-312.132858
1493	-335.643923
3611	-324.577560
109	-158.340943
3882	-194.261089
2876	-360.574465
2785	-310.915445
3551	-345.646761
3502	-376.564063
1220	-325.800532
1360	-362.941781
735	-309.716570
3154	-309.714008
3393	-359.297522
3414	-285.313674
2883	-308.757991
2483	-322.158791
1502	-340.679724
2514	-354.197108
2632	-306.344083
1914	-288.576123
982	-307.235414
105	-309.727110
3745	-310.912788
2295	-305.898313
667	-360.533083
2973	-324.604156
1228	-345.640969
788	-324.467888
1953	-308.457242
3813	-340.620847
905	-360.513668
1194	-381.612648
1847	-325.753767
345	-309.704732
3707	-271.620156
1488	-320.766344
2049	-344.463291
1191	-360.510716
3753	-271.652242
2208	-286.486509
1344	-341.767606
484	-351.639205
998	-302.306196
290	-348.056024
3365	-396.458774
1286	-310.906869
1644	-325.774769
1773	-304.696646
43	-319.572842
3380	-345.606939
3009	-307.265383
920	-281.489179
1200	-346.908492
1688	-324.567893
2841	-360.524422
637	-360.557419
2943	-340.654874
2754	-309.674575
2204	-310.904876
3934	-381.630276
3204	-306.313706
1861	-235.696852
1802	-361.715983
2743	-234.516409
3580	-345.661657
282	-325.714378
3193	-320.725883
2500	-286.498235
294	-308.506421
3058	-247.214450
2029	-380.417684
1287	-355.515622
1777	-265.408147
3941	-231.108368
1395	-375.348487
3352	-272.834623
3445	-286.508374
291	-304.683134
2168	-310.899911
3801	-310.937414
77	-348.062001
1080	-288.570006
2042	-232.364952
2581	-234.469389
3001	-270.386138
472	-273.761356
1428	-265.391486
337	-312.123120
1920	-361.714679
777	-307.544712
2954	-305.915530
922	-272.844560
3406	-286.459793
113	-360.478880
3217	-306.392828
1650	-341.836348
3752	-345.686524
3824	-302.288055
3561	-343.190300
1076	-361.656187
3592	-323.367866
987	-273.765811
551	-382.817123
2356	-323.346816
3413	-308.440890
300	-324.602433
1767	-285.277900
646	-323.641347
3852	-361.710525
2034	-345.586124
3011	-310.902708
3376	-273.775510
686	-391.370332
308	-303.428586
16	-273.806874
1864	-312.133063
230	-271.617434
1977	-312.131398
2221	-308.512137
3843	-309.717869
1714	-132.718150
1110	-325.781398
1697	-345.613396
3895	-325.808333
552	-340.639366
1457	-288.573089
1090	-272.500426
2079	-363.517297
1313	-324.502042
3312	-323.647099
1988	-312.124451
486	-288.678720
3536	-352.836930
3792	-360.525610
913	-352.855499
792	-310.898648
2156	-346.827596
1919	-407.364323
1505	-308.487195
260	-359.369049
2279	-309.711101
780	-308.769557
1051	-346.860404
187	-341.842120
988	-341.827199
562	-456.105229
2729	-323.315925
3061	-392.552088
2297	-322.412936
47	-247.225618
2480	-344.385369
385	-305.159206
1168	-308.454820
2467	-325.805017
423	-304.694187
2689	-309.673807
1231	-324.569596
1728	-362.942862
1078	-309.738888
566	-303.472917
961	-326.950279
3655	-287.379629
1580	-271.339821
1413	-247.214861
3301	-371.491061
2403	-326.955365
1722	-362.946707
759	-398.888473
1849	-324.547957
1668	-344.433140
1774	-324.585556
3475	-321.247305
1834	-381.615289
2512	-346.823548
2660	-307.582044
1415	-338.156727
3734	-326.940196
3568	-308.468418
1438	-356.728392
3447	-270.389803
2577	-381.600777
2440	-317.433049
964	-291.014970
216	-307.283509
2383	-324.593866
3392	-361.774979
1805	-344.380468
3186	-346.829695
3437	-288.585212
980	-356.743821
1448	-372.747155
3560	-286.463470
3885	-304.728655
978	-324.545574
2613	-338.214346
3799	-291.018995
364	-117.824798
2649	-381.581036
3914	-325.805781
3923	-309.737951
2253	-325.818163
2010	-323.385837
2712	-274.985024
851	-270.117027
683	-348.060054
10	-344.512001
1857	-307.540766
93	-340.615011
1209	-392.612820
473	-346.828378
1693	-234.474613
3453	-321.254976
2776	-313.573888
1782	-308.555419
426	-362.933001
2830	-325.800699
3309	-274.989422
2859	-362.909074
3302	-324.577047
3152	-335.591582
866	-340.620625
344	-343.305175
114	-361.772743
1383	-344.398797
726	-346.870614
1479	-309.677142
2741	-297.520999
3835	-309.693085
967	-372.742461
2658	-308.461040
1915	-361.705669
129	-308.512092
2750	-268.301176
224	-324.628594
2848	-339.419688
622	-341.886905
3054	-269.129580
965	-323.329385
1203	-261.802956
1304	-356.679729
508	-325.801512
2445	-324.576679
2098	-327.020807
2244	-414.351653
853	-76.404702
2587	-376.609234
2137	-324.588239
2976	-356.737615
302	-340.632285
1605	-345.703157
1259	-288.590804
182	-324.474954
707	-381.585428
186	-340.606711
3212	-360.575745
3103	-340.631134
609	-377.817369
3424	-348.051118
2413	-345.604177
1058	-324.585402
460	-360.488733
3633	-380.412093
572	-356.752533
2057	-288.540318
1433	-325.729800
2148	-309.718089
2359	-360.468392
3908	-272.847530
288	-355.557059
3363	-345.658313
3963	-271.323381
3531	-344.458268
776	-325.781815
1739	-303.454720
1255	-381.635881
257	-324.569867
2151	-289.802108
3848	-324.564634
2630	-282.871678
3343	-320.735225
623	-265.457424
1014	-301.385442
1720	-309.692095
2275	-312.122563
1624	-340.670034
3166	-326.949535
3598	-340.671493
1123	-375.393636
1513	-306.368494
1872	-272.566631
778	-324.573162
2402	-235.696227
764	-233.560626
2864	-340.658990
66	-337.302324
1289	-344.439723
3928	-377.799358
41	-345.649146
1103	-273.764642
3853	-271.336383
400	-376.570473
2916	-340.655601
1916	-360.557411
1935	-361.677841
3319	-376.604793
2360	-340.636727
3040	-360.506446
2409	-324.595526
155	-324.571682
3883	-308.516508
34	-306.355655
932	-361.764881
2089	-308.469081
3683	-308.510782
67	-172.006141
568	-303.458583
1811	-346.855968
2407	-377.829134
151	-270.397623
2352	-288.589622
2819	-360.551444
3307	-318.647923
2690	-231.093096
917	-323.320690
3091	-341.869641
835	-320.740782
1686	-288.648208
143	-302.355005
54	-195.186228
2922	-352.890573
2969	-286.484904
2313	-312.122262
921	-325.682121
3045	-310.906568
3165	-356.724041
3362	-345.632413
1424	-212.438188
3709	-340.613243
1717	-345.603646
1293	-271.369084
1427	-340.646339
464	-324.485629
1245	-310.907810
2931	-361.729140
2123	-327.010026
3718	-195.186772
81	-318.390876
2935	-297.516418
1615	-287.344000
2914	-270.422403
1581	-345.660520
1018	-354.272548
3153	-340.622406
3159	-324.612512
2934	-324.462733
522	-309.680641
3258	-324.473847
1217	-325.773675
2084	-361.708021
180	-360.505528
2608	-306.369631
2697	-360.495788
1944	-325.796840
3658	-309.682445
727	-272.562906
2958	-324.580268
1243	-323.582949
195	-296.296482
1594	-323.433551
843	-308.437835
1155	-272.838189
3706	-345.687338
2764	-195.179738
2543	-376.588479
1840	-360.536972
3379	-273.761967
3295	-231.069318
3907	-291.017966
2115	-266.626759
793	-326.950540
3807	-361.706503
83	-344.434906
1365	-361.755045
941	-340.652570
2308	-324.460752
1758	-271.616401
3292	-326.937372
3804	-324.573632
2986	-340.629609
1743	-346.856186
3988	-309.707600
92	-301.343578
1328	-376.531779
621	-310.899323
57	-345.635513
1661	-322.148261
2691	-308.505543
3032	-360.508895
3053	-490.831786
642	-234.476516
2510	-325.797299
3767	-324.568597
577	-343.087962
766	-312.133805
542	-382.793238
3534	-320.785748
2491	-381.634033
138	-362.875317
779	-356.732185
2918	-271.326117
188	-339.406341
2548	-340.654465
2214	-245.994065
3324	-345.641848
2436	-308.473229
3613	-308.483617
2154	-360.512793
915	-304.734226
2039	-360.553317
3313	-360.526364
3627	-323.347112
2458	-361.683558
2391	-310.927566
631	-371.449232
3630	-287.660591
3937	-361.713179
1548	-306.308471
711	-341.849127
1999	-233.547877
1437	-376.547304
2828	-232.030352
2991	-272.841336
1138	-308.444609
1430	-361.720960
2038	-348.056093
3331	-233.545899
3809	-310.902628
3480	-286.460642
3564	-303.533472
3708	-270.397474
662	-341.843824
2980	-274.983908
2813	-232.063900
1521	-323.665247
3571	-309.676719
1635	-360.520081
3293	-360.535142
1507	-310.914024
3615	-210.071468
503	-355.514134
372	-337.283890
1512	-346.839595
111	-344.470970
2400	-345.592410
1363	-355.525451
1122	-345.601318
3983	-322.115604
1237	-360.542541
2671	-344.377098
2174	-324.606491
912	-323.344400
238	-233.253760
2760	-155.908941
2968	-310.909942
281	-322.479769
2301	-324.616647
1079	-287.347000
2519	-323.585680
3516	-324.634527
3044	-363.519194
3621	-346.815715
692	-362.917261
3555	-360.547370
3214	-344.426062
1520	-309.728493
1456	-308.496384
1938	-341.826148
354	-285.174014
3892	-271.608843
1285	-346.860450
3926	-325.748612
2291	-286.514923
2309	-272.583285
250	-360.538828
1135	-310.903412
903	-309.685872
1727	-324.606977
500	-308.452306
215	-356.645883
2032	-287.663174
1202	-361.725394
3547	-324.582904
3594	-272.544482
2692	-356.663387
1068	-308.470010
133	-271.642927
1576	-247.184334
489	-356.745773
3912	-308.435951
3084	-325.781161
262	-345.647032
245	-340.656722
3168	-323.614890
2983	-346.833689
1370	-242.180146
2327	-381.624797
84	-345.610574
2833	-248.375248
1730	-345.663299
1426	-381.607770
311	-287.724713
3194	-301.367422
822	-336.845442
1585	-360.545832
1175	-361.742598
3349	-207.916786
536	-323.348544
1534	-340.632075
682	-302.303791
3888	-323.359825
2638	-309.688194
2353	-281.504579
659	-326.976670
3162	-324.546164
1538	-348.050463
2703	-309.722894
279	-306.012858
1468	-345.650338
527	-324.629301
588	-309.684571
3980	-372.708066
3831	-451.528971
3318	-308.513124
1503	-327.014214
604	-320.777491
628	-325.726991
3940	-308.464824
3206	-346.853173
3	-346.838279
3558	-339.464817
254	-285.284456
3461	-320.776316
402	-312.124533
3035	-344.404557
2306	-287.354343
1172	-357.927353
1660	-274.985107
1838	-356.685238
2829	-340.622886
191	-307.610450
108	-345.614707
468	-322.150234
3526	-249.285024
2541	-341.834413
273	-323.312375
315	-302.472397
493	-336.819674
2740	-360.536920
2222	-340.678668
3250	-360.517106
541	-325.714161
2055	-304.724717
229	-361.648305
1595	-309.686571
1483	-309.723988
1162	-309.684472
3236	-310.912270
2891	-308.511094
1962	-382.756724
467	-273.793804
2769	-376.563238
2281	-345.643890
2563	-247.215049
852	-361.731511
3964	-336.853985
15	-288.542593
1283	-345.605635
2210	-325.710772
2164	-304.744503
1252	-301.395982
1397	-271.624640
2283	-231.111403
3569	-272.588302
1420	-286.516174
2477	-360.539944
938	-331.411639
1349	-286.542391
1762	-361.755551
74	-310.918822

file identifier 	 test data 	 predicted
1297	-345.621773	-167.043889
3903	-340.636306	-121.362854
1100	-380.373569	-240.871029
383	-361.702346	-180.183316
1467	-345.613895	-165.725422
3925	-325.718488	-113.731365
2763	-272.548325	-116.569753
1906	-324.613156	-109.847053
1719	-232.050342	-64.098684
1134	-343.068226	-130.803289
3374	-324.551244	-115.446283
3402	-234.522504	-68.743503
2261	-233.260156	-70.401520
3202	-310.908741	-105.759348
2605	-346.869041	-175.612115
1559	-380.372123	-239.146396
2018	-286.492357	-69.983087
1409	-285.282853	-68.306570
1193	-324.550139	-117.605047
890	-344.458979	-181.572802
1931	-310.900102	-105.207165
1333	-270.359564	-69.077401
2076	-274.982287	-117.463586
22	-324.575190	-112.630995
1855	-360.497728	-181.536498
1131	-324.580815	-113.496115
635	-324.578381	-111.859853
3900	-308.465445	-102.249615
3467	-308.494487	-104.179872
3111	-318.340705	-170.226278
132	-308.469258	-102.068142
3064	-326.983087	-113.658132
107	-307.580090	-124.448370
3743	-325.726182	-114.835921
3623	-341.892484	-126.124093
1308	-341.814212	-124.293432
2040	-317.409527	-150.047109
1789	-310.905299	-105.174294
2213	-287.433999	-116.870316
3353	-324.514429	-112.299932
2634	-326.927446	-114.645203
1675	-271.277972	-120.972000
2121	-324.619773	-109.570936
2961	-348.061993	-180.317096
3829	-323.654114	-144.183310
2496	-326.954795	-111.608765
3373	-271.613890	-64.963100
168	-325.810050	-114.416271
770	-381.612946	-242.162185
264	-339.450073	-121.663650
3494	-324.573795	-108.207662
3953	-325.792503	-111.608594
106	-362.952198	-177.508585
3865	-362.899954	-181.867350
1330	-324.575010	-112.827731
3068	-306.015194	-99.848217
1332	-209.144909	-19.331216
332	-304.692914	-138.520008
1436	-375.359407	-202.464862
556	-272.600604	-117.553981
1541	-310.912991	-105.511706
518	-289.791234	-120.648169
2884	-324.471313	-114.637728
1461	-346.899170	-182.718230
492	-305.904760	-141.907215
1565	-325.735821	-114.197084
2752	-381.632242	-243.175049
2549	-375.410333	-206.118549
3678	-285.255880	-68.798687
595	-340.652012	-122.846060
1818	-371.535911	-228.718265
3856	-306.313590	-131.699919
3088	-308.459859	-109.491578
636	-382.818623	-240.515828
1653	-157.116735	11.681831
2254	-359.388326	-173.861004
578	-382.825717	-244.260379
3974	-323.433262	-109.812975
200	-345.625804	-188.123088
869	-327.026488	-112.390161
3935	-289.875063	-120.843981
2693	-340.638326	-126.411003
1684	-320.783029	-176.657943
2395	-297.523583	-186.052480
1239	-356.710448	-182.866913
61	-308.462933	-101.161239
2874	-309.725707	-103.616180
1574	-245.997884	-40.665563
530	-360.503506	-172.623498
952	-325.717725	-113.896882
1128	-361.695007	-172.626299
3126	-360.523204	-172.074755
1165	-309.706371	-107.500956
2569	-281.476967	-150.652036
825	-340.536374	-123.967634
3388	-271.606364	-63.882920
3510	-340.674744	-122.800805
2826	-308.764658	-126.003566
3243	-377.816466	-201.251407
387	-268.248806	-92.880382
1636	-233.551389	-23.777518
3537	-346.860694	-183.855625
3371	-286.517424	-67.938355
409	-306.383308	-122.416568
3348	-304.715963	-139.921523
3981	-249.257629	-82.837203
710	-340.625597	-123.531872
2648	-325.728744	-114.906932
2982	-325.722723	-113.726531
3597	-360.539435	-173.226690
406	-359.295180	-178.513713
3744	-339.414779	-123.569116
3161	-309.678595	-106.493077
786	-307.544728	-132.527176
1788	-345.646841	-175.332639
3735	-360.522940	-171.591813
1828	-284.993731	-113.567796
1036	-340.609236	-119.970803
1470	-272.542270	-116.310041
1633	-247.201165	-44.642791
2924	-348.045292	-179.969001
482	-272.599303	-122.886837
2326	-320.768781	-184.139037
2082	-302.567313	-99.030255
1844	-325.808754	-112.892555
3484	-341.890999	-126.034911
1562	-309.676327	-105.804046
2825	-360.576433	-180.908457
957	-360.490486	-180.882362
3524	-308.455477	-103.258022
1004	-355.416555	-180.868164
1115	-325.773014	-110.749899
960	-310.940611	-103.326564
1602	-318.339586	-170.272521
1012	-266.609146	-98.015667
358	-272.544323	-116.887718
160	-309.685140	-106.747349
3464	-234.470922	-70.725015
2397	-308.772292	-130.062917
2190	-324.574822	-111.998970
2073	-345.600119	-183.015543
333	-308.507517	-105.466476
459	-348.056615	-172.214116
1617	-355.508183	-178.789175
1310	-307.529289	-132.301765
324	-307.534482	-129.406864
2215	-289.795079	-121.295423
739	-309.678703	-105.353100
750	-344.384630	-174.751691
1489	-266.777425	-55.110925
3816	-272.830720	-64.715937
1177	-325.808092	-113.626441
1563	-376.575382	-198.601696
2494	-274.984732	-118.935930
2041	-346.821470	-180.712116
803	-325.789564	-109.309509
367	-360.491873	-182.991279
3790	-286.502445	-69.448554
892	-288.621895	-121.132014
773	-309.674485	-100.030800
1321	-234.472577	-70.068134
32	-287.509315	-118.250802
1869	-269.207716	-58.125885
1642	-344.345376	-185.642585
3195	-274.982322	-118.600093
654	-309.727166	-102.139536
97	-286.495035	-71.635421
1081	-310.912796	-105.512223
2970	-339.501361	-123.179003
598	-193.088340	5.830940
2000	-309.736479	-103.795102
3697	-312.119261	-103.767834
2730	-286.492223	-72.529573
1129	-340.618148	-119.515154
2341	-377.784360	-196.449365
1889	-361.731388	-174.780914
2791	-194.254127	2.429517
3869	-324.525580	-109.588880
2060	-362.945811	-175.507881
329	-380.402442	-240.864231
1169	-346.819305	-181.642098
906	-383.969892	-243.179027
2303	-309.719920	-102.044299
1557	-322.456250	-140.812229
3493	-232.333258	-22.783923
3490	-359.315205	-177.277224
2576	-306.418503	-130.541921
1836	-268.273739	-98.903450
1629	-272.526778	-121.468562
3669	-285.267165	-67.962234
2553	-302.545562	-95.245655
1098	-356.649302	-188.087967
2393	-324.608961	-111.042678
3719	-320.742924	-171.887509
3233	-304.691526	-137.415571
677	-324.594116	-112.988846
3211	-310.908555	-105.921106
236	-325.758113	-112.120098
2339	-326.954728	-113.170086
1137	-271.622539	-67.393393
3483	-308.500974	-106.949734
1918	-319.573117	-179.392616
1841	-325.788368	-114.847484
457	-380.372151	-241.119338
1412	-242.195730	-108.039155
3894	-322.469844	-139.666291
2789	-340.629283	-123.223800
1163	-397.709232	-262.645112
1556	-340.659506	-121.983311
3002	-269.479234	-91.795413
2951	-308.569129	-103.436036
11	-356.688211	-181.520189
847	-324.608363	-112.254366
1798	-312.126342	-103.919985
3287	-271.458576	-117.839810
3294	-340.693392	-126.707191
3486	-437.484875	-202.209571
3768	-227.338075	-66.333567
199	-309.673895	-106.454201
261	-310.905322	-104.460877
1322	-271.619912	-66.263198
87	-490.834069	-421.875322
2061	-345.638357	-180.217407
2737	-322.442708	-149.146895
1394	-396.500849	-257.688650
1554	-320.728167	-172.994374
2420	-340.625366	-124.420474
430	-307.543210	-129.889452
3128	-341.867138	-123.553297
2551	-325.792606	-111.122285
2184	-360.501473	-171.355336
2659	-324.461004	-115.861396
1343	-310.895432	-105.495638
3498	-381.585231	-244.389781
1809	-324.559733	-115.660054
277	-302.288351	-139.351830
1965	-288.555445	-121.791035
1865	-345.609914	-182.980426
1029	-325.751230	-114.552190
2617	-248.151318	-76.218666
3909	-310.945132	-106.019633
990	-309.684377	-105.135383
241	-309.718177	-106.319085
3042	-269.468415	-89.560690
3099	-324.530718	-106.627739
1941	-286.206129	-116.154159
596	-325.754527	-112.889601
1299	-348.043466	-179.328666
3033	-325.785262	-115.865675
914	-361.707841	-179.237057
3100	-361.716824	-179.852241
3164	-344.379764	-186.521084
1522	-324.485746	-114.893508
3585	-308.497008	-100.265501
1769	-324.569009	-107.847057
782	-361.678341	-182.563901
953	-392.650949	-250.620959
650	-193.034094	4.413923
1806	-324.610229	-110.864620
1346	-308.542644	-105.595418
2900	-272.554670	-115.827821
29	-344.425700	-181.748254
3051	-192.736096	-24.360467
196	-341.759398	-128.066214
189	-322.167165	-106.134924
2987	-271.618137	-66.904220
251	-265.386781	-95.288728
1072	-272.554773	-115.523315
2959	-289.795007	-121.116422
3230	-344.454591	-171.996373
1182	-304.738393	-144.649673
1273	-355.513035	-178.533445
1096	-309.689595	-106.513518
1567	-356.714706	-179.207030
2612	-345.627545	-186.449484
9	-344.468531	-182.607602
2080	-325.793131	-112.663503
444	-340.665581	-124.126506
2734	-309.719592	-105.013189
258	-371.546126	-226.868710
2165	-319.567241	-176.415320
1421	-360.526142	-179.652870
1995	-362.946041	-177.430021
2572	-360.495461	-171.665569
2894	-309.717750	-102.120903
1356	-271.372094	-115.844943
968	-308.470667	-105.137453
2169	-356.733974	-181.486256
3276	-344.508729	-178.915358
1027	-360.529992	-173.094846
894	-338.247875	-117.344757
3915	-309.687698	-105.239878
2592	-308.486071	-105.318032
606	-343.235457	-161.075601
1127	-345.659797	-190.853952
2964	-362.945907	-176.940358
663	-323.347275	-107.318263
602	-275.010289	-120.363599
930	-346.898838	-179.220584
3965	-273.764529	-120.379103
2793	-306.384286	-120.193731
20	-270.370102	-68.567850
2803	-327.013853	-113.395230
1339	-285.316421	-69.254534
1028	-360.421732	-173.914155
348	-196.432825	-33.408718
3874	-323.344889	-113.168388
769	-271.361537	-115.832828
638	-345.695868	-173.381403
3466	-325.794624	-113.477798
3653	-309.763576	-103.854927
96	-375.359188	-200.032913
2069	-346.855971	-178.261441
2476	-346.865438	-181.426015
1406	-375.394844	-199.699066
3462	-272.538255	-121.753461
2554	-345.649886	-175.814836
2258	-303.453218	-136.561992
366	-324.576206	-111.556536
404	-324.595399	-110.658429
1860	-308.507458	-106.181439
3520	-325.752207	-112.916399
3052	-291.017787	-120.542927
660	-271.630416	-64.217010
1803	-270.394458	-67.320162
3819	-397.692021	-256.582831
2211	-340.648620	-126.119963
2229	-319.560814	-169.494698
3624	-324.614194	-109.764788
272	-322.161948	-105.764752
3399	-307.229313	-103.164347
438	-381.565482	-238.095455
827	-303.556664	-138.265988
3878	-360.554015	-179.595521
2773	-325.684055	-114.481791
2665	-348.031230	-177.624283
212	-324.605613	-111.336991
1396	-346.886411	-178.264400
3327	-348.059242	-177.976431
1671	-309.708282	-105.444148
3639	-345.680996	-173.252383
3144	-308.472241	-109.206956
1312	-381.612501	-242.427837
139	-338.257996	-118.679433
419	-312.128001	-103.803346
3281	-309.716743	-105.500268
2149	-341.878745	-125.248541
2216	-308.505718	-105.261494
304	-322.464725	-149.005550
1657	-338.273162	-120.248758
616	-345.676243	-181.341393
3063	-317.413890	-150.251622
2898	-310.940190	-107.800532
2623	-235.700285	-69.481747
2410	-361.673369	-177.492445
1898	-360.497612	-183.275679
2153	-309.673226	-106.094990
693	-234.520624	-68.697967
992	-377.811306	-199.332404
507	-309.697879	-101.687664
2388	-309.695742	-101.647868
1908	-286.508233	-71.466422
2912	-346.883119	-174.552212
1923	-287.427777	-117.436858
3787	-381.580675	-240.725717
2094	-325.812885	-111.883078
1402	-286.203815	-116.074895
3238	-340.667053	-125.230562
817	-345.619715	-184.131097
1628	-345.637174	-186.286206
812	-308.509197	-106.279458
908	-310.911406	-104.668763
755	-324.568345	-111.824008
1721	-339.479764	-120.870559
3037	-288.567911	-122.719768
2515	-323.341413	-114.352266
144	-271.323089	-117.513500
1226	-195.226072	-31.900712
794	-248.143861	-76.121668
870	-345.646965	-178.549612
161	-285.276468	-70.730700
128	-303.785832	-101.701071
170	-340.667287	-124.277838
1895	-324.551432	-113.984804
2601	-333.464063	-199.817896
441	-380.414967	-245.522733
1176	-288.584832	-123.136880
3715	-381.567301	-240.884013
2236	-235.698987	-70.081162
1627	-301.363590	-98.232949
234	-308.467880	-102.539919
3554	-309.689751	-105.701473
2804	-344.433943	-180.614413
2489	-250.583259	-81.014241
3962	-341.865856	-123.289325
3603	-326.952955	-112.333176
994	-323.428670	-108.249605
3188	-325.807242	-114.351603
517	-344.434827	-176.687821
1211	-286.498633	-69.118599
2904	-302.545112	-94.537692
3199	-273.811544	-118.559066
3951	-326.977685	-112.956876
2143	-288.628466	-120.909733
398	-345.636145	-187.444116
1583	-345.655509	-179.523231
599	-343.312201	-177.958711
488	-346.861837	-187.309691
2674	-342.352279	-209.000163
2736	-310.922181	-107.027214
3739	-324.566515	-110.998763
3366	-323.268818	-116.787517
2056	-325.729141	-113.400102
1757	-285.313612	-70.384774
1943	-325.729335	-113.113285
2956	-360.528914	-180.243196
2615	-360.501085	-168.716018
3013	-346.883127	-174.557075
3175	-309.649998	-107.425313
3077	-336.822591	-219.264719
2427	-339.474134	-123.832690
3180	-323.669200	-152.501849
1783	-320.761312	-182.926191
3711	-303.469034	-138.481699
2330	-287.681216	-71.464077
1744	-288.535621	-122.609557
2273	-324.579188	-113.634290
2269	-308.452310	-108.213123
1715	-286.486570	-69.762508
1222	-325.805865	-110.897444
1975	-341.829025	-121.808892
2930	-310.906738	-105.573959
312	-234.485640	-66.721003
2806	-234.476081	-67.491016
1136	-271.296056	-117.462818
2182	-340.610000	-119.158065
3693	-273.779498	-121.644246
2364	-360.507160	-174.768952
2451	-359.328735	-172.344193
3572	-322.172641	-109.786715
62	-309.677968	-100.384215
1112	-287.644079	-71.684424
3132	-309.670613	-107.610250
2503	-345.653983	-178.521692
3407	-343.517848	-204.477509
1632	-340.673967	-123.391764
2338	-268.888303	-110.556989
3225	-362.875945	-178.189294
3443	-346.866543	-170.541829
439	-288.690999	-120.995360
2602	-345.645491	-174.640906
1745	-264.171923	-92.110928
3612	-309.738513	-104.550075
513	-355.518342	-180.933261
454	-265.283843	-95.938403
995	-360.542928	-178.018651
1382	-360.492675	-173.574568
2493	-346.822460	-176.879574
3311	-344.433172	-168.181036
1303	-345.676156	-180.006647
3821	-308.427345	-109.283128
2405	-318.344936	-176.604104
3725	-309.710255	-108.134926
2048	-235.699029	-70.534609
342	-323.351196	-107.297296
1582	-361.735290	-175.804705
1261	-268.282665	-86.818005
1934	-341.769746	-126.934220
2905	-307.206439	-103.479861
1171	-325.721867	-112.926591
263	-341.853650	-122.301081
831	-346.867207	-177.060189
3172	-274.982310	-119.532614
353	-197.632222	-31.982388
3422	-340.663929	-126.070500
498	-273.791878	-120.508542
2796	-345.678871	-179.361350
1892	-382.805933	-241.131184
1358	-340.682075	-120.196846
13	-360.526646	-177.511225
2484	-344.359905	-185.240288
3264	-307.260972	-98.836117
2619	-326.939536	-113.543966
3329	-310.909123	-106.137836
1117	-345.566120	-182.002586
3979	-345.651111	-176.370063
3485	-324.614459	-113.232895
549	-372.785072	-225.373727
1250	-309.686189	-106.185195
3262	-235.693825	-69.886573
1700	-320.782427	-179.809888
501	-345.630685	-186.273560
1709	-326.941251	-114.344911
3059	-363.508158	-243.266210
3850	-308.528193	-106.777092
2586	-191.810916	8.785496
399	-304.735224	-140.574784
1021	-232.328175	-23.535523
2378	-339.490841	-119.174839
2	-324.551643	-112.062267
3208	-288.572843	-117.263704
559	-362.935404	-182.504898
1961	-197.629416	-29.956286
1109	-333.411326	-201.923536
531	-226.107205	-64.780758
2387	-391.391111	-253.265830
2640	-398.880824	-259.450669
68	-286.519735	-68.795406
2585	-249.269471	-83.889793
2809	-344.506029	-174.773228
2974	-396.486691	-257.230205
626	-288.653249	-120.465826
3010	-361.720579	-179.448617
2021	-346.818246	-178.426660
3477	-348.046236	-168.324995
1601	-345.646864	-180.397332
3106	-273.735646	-119.926692
3832	-346.836423	-180.806946
1132	-310.938583	-106.404190
2840	-284.048718	-67.643884
3397	-356.702115	-176.614944
1429	-288.579114	-122.441510
3608	-372.729173	-222.708509
1401	-307.265351	-97.781563
401	-325.712603	-114.435631
30	-325.717105	-116.686219
2687	-377.816463	-201.252467
2786	-327.009009	-112.192483
1879	-288.594527	-118.658131
2870	-289.872470	-120.795866
1882	-273.764420	-120.693627
2818	-335.618370	-221.496620
78	-270.472470	-66.705527
1983	-320.792773	-179.771597
619	-325.787161	-113.840168
533	-287.720383	-72.327034
1350	-343.076530	-127.627293
2064	-309.687401	-106.563577
898	-305.906901	-140.407582
2433	-324.552283	-111.268568
926	-345.680086	-181.751791
267	-345.641113	-175.995727
388	-340.594424	-122.395284
3446	-306.044918	-97.143247
2455	-344.431301	-162.834092
2858	-346.862070	-170.549219
1141	-115.679136	60.050042
3782	-262.035127	-74.504828
3285	-247.192524	-44.149565
2365	-345.689766	-182.364286
3167	-309.688639	-107.107286
3823	-303.527274	-138.344446
55	-335.683118	-222.131099
3087	-392.563319	-258.709987
868	-312.124574	-103.834203
382	-344.494711	-178.483285
661	-335.635079	-221.114598
2408	-356.708234	-174.111512
1146	-339.465889	-121.804453
3359	-325.733758	-114.258531
2272	-324.528642	-115.551384
1032	-346.816694	-178.887694
2053	-320.769272	-178.552508
3332	-376.610619	-195.573655
3798	-310.941861	-103.407909
1292	-323.652284	-149.529302
3984	-344.418857	-180.467244
1891	-323.382399	-110.695093
854	-383.971058	-243.158876
2599	-355.457663	-178.449377
246	-313.537245	-228.227658
3075	-324.616343	-113.040576
2384	-281.469893	-149.511493
1735	-320.791360	-178.913786
1856	-321.958301	-173.662599
2781	-288.581699	-119.370351
565	-356.730212	-171.595335
164	-340.675814	-126.745117
2117	-346.839895	-180.744271
275	-344.442225	-184.027562
3794	-317.361117	-159.436463
3952	-269.175627	-67.311506
3920	-319.574905	-174.248343
136	-343.240623	-172.948174
1230	-323.396217	-110.534190
2989	-287.317913	-119.027580
3769	-304.586424	-143.410402
2371	-307.253245	-109.273664
391	-345.584667	-186.581430
3755	-341.874216	-125.129467
1863	-381.631601	-243.047614
3563	-227.798785	-60.140506
2005	-305.155985	-126.721988
407	-287.508781	-119.181533
3224	-286.504546	-71.527063
924	-324.528533	-114.056117
3377	-360.549337	-181.824970
1275	-310.936083	-107.085414
1113	-234.484521	-66.657950
1550	-301.345683	-96.109201
724	-320.775720	-179.128059
911	-356.711832	-176.232310
597	-309.683901	-106.750963
3917	-274.985822	-120.427257
2431	-309.684774	-102.152149
3065	-344.486202	-183.170946
1451	-348.052763	-170.756692
173	-396.486463	-257.226128
1258	-344.472090	-178.437708
2523	-344.512144	-177.153380
3849	-360.531172	-174.481898
1787	-325.795649	-114.979913
2906	-340.657508	-119.843827
1009	-266.763445	-56.702935
1868	-326.949224	-110.884045
1049	-323.336196	-109.757492
1997	-271.666841	-62.295677
3820	-340.655117	-121.271457
2814	-325.804528	-113.003262
1634	-324.563073	-113.777382
1373	-324.557383	-111.921692
2901	-318.323005	-177.327351
2450	-312.124760	-105.594995
850	-271.623957	-67.248705
2505	-344.440744	-183.813613
163	-319.624414	-176.529930
390	-306.070291	-96.036751
3135	-272.569212	-116.495034
1334	-273.765782	-120.554923
537	-361.731930	-182.652458
584	-309.681686	-101.410954
3955	-323.391458	-111.551012
3682	-291.017820	-121.278635
1497	-251.731545	-83.978207
3015	-359.362011	-173.622770
293	-377.807580	-206.540138
2545	-324.614082	-109.066710
1465	-382.796989	-241.182705
3977	-288.552886	-121.995113
1277	-309.706892	-106.016997
1740	-376.599676	-199.474450
2881	-345.594203	-182.143479
2282	-375.368783	-199.600491
1425	-288.648476	-120.075774
547	-360.540793	-181.830398
2128	-308.504896	-104.428335
2866	-344.431605	-165.108787
3929	-321.233569	-140.130976
3232	-345.686487	-176.131808
2890	-309.738198	-104.198266
1320	-340.656628	-125.083733
255	-309.672030	-107.137920
3705	-345.665479	-178.579924
1780	-345.606551	-183.694121
2568	-325.718022	-112.086819
2811	-326.944158	-114.182079
732	-327.023478	-111.724798
857	-245.711897	-73.977726
3747	-324.521162	-115.267657
1464	-381.610550	-240.079694
231	-346.860243	-187.758602
714	-356.669324	-181.412908
1939	-242.205627	-115.442440
2670	-326.934805	-113.265582
1453	-309.720334	-102.641506
2316	-306.361448	-128.491836
3717	-275.014300	-119.860804
740	-344.452972	-173.951689
1263	-345.642008	-186.675634
1936	-360.564423	-180.948799
1705	-286.218259	-115.477915
1307	-303.460433	-139.415201
3086	-360.507527	-174.884939
1626	-345.619567	-187.793808
1694	-273.743311	-120.160534
1067	-273.762417	-115.129737
709	-286.134079	-115.505198
1784	-324.497693	-113.979080
2091	-346.904050	-181.109481
2426	-340.650391	-125.064489
3014	-269.263802	-64.355558
3056	-269.180682	-59.450392
838	-361.709679	-182.372719
2373	-302.564379	-96.034084
713	-308.484017	-105.722589
2293	-269.216495	-57.362378
3431	-323.229212	-114.721809
2798	-307.259167	-97.654352
3421	-324.571081	-113.173202
2597	-412.494644	-285.850621
966	-339.467091	-123.325470
699	-307.243079	-102.601663
101	-324.507184	-106.970301
1377	-325.768959	-110.090203
3342	-153.787612	34.420641
1323	-289.811983	-121.327412
1555	-324.529724	-107.965752
3958	-291.015785	-121.149502
3459	-346.831382	-176.845878
3789	-273.762938	-116.339458
1139	-270.382725	-68.766945
799	-310.910909	-105.984657
356	-372.741729	-224.402409
3491	-361.750275	-182.978776
307	-302.239101	-134.774782
901	-270.446915	-65.861703
3357	-361.779217	-177.428857
2016	-308.569875	-102.764592
3007	-319.573727	-168.850859
1712	-345.612640	-185.234196
3497	-392.627857	-251.244228
2314	-345.658870	-175.755673
3300	-344.499155	-178.937942
1017	-308.419735	-108.326350
3173	-325.791830	-110.625306
3880	-357.942023	-176.778393
2795	-379.572458	-281.867403
1490	-309.691591	-105.103013
2349	-301.357553	-99.530057
3109	-324.582824	-112.332747
1442	-308.465594	-100.910990
1295	-346.829652	-178.969906
3950	-270.439135	-65.129762
2853	-325.794835	-111.691159
1643	-310.910140	-106.106125
1474	-340.654517	-122.195016
2938	-346.875201	-170.764863
3889	-360.533387	-178.364380
1596	-492.022084	-422.265844
557	-312.122696	-105.349524
1552	-346.865957	-179.296585
248	-339.489875	-120.830714
991	-345.602096	-182.385782
1976	-346.831692	-177.829435
1843	-362.899677	-178.757454
1974	-345.655745	-176.410201
2292	-343.246371	-180.815965
512	-346.861026	-178.777662
3435	-361.728293	-172.194199
2827	-345.615042	-181.541531
2457	-382.757134	-242.840522
3116	-312.128429	-104.415813
929	-272.832690	-65.467263
717	-380.401348	-244.136295
3364	-305.057353	-133.245390
3933	-307.569255	-136.279218
2324	-346.831385	-179.995727
2651	-273.744309	-120.492672
2312	-344.416076	-179.341824
1718	-356.706262	-177.381662
2251	-430.448052	-376.744860
591	-325.760915	-112.746394
3528	-233.262752	-66.920837
157	-376.519880	-206.636046
1612	-310.902795	-106.516453
209	-308.493663	-107.317760
1038	-267.106213	-93.315761
3759	-270.393902	-59.505693
3141	-345.651109	-175.921812
3577	-361.716705	-177.156241
3876	-304.574737	-144.894882
2517	-308.462063	-103.345381
1472	-306.080007	-97.481778
3581	-319.540355	-180.815831
1810	-288.653294	-119.920312
2745	-322.118085	-108.027325
2108	-267.944278	-57.580457
2086	-308.486338	-108.318035
2899	-310.930659	-106.010166
2534	-362.960595	-185.403272
71	-346.864282	-187.574372
3515	-346.852204	-182.208486
1196	-346.840727	-181.359435
3071	-273.789182	-120.289271
2031	-269.170061	-62.367413
1336	-334.362330	-220.836538
639	-270.405973	-59.439132
3092	-340.610697	-120.411915
633	-325.759393	-113.044703
1523	-340.646229	-121.709865
480	-325.760797	-115.042495
1296	-345.612257	-186.935737
1540	-285.217962	-72.852501
3145	-324.570872	-112.665520
878	-308.466070	-101.447924
1905	-231.145151	-18.612215
1254	-325.753541	-111.870143
1790	-345.664882	-176.991097
2051	-325.790442	-110.692568
703	-340.656580	-121.422341
1786	-325.785038	-113.426869
2946	-345.649552	-173.929928
3812	-271.623066	-64.498273
830	-320.767103	-177.956282
1620	-270.431243	-64.321600
2528	-308.467760	-101.726087
2873	-307.545713	-131.438217
1007	-235.694216	-69.666857
2565	-345.591597	-182.517397
481	-307.573371	-137.034978
2643	-372.711859	-224.522279
3391	-306.403144	-128.901066
2627	-235.695309	-70.024269
701	-265.396194	-93.361611
679	-340.668108	-122.714580
2274	-308.463553	-106.697187
848	-309.744522	-102.921796
1092	-360.552974	-175.552255
3507	-376.594067	-202.853450
2700	-304.687547	-139.147046
2369	-273.760271	-120.580504
2186	-320.782523	-176.775287
2511	-250.500016	-82.156303
412	-372.768039	-224.267566
3245	-327.024699	-111.674257
1164	-340.611734	-122.156878
3967	-273.758273	-118.419696
3150	-310.942587	-107.796789
2198	-382.804255	-245.201507
2664	-348.047695	-173.615407
1846	-344.370966	-185.548320
205	-269.465281	-96.628076
1681	-310.908780	-104.199536
3112	-327.021680	-112.267484
3299	-325.725069	-112.601173
2739	-362.946034	-185.213652
674	-346.879260	-173.517828
127	-322.216227	-109.923486
3862	-271.646263	-65.948468
3408	-287.661454	-72.110865
499	-340.611683	-121.772234
2351	-304.614169	-142.855643
1509	-345.612220	-185.945370
368	-345.595021	-170.300920
297	-325.833945	-111.975825
2265	-360.469291	-181.005757
3298	-345.599182	-183.111794
760	-324.605411	-109.539056
1085	-231.092208	-20.514147
3079	-270.401391	-67.056972
1342	-361.712098	-176.782411
2129	-356.722498	-177.104269
3213	-339.438949	-120.768049
1201	-224.944660	-63.758176
815	-285.324641	-68.932199
2334	-472.135006	-415.312455
2893	-274.985796	-119.726832
421	-288.627624	-120.567391
1752	-296.265627	-187.419643
2011	-270.099401	-113.310336
1689	-336.823026	-219.689932
3404	-309.733988	-104.771722
3201	-346.845480	-186.325155
2203	-310.911529	-106.062707
3192	-313.554802	-221.627208
2972	-320.764992	-180.505461
3067	-271.304881	-123.282735
1026	-325.765414	-110.463074
1993	-339.504090	-120.915617
2485	-392.676111	-250.405730
2096	-345.661705	-177.155888
2677	-309.684577	-106.271971
1269	-307.563525	-126.682632
2342	-309.680487	-105.039896
580	-360.537290	-178.118358
1575	-334.447259	-219.807712
3811	-274.982348	-118.933844
276	-380.379743	-241.034967
3873	-348.051405	-181.172952
2683	-309.686061	-105.854355
1691	-272.595294	-120.854078
2861	-288.654312	-120.172973
3720	-308.561301	-103.087722
2362	-305.134491	-128.263646
3187	-272.591906	-117.493734
3932	-360.472117	-184.795778
349	-309.687623	-106.329067
90	-327.017113	-113.515252
1880	-346.873992	-168.762824
2449	-341.841190	-121.059917
3948	-340.614465	-122.459079
174	-229.928448	-17.989846
126	-274.991042	-120.367157
730	-336.821088	-224.818180
1589	-324.608694	-112.136622
3578	-286.432515	-70.316170
1982	-345.609374	-185.753221
3265	-324.569062	-114.979838
1775	-306.353871	-129.176270
2952	-308.511290	-100.780035
1998	-324.536830	-111.168593
3570	-272.514475	-121.495732
1568	-324.555249	-114.931312
2707	-310.915408	-106.381691
864	-323.337623	-113.967393
2370	-360.496984	-175.200416
1969	-360.529678	-177.961692
2202	-324.602888	-109.593576
3347	-286.510514	-71.605983
2432	-274.987245	-120.523559
569	-376.620836	-203.863518
535	-248.416462	-46.252911
3197	-309.714859	-106.252075
1637	-343.503600	-203.241016
1707	-288.590006	-122.373739
1302	-339.445855	-120.270089
2656	-376.622509	-207.943765
2267	-291.016020	-119.759073
2555	-287.427764	-117.387211
672	-345.661057	-182.111288
3879	-339.483894	-121.272569
3525	-340.662316	-121.865740
95	-351.666551	-256.300758
2561	-325.778234	-112.222043
956	-230.183076	-62.884556
1475	-362.957353	-179.179855
589	-340.604189	-132.410363
1704	-274.984793	-119.882957
1205	-304.682331	-141.812513
1125	-285.292217	-71.574536
1610	-196.406419	-32.616966
774	-395.551843	-316.347476
3818	-308.470796	-107.987525
996	-307.544316	-125.756419
1156	-154.972731	33.739736
2008	-336.802659	-226.137743
3911	-345.639354	-187.476328
2460	-345.631797	-187.055767
179	-362.928160	-180.973715
1152	-308.448572	-108.557026
2379	-361.769162	-175.704879
1341	-301.373831	-97.161486
1749	-302.579654	-97.276888
3085	-322.130736	-107.771871
1345	-376.540686	-201.510560
2584	-360.567154	-179.936572
593	-303.525517	-136.549769
3713	-325.748400	-111.726946
942	-325.715957	-113.180025
2376	-346.840597	-183.622835
3297	-360.526636	-180.760240
2748	-321.271406	-147.302182
1862	-319.615129	-179.793536
1398	-234.469383	-70.427208
171	-361.745138	-180.754617
142	-307.594137	-126.141324
1913	-310.912131	-105.015263
3470	-416.814878	-361.578471
753	-361.710299	-177.013457
1338	-320.793141	-179.583848
1075	-325.751822	-114.584400
3847	-356.693135	-183.419239
3647	-325.794522	-110.307942
496	-377.794221	-202.821149
2816	-310.905786	-105.385265
3070	-281.491976	-144.338999
3016	-309.730329	-104.998521
555	-361.677945	-182.477902
2962	-309.686114	-104.691152
3066	-345.688382	-167.993441
2099	-288.573876	-122.289863
3651	-303.463214	-139.397171
2808	-340.646073	-124.968163
431	-361.712798	-173.808943
3726	-382.754967	-243.304267
999	-308.512721	-106.748413
2762	-306.370119	-127.242473
1529	-354.275774	-175.542584
2955	-346.822341	-179.224534
410	-325.835955	-111.127134
2998	-246.027383	-42.738063
1772	-361.717972	-184.067036
3499	-309.702237	-106.826099
3274	-196.407957	-32.658857
491	-287.737498	-71.013579
2444	-318.641916	-148.870639
2742	-348.048844	-178.273367
1710	-361.726166	-175.866209
190	-354.290746	-176.195341
538	-324.494520	-116.117990
1318	-310.897519	-106.182621
3023	-323.343769	-107.508346
3680	-305.904722	-139.188231
1272	-308.486687	-103.651820
208	-270.399081	-61.804024
746	-273.802095	-118.394308
1611	-348.044714	-184.423101
2667	-308.455402	-109.203305
1238	-360.499088	-180.002130
814	-308.509272	-105.576730
728	-309.678404	-106.815075
2435	-229.013797	-68.778062
976	-382.776658	-241.856538
