no_training:1500	no_test:2493file identifier	 training data
1301	-309.679190
2097	-345.639692
1039	-360.575277
3408	-287.661454
659	-326.976670
2262	-325.780603
49	-396.507540
3836	-346.833711
1988	-312.124451
1318	-310.897519
2121	-324.619773
15	-288.542593
1003	-308.516378
1286	-310.906869
3465	-324.548021
3453	-321.254976
3648	-324.631468
3403	-339.424322
2523	-344.512144
1110	-325.781398
699	-307.243079
1435	-193.963318
1457	-288.573089
3910	-309.703111
2092	-288.572051
2020	-272.514099
454	-265.283843
1986	-344.459234
1383	-344.398797
3407	-343.517848
3221	-308.477915
1068	-308.470010
3607	-325.801523
3942	-287.507193
3461	-320.776316
520	-309.720011
2850	-288.580309
2599	-355.457663
1880	-346.873992
640	-345.616264
3846	-318.393987
3227	-348.043668
836	-324.606601
1711	-345.611239
2675	-303.787203
2627	-235.695309
2284	-359.298380
139	-338.257996
1309	-287.723848
3511	-324.552260
846	-270.434394
1549	-340.689515
17	-345.612580
1499	-320.779994
3613	-308.483617
2305	-376.633716
2422	-325.718957
2625	-291.021574
2062	-303.437471
3447	-270.389803
868	-312.124574
1814	-360.537947
3355	-345.648365
3796	-341.875439
1577	-355.468067
600	-268.859550
276	-380.379743
2065	-340.537496
396	-372.782655
1836	-268.273739
1693	-234.474613
902	-310.940195
2328	-320.732586
781	-362.918463
1627	-301.363590
1032	-346.816694
1240	-310.907666
2488	-363.508158
1138	-308.444609
1667	-323.323781
2570	-324.626187
2885	-309.686862
860	-397.697425
2793	-306.384286
966	-339.467091
907	-381.607752
3763	-344.416821
1850	-323.407987
2678	-285.255563
1267	-341.841438
366	-324.576206
123	-269.263476
1099	-231.975652
1046	-271.618580
497	-287.470402
3110	-236.917458
857	-245.711897
718	-392.601894
2936	-324.504178
987	-273.765811
2125	-310.908354
2977	-310.909944
3698	-360.508088
1404	-346.883049
2063	-344.402806
791	-309.662433
2089	-308.469081
1186	-359.296697
1485	-309.731369
789	-324.581906
2819	-360.551444
2537	-317.434422
3177	-287.662612
1428	-265.391486
3807	-361.706503
2256	-303.503801
3726	-382.754967
602	-275.010289
2779	-381.606362
1343	-310.895432
2099	-288.573876
732	-327.023478
2656	-376.622509
326	-236.917664
3618	-309.731536
2522	-307.545457
3616	-225.221461
638	-345.695868
3102	-310.903589
2451	-359.328735
3839	-231.155780
1691	-272.595294
1548	-306.308471
3188	-325.807242
343	-360.502305
3909	-310.945132
1063	-265.440996
58	-304.683044
1607	-303.462115
935	-269.154939
588	-309.684571
684	-361.753989
1164	-340.611734
2181	-340.656656
1493	-335.643923
2807	-269.176124
130	-274.988525
1960	-345.602645
2929	-345.638912
275	-344.442225
1226	-195.226072
3141	-345.651109
910	-270.384937
867	-283.179781
3212	-360.575745
2661	-323.448833
2148	-309.718089
3486	-437.484875
1914	-288.576123
3008	-323.359336
469	-325.775843
1974	-345.655745
2572	-360.495461
2983	-346.833689
2575	-308.759090
1992	-325.723538
2688	-284.964138
1233	-265.440660
2265	-360.469291
679	-340.668108
3010	-361.720579
1907	-346.819476
531	-226.107205
1121	-333.449362
3455	-270.401061
996	-307.544316
784	-377.848074
2871	-308.460407
336	-308.524858
1859	-324.577613
110	-346.869123
2582	-320.773768
3434	-360.560766
604	-320.777491
149	-380.415966
2355	-336.816043
3761	-352.866322
858	-340.661797
3217	-306.392828
1555	-324.529724
2237	-325.784144
3595	-345.600227
3046	-322.057728
1118	-306.032266
1881	-361.772040
1566	-380.438011
456	-336.811524
3744	-339.414779
1911	-272.582516
1236	-155.897345
2316	-306.361448
911	-356.711832
3478	-343.296547
3284	-343.290242
1537	-309.692993
1044	-304.687053
2095	-348.034975
2787	-324.505365
3782	-262.035127
3500	-323.345473
1133	-308.517070
1070	-361.752301
1401	-307.265351
1207	-324.584396
641	-322.439472
831	-346.867207
2758	-309.696640
170	-340.667287
3214	-344.426062
492	-305.904760
1536	-324.492974
2393	-324.608961
1458	-288.648179
2076	-274.982287
2224	-307.568767
963	-345.645239
3153	-340.622406
3375	-324.594534
211	-357.939331
2693	-340.638326
328	-310.911163
1644	-325.774769
1472	-306.080007
3439	-301.389192
2482	-268.321270
3773	-345.602641
3087	-392.563319
1708	-324.502429
852	-361.731511
3333	-361.709769
3047	-285.293918
3357	-361.779217
417	-344.440065
1	-360.499843
2260	-271.351786
3550	-341.825957
3037	-288.567911
2765	-381.546975
2496	-326.954795
2547	-323.328581
1932	-310.911279
3335	-275.020322
1581	-345.660520
215	-356.645883
2932	-285.320198
2877	-324.556404
263	-341.853650
1952	-344.408452
1337	-286.498779
3045	-310.906568
903	-309.685872
1284	-320.761539
172	-282.667163
1551	-324.575851
1200	-346.908492
3456	-276.206318
207	-285.281032
3798	-310.941861
120	-323.345161
3888	-323.359825
3422	-340.663929
237	-268.287661
1219	-306.334850
635	-324.578381
762	-346.863396
1101	-307.244627
709	-286.134079
3095	-339.431197
115	-356.682218
2644	-320.786990
75	-381.566310
117	-211.295163
2680	-340.664901
477	-265.399968
241	-309.718177
208	-270.399081
2990	-376.661483
3699	-355.497878
1676	-296.285473
3958	-291.015785
1515	-360.502298
1422	-361.728608
3120	-309.689111
1656	-323.352987
3475	-321.247305
2791	-194.254127
991	-345.602096
2637	-325.687098
1361	-346.840635
985	-320.770329
2307	-346.859945
2118	-324.560961
1861	-235.696852
1547	-335.613384
2207	-301.330754
3039	-341.851538
1296	-345.612257
2639	-302.580808
2421	-249.395323
29	-344.425700
581	-287.683128
3155	-376.605641
741	-344.434318
756	-325.798888
3659	-340.683837
1132	-310.938583
649	-340.685408
214	-348.052027
3012	-276.205920
3563	-227.798785
840	-289.871520
44	-309.735489
3820	-340.655117
1503	-327.014214
2622	-346.829131
1059	-303.436180
3937	-361.713179
3093	-334.424572
883	-340.647778
1707	-288.590006
1143	-367.635675
1413	-247.214861
2859	-362.909074
3578	-286.432515
2040	-317.409527
740	-344.452972
548	-233.555951
2213	-287.433999
713	-308.484017
3395	-248.436061
250	-360.538828
1351	-309.733696
574	-271.665153
1028	-360.421732
3258	-324.473847
644	-376.595314
1516	-249.358446
3774	-305.130184
2558	-472.145935
3708	-270.397474
164	-340.675814
1700	-320.782427
2007	-308.499105
2247	-348.046805
1611	-348.044714
3144	-308.472241
498	-273.791878
46	-372.766726
3964	-336.853985
2753	-310.904304
3088	-308.459859
3901	-346.822424
1203	-261.802956
3223	-341.794931
2195	-289.873479
632	-361.705069
3810	-372.726782
1395	-375.348487
1005	-273.786179
1714	-132.718150
3532	-344.464356
1380	-288.625728
2190	-324.574822
1864	-312.133063
3566	-325.830752
1443	-346.867442
947	-322.454079
1882	-273.764420
1107	-267.060326
3094	-324.601619
629	-309.712115
1735	-320.791360
3150	-310.942587
2654	-304.679740
2384	-281.469893
3259	-359.368793
2900	-272.554670
892	-288.621895
3393	-359.297522
2847	-307.566260
1498	-340.654582
798	-208.842347
1112	-287.644079
3057	-301.381127
1910	-326.978724
163	-319.624414
2997	-380.371074
3855	-304.746925
882	-169.557758
3339	-356.699649
2005	-305.155985
1539	-382.755486
3127	-327.010419
293	-377.807580
2198	-382.804255
1008	-248.448467
1360	-362.941781
3209	-346.834502
1323	-289.811983
2521	-361.728609
138	-362.875317
1663	-232.351764
1080	-288.570006
3289	-270.437636
3297	-360.526636
357	-307.245430
389	-271.336957
3270	-273.788787
3021	-360.495540
1604	-347.456674
691	-361.734668
2154	-360.512793
1073	-233.249538
2611	-346.824672
113	-360.478880
3174	-272.844804
179	-362.928160
3448	-324.634377
3104	-310.941183
3926	-325.748612
1877	-287.407788
3856	-306.313590
633	-325.759393
2538	-344.417597
1490	-309.691591
1709	-326.941251
1552	-346.865957
1731	-381.565314
530	-360.503506
1359	-229.927277
2353	-281.504579
1721	-339.479764
1978	-281.485530
1842	-362.894239
2444	-318.641916
10	-344.512001
3678	-285.255880
2578	-324.576080
2985	-304.745635
2616	-272.542567
797	-278.075775
685	-320.029854
1033	-339.482903
3663	-344.446747
1772	-361.717972
1982	-345.609374
2795	-379.572458
2647	-262.017735
493	-336.819674
1468	-345.650338
48	-304.689512
1344	-341.767606
1756	-326.935440
3894	-322.469844
3055	-285.313284
406	-359.295180
1446	-319.575102
2507	-291.014750
1784	-324.497693
502	-306.349558
3818	-308.470796
2441	-310.909223
1755	-304.686811
561	-264.226909
1244	-345.616998
525	-273.812813
455	-340.664551
1544	-324.594826
579	-281.480583
140	-309.676929
3271	-454.878708
1905	-231.145151
2480	-344.385369
696	-356.709466
1253	-312.126356
1610	-196.406419
279	-306.012858
2033	-310.919833
3913	-308.551230
660	-271.630416
508	-325.801512
1730	-345.663299
3504	-308.561061
1302	-339.445855
1559	-380.372123
3827	-270.435807
3850	-308.528193
916	-345.608831
425	-289.769718
2777	-336.817321
1773	-304.696646
136	-343.240623
1637	-343.503600
2048	-235.699029
2075	-345.606444
1473	-340.678945
681	-312.126544
70	-346.874234
1183	-325.750970
38	-309.736982
2754	-309.674575
1588	-323.678800
3193	-320.725883
2424	-273.764093
839	-302.254301
248	-339.489875
3802	-356.724118
704	-235.696677
843	-308.437835
2385	-310.911571
3845	-344.454717
1673	-309.733829
1570	-325.783642
260	-359.369049
2713	-310.904631
3018	-345.638117
3518	-340.655390
1153	-325.764669
1912	-310.915653
1849	-324.547957
3947	-382.782251
2233	-319.556235
1608	-361.758032
825	-340.536374
755	-324.568345
3871	-346.859809
1222	-325.805865
3686	-344.462681
2743	-234.516409
3032	-360.508895
1004	-355.416555
1348	-309.683859
2889	-341.871347
1527	-271.621836
3204	-306.313706
2666	-303.423742
3927	-323.326298
3125	-308.510840
3286	-361.731914
1423	-344.413850
559	-362.935404
1634	-324.563073
2074	-285.300440
2925	-301.394865
173	-396.486463
1722	-362.946707
1615	-287.344000
3555	-360.547370
2427	-339.474134
1936	-360.564423
3515	-346.852204
3786	-308.759185
1733	-322.169100
1157	-309.691584
1394	-396.500849
2568	-325.718022
1282	-346.860539
770	-381.612946
2762	-306.370119
1968	-324.538807
3579	-356.677429
364	-117.824798
2185	-344.343476
1856	-321.958301
3178	-345.605421
1057	-391.518453
2621	-305.145002
2368	-325.804686
3191	-284.360325
1950	-232.331230
1824	-336.855265
3652	-361.720088
319	-352.845678
3617	-345.608658
1221	-344.436348
1429	-288.579114
2127	-308.519863
2094	-325.812885
2494	-274.984732
2098	-327.020807
1759	-305.906809
3485	-324.614459
1530	-272.549380
2419	-287.353473
1582	-361.735290
3747	-324.521162
2540	-211.295796
2401	-263.280728
2863	-287.423372
3660	-288.651313
3650	-382.756764
1510	-322.425235
2998	-246.027383
670	-324.618078
1926	-273.773955
2704	-320.786981
943	-303.497783
1415	-338.156727
1827	-343.492484
3711	-303.469034
2126	-270.399529
658	-307.234503
206	-309.688611
3351	-285.306999
2051	-325.790442
3597	-360.539435
3525	-340.662316
1145	-312.129019
1876	-251.732828
1575	-334.447259
289	-321.949791
3573	-325.730390
439	-288.690999
2375	-360.564233
2588	-376.538277
1067	-273.762417
3206	-346.853173
2891	-308.511094
3135	-272.569212
212	-324.605613
1938	-341.826148
3294	-340.693392
3983	-322.115604
516	-312.134532
438	-381.565482
3900	-308.465445
1973	-340.637231
1426	-381.607770
217	-271.648392
1723	-307.290176
2429	-306.081547
1918	-319.573117
1341	-301.373831
598	-193.088340
2508	-324.574476
3991	-372.765028
2878	-285.336744
3341	-291.021228
300	-324.602433
2365	-345.689766
235	-270.375081
331	-309.734363
616	-345.676243
3378	-325.831718
3192	-313.554802
452	-324.575287
53	-285.330157
3350	-339.431591
844	-324.606050
240	-286.517094
1441	-303.469082
937	-306.397642
2399	-308.430606
1801	-301.335636
2102	-361.723581
2916	-340.655601
3283	-287.404397
714	-356.669324
3007	-319.573727
1158	-268.251114
245	-340.656722
3248	-322.477268
3928	-377.799358
2725	-269.218553
2229	-319.560814
3253	-281.476938
3161	-309.678595
3446	-306.044918
1111	-335.656557
2820	-308.557865
2640	-398.880824
1734	-359.354596
1909	-345.630398
1234	-325.796704
224	-324.628594
875	-376.554863
2770	-288.588657
3800	-346.862839
3589	-324.543443
3321	-251.726162
2550	-271.628346
3473	-360.527434
1155	-272.838189
1321	-234.472577
3156	-362.941094
488	-346.861837
822	-336.845442
3340	-229.879598
1518	-309.683200
305	-346.859213
2034	-345.586124
2802	-325.804486
2107	-325.766177
2624	-309.699280
3743	-325.726182
2987	-271.618137
294	-308.506421
3117	-346.824942
3234	-287.349937
3873	-348.051405
2132	-377.826580
2414	-382.803358
323	-309.647349
3235	-339.416290
2761	-309.696507
1192	-326.947461
2564	-325.789398
2792	-362.944759
859	-308.468407
3974	-323.433262
631	-371.449232
2903	-308.505951
2782	-340.664407
2278	-345.650717
577	-343.087962
1554	-320.728167
57	-345.635513
137	-287.440932
2165	-319.567241
1540	-285.217962
3381	-309.731402
1558	-270.389386
2235	-318.409670
129	-308.512092
1307	-303.460433
719	-309.693538
1184	-286.506282
3166	-326.949535
723	-361.717032
1542	-370.291993
3079	-270.401391
1432	-324.522792
286	-324.563745
2493	-346.822460
3123	-309.702150
3115	-340.620294
189	-322.167165
2786	-327.009009
3470	-416.814878
2745	-322.118085
1038	-267.106213
85	-272.550580
565	-356.730212
3052	-291.017787
5	-351.628383
9	-344.468531
1505	-308.487195
1486	-380.373644
3005	-249.248680
2337	-324.588418
3367	-269.216969
423	-304.694187
2686	-340.697732
177	-362.872710
1966	-302.558699
826	-248.137789
3987	-324.506120
3236	-310.912270
2844	-301.377995
87	-490.834069
1205	-304.682331
599	-343.312201
473	-346.828378
2605	-346.869041
1369	-392.662003
2191	-359.317050
3762	-351.646368
1892	-382.805933
3421	-324.571081
3305	-310.955141
2556	-321.958604
627	-359.304956
3397	-356.702115
2360	-340.636727
2979	-320.767064
1345	-376.540686
901	-270.446915
13	-360.526646
1728	-362.942862
815	-285.324641
3636	-324.624318
1981	-306.313924
3950	-270.439135
3633	-380.412093
1898	-360.497612
1195	-285.287913
578	-382.825717
2332	-342.335241
3789	-273.762938
1883	-346.839066
3327	-348.059242
3363	-345.658313
1054	-323.427722
1940	-334.429558
2236	-235.698987
2226	-276.206257
2151	-289.802108
1113	-234.484521
1989	-287.426977
3406	-286.459793
3685	-381.602419
3558	-339.464817
2221	-308.512137
3113	-324.531139
1839	-355.496901
1917	-325.790782
2772	-343.232602
3881	-357.951284
71	-346.864282
23	-304.679494
818	-387.475673
2182	-340.610000
2137	-324.588239
3869	-324.525580
889	-272.539307
570	-275.012535
3908	-272.847530
1523	-340.646229
2563	-247.215049
3835	-309.693085
3771	-309.655144
3385	-324.583090
1370	-242.180146
2836	-345.652670
1658	-287.337578
61	-308.462933
625	-308.514390
35	-343.197784
1397	-271.624640
2205	-318.391203
2142	-324.624987
1191	-360.510716
2602	-345.645491
1546	-318.321510
2734	-309.719592
2430	-304.688809
849	-360.532987
2085	-309.695312
158	-308.540079
1268	-344.411146
1729	-361.740062
980	-356.743821
2113	-344.391557
1641	-340.647224
597	-309.683901
603	-346.867624
434	-338.195462
3091	-341.869641
804	-248.395289
2853	-325.794835
3866	-341.882531
3228	-381.648857
1406	-375.394844
3963	-271.323381
2966	-308.428791
3837	-343.468335
2959	-289.795007
92	-301.343578
3025	-324.573338
2372	-322.217569
225	-346.842403
1908	-286.508233
2044	-373.173910
3980	-372.708066
2601	-333.464063
1462	-312.136049
2274	-308.463553
2270	-355.497046
2161	-361.735863
1639	-345.640072
3670	-286.248451
2591	-325.773278
3717	-275.014300
2922	-352.890573
266	-308.477155
2050	-362.937518
3181	-307.209274
3420	-306.358581
1774	-324.585556
2012	-382.788561
511	-320.778636
2405	-318.344936
2505	-344.440744
1106	-231.106310
1727	-324.606977
346	-307.586014
1181	-323.657279
3360	-382.810709
2872	-288.581144
948	-336.827390
3054	-269.129580
1371	-288.596392
3879	-339.483894
1076	-361.656187
765	-317.447668
2756	-153.742562
2006	-339.486095
2620	-324.587670
2545	-324.614082
1425	-288.648476
870	-345.646965
340	-273.789697
2397	-308.772292
1574	-245.997884
590	-346.857871
3225	-362.875945
3070	-281.491976
1305	-319.621560
2546	-248.018573
645	-308.540795
2141	-307.287454
3189	-324.510378
2886	-324.530742
2764	-195.179738
1199	-377.813742
1980	-345.680616
1245	-310.907810
169	-309.688569
1105	-302.306944
2167	-309.681554
2180	-340.665904
1991	-285.282532
3097	-309.716094
251	-265.386781
2524	-392.642251
146	-377.813815
3099	-324.530718
1424	-212.438188
281	-322.479769
2949	-346.838702
2312	-344.416076
3262	-235.693825
2420	-340.625366
2532	-301.405558
1796	-307.536544
2718	-382.782995
1890	-371.608385
2479	-271.622821
132	-308.469258
190	-354.290746
2739	-362.946034
1277	-309.706892
1489	-266.777425
1480	-324.584824
1109	-333.411326
1816	-344.357220
3000	-309.688191
3038	-288.542113
761	-312.126820
1817	-339.459612
2145	-346.844016
471	-324.532283
1879	-288.594527
1963	-325.761942
154	-324.538764
877	-359.317823
3462	-272.538255
2634	-326.927446
3343	-320.735225
3438	-312.132858
2733	-310.940764
65	-312.125621
671	-310.897268
155	-324.571682
476	-397.686127
2093	-324.473588
3325	-341.836362
3883	-308.516508
760	-324.605411
1298	-308.505512
1163	-397.709232
1386	-362.967171
1913	-310.912131
526	-344.430692
1120	-353.283458
863	-285.288405
3419	-335.590859
3582	-344.436500
2948	-382.790431
2124	-345.600825
3089	-327.025329
3107	-281.504745
34	-306.355655
1655	-338.217210
1224	-308.420805
3450	-382.824468
2241	-346.857051
1466	-340.657975
2285	-340.578657
2528	-308.467760
3364	-305.057353
2296	-309.691365
1433	-325.729800
160	-309.685140
3892	-271.608843
3483	-308.500974
1891	-323.382399
3292	-326.937372
683	-348.060054
3122	-232.329070
256	-308.741915
2628	-359.341296
998	-302.306196
380	-307.581989
1027	-360.529992
0	-351.615495
3959	-305.831035
171	-361.745138
3469	-356.686540
1754	-269.221561
2597	-412.494644
607	-301.373496
1022	-310.902683
2189	-325.762375
1011	-310.942660
3145	-324.570872
2105	-335.635972
2289	-325.766945
2395	-297.523583
2091	-346.904050
2548	-340.654465
3584	-281.484877
2338	-268.888303
1906	-324.613156
1983	-320.792773
3033	-325.785262
1612	-310.902795
3072	-340.671263
3326	-381.616196
3160	-362.937857
673	-345.680831
3186	-346.829695
2223	-288.657055
913	-352.855499
2571	-309.686348
3562	-360.524672
3775	-324.576188
261	-310.905322
2938	-346.875201
1246	-318.406529
3704	-348.035847
2227	-356.712771
940	-325.787515
3167	-309.688639
1322	-271.619912
2902	-271.653205
1720	-309.692095
2670	-326.934805
1408	-379.527030
2440	-317.433049
3349	-207.916786
648	-287.422111
1532	-309.731599
1903	-309.678054
2573	-307.303421
1690	-339.426816
2437	-356.692640
1308	-341.814212
2603	-341.863083
1746	-396.470299
3216	-344.380260
56	-345.599154
2752	-381.632242
481	-307.573371
3390	-309.736085
1840	-360.536972
1508	-308.462196
506	-234.516241
2750	-268.301176
2308	-324.460752
1595	-309.686571
1599	-304.689816
1339	-285.316421
2129	-356.722498
205	-269.465281
735	-309.716570
3370	-396.486664
2907	-344.466563
1776	-325.785476
726	-346.870614
973	-325.790444
3935	-289.875063
2175	-324.545475
536	-323.348544
2699	-346.864540
2895	-273.764673
3637	-309.764115
1682	-269.215705
2454	-288.578155
3904	-356.716094
1884	-307.577822
1846	-344.370966
3201	-346.845480
2243	-340.673964
2923	-325.801905
2695	-346.871133
1646	-340.684749
390	-306.070291
1937	-287.438379
3784	-344.450127
3534	-320.785748
2168	-310.899911
3701	-248.211932
2811	-326.944158
1847	-325.753767
2996	-324.566568
321	-324.604397
2038	-348.056093
2462	-325.752244
3520	-325.752207
1726	-381.506605
402	-312.124533
984	-248.443503
3053	-490.831786
2566	-346.832253
3004	-288.652346
1242	-308.508254
2626	-305.900638
1762	-361.755551
2177	-346.868453
3842	-376.587741
3250	-360.517106
2817	-340.641240
722	-310.935212
523	-345.565792
3316	-264.261826
1833	-302.579718
3725	-309.710255
3374	-324.551244
1170	-310.895183
3315	-269.176979
1349	-286.542391
2933	-360.538112
1108	-341.839596
2842	-308.450204
961	-326.950279
1535	-324.463541
2309	-272.583285
3265	-324.569062
1949	-340.674935
2486	-307.239887
941	-340.652570
1765	-285.335887
3626	-310.902465
3061	-392.552088
2618	-361.768020
2942	-325.778444
1193	-324.550139
2604	-304.743934
2710	-361.773017
3505	-274.983383
1957	-206.721858
3654	-307.541973
3464	-234.470922
2596	-339.467484
3941	-231.108368
2720	-231.102112
3274	-196.407957
919	-272.589999
3472	-340.657197
2459	-273.761223
2110	-341.867094
3631	-303.560350
3417	-354.292460
639	-270.405973
2660	-307.582044
2766	-285.279992
2315	-273.793520
3437	-288.585212
2251	-430.448052
69	-265.441614
1942	-382.751274
2608	-306.369631
3220	-273.806349
1265	-227.324775
3745	-310.912788
2684	-310.940657
1875	-242.186010
667	-360.533083
2369	-273.760271
3197	-309.714859
3847	-356.693135
3671	-326.941692
47	-247.225618
1778	-305.036659
1538	-348.050463
3915	-309.687698
2298	-270.396464
2024	-306.349032
2775	-382.812383
2967	-305.841708
1123	-375.393636
2577	-381.600777
2839	-362.930315
2208	-286.486509
3149	-372.694726
2371	-307.253245
2755	-381.595252
1223	-324.586663
1770	-309.719198
3713	-325.748400
3314	-305.846541
2359	-360.468392
2957	-323.644468
887	-361.720206
2697	-360.495788
3817	-288.554600
894	-338.247875
2380	-327.025010
3712	-300.148891
37	-381.587333
2143	-288.628466
2336	-344.433499
854	-383.971058
747	-359.350089
444	-340.665581
1613	-346.890723
3760	-280.314080
243	-323.389193
2833	-248.375248
3529	-341.843027
1491	-344.421383
388	-340.594424
924	-324.528533
2543	-376.588479
3610	-360.476593
3256	-153.459846
2220	-272.538190
2928	-324.540084
2567	-320.795216
3134	-271.319942
768	-193.039603
618	-308.467888
1000	-339.452428
1190	-377.830859
2742	-348.048844
3329	-310.909123
3931	-288.683173
1902	-324.615795
3173	-325.791830
467	-273.793804
1272	-308.486687
54	-195.186228
1831	-323.386306
2319	-271.316064
2724	-376.591176
1232	-336.811744
2748	-321.271406
329	-380.402442
3916	-273.810780
1149	-325.796862
538	-324.494520
2715	-345.709596
3524	-308.455477
3643	-309.660190
1137	-271.622539
3605	-372.755216
748	-324.572987
1763	-325.799404
2135	-346.861074
1853	-359.314227
3841	-371.541704
60	-382.768883
2580	-309.722373
3976	-273.765901
1749	-302.579654
1525	-345.608193
395	-234.447743
1509	-345.612220
1758	-271.616401
485	-250.585183
404	-324.595399
945	-264.243028
501	-345.630685
1175	-361.742598
3640	-309.692577
3968	-287.425634
1288	-324.635136
159	-273.773408
1353	-359.297643
353	-197.632222
554	-340.688787
752	-324.557693
432	-344.390227
1366	-345.633122
810	-269.144656
464	-324.485629
442	-356.712228
2636	-306.112153
3466	-325.794624
3509	-288.685117
3843	-309.717869
2719	-286.477365
3642	-324.565306
1825	-271.656372
2196	-338.559964
1266	-324.582035
2856	-376.586976
304	-322.464725
3304	-346.843297
898	-305.906901
835	-320.740782
317	-325.797397
1793	-325.725688
594	-325.809558
1329	-309.710338
2533	-265.438520
3948	-340.614465
1363	-355.525451
3165	-356.724041
187	-341.842120
3488	-340.672417
1852	-309.685790
1449	-308.507220
2598	-308.508949
1716	-325.784331
2562	-375.357530
2114	-307.528446
1609	-210.001565
2457	-382.757134
2783	-272.537685
2664	-348.047695
1026	-325.765414
873	-273.763068
143	-302.355005
3757	-281.482952
1124	-271.651913
1014	-301.385442
435	-306.309029
3705	-345.665479
3100	-361.716824
2994	-345.597078
3979	-345.651111
1016	-305.129953
1900	-309.689410
486	-288.678720
2560	-339.452794
3629	-359.312853
2317	-308.503515
2594	-335.586914
2178	-339.455981
2314	-345.658870
3683	-308.510782
292	-308.517192
2042	-232.364952
180	-360.505528
433	-396.498209
1029	-325.751230
2520	-307.284294
2843	-308.509454
253	-305.838224
3826	-372.742383
2610	-309.711468
664	-335.632054
2345	-342.329232
3609	-269.176442
509	-307.238995
255	-309.672030
3740	-356.684693
1115	-325.773014
845	-40.478930
2961	-348.061993
1933	-270.396100
1342	-361.712098
3599	-308.482454
3426	-307.387663
399	-304.735224
1650	-341.836348
2751	-273.787799
191	-307.610450
2435	-229.013797
1686	-288.648208
229	-361.648305
1694	-273.743311
3765	-453.654335
2730	-286.492223
1362	-249.387499
1372	-381.574124
2461	-269.170508
2197	-309.684327
3392	-361.774979
2282	-375.368783
2022	-344.425164
2731	-272.836211
1625	-320.776082
3280	-344.483775
2358	-322.169697
2931	-361.729140
869	-327.026488
2473	-324.497671
3585	-308.497008
2776	-313.573888
119	-327.012568
3665	-323.329494
3635	-308.475489
2667	-308.455402
1617	-355.508183
1500	-345.609230
1227	-322.155306
2827	-345.615042
3779	-308.476903
1614	-325.736331
1187	-264.235803
1930	-341.835805
2914	-270.422403
979	-309.713440
2935	-297.516418
1867	-324.583096
3973	-356.659922
3933	-307.569255
1261	-268.282665
3337	-286.438448
2028	-346.821466
384	-343.291812
3984	-344.418857
12	-377.816587
2674	-342.352279
310	-308.480308
1834	-381.615289
540	-346.830523
543	-310.937295
3674	-309.731169
1196	-346.840727
1531	-345.640098
1230	-323.396217
2988	-310.923406
2320	-362.876210
1971	-362.906662
1382	-360.492675
890	-344.458979
3354	-360.529236
1093	-325.718074
3050	-303.940271
1162	-309.684472
596	-325.754527
1464	-381.610550
1047	-346.836177
542	-382.793238
1745	-264.171923
3101	-360.503577
3139	-344.437158
76	-325.685245
1741	-345.629842
465	-266.553159
330	-286.408473
3269	-381.624381
1453	-309.720334
3366	-323.268818
3442	-381.635659
1947	-303.533559
221	-310.917273
3307	-318.647923
3143	-286.432042
1416	-308.514570
1865	-345.609914
131	-345.603479
710	-340.625597
2723	-324.554067
2888	-361.704536
2630	-282.871678
3561	-343.190300
871	-309.680919
2930	-310.906738
666	-381.593528
3109	-324.582824
1390	-340.660793
238	-233.253760
3766	-344.436564
528	-288.538806
1410	-273.759553
605	-456.103432
982	-307.235414
690	-375.420808
3621	-346.815715
2467	-325.805017
1006	-336.843788
1478	-309.691634
3082	-272.586248
2557	-273.774103
1482	-312.132386
513	-355.518342
2729	-323.315925
2334	-472.135006
1007	-235.694216
1278	-362.942040
2184	-360.501473
3770	-272.544060
3588	-272.549011
2017	-310.940345
2834	-325.699665

file identifier 	 test data 	 predicted
2851	-356.699504	-356.179749
200	-345.625804	-320.066624
2737	-322.442708	-335.793479
3542	-344.409533	-349.836624
3568	-308.468418	-298.115911
447	-271.627826	-280.489822
1373	-324.557383	-317.542241
3828	-288.650589	-275.510119
3471	-416.384141	-430.568785
2072	-344.431636	-344.253353
2010	-323.385837	-332.465038
291	-304.683134	-301.814494
1126	-270.392715	-262.505841
2067	-280.248350	-305.107332
795	-246.023231	-231.046127
1156	-154.972731	-295.354284
677	-324.594116	-334.705327
421	-288.627624	-280.737814
3498	-381.585231	-384.141897
3641	-360.485033	-353.467803
2893	-274.985796	-304.658721
308	-303.428586	-298.760267
2822	-310.902197	-316.516453
246	-313.537245	-307.883358
3902	-382.757521	-374.777889
25	-309.712046	-300.003067
2882	-322.444150	-303.338200
1319	-308.560759	-326.434852
2171	-359.346839	-353.937706
749	-249.280474	-267.440756
3809	-310.902628	-320.842160
11	-356.688211	-361.668032
1122	-345.601318	-345.554674
2049	-344.463291	-347.283819
656	-376.605347	-377.223206
2070	-114.483613	380.333277
3898	-356.700248	-358.368208
2352	-288.589622	-270.206247
379	-391.337881	-379.839031
2377	-236.916033	-275.337624
3929	-321.233569	-328.570380
2088	-362.871515	-356.421766
624	-312.119017	-303.708270
1874	-416.367317	-408.035956
3081	-302.557878	-305.526942
1180	-306.364186	-294.633563
1260	-270.417842	-264.944690
1010	-340.666160	-342.377151
992	-377.811306	-370.263106
2727	-271.330291	-276.722355
3554	-309.689751	-311.746945
3322	-272.536448	-286.240600
3118	-236.917873	-278.016379
3547	-324.582904	-305.042410
3889	-360.533387	-364.585125
2913	-361.630982	-357.889130
1289	-344.439723	-346.405129
3560	-286.463470	-276.730567
2275	-312.122563	-270.346336
1403	-308.462299	-297.345678
3907	-291.017966	-281.161533
3003	-325.798735	-327.834621
3936	-326.951067	-319.301612
697	-340.621200	-349.257834
3662	-360.469577	-342.182076
1055	-345.681183	-365.688694
3738	-274.982053	-312.788185
3009	-307.265383	-323.147712
3693	-273.779498	-270.565525
933	-270.430832	-276.399934
1451	-348.052763	-342.948946
1476	-308.455419	-319.862245
1467	-345.613895	-351.476728
3602	-361.683811	-355.323737
3418	-308.467120	-316.550983
1069	-375.370023	-373.511443
1197	-308.462932	-315.857468
3313	-360.526364	-368.167799
2803	-327.013853	-323.292412
3330	-323.360126	-329.929542
2415	-340.676441	-346.933347
62	-309.677968	-319.821384
2452	-344.424745	-367.096666
1367	-325.812267	-320.593865
1528	-360.446475	-369.648696
1045	-344.449852	-348.134752
2682	-324.528297	-335.148926
2487	-361.694757	-355.570454
3077	-336.822591	-343.275622
2343	-325.781464	-336.073140
3702	-362.951503	-357.599973
3168	-323.614890	-322.244500
1568	-324.555249	-326.594079
91	-275.011437	-266.867373
2449	-341.841190	-338.773804
2808	-340.646073	-345.927769
2518	-360.566272	-352.744864
3382	-341.145624	-361.144915
3224	-286.504546	-263.504459
2972	-320.764992	-328.364693
1285	-346.860450	-343.763068
332	-304.692914	-307.830308
1878	-346.819711	-346.940822
720	-381.594735	-381.903502
2016	-308.569875	-318.496182
1585	-360.545832	-366.852905
1313	-324.502042	-323.817569
1752	-296.265627	-297.706903
1797	-194.267232	-144.651545
3680	-305.904722	-307.041895
1340	-271.616723	-251.998459
2696	-353.269456	-351.599252
2798	-307.259167	-325.229243
3767	-324.568597	-328.195229
3870	-345.605387	-354.087978
702	-379.000257	-376.715536
2013	-343.195410	-341.857011
1743	-346.856186	-332.416487
262	-345.647032	-352.367048
2253	-325.818163	-337.679107
1806	-324.610229	-325.326245
2771	-310.910278	-328.211427
2864	-340.658990	-338.002252
1166	-324.576650	-339.596407
2057	-288.540318	-281.047041
1792	-363.504227	-369.495846
1666	-289.872246	-294.397435
2390	-270.097243	-281.999602
1171	-325.721867	-338.367768
585	-229.918003	-224.924341
3358	-326.934987	-346.728239
1969	-360.529678	-365.403091
575	-272.582834	-271.962151
2561	-325.778234	-335.555141
218	-285.311823	-286.430589
2211	-340.648620	-332.821948
1975	-341.829025	-339.387389
611	-248.364357	-247.916255
636	-382.818623	-380.672804
3791	-360.491959	-362.118168
1529	-354.275774	-351.564423
2825	-360.576433	-352.004377
1798	-312.126342	-318.965041
3404	-309.733988	-322.492829
3834	-324.589539	-329.462974
450	-235.729507	-236.244098
1375	-345.645053	-343.205160
3384	-357.949026	-361.499022
834	-346.828689	-346.717205
3281	-309.716743	-319.995788
1238	-360.499088	-365.426459
1427	-340.646339	-345.123490
866	-340.620625	-324.992524
3237	-303.553222	-308.240482
203	-340.663148	-340.790179
922	-272.844560	-247.746940
3129	-361.692023	-357.518811
2117	-346.839895	-339.352427
2200	-344.426799	-344.567221
247	-304.688358	-297.595086
983	-341.851447	-345.786074
2037	-345.620113	-353.693168
2101	-361.717364	-374.170675
3318	-308.513124	-303.876156
2079	-363.517297	-361.185281
2780	-272.545389	-291.089736
1017	-308.419735	-314.442918
1696	-320.785074	-312.850002
2172	-308.472272	-313.123209
975	-357.171724	-373.375251
369	-361.733362	-361.768358
3241	-319.515995	-320.308653
2225	-324.612179	-321.479204
674	-346.879260	-349.239641
3311	-344.433172	-364.956195
2641	-270.394309	-276.022275
1984	-287.441165	-261.357351
1675	-271.277972	-256.569253
3899	-337.265273	-336.100982
3644	-345.587398	-361.642075
3739	-324.566515	-323.141449
2239	-346.823312	-363.029480
3371	-286.517424	-273.120739
3207	-355.520098	-352.834424
1259	-288.590804	-286.226357
2245	-308.434866	-312.207507
729	-343.084333	-342.645016
949	-344.463502	-346.117256
623	-265.457424	-265.074244
303	-375.328197	-371.931982
1020	-303.566436	-302.175348
837	-360.512026	-355.465296
2917	-267.068488	-273.145228
3069	-346.878430	-347.826515
3521	-342.324182	-359.427359
1803	-270.394458	-286.790723
32	-287.509315	-276.390523
1583	-345.655509	-343.217758
1356	-271.372094	-299.133863
3556	-276.202384	-238.986011
2381	-346.856604	-334.645781
2086	-308.486338	-322.942037
1090	-272.500426	-268.773374
1651	-273.809498	-291.667672
878	-308.466070	-317.828638
1176	-288.584832	-345.265996
324	-307.534482	-300.308352
2408	-356.708234	-366.234408
1636	-233.551389	-216.600611
1293	-271.369084	-263.805059
230	-271.617434	-273.067851
558	-344.464151	-349.769339
2716	-303.464433	-297.711923
1287	-355.515622	-357.323470
1103	-273.764642	-293.011057
1414	-377.797879	-379.248146
2096	-345.661705	-354.599502
1584	-251.727102	-253.176838
28	-324.630221	-323.580423
3158	-269.271320	-277.957291
2025	-249.363808	-270.346921
1299	-348.043466	-343.371626
1736	-273.764207	-283.970221
652	-345.620593	-341.232624
2829	-340.622886	-325.520642
1618	-345.629039	-347.537352
145	-310.929561	-291.892333
1725	-360.495137	-371.075454
1987	-325.775071	-328.331360
529	-309.725786	-298.578504
3783	-310.912792	-307.827413
3416	-320.770681	-332.898078
3864	-288.639421	-276.159186
2883	-308.757991	-285.981694
2950	-360.498298	-349.857489
1813	-307.550360	-322.956896
68	-286.519735	-276.520278
3254	-287.469473	-288.658025
2712	-274.985024	-312.861091
1325	-356.758284	-349.787108
571	-339.423497	-353.856913
2116	-340.646768	-344.912140
2552	-340.624424	-343.303545
1352	-304.677606	-309.162448
3244	-323.320332	-316.690122
114	-361.772743	-374.074922
483	-309.705795	-302.226017
1553	-323.448965	-324.893935
1921	-310.904960	-332.379046
2595	-303.465315	-297.667755
3076	-247.198000	-239.010508
1601	-345.646864	-351.114459
3198	-288.680991	-285.614197
2174	-324.606491	-339.184643
3014	-269.263802	-273.176184
1573	-233.255259	-252.766584
2387	-391.391111	-387.502784
1211	-286.498633	-288.444759
1659	-487.002792	-473.252288
3516	-324.634527	-321.584890
307	-302.239101	-315.224082
1335	-283.156647	-207.088270
2382	-380.343633	-384.641692
1520	-309.728493	-312.458774
3085	-322.130736	-320.176996
663	-323.347275	-325.098741
1326	-266.616319	-267.835101
2	-324.551643	-322.704619
101	-324.507184	-348.852510
3557	-344.382663	-329.886867
277	-302.288351	-308.212962
678	-308.506580	-303.878268
2652	-317.377404	-312.540152
1990	-281.482892	-284.393664
864	-323.337623	-317.825393
3865	-362.899954	-349.967092
1591	-249.397368	-251.287650
407	-287.508781	-279.215137
3972	-359.339915	-369.717079
1347	-359.361259	-356.128802
3031	-270.411205	-268.495165
3733	-309.678068	-318.296537
522	-309.680641	-341.295274
3895	-325.808333	-310.712955
3538	-271.350701	-298.641849
2797	-345.646914	-363.738596
1899	-308.478846	-321.496722
337	-312.123120	-295.343672
3512	-340.641866	-341.456866
3868	-360.526225	-361.791365
1507	-310.914024	-304.156770
1965	-288.555445	-271.382633
1439	-340.590431	-335.357037
135	-301.341304	-303.911985
619	-325.787161	-316.132623
1695	-344.411060	-362.415414
1134	-343.068226	-350.238526
3157	-335.619981	-337.066635
2169	-356.733974	-354.292244
2694	-317.396153	-324.935486
1916	-360.557411	-356.207811
1697	-345.613396	-346.828810
1243	-323.582949	-334.894857
3096	-338.175960	-340.339476
3896	-307.280331	-309.031442
1687	-344.407598	-339.938152
3487	-210.101789	-238.399440
3291	-362.911941	-371.253528
2000	-309.736479	-293.149583
2087	-286.484121	-274.988721
96	-375.359188	-367.906625
1091	-309.678344	-314.248015
3981	-249.257629	-264.171029
893	-232.317400	-223.958383
1998	-324.536830	-342.480842
1668	-344.433140	-347.378870
766	-312.133805	-302.777746
1996	-356.687774	-354.631019
3880	-357.942023	-341.438821
2703	-309.722894	-284.778183
3479	-265.289023	-280.017165
3336	-308.477672	-304.174233
3203	-308.459279	-299.328252
1436	-375.359407	-382.998815
3331	-233.545899	-201.772933
198	-303.934323	-329.907672
3876	-304.574737	-303.289817
2438	-392.565188	-390.706867
650	-193.034094	-207.140905
703	-340.656580	-337.968530
712	-294.081616	-246.168735
3369	-158.342346	47.285489
3971	-360.530885	-361.067972
1766	-270.387395	-281.386404
2676	-325.784384	-320.493706
1972	-233.542445	-235.404726
1857	-307.540766	-325.116005
3949	-359.301320	-363.280774
1616	-272.539058	-274.889300
2331	-308.516808	-314.648939
290	-348.056024	-346.064100
1085	-231.092208	-249.849626
3695	-309.651827	-310.247611
2876	-360.574465	-355.332578
1050	-304.643392	-307.203415
1837	-381.574917	-375.132673
2363	-324.610150	-334.617956
3953	-325.792503	-322.753251
2153	-309.673226	-321.152468
415	-309.692626	-322.605512
1705	-286.218259	-281.073891
1923	-287.427777	-294.878579
1189	-287.322957	-299.009639
3309	-274.989422	-283.851369
3919	-304.721921	-303.560286
1135	-310.903412	-313.386551
1131	-324.580815	-327.631674
1649	-346.868661	-322.357297
258	-371.546126	-374.720930
925	-307.567279	-314.229822
968	-308.470667	-306.784824
257	-324.569867	-338.280069
2869	-306.113519	-301.209359
3601	-308.749822	-315.701103
1802	-361.715983	-360.689783
1953	-308.457242	-311.753936
3467	-308.494487	-320.923001
339	-356.705991	-360.738856
3028	-346.861640	-353.794360
392	-345.637570	-340.114006
2394	-355.446449	-361.805892
929	-272.832690	-265.967374
3380	-345.606939	-350.128837
1065	-360.485823	-365.557322
227	-377.805829	-375.169690
361	-376.622353	-356.448891
1895	-324.551432	-309.305405
3790	-286.502445	-298.295807
1590	-344.415609	-334.220945
1484	-273.817328	-305.506549
2814	-325.804528	-325.044021
3825	-93.411888	668.910321
1664	-310.904974	-309.912361
1294	-345.612830	-348.277640
2111	-348.048744	-346.379152
2370	-360.496984	-365.569516
1448	-372.747155	-370.931089
1012	-266.609146	-277.667943
1250	-309.686189	-301.008005
2823	-309.730966	-312.592230
3492	-345.645245	-370.113577
2109	-321.219665	-330.207664
3700	-361.717469	-347.933945
504	-356.680129	-358.751179
1165	-309.706371	-314.411410
3415	-308.495275	-312.119911
2559	-319.571638	-337.624171
1256	-312.119596	-307.739357
2388	-309.695742	-303.570973
1334	-273.765782	-283.323115
3379	-273.761967	-228.704601
3608	-372.729173	-374.381287
3391	-306.403144	-302.691482
2999	-307.237456	-314.479296
1514	-320.781098	-324.581974
1606	-308.462382	-316.663024
2884	-324.471313	-324.873294
3893	-341.097446	-339.113494
3323	-232.335768	-183.774499
763	-308.429953	-313.111227
2052	-325.809179	-326.124679
1652	-301.316399	-301.185526
2615	-360.501085	-376.882389
2291	-286.514923	-280.512713
441	-380.414967	-384.949632
3764	-308.483519	-324.033787
2407	-377.829134	-358.405741
2059	-345.674176	-344.058563
412	-372.768039	-374.246016
507	-309.697879	-302.451827
687	-346.841762	-346.289478
1598	-308.471397	-316.762323
3944	-381.563295	-371.292935
1494	-345.654016	-347.426460
2228	-308.518356	-311.669654
952	-325.717725	-328.705591
1470	-272.542270	-293.697287
2908	-271.620997	-263.210267
3179	-270.408713	-256.538367
1805	-344.380468	-332.511844
1889	-361.731388	-366.272985
2286	-309.728265	-309.640654
3423	-308.555641	-306.741276
930	-346.898838	-357.398127
2619	-326.939536	-329.688425
2234	-272.580839	-280.458706
2919	-340.635773	-344.220862
848	-309.744522	-341.514405
3176	-432.852890	-444.469711
1760	-326.940002	-317.741951
2082	-302.567313	-314.078318
3691	-352.852117	-357.718551
1788	-345.646841	-351.925745
3690	-346.829378	-344.772705
3575	-309.736328	-303.684186
802	-359.306313	-358.172178
2530	-345.673444	-352.280809
2083	-322.434119	-318.697758
510	-234.491176	-247.165683
2671	-344.377098	-337.724112
3451	-319.606765	-319.577969
2981	-327.026688	-338.898338
1785	-273.751900	-289.313397
3615	-210.071468	-214.906839
3136	-340.660061	-338.448085
3661	-287.358011	-289.744591
2738	-324.555069	-325.013284
3882	-194.261089	-208.209316
1506	-339.437849	-342.815884
2801	-310.932716	-321.808573
354	-285.174014	-282.440923
693	-234.520624	-244.398109
448	-346.831139	-342.943849
3718	-195.186772	-194.369009
3804	-324.573632	-314.357915
242	-340.623533	-322.999821
2504	-325.805550	-321.991830
2432	-274.987245	-287.064414
1841	-325.788368	-319.922720
2897	-346.825923	-357.540227
3481	-357.941534	-333.689994
2471	-288.628801	-313.740950
1887	-361.696319	-347.520794
686	-391.370332	-387.954197
1885	-345.647670	-347.654663
3295	-231.069318	-200.137118
2691	-308.505543	-318.502034
2170	-274.987123	-263.736642
59	-248.430371	-234.965792
562	-456.105229	-449.315954
3874	-323.344889	-321.036116
2510	-325.797299	-313.956798
2150	-324.570860	-325.033800
3510	-340.674744	-343.209449
2875	-344.475122	-352.702380
228	-346.859384	-354.453234
2231	-346.825174	-360.836137
1350	-343.076530	-338.766076
3324	-345.641848	-345.282880
3924	-270.393737	-255.121295
2333	-338.234590	-339.491512
3752	-345.686524	-345.811207
1567	-356.714706	-357.658181
2176	-345.608670	-355.381808
3252	-340.610842	-335.626428
1127	-345.659797	-323.228326
2283	-231.111403	-320.614662
614	-383.982605	-381.593664
2470	-309.688189	-316.462601
387	-268.248806	-273.549791
3116	-312.128429	-283.929531
1787	-325.795649	-320.948046
2873	-307.545713	-289.015107
3151	-362.873906	-354.276714
1357	-375.307060	-368.616791
3261	-232.025930	-240.638489
2084	-361.708021	-351.590507
2539	-321.276274	-334.507936
3164	-344.379764	-351.344083
232	-490.793044	-480.707834
1081	-310.912796	-302.774732
1955	-339.498757	-335.992106
313	-361.721849	-357.687990
950	-324.580266	-319.494366
3427	-325.793904	-320.682389
2162	-340.613712	-340.405917
1421	-360.526142	-362.287526
3513	-340.637067	-343.782464
967	-372.742461	-372.491209
965	-323.329385	-310.198453
3184	-308.439671	-305.562109
2004	-346.839235	-329.346964
1328	-376.531779	-383.602577
2030	-273.804223	-279.233554
84	-345.610574	-352.738054
216	-307.283509	-311.409486
3495	-288.563768	-287.645961
1578	-233.217482	-231.898196
1125	-285.292217	-286.638673
591	-325.760915	-340.848695
1041	-371.504707	-371.404367
2389	-361.728546	-356.829109
3365	-396.458774	-385.873008
1072	-272.554773	-285.271090
1215	-335.566430	-339.067845
1692	-362.862736	-371.943445
988	-341.827199	-340.131556
2841	-360.524422	-362.162451
1815	-345.663783	-339.544202
88	-345.655534	-373.313959
2406	-306.386594	-297.008146
359	-346.832402	-346.065477
2026	-272.837907	-264.155349
1993	-339.504090	-341.209773
74	-310.918822	-307.300373
2586	-191.810916	-111.667992
3215	-320.793270	-318.825581
90	-327.017113	-320.584483
1519	-352.874613	-360.798853
2303	-309.719920	-315.893126
2531	-157.115484	-195.788847
1920	-361.714679	-358.714873
1306	-288.682324	-287.112194
3399	-307.229313	-301.687092
3954	-271.611366	-272.006866
2311	-193.034988	-275.091390
1872	-272.566631	-285.489817
3655	-287.379629	-294.181428
66	-337.302324	-352.097177
1799	-346.861635	-337.942751
3730	-291.017996	-274.141134
3163	-319.610683	-322.888961
2744	-288.573110	-286.384124
688	-324.491475	-321.783383
3822	-309.665941	-296.932449
2073	-345.600119	-329.767157
2870	-289.872470	-301.270318
252	-305.913756	-297.538244
1630	-323.431776	-324.459265
2288	-345.612787	-340.964606
2106	-286.476486	-281.874831
1931	-310.900102	-331.496065
2706	-345.667357	-344.514524
2934	-324.462733	-326.253619
3645	-304.681903	-293.764587
1276	-340.667317	-340.798331
3051	-192.736096	-173.130041
626	-288.653249	-294.686368
1951	-317.408548	-317.583945
3591	-273.762889	-259.341487
694	-344.360007	-336.770197
1385	-309.679840	-309.396173
2527	-297.554699	-294.225397
3152	-335.591582	-337.627586
1399	-341.826906	-349.296074
1738	-273.759338	-271.016306
928	-345.665412	-353.164189
124	-271.621961	-266.091944
1392	-353.321142	-354.075609
2799	-340.702898	-335.795736
3194	-301.367422	-293.526463
2120	-381.630205	-352.212614
3624	-324.614194	-317.371688
1967	-288.573475	-302.969208
1263	-345.642008	-336.061841
2216	-308.505718	-305.918413
1251	-322.482659	-317.423639
701	-265.396194	-271.982835
1255	-381.635881	-390.260430
2721	-271.401725	-287.035494
36	-344.382282	-340.376922
3677	-307.571921	-329.360537
2136	-263.278851	-288.370723
828	-361.684892	-360.330703
3359	-325.733758	-341.399595
3263	-285.326726	-288.203788
3897	-324.519277	-307.804494
608	-309.688960	-312.278123
1775	-306.353871	-312.634389
1818	-371.535911	-370.650457
3917	-274.985822	-298.460822
2009	-273.812948	-293.517816
3569	-272.588302	-278.958524
1925	-309.677276	-317.668802
743	-309.719124	-327.885588
2516	-309.661518	-303.221205
3676	-346.840522	-329.979924
1292	-323.652284	-322.117314
1710	-361.726166	-350.861184
3939	-317.386479	-316.614022
2478	-339.450173	-336.622114
2453	-268.273240	-262.205810
1715	-286.486570	-277.161466
3721	-284.372483	-248.061937
1631	-345.642285	-339.422465
3348	-304.715963	-309.617198
398	-345.636145	-330.580623
284	-360.500454	-349.570262
3073	-309.734862	-320.393236
3124	-308.562031	-301.329397
1465	-382.796989	-378.932080
2442	-345.636611	-354.719901
2858	-346.862070	-354.366487
545	-356.698773	-342.716295
2613	-338.214346	-332.308980
1504	-360.489720	-372.386687
3658	-309.682445	-304.457502
3238	-340.667053	-337.218390
1130	-346.826923	-345.352095
1043	-324.605875	-341.868254
3769	-304.586424	-308.151807
2297	-322.412936	-326.425053
803	-325.789564	-340.202876
2404	-323.340989	-316.255245
700	-310.938181	-317.268690
3768	-227.338075	-230.776647
3590	-340.660106	-335.809381
3627	-323.347112	-319.127493
1021	-232.328175	-235.732086
3965	-273.764529	-267.793500
707	-381.585428	-360.206449
3400	-289.799552	-300.533754
3925	-325.718488	-324.769789
99	-336.813559	-339.745208
278	-397.667072	-403.842180
2483	-322.158791	-329.771370
1597	-336.805704	-334.965186
2346	-310.909551	-309.829948
24	-345.608180	-352.199485
2433	-324.552283	-310.961740
1860	-308.507458	-320.784788
2139	-381.581478	-379.152397
2159	-324.581067	-312.906876
3884	-323.333263	-332.459061
662	-341.843824	-335.321158
2031	-269.170061	-260.164299
2763	-272.548325	-286.498187
3022	-234.455424	-214.635805
274	-272.539126	-276.477802
3441	-372.686714	-360.713466
3056	-269.180682	-251.618227
1751	-339.469166	-340.527725
2501	-232.377706	-241.332625
3496	-302.303890	-296.573332
2329	-324.557240	-332.704067
3255	-345.578846	-340.158010
2204	-310.904876	-319.294482
3444	-289.794376	-296.401346
3394	-376.613178	-375.910030
3083	-381.591448	-368.915419
3282	-362.972786	-338.852061
2436	-308.473229	-303.333999
801	-273.763117	-259.689133
1257	-346.855622	-347.714153
2881	-345.594203	-347.389474
851	-270.117027	-260.471030
1018	-354.272548	-351.155572
3778	-309.700675	-325.162928
2569	-281.476967	-274.686200
1789	-310.905299	-320.260452
1858	-343.238086	-331.208423
1977	-312.131398	-337.363798
3457	-324.559213	-322.747740
2879	-265.401151	-268.078927
2617	-248.151318	-229.514395
142	-307.594137	-294.353158
734	-233.242250	-263.838118
1826	-285.242094	-276.439996
1994	-383.983835	-391.290278
939	-344.481802	-351.674386
3383	-360.602876	-363.241146
19	-309.720734	-296.806470
3170	-271.626697	-258.946862
3710	-308.565933	-312.320332
1946	-346.841836	-343.554569
487	-307.223588	-315.904604
3914	-325.805781	-323.881164
234	-308.467880	-319.789268
297	-325.833945	-310.580913
50	-357.934562	-342.277220
1333	-270.359564	-254.583044
2529	-229.969129	-276.326602
1365	-361.755045	-370.347263
314	-233.255379	-254.527552
1146	-339.465889	-344.757967
746	-273.802095	-231.097049
271	-361.759779	-375.156297
3112	-327.021680	-349.671377
2565	-345.591597	-332.127928
1304	-356.679729	-357.316012
1142	-309.702591	-301.695575
1262	-356.712023	-362.213374
185	-361.726913	-352.862899
39	-340.687222	-338.387713
3146	-289.872162	-283.196147
1398	-234.469383	-252.935570
3697	-312.119261	-333.169164
3656	-310.918831	-322.220853
2138	-340.684371	-345.998704
1330	-324.575010	-323.629636
3776	-320.773105	-326.003489
3723	-345.597175	-347.772714
1474	-340.654517	-334.581489
2011	-270.099401	-264.220641
16	-273.806874	-282.727496
2199	-377.815601	-343.894329
264	-339.450073	-340.396406
695	-345.700085	-365.539797
1419	-344.350927	-343.198761
2846	-273.780933	-273.979441
3036	-310.907823	-327.896394
2861	-288.654312	-300.224830
2318	-348.039301	-372.095062
3059	-363.508158	-363.207225
3376	-273.775510	-254.397644
2866	-344.431605	-361.242443
993	-317.364547	-313.710788
2140	-325.715372	-316.233102
2635	-323.324700	-333.364911
1594	-323.433551	-328.342689
1512	-346.839595	-334.698025
1829	-382.804482	-371.857809
2633	-324.627681	-312.116007
899	-321.230055	-309.526574
3614	-288.627505	-301.201770
813	-361.733052	-370.314065
2472	-209.159302	-194.589208
534	-324.575799	-328.294566
22	-324.575190	-323.192932
1790	-345.664882	-358.805351
1098	-356.649302	-359.529247
881	-234.470813	-245.240773
133	-271.642927	-253.160467
537	-361.731930	-351.716578
2036	-309.733888	-315.611429
3535	-323.235679	-325.024223
226	-360.556344	-365.382514
414	-192.762455	-305.105937
3067	-271.304881	-282.117514
2104	-379.006904	-382.916265
176	-308.554162	-307.021009
2001	-346.833365	-338.019608
3049	-324.610004	-320.377827
3970	-305.897998	-312.062836
463	-309.715058	-309.719229
1061	-343.531666	-343.960868
1811	-346.855968	-336.804442
3748	-376.556657	-380.883893
3632	-340.612805	-337.617642
1562	-309.676327	-305.834027
3707	-271.620156	-268.965815
3603	-326.952955	-329.819598
2951	-308.569129	-314.758420
2276	-309.679242	-300.551365
3639	-345.680996	-359.584550
2217	-344.408081	-328.952472
628	-325.726991	-323.506955
2941	-340.635024	-359.237108
3306	-361.650084	-359.823663
1742	-288.583008	-289.995738
1117	-345.566120	-340.469246
2047	-286.246880	-282.175144
1563	-376.575382	-380.955759
3799	-291.018995	-298.304502
805	-309.658574	-296.584479
1843	-362.899677	-374.765803
2986	-340.629609	-337.661520
589	-340.604189	-349.188048
758	-307.574899	-301.697822
2310	-338.194242	-325.480818
231	-346.860243	-340.115973
52	-345.627428	-340.577944
921	-325.682121	-320.153189
1455	-381.570969	-398.020069
210	-362.938898	-388.076604
527	-324.629301	-326.489280
79	-324.605178	-330.182463
1346	-308.542644	-318.604212
2845	-307.602080	-286.813164
2813	-232.063900	-275.459694
282	-325.714378	-336.598198
3132	-309.670613	-330.257396
3142	-376.617653	-378.195024
2194	-273.757530	-282.609055
2940	-339.418028	-351.364344
3570	-272.514475	-270.582458
544	-340.643340	-346.754876
2058	-356.710498	-347.602040
301	-324.570823	-318.639019
3042	-269.468415	-285.272187
2554	-345.649886	-344.145953
283	-355.460155	-351.381758
3714	-265.398572	-285.251985
1460	-309.684108	-296.647713
2201	-452.728039	-433.146188
1943	-325.729335	-337.678934
3202	-310.908741	-310.348118
3432	-297.523580	-301.240616
1959	-324.603913	-339.989451
3445	-286.508374	-277.244295
2708	-308.512758	-322.051839
915	-304.734226	-300.957391
2272	-324.528642	-323.705803
3862	-271.646263	-242.467273
3634	-340.646592	-348.108644
3811	-274.982348	-276.420482
2412	-310.904086	-313.554198
595	-340.652012	-337.583987
1488	-320.766344	-318.847371
777	-307.544712	-317.384497
3694	-338.246643	-341.837122
2865	-342.307696	-354.989706
1927	-361.739999	-352.806192
370	-356.698196	-363.356556
942	-325.715957	-320.657953
1377	-325.768959	-320.586306
3065	-344.486202	-337.319301
2789	-340.629283	-340.701704
2417	-336.838171	-343.086056
2984	-362.935648	-373.698171
356	-372.741729	-362.243213
580	-360.537290	-366.008156
2469	-270.392444	-279.751805
83	-344.434906	-340.769814
728	-309.678404	-312.436569
3527	-309.716030	-304.824055
3491	-361.750275	-341.930723
202	-226.160842	-229.110822
1822	-344.395150	-337.184888
1078	-309.738888	-312.908955
408	-208.863267	-317.507449
347	-309.687405	-318.383960
2645	-362.923114	-352.753847
1768	-289.789940	-270.629336
440	-307.226474	-304.471144
3989	-272.542369	-335.661035
30	-325.717105	-316.966962
194	-308.496245	-304.260303
1177	-325.808092	-316.192343
269	-325.729080	-323.201079
1623	-229.615446	-189.145002
2517	-308.462063	-303.865477
2646	-325.800095	-328.414734
3183	-345.642870	-340.190991
178	-188.042067	-176.163552
1576	-247.184334	-251.436484
3724	-324.573480	-347.946870
2108	-267.944278	-261.821060
2962	-309.686114	-311.871746
1764	-304.725676	-311.206681
2252	-382.779570	-377.813810
912	-323.344400	-326.159283
3754	-324.570035	-334.365366
457	-380.372151	-375.761816
1677	-344.412416	-350.815273
3957	-307.291354	-287.468452
111	-344.470970	-346.261765
3667	-249.293044	-258.634195
3523	-325.728070	-324.893670
1213	-324.530103	-331.782152
3574	-398.876124	-397.600484
550	-319.568017	-316.016512
3275	-308.757315	-318.990508
20	-270.370102	-261.465595
1704	-274.984793	-292.225002
2542	-326.951186	-339.879277
2466	-325.785959	-320.084693
3246	-340.652252	-340.559997
3180	-323.669200	-321.735794
3920	-319.574905	-323.352575
3594	-272.544482	-255.273218
315	-302.472397	-289.967841
162	-232.324966	-228.194163
1712	-345.612640	-352.394201
1290	-345.660459	-347.261810
824	-310.952875	-320.002869
1795	-356.736238	-353.317071
2665	-348.031230	-351.769581
1771	-287.657053	-287.936692
3772	-356.752251	-346.989134
2673	-345.652182	-330.026443
2326	-320.768781	-313.913629
908	-310.911406	-325.502835
2431	-309.684774	-317.432344
3431	-323.229212	-313.933701
3019	-301.357437	-302.532855
745	-344.464270	-341.186840
3267	-320.776472	-323.203543
3171	-345.599912	-337.072348
946	-324.577279	-336.509262
576	-345.655968	-348.979489
753	-361.710299	-348.443487
2396	-307.546144	-300.786149
2203	-310.911529	-330.802838
2313	-312.122262	-299.965154
2060	-362.945811	-378.438791
1838	-356.685238	-349.322609
3373	-271.613890	-275.093738
3346	-318.327053	-324.140265
3273	-288.589678	-298.246863
3412	-335.628480	-341.048267
3211	-310.908555	-307.421794
126	-274.991042	-289.924054
3533	-232.036378	-229.107814
896	-323.312767	-336.239155
1602	-318.339586	-307.618395
3020	-287.430903	-287.146606
990	-309.684377	-320.070287
817	-345.619715	-346.692464
2946	-345.649552	-349.387599
2468	-307.193849	-307.807057
1869	-269.207716	-262.310086
378	-356.705084	-367.262841
2589	-361.718361	-364.866974
451	-362.932378	-365.681992
1596	-492.022084	-464.902893
3353	-324.514429	-330.087762
93	-340.615011	-354.005635
3247	-360.531175	-360.106189
3517	-396.475511	-391.331393
794	-248.143861	-251.138701
181	-412.528245	-402.097813
3490	-359.315205	-356.674573
100	-361.702143	-349.995275
587	-307.283919	-293.426152
3128	-341.867138	-332.497784
2690	-231.093096	-245.357569
446	-305.831164	-304.763562
2747	-301.332569	-302.428537
1777	-265.408147	-285.457183
715	-285.275928	-309.392250
2579	-273.765811	-280.314897
3794	-317.361117	-320.123828
3559	-309.721434	-305.047702
1640	-304.583737	-305.836680
3015	-359.362011	-375.496827
1854	-382.743932	-390.771681
3	-346.838279	-336.632513
3587	-322.421320	-336.950062
1228	-345.640969	-351.100576
592	-307.614861	-330.840626
89	-249.259410	-280.193792
3044	-363.519194	-356.778837
3137	-272.533448	-272.460499
856	-324.568212	-315.110797
1378	-346.867789	-346.943090
716	-325.758431	-330.987040
572	-356.752533	-341.020566
334	-245.983375	-240.534811
727	-272.562906	-288.679111
325	-345.637577	-339.408142
1095	-324.603415	-333.982358
865	-304.728720	-305.018249
2078	-324.575989	-329.450104
3785	-348.045948	-334.153221
1461	-346.899170	-364.847919
2157	-309.686797	-315.346754
2774	-310.910631	-305.626446
14	-302.238859	-296.927814
2915	-344.371144	-329.792377
3891	-346.821929	-350.080928
424	-309.717380	-306.301813
2502	-309.685960	-304.503370
1702	-251.727632	-260.830235
475	-304.691568	-297.904288
3531	-344.458268	-330.386863
2790	-287.732329	-284.939193
2796	-345.678871	-328.958381
1684	-320.783029	-313.416015
2500	-286.498235	-279.278322
1174	-345.614442	-351.025472
1218	-287.431740	-265.146528
3114	-309.692389	-311.744463
1036	-340.609236	-351.556593
3368	-308.496367	-320.988699
779	-356.732185	-348.237418
2193	-383.976576	-396.305556
1985	-339.481708	-334.470263
174	-229.928448	-291.845748
1541	-310.912991	-305.084094
2222	-340.678668	-335.814884
1948	-195.158734	-184.090801
3840	-309.681264	-299.415351
799	-310.910909	-319.113955
1086	-272.587059	-280.275023
1724	-381.594558	-386.179697
1593	-335.598739	-331.445344
2587	-376.609234	-382.602125
2039	-360.553317	-362.449304
121	-361.711483	-356.571300
553	-271.666055	-278.167229
3564	-303.533472	-303.673938
2295	-305.898313	-309.259003
1083	-309.726295	-304.867683
1557	-322.456250	-305.792828
3572	-322.172641	-315.722052
3673	-309.691463	-297.515911
1661	-322.148261	-320.891998
42	-376.564691	-366.224609
1128	-361.695007	-360.601143
2008	-336.802659	-350.828926
1198	-308.449457	-315.263112
1848	-273.769835	-287.673396
2912	-346.883119	-347.979671
2600	-307.237880	-313.742233
3797	-376.587519	-400.459783
1338	-320.793141	-322.698236
3593	-304.614300	-298.873165
3154	-309.714008	-302.463405
2041	-346.821470	-352.322034
819	-276.204532	-259.949792
3147	-338.530072	-334.105963
373	-379.522177	-373.912257
1804	-324.542706	-320.889158
254	-285.284456	-292.636080
657	-270.392759	-295.225875
2186	-320.782523	-314.108564
2939	-352.864008	-359.926010
3430	-341.828533	-345.889873
2015	-308.518276	-286.095905
1901	-362.946498	-368.249549
3544	-312.133269	-314.032655
879	-303.556846	-303.257674
1206	-342.315546	-346.078797
3436	-361.762744	-355.754597
1452	-308.467331	-320.878132
1182	-304.738393	-302.937654
2218	-325.756157	-320.181146
1188	-306.054267	-296.730394
2769	-376.563238	-375.705713
302	-340.632285	-343.318001
3219	-339.428557	-339.594642
2300	-453.655583	-432.584260
2746	-247.190194	-240.701772
2722	-344.423318	-350.586227
499	-340.611683	-358.352994
1962	-382.756724	-403.773773
3308	-381.582831	-387.817515
1800	-212.439286	-208.543973
3536	-352.836930	-359.118675
3195	-274.982322	-299.790424
3514	-340.654233	-341.116581
1331	-310.941319	-305.490003
167	-310.912077	-306.999566
270	-372.752005	-371.026392
3821	-308.427345	-306.102138
771	-346.903261	-355.994615
3218	-325.743746	-310.386647
3288	-348.045786	-340.812057
86	-190.624631	-146.343540
1420	-286.516174	-276.034820
1229	-288.582662	-290.554811
3792	-360.525610	-358.286285
2481	-324.614891	-321.707884
2264	-346.831590	-348.345269
820	-326.934229	-328.961789
3084	-325.781161	-324.119241
104	-360.574432	-361.559162
1629	-272.526778	-279.468985
3334	-325.800680	-328.401090
3494	-324.573795	-342.616905
3848	-324.564634	-324.394876
2806	-234.476081	-252.046427
150	-309.732713	-315.167637
397	-288.630839	-294.637744
1185	-324.558175	-331.364877
2019	-340.659620	-343.837340
3715	-381.567301	-379.330372
2509	-344.380267	-336.622262
1944	-325.796840	-303.717844
1312	-381.612501	-383.933513
2643	-372.711859	-375.156130
1060	-345.713205	-335.600009
757	-345.678211	-344.874520
3460	-288.678290	-292.641020
306	-307.335530	-317.641422
458	-340.699868	-337.886771
355	-273.761263	-285.867102
1543	-323.360471	-311.297791
2892	-325.728271	-341.945709
288	-355.557059	-347.548558
112	-340.648166	-334.464947
1565	-325.735821	-329.985648
711	-341.849127	-328.006703
1753	-375.351387	-379.634575
1807	-344.469516	-321.883819
2728	-304.742823	-297.718937
2824	-304.720708	-310.219170
182	-324.474954	-343.126603
3162	-324.546164	-323.371478
1220	-325.800532	-303.023442
1904	-304.752598	-313.654419
1217	-325.773675	-314.210009
2090	-308.473428	-323.201894
1587	-322.133444	-320.765139
1082	-310.901659	-331.627715
2810	-273.763107	-246.011822
394	-344.385642	-354.460375
3722	-308.759135	-293.459294
1945	-361.754136	-349.607024
808	-320.774349	-319.086150
2100	-343.199390	-344.775560
1444	-304.691748	-278.450011
1071	-360.495618	-354.573086
3672	-309.689612	-303.883852
2160	-345.674929	-359.701620
2968	-310.909942	-295.934626
2492	-396.477101	-397.178976
2629	-356.679047	-362.781727
1275	-310.936083	-319.865518
372	-337.283890	-346.655139
1657	-338.273162	-332.411818
2689	-309.673807	-305.285793
2423	-338.238743	-344.395895
923	-322.135797	-329.414488
1674	-360.499243	-363.102728
298	-377.795528	-352.116834
3878	-360.554015	-361.448607
461	-273.773506	-244.863071
776	-325.781815	-325.545886
1440	-270.441325	-284.327695
1040	-268.307873	-266.750651
2525	-324.569051	-326.825210
934	-345.650323	-352.511493
3200	-265.433051	-259.930449
1075	-325.751822	-300.939272
1832	-309.737802	-309.494791
583	-285.016369	-267.265260
416	-271.318448	-279.478227
1035	-284.385189	-256.883878
1396	-346.886411	-348.088535
482	-272.599303	-204.787218
1450	-273.757658	-300.409433
1477	-303.462312	-292.477612
2061	-345.638357	-335.894154
3918	-289.794194	-302.202367
3409	-356.696744	-354.191737
3719	-320.742924	-302.060440
418	-324.565412	-331.854327
535	-248.416462	-233.021671
443	-325.754109	-316.594402
2474	-357.944802	-350.904571
3819	-397.692021	-386.641208
750	-344.384630	-351.936291
118	-352.905052	-353.898410
3576	-325.729906	-328.635466
280	-271.324234	-252.327995
168	-325.810050	-323.457004
1794	-325.712420	-314.393171
1077	-326.938562	-323.088628
2410	-361.673369	-372.630798
3411	-286.134060	-280.525328
3808	-345.614760	-355.255208
148	-345.629933	-335.201512
1747	-360.559076	-351.820208
717	-380.401348	-385.810088
3815	-288.574763	-291.052603
3182	-287.440436	-311.661896
3328	-324.549529	-329.784861
409	-306.383308	-301.117893
3108	-361.653332	-356.706955
1688	-324.567893	-328.423958
31	-359.310420	-361.858750
981	-303.499320	-281.454976
1434	-344.482088	-351.362028
927	-340.676668	-356.575736
2364	-360.507160	-364.703858
3508	-309.675176	-308.552296
2685	-344.426408	-345.811533
2499	-376.539208	-377.276529
1706	-382.777508	-373.456246
1151	-392.620909	-385.039100
1009	-266.763445	-309.149547
3903	-340.636306	-333.857270
1873	-346.842529	-334.840317
2366	-286.466852	-299.391958
2267	-291.016020	-286.856191
2327	-381.624797	-368.099009
2027	-376.585000	-382.836676
1327	-320.768458	-340.866501
2257	-307.238509	-308.806036
3735	-360.522940	-359.624395
1979	-308.462923	-298.965302
2192	-307.232824	-324.193720
1897	-197.629387	-163.807885
2513	-345.631685	-335.017161
829	-310.909285	-321.496131
1291	-285.276634	-273.533614
995	-360.542928	-376.799332
1381	-303.795699	-291.643759
1550	-301.345683	-296.361154
1358	-340.682075	-343.513586
386	-325.776001	-322.369235
721	-185.648533	-220.622156
1235	-265.447270	-273.041706
3066	-345.688382	-352.274505
1761	-376.622507	-371.863831
787	-360.525379	-343.319151
1237	-360.542541	-369.211406
259	-309.735245	-324.052211
1281	-308.457113	-309.664397
1295	-346.829652	-350.987242
3242	-397.707881	-389.322670
1150	-308.551121	-331.458499
2035	-249.294409	-245.094902
3414	-285.313674	-274.305811
1586	-272.837559	-279.232734
2306	-287.354343	-289.970583
3068	-306.015194	-302.655669
888	-323.328290	-322.971626
3887	-242.196351	-254.025410
606	-343.235457	-328.254151
959	-492.026657	-503.695865
2767	-340.635968	-345.016983
1400	-306.067385	-298.759739
1152	-308.448572	-311.708008
2021	-346.818246	-360.971736
1087	-324.508933	-321.336534
1136	-271.296056	-274.195408
3549	-323.437779	-325.003280
895	-356.728690	-356.019194
3312	-323.647099	-329.673796
419	-312.128001	-337.415210
3812	-271.623066	-273.352265
3387	-309.727603	-311.393918
3630	-287.660591	-290.643160
2956	-360.528914	-364.820212
1160	-286.467220	-281.274479
2183	-339.459869	-338.105585
381	-341.835557	-370.751124
1737	-323.398064	-310.864178
3503	-266.630629	-272.852816
1719	-232.050342	-187.200059
2064	-309.687401	-306.487536
2144	-324.574829	-315.566903
2434	-377.845502	-372.244431
1886	-302.286171	-306.020121
517	-344.434827	-344.649009
375	-346.857432	-345.954673
2638	-309.688194	-303.497317
2709	-345.632155	-335.295453
3338	-308.466631	-305.902407
1592	-271.616430	-271.694220
3622	-304.726439	-300.781257
2439	-324.485913	-323.755461
2860	-345.600676	-336.231919
2980	-274.983908	-297.537453
287	-307.560718	-289.381621
2210	-325.710772	-319.344757
1919	-407.364323	-401.398615
1116	-356.691214	-355.518000
2658	-308.461040	-322.482286
3853	-271.336383	-315.378252
2614	-232.164586	-231.104238
2705	-270.384180	-261.543211
3877	-340.623773	-338.266159
3377	-360.549337	-349.983206
1935	-361.677841	-349.449208
2077	-309.736028	-293.947508
521	-262.065493	-278.918728
917	-323.320690	-312.390345
773	-309.674485	-291.702217
2347	-308.476587	-303.251504
3729	-376.562796	-380.452400
1517	-359.342366	-369.414683
3264	-307.260972	-305.169351
327	-324.607903	-329.059924
352	-288.557016	-284.834577
1954	-226.144377	-229.764926
1683	-346.829154	-352.917650
3962	-341.865856	-357.975361
3567	-309.693494	-335.452705
655	-325.771459	-305.244595
2551	-325.792606	-330.071599
2349	-301.357553	-304.320762
1513	-306.368494	-312.552085
204	-287.353313	-279.579669
4	-270.439280	-263.177040
2147	-382.781806	-391.934954
147	-345.615452	-362.056854
2163	-324.503356	-334.672398
2975	-345.579201	-345.616570
2514	-354.197108	-358.220799
1089	-344.451793	-339.353403
2215	-289.795079	-291.323951
107	-307.580090	-317.085618
689	-341.818686	-327.794395
8	-272.545439	-277.376915
1001	-304.724431	-299.412413
725	-325.725266	-328.736443
1456	-308.496384	-321.418746
874	-271.611192	-286.493475
1391	-323.317575	-325.145319
1096	-309.689595	-311.592505
2952	-308.511290	-308.044855
410	-325.835955	-315.227444
3956	-345.698757	-337.329325
3148	-324.567513	-314.673195
220	-276.205821	-245.270566
1851	-361.717868	-359.610358
790	-341.836780	-337.557362
1336	-334.362330	-326.059431
1744	-288.535621	-277.895977
2541	-341.834413	-341.351013
2232	-56.525887	108.946124
1835	-376.631067	-372.620230
736	-325.799293	-328.055082
2465	-339.464024	-355.470783
18	-309.719641	-317.147682
3276	-344.508729	-346.803070
1786	-325.785038	-319.302842
1828	-284.993731	-303.265240
73	-233.293627	-234.946986
2584	-360.567154	-361.448571
3945	-304.737186	-302.121217
3060	-270.441145	-279.768446
156	-288.654408	-290.613517
861	-360.488871	-371.353090
3934	-381.630276	-365.834582
2280	-359.345792	-357.532657
2511	-250.500016	-250.537207
503	-355.514134	-345.891722
239	-270.446608	-269.509716
3098	-345.658421	-353.101123
2583	-346.859078	-340.058444
1364	-267.963366	-261.213058
954	-324.612244	-325.317696
2749	-340.645995	-342.653173
904	-345.608456	-362.031544
2924	-348.045292	-339.053097
2485	-392.676111	-383.250280
2066	-432.401755	-430.262709
3682	-291.017820	-307.801466
1501	-288.653529	-280.118428
3651	-303.463214	-300.837370
1915	-361.705669	-379.511867
102	-307.230370	-303.810145
994	-323.428670	-331.549406
613	-309.689486	-300.470338
2901	-318.323005	-331.187984
3824	-302.288055	-302.922861
1868	-326.949224	-322.800679
842	-360.514766	-361.147078
265	-236.916125	-242.121427
400	-376.570473	-380.086158
3210	-336.808333	-342.001292
403	-272.843742	-283.728707
672	-345.661057	-337.835050
1141	-115.679136	-49.650050
342	-323.351196	-320.241388
971	-324.624537	-326.050617
2926	-320.764569	-321.594929
1718	-356.706262	-349.332277
880	-345.648463	-344.494952
2456	-345.610758	-330.858689
1297	-345.621773	-346.248702
661	-335.635079	-334.846580
3405	-269.206920	-263.655124
2976	-356.737615	-366.693287
3401	-338.175569	-342.041217
1274	-309.686648	-304.798038
567	-339.489014	-333.046623
430	-307.543210	-306.541505
2378	-339.490841	-347.457944
2974	-396.486691	-410.581481
3310	-309.721850	-301.590108
1717	-345.603646	-349.361894
909	-325.789320	-312.531058
3332	-376.610619	-366.799285
3041	-345.692143	-345.489565
3301	-371.491061	-371.729051
1579	-288.589020	-292.827856
830	-320.767103	-317.602538
1119	-304.733360	-307.359984
3932	-360.472117	-351.850732
249	-306.347185	-286.632970
2069	-346.855971	-358.220623
391	-345.584667	-345.088903
3755	-341.874216	-344.711779
780	-308.769557	-325.910263
953	-392.650949	-392.993423
3249	-325.739818	-320.069497
2324	-346.831385	-343.706145
2287	-310.905485	-318.578900
2677	-309.684577	-286.728819
3886	-270.388222	-260.475076
453	-375.430225	-330.365133
2342	-309.680487	-318.327949
951	-307.548619	-318.380566
2659	-324.461004	-326.226830
2250	-339.462492	-332.106539
2830	-325.800699	-323.630484
3278	-298.952950	-306.865894
3539	-324.625415	-335.880456
3967	-273.758273	-291.282732
184	-322.436757	-329.461860
3229	-271.614305	-250.292295
3857	-340.686134	-338.379920
1214	-341.865386	-347.718686
2867	-361.734339	-323.699086
3961	-308.561152	-301.821335
1739	-303.454720	-295.685002
2632	-306.344083	-308.369035
3679	-320.794248	-309.702757
1212	-304.733723	-310.831674
642	-234.476516	-249.714795
2964	-362.945907	-341.830747
2835	-362.925466	-375.275104
1320	-340.656628	-337.272573
153	-347.466594	-341.337594
654	-309.727166	-304.041661
192	-310.897684	-311.542326
2230	-262.056533	-291.098970
3969	-324.609784	-327.940412
2874	-309.725707	-312.350514
2736	-310.922181	-287.706515
964	-291.014970	-306.547390
2103	-346.834331	-355.945854
2679	-312.130526	-322.693370
3159	-324.612512	-317.207855
3801	-310.937414	-315.736935
81	-318.390876	-317.627354
782	-361.678341	-361.860337
708	-306.313133	-283.070109
2544	-381.632480	-383.832729
2515	-323.341413	-311.990129
1781	-324.582445	-320.428340
926	-345.680086	-347.227985
1066	-375.344926	-379.775984
555	-361.677945	-359.128906
350	-320.793580	-320.173786
3600	-325.781571	-321.156711
3232	-345.686487	-333.975496
730	-336.821088	-343.508790
2954	-305.915530	-313.209562
3681	-310.914919	-306.542684
3598	-340.671493	-342.733835
2955	-346.822341	-353.942759
3435	-361.728293	-362.017761
2002	-286.504040	-295.625758
3530	-309.739069	-301.254770
2534	-362.960595	-358.048778
1810	-288.653294	-290.254671
2592	-308.486071	-299.494397
2391	-310.927566	-288.481402
97	-286.495035	-302.551266
1154	-310.937644	-312.339455
862	-361.764434	-356.925653
3526	-249.285024	-238.784216
1928	-326.927990	-321.273100
2937	-324.573883	-341.341681
932	-361.764881	-350.125604
737	-336.836792	-332.720220
3803	-287.351460	-297.198390
2054	-302.588564	-311.947590
426	-362.933001	-353.327234
3035	-344.404557	-361.851550
738	-324.592221	-321.702190
161	-285.276468	-286.676804
3356	-270.447268	-273.915362
3703	-287.697316	-294.142304
1144	-264.255612	-247.388238
490	-231.142581	-255.633621
2032	-287.663174	-283.860338
2581	-234.469389	-235.051242
2698	-344.434438	-347.744253
885	-324.623780	-331.620043
1894	-360.532510	-353.964985
2700	-304.687547	-314.273715
1670	-269.230258	-275.321275
1863	-381.631601	-375.473509
3830	-346.817778	-342.991089
157	-376.519880	-387.094342
3131	-303.560907	-303.106177
1201	-224.944660	-201.314962
814	-308.509272	-316.522734
2398	-319.533364	-322.775377
1431	-344.392695	-343.687770
876	-325.807685	-322.296508
3454	-376.600944	-379.035498
2681	-308.466840	-301.447075
2899	-310.930659	-321.509529
2714	-398.878264	-391.648496
3133	-356.679691	-356.854633
1496	-268.248371	-225.897251
3649	-343.292778	-344.315886
1013	-271.300649	-261.732177
2271	-310.916474	-297.962296
3239	-361.708121	-353.382926
1409	-285.282853	-292.852528
1172	-357.927353	-354.513699
665	-288.571762	-291.642878
1703	-286.154755	-278.658445
1845	-302.309526	-299.370139
3990	-303.459637	-292.163462
1147	-304.755780	-300.812593
1037	-306.397746	-291.738758
3522	-309.691414	-320.010350
335	-361.729115	-356.551208
3664	-269.219315	-254.443142
3006	-308.470648	-315.527691
1844	-325.808754	-323.776933
411	-397.680771	-411.546083
3831	-451.528971	-473.509156
2992	-343.202564	-337.089520
2828	-232.030352	-226.694476
978	-324.545574	-333.830746
3905	-395.515911	-392.326616
3553	-346.830674	-340.508236
1958	-340.595950	-342.136145
2418	-304.734646	-302.684429
775	-344.469204	-338.061582
3952	-269.175627	-253.573136
1179	-343.195060	-359.641588
573	-286.504534	-288.168365
63	-287.377993	-272.741720
348	-196.432825	-181.687395
213	-249.281074	-258.175731
2773	-325.684055	-296.072537
2490	-343.078368	-340.318790
646	-323.641347	-329.872114
1269	-307.563525	-322.658145
1173	-344.465017	-355.648785
739	-309.678703	-312.601516
3074	-272.553250	-276.176978
199	-309.673895	-318.818140
1672	-336.831068	-339.012588
2969	-286.484904	-294.362261
3103	-340.631134	-337.851213
2495	-307.596472	-308.808973
3344	-325.748658	-334.741031
318	-310.954514	-330.049338
3303	-272.589883	-294.826280
3398	-304.686259	-297.988173
615	-345.676743	-355.855955
1862	-319.615129	-322.916133
431	-361.712798	-370.608672
2978	-340.669862	-343.552124
2158	-340.663379	-346.315460
3814	-361.745554	-353.119549
3027	-336.811099	-331.671217
2831	-356.723059	-356.454286
3620	-359.351415	-364.302358
195	-296.296482	-297.338860
705	-362.953848	-335.454905
2325	-273.732431	-243.916720
405	-273.804251	-289.702290
1624	-340.670034	-350.471156
2354	-387.558484	-380.806306
141	-287.734664	-287.862092
2887	-345.641890	-340.395350
2683	-309.686061	-315.175904
188	-339.406341	-340.953828
1964	-309.726463	-309.988500
500	-308.452306	-306.975826
3023	-323.343769	-324.580033
3960	-336.825944	-340.186710
2498	-288.539500	-281.611302
345	-309.704732	-303.491041
3706	-345.687338	-336.593237
3402	-234.522504	-226.013820
122	-339.419649	-344.169983
563	-345.644179	-351.525594
3130	-270.427802	-282.085692
1808	-356.676972	-359.418465
970	-310.911364	-308.955601
1379	-325.731549	-320.497479
2911	-289.871661	-299.848680
905	-360.513668	-361.549238
1689	-336.823026	-388.354789
2206	-312.126404	-317.273915
1019	-327.016183	-311.031099
1524	-272.550818	-247.354342
272	-322.161948	-337.107763
2535	-272.835594	-292.457268
2133	-323.338627	-316.991704
944	-320.766684	-313.063201
295	-320.770299	-337.076161
1064	-276.202311	-230.858652
95	-351.666551	-347.072578
2958	-324.580268	-323.364055
2669	-309.763785	-309.325926
320	-232.333410	-206.176609
2778	-325.711441	-334.205446
2855	-268.917900	-269.021165
3257	-308.472221	-301.556879
363	-320.778723	-321.915876
3581	-319.540355	-302.583991
1643	-310.910140	-286.327011
484	-351.639205	-362.855659
2266	-289.766576	-297.445435
2590	-340.650928	-341.993152
2376	-346.840597	-331.596747
2155	-343.243883	-349.298723
3592	-323.367866	-332.687446
2612	-345.627545	-342.121621
1628	-345.637174	-342.188361
3482	-281.480993	-275.876507
584	-309.681686	-319.339433
3463	-304.735360	-297.752978
2386	-352.829520	-360.552288
2448	-346.833271	-334.923789
428	-324.570042	-336.499663
769	-271.361537	-292.210987
3433	-308.465425	-319.769039
2152	-308.540101	-295.121519
2335	-346.825562	-345.275782
3586	-287.506415	-285.123792
3528	-233.262752	-246.200012
2947	-355.510313	-350.568429
3029	-285.281493	-292.639884
1388	-250.583643	-247.316593
3298	-345.599182	-353.447408
1600	-249.301818	-257.387182
546	-306.365166	-301.249992
1791	-272.554824	-282.951794
2294	-341.831947	-337.546849
2350	-341.853951	-335.913584
2945	-307.281910	-331.741703
2304	-286.431160	-285.446959
3352	-272.834623	-283.585657
1376	-348.053064	-340.641087
2188	-288.690060	-300.195039
3552	-325.793166	-330.959470
3138	-345.651520	-349.148510
2219	-265.437885	-267.635723
341	-273.735711	-261.561563
806	-308.768073	-306.827819
1779	-288.583563	-294.582863
2890	-309.738198	-315.543328
491	-287.737498	-283.501501
3863	-346.804974	-366.233996
2519	-323.585680	-310.977305
1767	-285.277900	-270.775842
3833	-324.559324	-327.537049
1924	-340.591587	-336.563317
2351	-304.614169	-285.495491
462	-234.474088	-261.530739
3849	-360.531172	-371.982808
637	-360.557419	-364.152716
3429	-274.987297	-302.238725
2576	-306.418503	-299.877745
938	-331.411639	-329.888615
3988	-309.707600	-313.213719
1679	-288.576381	-295.151212
2146	-310.932540	-291.714155
3580	-345.661657	-351.057427
2536	-273.758980	-298.469025
698	-274.985880	-279.565367
3955	-323.391458	-318.638989
2166	-343.239068	-362.026541
80	-392.672883	-373.507415
2910	-307.536915	-320.819576
367	-360.491873	-362.236626
1042	-305.904676	-317.326000
2321	-381.536295	-388.929204
1896	-326.971392	-302.452289
3106	-273.735646	-268.568794
564	-272.569586	-264.393423
3386	-309.684862	-330.748596
1417	-381.586740	-382.888338
299	-195.196751	-203.516620
3832	-346.836423	-336.712757
976	-382.776658	-384.494423
630	-273.762561	-294.951434
1407	-235.694798	-241.499663
3859	-308.499978	-322.354340
196	-341.759398	-323.364624
3545	-310.915918	-286.054085
98	-303.553222	-309.555322
2707	-310.915408	-316.892326
333	-308.507517	-321.287849
1561	-325.749687	-332.294331
2238	-281.495234	-283.546056
1058	-324.585402	-328.753723
1454	-288.652757	-307.330210
233	-301.382062	-300.218733
1653	-157.116735	-197.651488
1701	-344.428649	-349.166340
3499	-309.702237	-305.409182
1665	-336.802871	-330.016694
2906	-340.657508	-338.789891
3787	-381.580675	-380.357612
1638	-344.481904	-339.396985
2484	-344.359905	-345.509462
2392	-272.551442	-298.753853
1169	-346.819305	-337.542461
3657	-312.124380	-291.270703
2080	-325.793131	-332.235425
2409	-324.595526	-326.008717
1412	-242.195730	-245.777518
1748	-288.688929	-288.347546
365	-361.740208	-365.554983
855	-271.614051	-288.087004
3011	-310.902708	-284.449166
3501	-318.409788	-313.136069
3985	-324.548763	-322.498444
3922	-270.394284	-255.519884
1750	-287.645651	-278.081896
2134	-344.433965	-339.792019
3119	-301.090914	-333.771142
2018	-286.492357	-285.055192
3930	-338.542975	-344.986974
997	-361.688335	-374.847996
1204	-361.704371	-361.501234
3468	-345.710017	-334.407669
1698	-325.800949	-330.598001
793	-326.950540	-327.829946
3875	-309.655400	-306.521457
541	-325.714161	-336.385213
1368	-288.584029	-292.441810
1569	-234.503085	-253.541371
55	-335.683118	-334.688183
2960	-271.360631	-270.776614
774	-395.551843	-392.394444
296	-345.688916	-350.312486
94	-362.955075	-360.756795
3048	-381.616883	-377.973901
43	-319.572842	-318.887308
3675	-360.534222	-355.071424
2374	-285.279236	-282.835823
144	-271.323089	-272.466982
1647	-343.242553	-345.887056
539	-341.886521	-342.192290
2606	-323.344105	-329.514679
479	-77.308427	575.757639
2341	-377.784360	-386.498441
1533	-309.671865	-318.141056
1671	-309.708282	-309.350059
3226	-339.491316	-340.869157
459	-348.056615	-332.182622
3911	-345.639354	-325.072347
376	-309.732528	-309.297266
812	-308.509197	-300.796982
351	-345.625747	-340.775576
3906	-309.685651	-316.390184
962	-376.587043	-374.696282
3389	-309.689740	-313.671734
480	-325.760797	-330.761171
468	-322.150234	-324.634287
2909	-361.687451	-364.576079
2740	-360.536920	-353.011669
675	-346.827397	-346.919877
2741	-297.520999	-297.750799
2918	-271.326117	-282.466195
1713	-323.381747	-321.513524
3266	-287.736841	-295.603550
960	-310.940611	-310.190546
2290	-343.224836	-352.063635
2818	-335.618370	-339.341970
2411	-193.075202	-248.943073
3024	-251.729571	-246.171295
2344	-305.915175	-304.588422
2379	-361.769162	-355.636008
2156	-346.827596	-344.423392
792	-310.898648	-308.930427
1031	-304.643927	-300.233628
1231	-324.569596	-334.963044
2242	-362.870426	-360.792501
2788	-345.596027	-350.450990
1922	-248.132701	-254.229381
841	-361.736259	-355.085806
2043	-344.484341	-356.580106
3546	-233.219124	-262.091491
2732	-324.579850	-336.993983
586	-376.582598	-374.343765
2804	-344.433943	-345.041720
3923	-309.737951	-313.799996
3867	-356.726146	-353.570654
3890	-341.849730	-349.729085
2920	-326.952797	-338.932243
2963	-287.651399	-283.495508
470	-303.460335	-304.425060
2781	-288.581699	-300.294196
955	-345.632414	-336.440972
3121	-344.419977	-352.019751
312	-234.485640	-294.426902
2726	-324.475651	-327.456367
474	-281.476832	-281.539650
2757	-346.855643	-346.541479
838	-361.709679	-363.168654
783	-273.806375	-275.892782
127	-322.216227	-312.484448
1603	-232.363630	-250.904595
401	-325.712603	-318.496457
3736	-355.517745	-354.185199
2115	-266.626759	-286.673176
2852	-274.986857	-305.342076
3279	-356.732861	-355.872805
3781	-274.984614	-296.285325
3619	-325.779372	-324.085789
1669	-287.426878	-287.782854
1732	-269.170665	-254.472348
64	-362.945802	-359.176589
3805	-309.680682	-320.744663
1620	-270.431243	-263.771662
653	-344.473681	-349.662792
505	-338.531538	-322.053146
125	-228.992613	-189.838111
1300	-324.595031	-326.888748
3669	-285.267165	-269.570072
3040	-360.506446	-360.378404
1445	-396.491525	-388.725791
1167	-309.729139	-301.303789
582	-325.833302	-325.478009
67	-172.006141	-164.143687
2651	-273.744309	-294.674271
3185	-348.053386	-350.688017
2240	-381.627040	-395.482477
1522	-324.485746	-307.470410
2970	-339.501361	-340.459834
1438	-356.728392	-347.861663
3277	-354.254979	-356.573799
2402	-235.696227	-207.018742
1654	-360.518768	-349.544062
1129	-340.618148	-346.619838
2623	-235.700285	-221.914313
514	-309.685045	-309.921928
494	-345.611057	-341.667264
2794	-304.681399	-302.927240
1929	-324.551800	-318.821702
3872	-340.691219	-339.681805
643	-345.663386	-348.031532
1757	-285.313612	-288.098055
744	-249.332005	-268.384573
2130	-271.612772	-249.082296
3543	-287.318584	-294.695242
2648	-325.728744	-317.808330
3507	-376.594067	-375.480090
27	-324.573866	-329.363901
6	-345.687671	-338.416035
3075	-324.616343	-317.128192
2993	-346.825502	-337.430310
692	-362.917261	-356.906901
1999	-233.547877	-207.544089
478	-119.052475	-236.038890
986	-347.459586	-345.768023
2943	-340.654874	-348.808235
1317	-344.393241	-333.268363
1140	-304.683966	-310.282204
2413	-345.604177	-361.751228
2458	-361.683558	-355.181504
3823	-303.527274	-309.162636
1355	-361.727678	-346.466385
3345	-312.120708	-323.923987
1023	-309.663477	-314.518567
2840	-284.048718	-288.308947
2849	-355.442748	-356.571676
3205	-341.842686	-344.750049
1502	-340.679724	-342.951087
3484	-341.890999	-335.225405
3551	-345.646761	-349.237692
3017	-271.339346	-266.901223
1048	-286.495416	-297.711925
612	-397.697891	-392.694535
764	-233.560626	-242.217303
1088	-291.017433	-298.902534
634	-154.960361	-269.499833
3293	-360.535142	-368.250791
3111	-318.340705	-322.359139
285	-249.362379	-267.243543
2812	-381.619786	-368.276054
2202	-324.602888	-335.093680
2173	-304.678340	-324.042030
3443	-346.866543	-350.759494
2292	-343.246371	-364.506620
3732	-320.774305	-325.524413
1521	-323.665247	-332.885201
1316	-361.652250	-362.301194
1053	-340.610046	-337.827370
1997	-271.666841	-277.519393
1497	-251.731545	-257.499114
3300	-344.499155	-336.291326
568	-303.458583	-317.538072
2046	-286.493052	-272.509696
3480	-286.460642	-269.711236
617	-376.521083	-375.077573
3105	-346.821661	-352.080536
496	-377.794221	-388.358649
800	-324.611571	-327.944062
742	-272.588370	-299.843362
3410	-271.316922	-277.793875
2921	-310.904813	-317.206904
1062	-324.496997	-318.935925
3982	-324.592116	-315.766938
833	-325.761605	-337.542508
1148	-284.062954	-295.505978
1252	-301.395982	-299.859465
1202	-361.725394	-387.184458
1052	-361.770383	-355.870211
3777	-339.431092	-337.193038
1783	-320.761312	-331.451642
1680	-377.842223	-369.654698
3860	-308.505267	-329.682398
1459	-306.320451	-319.876478
3233	-304.691526	-306.555750
2179	-361.698233	-356.128853
1888	-276.201993	-231.323849
466	-382.782183	-368.003569
2045	-324.495988	-320.760628
1402	-286.203815	-294.259417
3966	-376.570141	-382.441858
2821	-308.511516	-316.167755
1097	-325.784473	-308.483773
3666	-309.735874	-322.530311
2330	-287.681216	-289.235442
1812	-307.275809	-312.575310
3696	-308.474441	-302.239361
2760	-155.908941	-256.428189
1049	-323.336196	-354.314801
1648	-345.660642	-352.198618
2497	-325.763216	-321.951323
344	-343.305175	-356.676341
931	-361.763293	-348.415417
891	-325.767721	-312.458501
1487	-345.665813	-336.617593
449	-325.753993	-327.235198
1821	-308.473320	-322.076237
105	-309.727110	-314.475179
1208	-345.608535	-344.506464
3692	-281.505078	-280.704183
2965	-344.689237	-367.168022
437	-309.705971	-320.043982
2649	-381.581036	-364.195147
3742	-271.272557	-265.314341
3596	-285.328258	-290.190861
1030	-309.683546	-297.279833
920	-281.489179	-286.158898
3709	-340.613243	-343.640809
969	-325.797425	-318.221490
1635	-360.520081	-364.197572
201	-308.561649	-305.635981
2299	-280.273691	-275.643569
1051	-346.860404	-346.348769
2426	-340.650391	-327.879356
3749	-249.363949	-259.395625
1393	-271.647465	-258.381307
2187	-310.904927	-321.713778
811	-304.567859	-283.589009
2944	-309.687280	-306.869464
533	-287.720383	-299.504714
2261	-233.260156	-232.492248
3175	-309.649998	-297.590555
1678	-310.955296	-291.532938
2246	-287.318502	-287.070864
2735	-309.690179	-309.094461
1225	-196.409349	-151.189986
41	-345.649146	-343.671297
3320	-310.952127	-318.514165
1572	-322.170570	-320.271510
3813	-340.620847	-346.185616
807	-340.681309	-341.364937
3187	-272.591906	-265.180970
3750	-346.838572	-347.271964
3606	-310.906553	-308.116993
1809	-324.559733	-318.248361
936	-382.773457	-383.137278
3058	-247.214450	-233.435404
2447	-323.330261	-325.775758
3851	-326.998454	-309.775668
3296	-345.650105	-348.405459
918	-310.917344	-309.600918
3196	-297.530335	-293.942883
3449	-297.510804	-296.856271
3638	-306.320806	-297.240149
197	-233.549368	-217.574279
751	-361.724921	-367.326025
1626	-345.619567	-341.053406
1619	-340.600021	-336.522450
884	-276.202586	-249.028120
2477	-360.539944	-358.664275
2607	-275.007113	-192.250945
3092	-340.610697	-344.421040
3604	-273.812100	-263.079891
2655	-235.723792	-204.777455
3268	-324.562156	-331.543983
3992	-319.576017	-323.985753
786	-307.544728	-306.121264
382	-344.494711	-337.361459
1560	-340.645686	-339.217723
2816	-310.905786	-294.588911
3302	-324.577047	-325.833829
2663	-361.722327	-367.108931
3362	-345.632413	-350.255455
236	-325.758113	-324.759934
26	-301.359287	-308.927061
3938	-345.645388	-336.165113
103	-291.024232	-307.754440
518	-289.791234	-276.903693
796	-344.453746	-338.893795
557	-312.122696	-300.526329
2995	-381.584942	-359.780305
3829	-323.654114	-346.813832
3001	-270.386138	-259.637832
1469	-324.444698	-311.112022
108	-345.614707	-351.105422
268	-362.957295	-386.866898
1740	-376.599676	-382.379690
3208	-288.572843	-286.578795
413	-301.369263	-305.881963
273	-323.312375	-334.601113
2526	-340.601771	-338.373485
3064	-326.983087	-321.921275
2443	-288.547509	-286.896735
427	-382.798099	-358.937721
2460	-345.631797	-344.068681
1239	-356.710448	-361.901845
82	-309.701458	-313.599674
1660	-274.985107	-296.582273
1823	-340.656176	-348.899388
3078	-383.966179	-387.921327
371	-380.374978	-379.532693
3458	-345.693035	-324.686825
977	-285.160699	-295.640406
420	-362.950092	-362.595431
2585	-249.269471	-263.058854
377	-360.527122	-356.812197
1279	-377.837977	-362.855688
1956	-308.461475	-322.284515
3852	-361.710525	-363.858279
2131	-320.777849	-318.354516
3978	-282.861121	-295.386695
2809	-344.506029	-350.709214
1934	-341.769746	-347.420378
3172	-274.982310	-282.773940
1324	-270.399280	-300.346277
1314	-324.460304	-328.699729
244	-346.835129	-344.949515
669	-377.780670	-389.451456
3424	-348.051118	-346.445377
551	-382.817123	-385.596109
2717	-309.726244	-308.460934
2711	-322.460671	-316.569374
3741	-169.860788	-65.367991
622	-341.886905	-328.472348
267	-345.641113	-356.062800
1662	-377.834156	-383.445289
311	-287.724713	-295.444379
706	-303.481839	-288.435207
2593	-321.252793	-328.846619
2784	-273.803873	-276.224855
2785	-310.915445	-316.413543
1437	-376.547304	-360.924208
3222	-344.494043	-348.188830
3013	-346.883127	-345.987558
3086	-360.507527	-372.136038
3413	-308.440890	-321.089421
1249	-272.543724	-280.830711
2281	-345.643890	-349.763645
222	-412.548009	-407.465040
2164	-304.744503	-303.600958
3260	-345.595084	-350.045950
3858	-308.459001	-305.714997
680	-325.806369	-321.524930
1941	-286.206129	-279.690265
3975	-309.693760	-324.889305
3474	-309.730988	-307.864058
3071	-273.789182	-274.935921
2277	-383.973315	-408.561983
772	-381.599310	-374.011441
1271	-310.902165	-299.407291
2609	-322.351046	-326.689347
1002	-287.689262	-304.187460
3565	-286.474509	-284.449791
1769	-324.569009	-350.467612
3026	-250.478855	-232.196228
3245	-327.024699	-333.715189
2868	-270.407057	-279.079582
1780	-345.606551	-331.999965
2003	-324.579943	-324.928363
3016	-309.730329	-307.584976
2269	-308.452310	-334.618378
731	-355.501990	-348.895059
2268	-302.558547	-305.456838
3428	-288.564752	-278.756937
3372	-309.705858	-294.395923
2991	-272.841336	-263.296533
1545	-308.468255	-324.596250
3758	-272.557350	-260.140299
2373	-302.564379	-311.110107
785	-273.796695	-282.340117
1264	-324.536694	-319.271117
733	-345.660927	-338.100612
2503	-345.653983	-352.056264
914	-361.707841	-362.730756
2323	-310.954565	-328.589964
1034	-356.732791	-350.941358
1681	-310.908780	-347.556741
1939	-242.205627	-233.554445
1479	-309.677142	-321.914309
3213	-339.438949	-348.387425
223	-339.501781	-340.046810
1866	-310.940708	-297.839982
183	-362.962787	-360.962836
3199	-273.811544	-280.183899
1102	-116.609549	-62.400561
2361	-304.727460	-309.455380
2662	-345.635068	-334.529638
1283	-345.605635	-344.034282
547	-360.540793	-367.189871
2800	-287.478272	-289.334306
2123	-327.010026	-335.411762
1209	-392.612820	-396.334995
2832	-250.585843	-271.056220
1492	-310.927319	-286.229678
724	-320.775720	-324.616033
78	-270.472470	-266.595923
2672	-355.556836	-351.110481
974	-303.468081	-299.722588
847	-324.608363	-327.243219
3169	-310.902849	-300.619648
3951	-326.977685	-328.379972
3795	-310.908453	-311.154227
3737	-361.714817	-366.744286
759	-398.888473	-378.607802
3788	-361.725962	-357.219100
1210	-340.641282	-347.600155
1194	-381.612648	-382.749457
3548	-79.764152	-152.102979
1248	-304.732336	-300.957828
1893	-344.385273	-345.509539
3140	-284.987905	-283.901800
3063	-317.413890	-314.980360
2642	-324.578146	-338.996068
2553	-302.545562	-309.180982
3746	-309.736797	-299.562005
1168	-308.454820	-312.090077
668	-267.103350	-297.147981
316	-341.858490	-334.905259
3489	-308.508824	-316.278798
906	-383.969892	-392.906545
2815	-324.570906	-314.435723
2857	-362.899149	-343.236041
3519	-376.604739	-359.431492
3759	-270.393902	-263.898587
569	-376.620836	-364.684795
2982	-325.722723	-322.225301
1471	-346.857623	-349.181869
549	-372.785072	-371.306774
3653	-309.763576	-310.872715
360	-346.890881	-351.653427
3921	-343.218379	-357.561871
778	-324.573162	-333.958905
2248	-377.773452	-364.047799
2880	-346.831172	-349.379036
1571	-470.915515	-467.266506
1820	-324.522751	-316.734403
2489	-250.583259	-277.244571
1564	-288.555332	-269.605266
1995	-362.946041	-357.038409
2555	-287.427764	-285.873477
3986	-355.516778	-356.560205
2805	-272.587161	-277.863200
3287	-271.458576	-260.667437
1216	-308.465534	-308.558711
1830	-345.641862	-342.736760
2322	-355.508682	-354.927283
166	-325.729970	-307.048774
3043	-196.405320	-193.302250
2826	-308.764658	-288.856488
2212	-346.837271	-327.041039
1161	-308.513516	-313.839047
682	-302.303791	-302.193063
109	-158.340943	-29.529417
134	-308.516376	-325.069226
2273	-324.579188	-319.242051
1622	-346.869712	-339.801676
1621	-346.884834	-323.173315
2301	-324.616647	-332.302974
2339	-326.954728	-319.500754
1254	-325.753541	-328.579994
3497	-392.627857	-407.946573
556	-272.600604	-253.730448
1605	-345.703157	-348.619170
2400	-345.592410	-342.029194
3577	-361.716705	-349.458103
2302	-492.008892	-500.207947
2128	-308.504896	-309.448844
45	-266.615452	-270.509524
1178	-382.751729	-386.944806
2383	-324.593866	-320.337654
621	-310.899323	-338.813536
3571	-309.676719	-310.502105
3317	-269.177232	-275.455028
989	-272.839582	-260.563276
1354	-382.790027	-394.375819
3688	-322.476720	-304.198996
2209	-382.781841	-383.562479
151	-270.397623	-264.819806
1056	-271.618179	-273.251541
2631	-380.316551	-385.765881
2340	-310.899612	-340.704561
1411	-327.023352	-321.754817
3299	-325.725069	-325.054261
3230	-344.454591	-335.652317
2357	-325.754267	-324.697832
1556	-340.659506	-343.639726
3388	-271.606364	-273.169555
1247	-325.770105	-312.725172
3793	-381.580932	-354.313091
3647	-325.794522	-313.457542
1092	-360.552974	-365.098394
1114	-302.353948	-302.693292
524	-308.507004	-327.507011
2549	-375.410333	-371.398045
2768	-340.690205	-340.026581
2848	-339.419688	-357.624637
2953	-348.047609	-333.397970
1084	-309.711894	-315.906814
2491	-381.634033	-375.592560
2687	-377.816463	-355.128918
958	-302.599262	-281.114994
3687	-325.793945	-320.709056
209	-308.493663	-311.935800
821	-307.566593	-319.664605
3251	-306.056425	-314.968691
3727	-285.317454	-287.898041
2898	-310.940190	-307.297601
1970	-362.897428	-363.556019
3838	-271.318933	-267.743261
1100	-380.373569	-359.001314
358	-272.544323	-273.170943
2112	-304.729640	-291.855707
1483	-309.723988	-293.481662
128	-303.785832	-298.586201
809	-361.738091	-367.401431
2055	-304.724717	-307.100332
767	-346.861463	-332.919662
3030	-324.500475	-315.515343
3689	-308.467642	-295.258974
3459	-346.831382	-337.476386
2971	-312.131841	-338.708024
1311	-288.545722	-287.282790
2894	-309.717750	-315.994585
2653	-361.749428	-362.042185
3716	-361.720799	-364.949952
593	-303.525517	-301.367433
2053	-320.769272	-320.573764
349	-309.687623	-312.360930
1015	-344.454928	-362.353106
165	-327.013034	-318.720691
2348	-285.253877	-280.248446
2214	-245.994065	-280.744772
1495	-286.516879	-274.640970
3912	-308.435951	-312.469093
3347	-286.510514	-297.719145
2650	-361.727711	-347.739643
1389	-272.510742	-273.797337
3734	-326.940196	-323.798764
7	-309.722879	-305.629308
850	-271.623957	-267.059868
3625	-326.948771	-317.565856
816	-356.748545	-354.739541
3342	-153.787612	-131.169869
1481	-376.634518	-375.007680
1315	-288.533780	-280.388853
2244	-414.351653	-397.206564
1280	-356.683566	-360.652577
2896	-356.725069	-357.960444
2249	-392.653825	-390.297300
872	-309.711438	-307.860288
2574	-273.812881	-273.238765
2702	-309.685148	-309.244713
2446	-361.740252	-352.215400
3684	-362.958208	-364.256753
1430	-361.720960	-355.477168
33	-264.504487	-265.545960
3493	-232.333258	-236.620765
2071	-246.029150	-277.077711
3977	-288.552886	-281.879048
2905	-307.206439	-310.975444
429	-288.570364	-292.108814
2989	-287.317913	-288.058464
3780	-323.320574	-336.025540
3002	-269.479234	-282.404868
1870	-309.686187	-312.443821
3272	-173.147782	-224.231220
1976	-346.831692	-351.007328
1463	-362.938449	-357.757352
2854	-325.810616	-317.112780
1270	-307.571937	-322.319166
3943	-376.602183	-377.227299
116	-346.831175	-350.915804
2692	-356.663387	-363.515720
1384	-361.755719	-366.340938
1534	-340.632075	-347.671534
2862	-309.693471	-283.751360
3541	-379.527167	-370.630535
1633	-247.201165	-254.217051
1589	-324.608694	-326.848198
3290	-341.859618	-327.462049
1094	-304.696023	-288.107237
3243	-377.816466	-355.134353
3940	-308.464824	-319.933701
957	-360.490486	-375.710585
1374	-322.175807	-322.730936
3361	-324.558989	-322.642080
2838	-324.547436	-320.076974
3080	-344.436248	-343.336416
2425	-322.435505	-320.725636
2403	-326.955365	-326.365379
309	-309.718312	-289.975103
2029	-380.417684	-380.757048
3319	-376.604793	-379.907599
3190	-232.325947	-200.611601
1511	-271.315027	-249.902712
651	-232.334436	-237.046453
2293	-269.216495	-238.273722
2450	-312.124760	-314.943292
393	-323.334482	-315.794051
3728	-234.474951	-240.563854
1447	-469.758395	-461.870960
374	-372.796889	-363.289487
2668	-310.906004	-319.766612
2081	-273.775864	-241.363662
827	-303.556664	-304.851742
2149	-341.878745	-310.749835
2428	-309.682996	-312.062747
2254	-359.388326	-371.594873
2445	-324.576679	-323.420239
853	-76.404702	426.840820
40	-344.338878	-346.502333
2657	-308.451299	-309.780611
445	-319.610687	-323.531565
3611	-324.577560	-323.368257
1871	-306.406578	-313.752781
3126	-360.523204	-377.714075
3861	-234.486176	-228.826584
897	-345.659998	-332.431651
2255	-360.513163	-348.350551
472	-273.761356	-271.335519
1685	-338.273553	-331.431328
3668	-309.700336	-304.942817
2837	-325.730097	-325.111182
1418	-325.725274	-332.768948
2356	-323.346816	-328.064421
338	-272.544500	-266.833353
956	-230.183076	-250.469474
2367	-361.723620	-371.066373
3946	-286.438084	-283.396026
1632	-340.673967	-344.101460
3425	-324.547564	-323.226170
1241	-345.608395	-344.226226
2279	-309.711101	-297.950995
620	-346.820834	-364.667766
900	-288.561991	-284.727588
1387	-361.698635	-367.692102
754	-361.718210	-369.771735
1024	-302.535621	-305.199872
152	-306.286325	-286.584089
2506	-307.526911	-322.614200
3583	-325.721011	-314.949189
3844	-308.450468	-299.565605
489	-356.745773	-348.070296
368	-345.595021	-361.472123
552	-340.639366	-353.890446
2023	-317.402836	-314.552715
3753	-271.652242	-280.403943
1961	-197.629416	-169.356396
1526	-269.267574	-268.689432
2455	-344.431301	-345.672430
1310	-307.529289	-306.137370
2464	-297.555801	-296.038114
2068	-308.471269	-294.400468
2263	-274.983122	-260.070710
2701	-326.942959	-326.641953
495	-342.297848	-320.267486
886	-304.728323	-295.252167
3502	-376.564063	-370.139304
1405	-361.711854	-395.061917
2759	-393.905418	-399.373220
2476	-346.865438	-335.221244
3440	-322.135917	-321.857195
832	-308.470270	-279.407674
2904	-302.545112	-311.438414
1139	-270.382725	-284.208881
77	-348.062001	-372.698909
515	-287.727890	-288.722599
3854	-346.867382	-344.581027
512	-346.861026	-325.883704
106	-362.952198	-351.814611
2512	-346.823548	-347.802810
2927	-324.500425	-325.420961
560	-344.385047	-337.266655
1782	-308.555419	-318.823897
1332	-209.144909	-216.318783
2416	-344.406447	-359.514661
1258	-344.472090	-339.907415
3537	-346.860694	-343.162099
566	-303.472917	-308.762942
2475	-381.524347	-395.015476
823	-361.732840	-364.468835
3756	-326.943546	-310.639854
322	-346.832352	-340.676328
3806	-309.676410	-309.954820
3751	-339.491316	-340.734321
3285	-247.192524	-243.095232
2973	-324.604156	-333.142442
601	-324.603558	-333.583555
21	-278.059333	-293.859452
3628	-272.509064	-274.655910
175	-361.754326	-367.552519
647	-338.268974	-342.256875
3477	-348.046236	-341.450173
999	-308.512721	-317.537682
2122	-348.040439	-337.964644
1699	-272.541597	-267.691931
3612	-309.738513	-307.584960
3396	-273.815873	-268.055688
2258	-303.453218	-317.099834
3240	-338.234966	-337.184731
2463	-288.576502	-279.956284
1819	-249.292101	-267.232963
3816	-272.830720	-272.223945
3623	-341.892484	-317.946110
1642	-344.345376	-344.316786
3885	-304.728655	-314.611019
436	-360.521191	-354.564181
972	-341.869909	-355.357924
2362	-305.134491	-292.045857
1273	-355.513035	-355.698364
609	-377.817369	-379.991529
788	-324.467888	-321.688942
1475	-362.957353	-367.347320
1580	-271.339821	-278.400534
3476	-304.737418	-305.617112
3731	-310.913156	-306.294376
186	-340.606711	-347.262484
3062	-381.573048	-365.436184
422	-288.692943	-292.337532
676	-272.584377	-272.557976
3231	-380.446861	-380.704070
1079	-287.347000	-288.446914
385	-305.159206	-286.463591
219	-307.221351	-308.356978
610	-324.629068	-323.200201
72	-325.720699	-315.403217
1645	-324.477059	-324.126976
460	-360.488733	-362.414255
51	-283.168740	-305.832891
1025	-324.520219	-321.909885
1855	-360.497728	-367.207858
383	-361.702346	-359.505486
1074	-304.697680	-322.880343
3540	-321.236907	-325.667834
193	-307.285557	-311.588897
1159	-325.779568	-320.795429
3034	-360.418556	-357.755126
1303	-345.676156	-321.577525
1442	-308.465594	-317.272862
362	-289.871990	-291.494908
3506	-320.804155	-318.741195
519	-309.687078	-328.455107
532	-344.369744	-348.769915
2119	-323.665987	-313.713167
2056	-325.729141	-335.401525
3720	-308.561301	-304.145277
3090	-287.362939	-291.702037
3452	-361.758902	-354.673969
2259	-361.734611	-367.581725
3646	-305.130313	-304.777976
1104	-287.315479	-279.609809
2014	-371.537915	-361.016454
