no_training:1500	no_test:2493file identifier	 training data
2074	-285.300440
3335	-275.020322
1161	-308.513516
3187	-272.591906
1556	-340.659506
3990	-303.459637
44	-309.735489
296	-345.688916
1796	-307.536544
3786	-308.759185
3332	-376.610619
368	-345.595021
537	-361.731930
684	-361.753989
39	-340.687222
3782	-262.035127
999	-308.512721
3522	-309.691414
870	-345.646965
979	-309.713440
1597	-336.805704
726	-346.870614
3176	-432.852890
590	-346.857871
954	-324.612244
2654	-304.679740
1802	-361.715983
2995	-381.584942
2012	-382.788561
1703	-286.154755
2096	-345.661705
1238	-360.499088
2693	-340.638326
1250	-309.686189
1970	-362.897428
393	-323.334482
1175	-361.742598
1458	-288.648179
2852	-274.986857
1485	-309.731369
3183	-345.642870
1628	-345.637174
3070	-281.491976
3566	-325.830752
232	-490.793044
2420	-340.625366
2905	-307.206439
1237	-360.542541
1364	-267.963366
755	-324.568345
1818	-371.535911
2149	-341.878745
1586	-272.837559
2434	-377.845502
1249	-272.543724
2885	-309.686862
2003	-324.579943
10	-344.512001
1327	-320.768458
2369	-273.760271
1535	-324.463541
2415	-340.676441
2410	-361.673369
2191	-359.317050
986	-347.459586
100	-361.702143
3600	-325.781571
3040	-360.506446
1699	-272.541597
2494	-274.984732
3550	-341.825957
2297	-322.412936
3345	-312.120708
3365	-396.458774
995	-360.542928
3053	-490.831786
1324	-270.399280
2837	-325.730097
2485	-392.676111
1305	-319.621560
364	-117.824798
1734	-359.354596
1236	-155.897345
2	-324.551643
1892	-382.805933
1144	-264.255612
3238	-340.667053
1695	-344.411060
2552	-340.624424
3952	-269.175627
2733	-310.940764
1908	-286.508233
2169	-356.733974
1267	-341.841438
2987	-271.618137
1349	-286.542391
1576	-247.184334
2956	-360.528914
434	-338.195462
3524	-308.455477
765	-317.447668
101	-324.507184
54	-195.186228
817	-345.619715
2116	-340.646768
2980	-274.983908
1289	-344.439723
2464	-297.555801
3185	-348.053386
1203	-261.802956
3386	-309.684862
1521	-323.665247
2274	-308.463553
1456	-308.496384
799	-310.910909
2066	-432.401755
2498	-288.539500
184	-322.436757
1658	-287.337578
3083	-381.591448
1195	-285.287913
1851	-361.717868
685	-320.029854
835	-320.740782
2187	-310.904927
2502	-309.685960
2978	-340.669862
1042	-305.904676
2094	-325.812885
3485	-324.614459
3894	-322.469844
3072	-340.671263
1423	-344.413850
884	-276.202586
1163	-397.709232
1775	-306.353871
211	-357.939331
499	-340.611683
592	-307.614861
3376	-273.775510
473	-346.828378
3977	-288.552886
3580	-345.661657
1219	-306.334850
2527	-297.554699
3617	-345.608658
2546	-248.018573
2373	-302.564379
3089	-327.025329
3107	-281.504745
2578	-324.576080
3895	-325.808333
2970	-339.501361
2400	-345.592410
2937	-324.573883
1017	-308.419735
2305	-376.633716
666	-381.593528
1114	-302.353948
1398	-234.469383
2067	-280.248350
3457	-324.559213
2354	-387.558484
3380	-345.606939
2259	-361.734611
486	-288.678720
2786	-327.009009
536	-323.348544
942	-325.715957
3059	-363.508158
3031	-270.411205
2251	-430.448052
2409	-324.595526
3162	-324.546164
1901	-362.946498
1997	-271.666841
1460	-309.684108
187	-341.842120
585	-229.918003
38	-309.736982
2129	-356.722498
790	-341.836780
890	-344.458979
3656	-310.918831
410	-325.835955
2192	-307.232824
265	-236.916125
168	-325.810050
959	-492.026657
2252	-382.779570
1298	-308.505512
3458	-345.693035
2622	-346.829131
1239	-356.710448
2159	-324.581067
3166	-326.949535
212	-324.605613
2802	-325.804486
728	-309.678404
50	-357.934562
1197	-308.462932
3560	-286.463470
678	-308.506580
856	-324.568212
2568	-325.718022
3065	-344.486202
1230	-323.396217
2915	-344.371144
2449	-341.841190
2587	-376.609234
29	-344.425700
985	-320.770329
2286	-309.728265
2319	-271.316064
1334	-273.765782
49	-396.507540
1140	-304.683966
2190	-324.574822
11	-356.688211
3206	-346.853173
1369	-392.662003
2757	-346.855643
3456	-276.206318
492	-305.904760
2182	-340.610000
2311	-193.034988
1857	-307.540766
1295	-346.829652
2799	-340.702898
2260	-271.351786
1139	-270.382725
3615	-210.071468
3406	-286.459793
3136	-340.660061
3171	-345.599912
1995	-362.946041
220	-276.205821
1494	-345.654016
3897	-324.519277
3819	-397.692021
3036	-310.907823
1083	-309.726295
1376	-348.053064
3675	-360.534222
3569	-272.588302
3530	-309.739069
2525	-324.569051
2793	-306.384286
3290	-341.859618
780	-308.769557
560	-344.385047
3950	-270.439135
3738	-274.982053
3276	-344.508729
175	-361.754326
3779	-308.476903
3267	-320.776472
2979	-320.767064
3352	-272.834623
1490	-309.691591
3488	-340.672417
661	-335.635079
2175	-324.545475
2239	-346.823312
1573	-233.255259
773	-309.674485
3205	-341.842686
402	-312.124533
1571	-470.915515
529	-309.725786
3731	-310.913156
3501	-318.409788
508	-325.801512
597	-309.683901
633	-325.759393
2103	-346.834331
3134	-271.319942
3857	-340.686134
3898	-356.700248
1987	-325.775071
1328	-376.531779
42	-376.564691
2738	-324.555069
1384	-361.755719
2612	-345.627545
3424	-348.051118
3100	-361.716824
3960	-336.825944
1073	-233.249538
2426	-340.650391
19	-309.720734
634	-154.960361
1595	-309.686571
3585	-308.497008
1575	-334.447259
1187	-264.235803
2179	-361.698233
1261	-268.282665
3092	-340.610697
3922	-270.394284
2975	-345.579201
3797	-376.587519
2144	-324.574829
3168	-323.614890
3801	-310.937414
3260	-345.595084
1091	-309.678344
3024	-251.729571
2919	-340.635773
2833	-248.375248
3813	-340.620847
3923	-309.737951
3077	-336.822591
2551	-325.792606
3299	-325.725069
2993	-346.825502
3850	-308.528193
327	-324.607903
1033	-339.482903
3127	-327.010419
2095	-348.034975
1313	-324.502042
3509	-288.685117
222	-412.548009
2308	-324.460752
2325	-273.732431
3992	-319.576017
3684	-362.958208
2621	-305.145002
2740	-360.536920
864	-323.337623
1846	-344.370966
1620	-270.431243
1383	-344.398797
1677	-344.412416
324	-307.534482
3750	-346.838572
3228	-381.648857
3504	-308.561061
1282	-346.860539
2967	-305.841708
1204	-361.704371
1269	-307.563525
129	-308.512092
3013	-346.883127
2326	-320.768781
3473	-360.527434
2160	-345.674929
2517	-308.462063
655	-325.771459
628	-325.726991
956	-230.183076
2119	-323.665987
3697	-312.119261
1014	-301.385442
1639	-345.640072
3116	-312.128429
357	-307.245430
1233	-265.440660
2933	-360.538112
3953	-325.792503
2227	-356.712771
1339	-285.316421
3889	-360.533387
3694	-338.246643
2780	-272.545389
629	-309.712115
3387	-309.727603
1893	-344.385273
914	-361.707841
2142	-324.624987
966	-339.467091
2714	-398.878264
1516	-249.358446
2300	-453.655583
170	-340.667287
2953	-348.047609
3592	-323.367866
2743	-234.516409
3523	-325.728070
2988	-310.923406
2327	-381.624797
977	-285.160699
3908	-272.847530
844	-324.606050
1214	-341.865386
3285	-247.192524
3465	-324.548021
761	-312.126820
1228	-345.640969
2924	-348.045292
2809	-344.506029
1804	-324.542706
2474	-357.944802
3235	-339.416290
2288	-345.612787
771	-346.903261
1092	-360.552974
3362	-345.632413
2703	-309.722894
638	-345.695868
356	-372.741729
1505	-308.487195
491	-287.737498
2022	-344.425164
1713	-323.381747
246	-313.537245
2341	-377.784360
1255	-381.635881
1070	-361.752301
1459	-306.320451
2982	-325.722723
448	-346.831139
3411	-286.134060
3366	-323.268818
1981	-306.313924
1763	-325.799404
2218	-325.756157
2991	-272.841336
3410	-271.316922
522	-309.680641
695	-345.700085
1039	-360.575277
1077	-326.938562
935	-269.154939
2064	-309.687401
2048	-235.699029
14	-302.238859
2345	-342.329232
2807	-269.176124
2903	-308.505951
1962	-382.756724
3616	-225.221461
1878	-346.819711
669	-377.780670
1354	-382.790027
1018	-354.272548
2442	-345.636611
3841	-371.541704
1574	-245.997884
3399	-307.229313
1746	-396.470299
1176	-288.584832
606	-343.235457
1923	-287.427777
3713	-325.748400
3900	-308.465445
2320	-362.876210
1733	-322.169100
3217	-306.392828
3980	-372.708066
1727	-324.606977
846	-270.434394
1320	-340.656628
141	-287.734664
2346	-310.909551
2709	-345.632155
2083	-322.434119
3404	-309.733988
179	-362.928160
514	-309.685045
2356	-323.346816
3033	-325.785262
3301	-371.491061
1786	-325.785038
3652	-361.720088
1378	-346.867789
1885	-345.647670
379	-391.337881
1489	-266.777425
3783	-310.912792
1351	-309.733696
3481	-357.941534
2340	-310.899612
523	-345.565792
2712	-274.985024
3397	-356.702115
286	-324.563745
2358	-322.169697
1897	-197.629387
164	-340.675814
2649	-381.581036
718	-392.601894
1749	-302.579654
1758	-271.616401
2694	-317.396153
3414	-285.313674
2632	-306.344083
972	-341.869909
3425	-324.547564
1215	-335.566430
2101	-361.717364
66	-337.302324
3329	-310.909123
579	-281.480583
934	-345.650323
2581	-234.469389
636	-382.818623
3204	-306.313706
903	-309.685872
1619	-340.600021
3756	-326.943546
2370	-360.496984
3189	-324.510378
2001	-346.833365
3520	-325.752207
926	-345.680086
1920	-361.714679
1909	-345.630398
2742	-348.048844
1560	-340.645686
2015	-308.518276
2935	-297.516418
478	-119.052475
21	-278.059333
2504	-325.805550
1915	-361.705669
1879	-288.594527
3563	-227.798785
1815	-345.663783
2749	-340.645995
3295	-231.069318
3715	-381.567301
1254	-325.753541
922	-272.844560
1185	-324.558175
871	-309.680919
2140	-325.715372
2490	-343.078368
826	-248.137789
982	-307.235414
2039	-360.553317
1064	-276.202311
2265	-360.469291
2783	-272.537685
1432	-324.522792
1147	-304.755780
3073	-309.734862
3730	-291.017996
433	-396.498209
131	-345.603479
3668	-309.700336
3173	-325.791830
1790	-345.664882
3261	-232.025930
3627	-323.347112
2237	-325.784144
1016	-305.129953
2848	-339.419688
3452	-361.758902
2823	-309.730966
317	-325.797397
74	-310.918822
1870	-309.686187
1917	-325.790782
1807	-344.469516
3300	-344.499155
3085	-322.130736
1455	-381.570969
1531	-345.640098
575	-272.582834
1188	-306.054267
2460	-345.631797
3885	-304.728655
3681	-310.914919
727	-272.562906
1312	-381.612501
831	-346.867207
1166	-324.576650
3866	-341.882531
2446	-361.740252
3771	-309.655144
1540	-285.217962
1322	-271.619912
1363	-355.525451
2724	-376.591176
3937	-361.713179
804	-248.395289
1743	-346.856186
476	-397.686127
2058	-356.710498
2413	-345.604177
1182	-304.738393
3252	-340.610842
1146	-339.465889
3528	-233.262752
1326	-266.616319
777	-307.544712
654	-309.727166
1095	-324.603415
2402	-235.696227
707	-381.585428
724	-320.775720
2306	-287.354343
479	-77.308427
1304	-356.679729
84	-345.610574
1938	-341.826148
1499	-320.779994
114	-361.772743
1528	-360.446475
1071	-360.495618
3046	-322.057728
802	-359.306313
1264	-324.536694
2463	-288.576502
623	-265.457424
3606	-310.906553
3413	-308.440890
2024	-306.349032
2056	-325.729141
1712	-345.612640
2540	-211.295796
2773	-325.684055
3114	-309.692389
880	-345.648463
487	-307.223588
3802	-356.724118
3559	-309.721434
855	-271.614051
2594	-335.586914
55	-335.683118
3946	-286.438084
1041	-371.504707
2576	-306.418503
2471	-288.628801
27	-324.573866
2482	-268.321270
672	-345.661057
1205	-304.682331
604	-320.777491
3430	-341.828533
1329	-309.710338
2366	-286.466852
770	-381.612946
3125	-308.510840
1563	-376.575382
1623	-229.615446
1641	-340.647224
1052	-361.770383
2124	-345.600825
3035	-344.404557
3674	-309.731169
2235	-318.409670
3722	-308.759135
3685	-381.602419
3518	-340.655390
548	-233.555951
3935	-289.875063
2983	-346.833689
1855	-360.497728
213	-249.281074
1646	-340.684749
2151	-289.802108
126	-274.991042
481	-307.573371
2269	-308.452310
2828	-232.030352
717	-380.401348
1482	-312.132386
2444	-318.641916
1286	-310.906869
3513	-340.637067
1209	-392.612820
3836	-346.833711
2966	-308.428791
2248	-377.773452
3595	-345.600227
3844	-308.450468
104	-360.574432
352	-288.557016
3119	-301.090914
1224	-308.420805
2720	-231.102112
535	-248.416462
3453	-321.254976
3319	-376.604793
2462	-325.752244
546	-306.365166
626	-288.653249
2429	-306.081547
3314	-305.846541
3022	-234.455424
219	-307.221351
797	-278.075775
69	-265.441614
1916	-360.557411
3257	-308.472221
1882	-273.764420
1502	-340.679724
2545	-324.614082
527	-324.629301
803	-325.789564
2090	-308.473428
1700	-320.782427
2672	-355.556836
0	-351.615495
643	-345.663386
363	-320.778723
2789	-340.629283
3988	-309.707600
2952	-308.511290
3640	-309.692577
3218	-325.743746
2680	-340.664901
119	-327.012568
2455	-344.431301
3412	-335.628480
3208	-288.572843
1391	-323.317575
2036	-309.733888
83	-344.434906
3315	-269.176979
3969	-324.609784
2655	-235.723792
3973	-356.659922
488	-346.861837
1931	-310.900102
337	-312.123120
1045	-344.449852
2611	-346.824672
2827	-345.615042
2518	-360.566272
2209	-382.781841
2425	-322.435505
2100	-343.199390
2147	-382.781806
2939	-352.864008
2800	-287.478272
3330	-323.360126
3014	-269.263802
2665	-348.031230
3005	-249.248680
301	-324.570823
3514	-340.654233
1397	-271.624640
2343	-325.781464
1156	-154.972731
908	-310.911406
3135	-272.569212
3007	-319.573727
2098	-327.020807
3804	-324.573632
60	-382.768883
2189	-325.762375
2927	-324.500425
490	-231.142581
741	-344.434318
1007	-235.694216
3692	-281.505078
1621	-346.884834
332	-304.692914
2477	-360.539944
3632	-340.612805
1813	-307.550360
1023	-309.663477
588	-309.684571
3714	-265.398572
2931	-361.729140
3463	-304.735360
1616	-272.539058
3394	-376.613178
2810	-273.763107
2467	-325.805017
359	-346.832402
2118	-324.560961
1127	-345.659797
2351	-304.614169
355	-273.761263
3123	-309.702150
630	-273.762561
2360	-340.636727
2202	-324.602888
2441	-310.909223
815	-285.324641
2660	-307.582044
195	-296.296482
1608	-361.758032
1611	-348.044714
3772	-356.752251
674	-346.879260
510	-234.491176
3893	-341.097446
595	-340.652012
660	-271.630416
1004	-355.416555
2890	-309.738198
1958	-340.595950
2870	-289.872470
3241	-319.515995
607	-301.373496
1094	-304.696023
2899	-310.930659
605	-456.103432
3781	-274.984614
419	-312.128001
372	-337.283890
627	-359.304956
3484	-341.890999
289	-321.949791
1685	-338.273553
1266	-324.582035
1421	-360.526142
68	-286.519735
3863	-346.804974
3231	-380.446861
1738	-273.759338
759	-398.888473
2895	-273.764673
900	-288.561991
504	-356.680129
1026	-325.765414
103	-291.024232
123	-269.263476
1946	-346.841836
3723	-345.597175
1271	-310.902165
173	-396.486463
2752	-381.632242
2250	-339.462492
2976	-356.737615
1752	-296.265627
2635	-323.324700
358	-272.544323
2328	-320.732586
3671	-326.941692
2998	-246.027383
3001	-270.386138
3435	-361.728293
697	-340.621200
2063	-344.402806
2638	-309.688194
925	-307.567279
2225	-324.612179
2193	-383.976576
3512	-340.641866
1794	-325.712420
610	-324.629068
343	-360.502305
520	-309.720011
161	-285.276468
1393	-271.647465
948	-336.827390
1061	-343.531666
1601	-345.646864
3148	-324.567513
2217	-344.408081
2295	-305.898313
3728	-234.474951
1476	-308.455419
1567	-356.714706
3138	-345.651520
3132	-309.670613
455	-340.664551
3577	-361.716705
1288	-324.635136
1448	-372.747155
3309	-274.989422
1959	-324.603913
3139	-344.437158
3140	-284.987905
1148	-284.062954
2946	-345.649552
528	-288.538806
3401	-338.175569
1833	-302.579718
3021	-360.495540
1907	-346.819476
496	-377.794221
1001	-304.724431
3920	-319.574905
185	-361.726913
1099	-231.975652
566	-303.472917
278	-397.667072
3806	-309.676410
1065	-360.485823
3832	-346.836423
1657	-338.273162
1390	-340.660793
3613	-308.483617
670	-324.618078
1433	-325.729800
375	-346.857432
1221	-344.436348
750	-344.384630
867	-283.179781
1464	-381.610550
3776	-320.773105
140	-309.676929
656	-376.605347
1741	-345.629842
1821	-308.473320
82	-309.701458
3808	-345.614760
3096	-338.175960
3645	-304.681903
2805	-272.587161
2593	-321.252793
3851	-326.998454
2543	-376.588479
3545	-310.915918
3963	-271.323381
1549	-340.689515
2722	-344.423318
3317	-269.177232
325	-345.637577
1012	-266.609146
2161	-361.735863
679	-340.668108
882	-169.557758
1724	-381.594558
847	-324.608363
3170	-271.626697
311	-287.724713
3711	-303.469034
1890	-371.608385
733	-345.660927
3318	-308.513124
3333	-361.709769
235	-270.375081
227	-377.805829
3197	-309.714859
3736	-355.517745
3648	-324.631468
1845	-302.309526
2744	-288.573110
2418	-304.734646
1667	-323.323781
1436	-375.359407
2458	-361.683558
377	-360.527122
3605	-372.755216
1032	-346.816694
2087	-286.484121
681	-312.126544
618	-308.467888
1756	-326.935440
138	-362.875317
3126	-360.523204
1003	-308.516378
2760	-155.908941
3978	-282.861121
1778	-305.036659
2762	-306.370119
694	-344.360007
862	-361.764434
2060	-362.945811
2847	-307.566260
2580	-309.722373
2997	-380.371074
2143	-288.628466
2801	-310.932716
193	-307.285557
2656	-376.622509
2641	-270.394309
539	-341.886521
1049	-323.336196
2614	-232.164586
2938	-346.875201
701	-265.396194
1782	-308.555419
3342	-153.787612
1337	-286.498779
1543	-323.360471
1664	-310.904974
318	-310.954514
3839	-231.155780
975	-357.171724
77	-348.062001
3221	-308.477915
1054	-323.427722
2272	-324.528642
3016	-309.730329
3546	-233.219124
3102	-310.903589
876	-325.807685
2122	-348.040439
3517	-396.475511
2509	-344.380267
2018	-286.492357
1953	-308.457242
2623	-235.700285
2846	-273.780933
2883	-308.757991
2673	-345.652182
142	-307.594137
3023	-323.343769
300	-324.602433
848	-309.744522
2294	-341.831947
2917	-267.068488
2695	-346.871133
1812	-307.275809
3071	-273.789182
1427	-340.646339
3130	-270.427802
2176	-345.608670
1869	-269.207716
183	-362.962787
166	-325.729970
1409	-285.282853
3188	-325.807242
913	-352.855499
3532	-344.464356
1772	-361.717972
452	-324.575287
3239	-361.708121
237	-268.287661
1577	-355.468067
3552	-325.793166
174	-229.928448
1777	-265.408147
646	-323.641347
2080	-325.793131
3659	-340.683837
264	-339.450073
3912	-308.435951
924	-324.528533
1357	-375.307060
3391	-306.403144
1799	-346.861635
2645	-362.923114
732	-327.023478
1935	-361.677841
2478	-339.450173
2092	-288.572051
342	-323.351196
3223	-341.794931
1133	-308.517070
1341	-301.373831
3230	-344.454591
2567	-320.795216
1428	-265.391486
2229	-319.560814
3160	-362.937857
622	-341.886905
584	-309.681686
3169	-310.902849
3764	-308.483519
3271	-454.878708
1985	-339.481708
3240	-338.234966
244	-346.835129
1097	-325.784473
1406	-375.394844
720	-381.594735
3676	-346.840522
1055	-345.681183
3784	-344.450127
2785	-310.915445
3507	-376.594067
830	-320.767103
1585	-360.545832
2355	-336.816043
3477	-348.046236
1108	-341.839596
2378	-339.490841
1507	-310.914024
690	-375.420808
1350	-343.076530
1258	-344.472090
2775	-382.812383
270	-372.752005
2174	-324.606491
2302	-492.008892
1661	-322.148261
1606	-308.462382
159	-273.773408
2625	-291.021574
408	-208.863267
3153	-340.622406
699	-307.243079
1100	-380.373569
2646	-325.800095
277	-302.288351
1955	-339.498757
3006	-308.470648
280	-271.324234
647	-338.268974
3129	-361.692023
1559	-380.372123
851	-270.117027
1330	-324.575010
2042	-232.364952
2132	-377.826580
323	-309.647349
1827	-343.492484
688	-324.491475
2314	-345.658870
758	-307.574899
2139	-381.581478
1145	-312.129019
132	-308.469258
2692	-356.663387
2820	-308.557865
2650	-361.727711
3395	-248.436061
2121	-324.619773
3791	-360.491959
3971	-360.530885
2588	-376.538277
1036	-340.609236
1386	-362.967171
2845	-307.602080
1446	-319.575102
1430	-361.720960
231	-346.860243
1605	-345.703157
3124	-308.562031
200	-345.625804
305	-346.859213
1982	-345.609374
897	-345.659998
480	-325.760797
373	-379.522177
637	-360.557419
1979	-308.462923
3660	-288.651313
1356	-271.372094
1523	-340.646229
2126	-270.399529
3777	-339.431092
2137	-324.588239
2716	-303.464433
3826	-372.742383
2338	-268.888303
1847	-325.753767
2023	-317.402836
365	-361.740208
347	-309.687405
3368	-308.496367
2791	-194.254127
2041	-346.821470
3557	-344.382663
2725	-269.218553
895	-356.728690
1413	-247.214861
1610	-196.406419
2236	-235.698987
404	-324.595399
2170	-274.987123
3849	-360.531172
3422	-340.663929
3875	-309.655400
1877	-287.407788
3642	-324.565306
1247	-325.770105
3511	-324.552260
1411	-327.023352
457	-380.372151
3596	-285.328258
350	-320.793580
608	-309.688960
3494	-324.573795
2560	-339.452794
3623	-341.892484
680	-325.806369
2034	-345.586124
3186	-346.829695
613	-309.689486
1217	-325.773675
822	-336.845442
519	-309.687078
223	-339.501781
619	-325.787161
3080	-344.436248
2751	-273.787799
2468	-307.193849
3612	-309.738513
424	-309.717380
353	-197.632222
3000	-309.688191
445	-319.610687
1120	-353.283458
3098	-345.658421
786	-307.544728
1537	-309.692993
2633	-324.627681
3331	-233.545899
1825	-271.656372
3636	-324.624318
1141	-115.679136
156	-288.654408
2244	-414.351653
3739	-324.566515
515	-287.727890
1805	-344.380468
3549	-323.437779
2770	-288.588657
2600	-307.237880
1910	-326.978724
580	-360.537290
3573	-325.730390
1889	-361.731388
2702	-309.685148
2241	-346.857051
2344	-305.915175
468	-322.150234
1859	-324.577613
3349	-207.916786
1968	-324.538807
1216	-308.465534
2131	-320.777849
1021	-232.328175
2887	-345.641890
2866	-344.431605
1928	-326.927990
3277	-354.254979
3725	-309.710255
3279	-356.732861
374	-372.796889
3795	-310.908453
1002	-287.689262
1984	-287.441165
1930	-341.835805
1823	-340.656176
1244	-345.616998
1994	-383.983835
3809	-310.902628
2682	-324.528297
2759	-393.905418
18	-309.719641
551	-382.817123
3763	-344.416821
1711	-345.611239
3	-346.838279
2447	-323.330261
2715	-345.709596
2038	-348.056093
2292	-343.246371
1472	-306.080007
648	-287.422111
1947	-303.533559
472	-273.761356
2974	-396.486691
2874	-309.725707
3447	-270.389803
3434	-360.560766
2606	-323.344105
3356	-270.447268
2281	-345.643890
1675	-271.277972
829	-310.909285
3818	-308.470796
2271	-310.916474
1487	-345.665813
3364	-305.057353
2375	-360.564233
2433	-324.552283
3991	-372.765028
1589	-324.608694
3924	-270.393737
2258	-303.453218
568	-303.458583
517	-344.434827
2918	-271.326117
2603	-341.863083
87	-490.834069
1469	-324.444698
3874	-323.344889
2178	-339.455981
3067	-271.304881
3469	-356.686540
461	-273.773506
2526	-340.601771
91	-275.011437
3662	-360.469577
2876	-360.574465
1555	-324.529724
2267	-291.016020
2392	-272.551442
2972	-320.764992
2707	-310.915408
1561	-325.749687
2803	-327.013853
1392	-353.321142
3591	-273.762889
962	-376.587043
3367	-269.216969
2857	-362.899149
3019	-301.357437
1168	-308.454820
482	-272.599303
782	-361.678341
2679	-312.130526
1596	-492.022084
2416	-344.406447
1471	-346.857623
2283	-231.111403
933	-270.430832
46	-372.766726
2382	-380.343633
2861	-288.654312
1754	-269.221561
723	-361.717032
907	-381.607752
1867	-324.583096
1709	-326.941251
2245	-308.434866
3551	-345.646761
3063	-317.413890
3666	-309.735874
3182	-287.440436
545	-356.698773
725	-325.725266
313	-361.721849
1475	-362.957353
651	-232.334436
2086	-308.486338
3695	-309.651827
2349	-301.357553
1419	-344.350927
1281	-308.457113
2016	-308.569875
1871	-306.406578
2062	-303.437471
1864	-312.133063
3848	-324.564634
1385	-309.679840
705	-362.953848
252	-305.913756
399	-304.735224
754	-361.718210
3464	-234.470922
2401	-263.280728
1971	-362.906662
987	-273.765811
2313	-312.122262
752	-324.557693
3415	-308.495275
2704	-320.786981
52	-345.627428
662	-341.843824
1721	-339.479764
820	-326.934229
1944	-325.796840
3144	-308.472241
411	-397.680771
3426	-307.387663
1957	-206.721858
383	-361.702346
3476	-304.737418
3057	-301.381127
3133	-356.679691
3408	-287.661454
3525	-340.662316
1027	-360.529992
2678	-285.255563
116	-346.831175
2044	-373.173910
405	-273.804251
1737	-323.398064
1655	-338.217210
2819	-360.551444
1514	-320.781098
3490	-359.315205
1551	-324.575851
442	-356.712228
3341	-291.021228
98	-303.553222
360	-346.890881
2864	-340.658990
3686	-344.462681
3003	-325.798735
1614	-325.736331
303	-375.328197
2664	-348.047695
2731	-272.836211
3244	-323.320332
1530	-272.549380
2253	-325.818163
2696	-353.269456
1273	-355.513035
3475	-321.247305
2659	-324.461004
341	-273.735711
3902	-382.757521
930	-346.898838
15	-288.542593
3641	-360.485033
1792	-363.504227
2854	-325.810616
1201	-224.944660
1276	-340.667317
3009	-307.265383
64	-362.945802
1858	-343.238086
3555	-360.547370
3823	-303.527274
3296	-345.650105
1642	-344.345376
946	-324.577279
1960	-345.602645
3882	-194.261089
2821	-308.511516
3879	-339.483894
3678	-285.255880
2321	-381.536295
2405	-318.344936
2639	-302.580808
2908	-271.620997
1013	-271.300649
2516	-309.661518
2505	-344.440744
1785	-273.751900
2756	-153.742562
1340	-271.616723
1420	-286.516174
3159	-324.612512
3052	-291.017787
41	-345.649146
1690	-339.426816
3820	-340.655117
2640	-398.880824
2480	-344.385369
2157	-309.686797
276	-380.379743
858	-340.661797
3287	-271.458576
495	-342.297848
30	-325.717105
2531	-157.115484
1081	-310.912796
983	-341.851447
3860	-308.505267
1967	-288.573475
3355	-345.648365
906	-383.969892
1925	-309.677276
1669	-287.426878
2705	-270.384180
3106	-273.735646
3609	-269.176442
2017	-310.940345
1229	-288.582662
1852	-309.685790
3211	-310.908555
2417	-336.838171
3667	-249.293044
591	-325.760915
272	-322.161948
48	-304.689512
1808	-356.676972
2197	-309.684327
3398	-304.686259
1429	-288.579114
1231	-324.569596
715	-285.275928
939	-344.481802
241	-309.718177
2986	-340.629609
2661	-323.448833
2085	-309.695312
304	-322.464725
1069	-375.370023
2532	-301.405558
2296	-309.691365
577	-343.087962
609	-377.817369
1759	-305.906809
2840	-284.048718
2014	-371.537915
886	-304.728323
13	-360.526646
2841	-360.524422
1497	-251.731545
1529	-354.275774
832	-308.470270
1566	-380.438011
3822	-309.665941
2412	-310.904086
1715	-286.486570
2421	-249.395323
2013	-343.195410
1803	-270.394458
3172	-274.982310
2529	-229.969129
2093	-324.473588
1679	-288.576381
587	-307.283919
823	-361.732840
3709	-340.613243
3017	-271.339346
2497	-325.763216
2940	-339.418028
1988	-312.124451
3890	-341.849730
1617	-355.508183
739	-309.678703
3423	-308.555641
2247	-348.046805
737	-336.836792
2293	-269.216495
1682	-269.215705
1486	-380.373644
814	-308.509272
3010	-361.720579
2782	-340.664407
743	-309.719124

file identifier 	 test data 	 predicted
122	-339.419649	-339.497924
632	-361.705069	-361.793751
625	-308.514390	-308.504905
2667	-308.455402	-308.678607
2835	-362.925466	-362.948491
1736	-273.764207	-273.802789
700	-310.938181	-311.015896
3661	-287.358011	-287.355253
2427	-339.474134	-339.466281
3574	-398.876124	-399.872608
2768	-340.690205	-340.733084
2898	-310.940190	-311.025633
1246	-318.406529	-318.338588
1059	-303.436180	-303.438202
1057	-391.518453	-380.500161
1961	-197.629416	-198.602942
403	-272.843742	-272.754322
2134	-344.433965	-344.421809
3227	-348.043668	-348.004968
3956	-345.698757	-345.658726
1056	-271.618179	-271.527979
3774	-305.130184	-304.969371
2929	-345.638912	-345.892271
314	-233.255379	-233.300868
825	-340.536374	-340.608555
2104	-379.006904	-378.751457
1829	-382.804482	-383.022918
1837	-381.574917	-381.429680
1504	-360.489720	-360.619781
955	-345.632414	-345.728694
16	-273.806874	-273.899562
3981	-249.257629	-249.421881
3957	-307.291354	-307.185425
2985	-304.745635	-304.853845
268	-362.957295	-362.796002
1764	-304.725676	-304.746503
3869	-324.525580	-324.565209
1474	-340.654517	-340.723871
3344	-325.748658	-325.671910
3275	-308.757315	-308.763499
3677	-307.571921	-307.736521
3987	-324.506120	-324.663473
3683	-308.510782	-308.492906
2913	-361.630982	-361.610813
3918	-289.794194	-289.459848
1126	-270.392715	-270.436728
3737	-361.714817	-361.773045
1570	-325.783642	-325.791423
3942	-287.507193	-286.807132
821	-307.566593	-307.657596
1767	-285.277900	-285.436936
1936	-360.564423	-360.638299
127	-322.216227	-322.073309
810	-269.144656	-269.316409
1306	-288.682324	-288.594818
1838	-356.685238	-356.766934
294	-308.506421	-308.575633
3899	-337.265273	-337.019410
3938	-345.645388	-345.794203
110	-346.869123	-346.898969
965	-323.329385	-323.377307
3770	-272.544060	-272.584446
3962	-341.865856	-341.822595
382	-344.494711	-344.607110
3256	-153.459846	-151.687939
430	-307.543210	-307.625387
1098	-356.649302	-356.453133
436	-360.521191	-360.555169
346	-307.586014	-307.601611
2528	-308.467760	-308.557644
2052	-325.809179	-325.830393
1259	-288.590804	-288.614923
2687	-377.816463	-377.957635
25	-309.712046	-309.646641
275	-344.442225	-344.473953
3914	-325.805781	-325.773586
3034	-360.418556	-360.350260
1856	-321.958301	-322.095793
3961	-308.561152	-308.559341
162	-232.324966	-231.808527
3814	-361.745554	-361.647017
1078	-309.738888	-309.652266
1680	-377.842223	-377.541077
3371	-286.517424	-286.912262
3084	-325.781161	-325.865335
9	-344.468531	-344.548171
689	-341.818686	-341.790131
2906	-340.657508	-340.793951
2726	-324.475651	-324.522901
12	-377.816587	-377.989261
766	-312.133805	-312.108232
1449	-308.507220	-308.601540
266	-308.477155	-308.503969
53	-285.330157	-285.235795
953	-392.650949	-392.582245
3190	-232.325947	-233.090036
1860	-308.507458	-308.533467
431	-361.712798	-361.992360
3078	-383.966179	-384.402746
3590	-340.660106	-340.778758
79	-324.605178	-324.687610
2858	-346.862070	-346.843076
258	-371.546126	-371.669302
2763	-272.548325	-272.549770
2572	-360.495461	-359.937088
3155	-376.605641	-376.588911
875	-376.554863	-376.614795
971	-324.624537	-324.676059
2960	-271.360631	-271.580112
2316	-306.361448	-306.297470
872	-309.711438	-309.777189
78	-270.472470	-270.634193
1177	-325.808092	-325.806385
3925	-325.718488	-325.702456
3263	-285.326726	-285.241082
757	-345.678211	-345.736118
3064	-326.983087	-326.940955
1800	-212.439286	-218.553983
1181	-323.657279	-323.728735
3967	-273.758273	-273.697271
902	-310.940195	-310.915478
1789	-310.905299	-310.996555
2061	-345.638357	-345.741430
2520	-307.284294	-307.277494
3747	-324.521162	-324.592691
896	-323.312767	-323.243150
2228	-308.518356	-308.671830
389	-271.336957	-271.972454
3251	-306.056425	-305.966879
115	-356.682218	-356.654010
171	-361.745138	-361.645782
197	-233.549368	-234.890786
1557	-322.456250	-322.438523
593	-303.525517	-303.360514
2210	-325.710772	-325.812583
428	-324.570042	-324.654304
3755	-341.874216	-341.932198
2926	-320.764569	-320.808880
76	-325.685245	-325.700699
3749	-249.363949	-249.233838
2648	-325.728744	-325.756038
1079	-287.347000	-287.244188
768	-193.039603	-193.216419
3224	-286.504546	-286.699239
336	-308.524858	-308.527290
169	-309.688569	-309.683489
3337	-286.438448	-286.594852
188	-339.406341	-339.311205
2634	-326.927446	-327.136631
1865	-345.609914	-345.655551
361	-376.622353	-376.823058
201	-308.561649	-308.562719
1757	-285.313612	-285.136837
2534	-362.960595	-363.066919
152	-306.286325	-306.107533
1466	-340.657975	-340.717152
2491	-381.634033	-381.832589
1277	-309.706892	-309.746287
3880	-357.942023	-357.895776
992	-377.811306	-377.798684
1600	-249.301818	-249.474838
1666	-289.872246	-289.784147
493	-336.819674	-336.876174
186	-340.606711	-340.654171
658	-307.234503	-307.190420
963	-345.645239	-345.631558
3297	-360.526636	-360.312229
217	-271.648392	-271.583532
1060	-345.713205	-345.788637
3432	-297.523580	-297.714304
1437	-376.547304	-376.540152
3402	-234.522504	-234.691476
1580	-271.339821	-271.441568
3811	-274.982348	-274.934989
3602	-361.683811	-361.851790
2896	-356.725069	-356.722860
1284	-320.761539	-320.835871
3859	-308.499978	-308.478266
1240	-310.907666	-310.926837
75	-381.566310	-381.875136
549	-372.785072	-372.793558
3535	-323.235679	-323.430613
3835	-309.693085	-309.683317
518	-289.791234	-289.339433
1841	-325.788368	-325.827420
3830	-346.817778	-346.684985
1975	-341.829025	-341.902037
2337	-324.588418	-324.609272
1990	-281.482892	-281.426804
3037	-288.567911	-288.671533
1880	-346.873992	-346.896031
3389	-309.689740	-309.705182
20	-270.370102	-270.076075
3321	-251.726162	-251.645801
1290	-345.660459	-345.706559
2950	-360.498298	-360.248227
2806	-234.476081	-234.998018
3752	-345.686524	-345.319584
2408	-356.708234	-356.649489
3944	-381.563295	-381.738247
1977	-312.131398	-312.088732
1948	-195.158734	-189.893042
3353	-324.514429	-324.579443
1124	-271.651913	-271.752600
3564	-303.533472	-303.110084
3846	-318.393987	-318.235764
1876	-251.732828	-252.192805
1262	-356.712023	-356.685926
3061	-392.552088	-392.750959
555	-361.677945	-361.957950
1862	-319.615129	-319.437566
769	-271.361537	-271.637207
145	-310.929561	-310.905284
1989	-287.426977	-288.021430
1539	-382.755486	-382.770225
530	-360.503506	-360.543809
1919	-407.364323	-392.395135
2456	-345.610758	-345.729963
3436	-361.762744	-361.821858
2113	-344.391557	-344.557022
484	-351.639205	-351.768413
719	-309.693538	-309.678160
2208	-286.486509	-286.585038
165	-327.013034	-327.048204
561	-264.226909	-264.552356
2222	-340.678668	-340.691375
778	-324.573162	-324.669420
3884	-323.333263	-323.330385
1887	-361.696319	-361.816577
3378	-325.831718	-325.819830
458	-340.699868	-340.676920
653	-344.473681	-344.525304
602	-275.010289	-274.868298
692	-362.917261	-362.917660
2323	-310.954565	-310.884700
1294	-345.612830	-345.722308
108	-345.614707	-345.672475
1569	-234.503085	-234.144750
1207	-324.584396	-324.637202
3983	-322.115604	-322.086112
936	-382.773457	-382.424030
1109	-333.411326	-333.063867
3719	-320.742924	-320.887412
3966	-376.570141	-376.583620
2811	-326.944158	-327.002040
3308	-381.582831	-381.552572
912	-323.344400	-323.471420
378	-356.705084	-356.669366
1338	-320.793141	-320.847850
2254	-359.388326	-359.406835
1477	-303.462312	-303.579351
1656	-323.352987	-323.098064
3196	-297.530335	-297.587829
652	-345.620593	-345.694227
2758	-309.696640	-309.666117
1044	-304.687053	-304.683275
3489	-308.508824	-308.525322
525	-273.812813	-273.894395
2653	-361.749428	-361.812670
857	-245.711897	-248.400406
344	-343.305175	-343.086317
1396	-346.886411	-346.885190
1484	-273.817328	-273.811925
1828	-284.993731	-285.160717
1301	-309.679190	-309.684921
279	-306.012858	-305.801832
2221	-308.512137	-308.444697
1579	-288.589020	-288.798829
2021	-346.818246	-346.858503
531	-226.107205	-223.937324
1692	-362.862736	-362.960398
2270	-355.497046	-355.710096
1911	-272.582516	-272.452663
498	-273.791878	-273.835976
2901	-318.323005	-318.326608
1404	-346.883049	-346.898281
3904	-356.716094	-356.728042
1548	-306.308471	-306.356196
918	-310.917344	-310.961108
779	-356.732185	-356.742208
2734	-309.719592	-309.782765
3548	-79.764152	-118.519887
2307	-346.859945	-346.738896
2510	-325.797299	-325.798948
1105	-302.306944	-302.329765
2636	-306.112153	-305.974860
1068	-308.470010	-308.277589
1993	-339.504090	-339.510515
1029	-325.751230	-325.755324
2004	-346.839235	-346.886353
437	-309.705971	-309.644362
540	-346.830523	-346.829089
3372	-309.705858	-309.729903
2719	-286.477365	-286.450501
1824	-336.855265	-336.861295
842	-360.514766	-360.440989
3798	-310.941861	-310.882468
385	-305.159206	-305.376984
2304	-286.431160	-286.699609
958	-302.599262	-302.686937
1037	-306.397746	-306.377277
2944	-309.687280	-309.694305
26	-301.359287	-301.398380
1728	-362.942862	-362.921933
762	-346.863396	-346.659004
205	-269.465281	-269.518132
827	-303.556664	-303.730719
2681	-308.466840	-308.494175
2817	-340.641240	-340.701712
1389	-272.510742	-272.476045
295	-320.770299	-320.969938
2547	-323.328581	-323.229894
2691	-308.505543	-308.394520
938	-331.411639	-331.095464
576	-345.655968	-345.636873
1509	-345.612220	-345.590608
564	-272.569586	-272.420236
454	-265.283843	-266.178588
407	-287.508781	-286.740418
2863	-287.423372	-287.376666
1190	-377.830859	-377.117883
3773	-345.602641	-345.654937
107	-307.580090	-307.690785
3907	-291.017966	-291.469736
1863	-381.631601	-381.665611
2212	-346.837271	-346.823071
1725	-360.495137	-360.385851
1162	-309.684472	-309.712967
2923	-325.801905	-325.845474
2431	-309.684774	-309.673572
1766	-270.387395	-270.603261
2476	-346.865438	-346.934575
154	-324.538764	-324.599802
1708	-324.502429	-324.636372
32	-287.509315	-286.860257
2082	-302.567313	-302.529526
642	-234.476516	-235.018111
712	-294.081616	-328.791071
2651	-273.744309	-273.848132
909	-325.789320	-325.799195
3630	-287.660591	-287.544614
3310	-309.721850	-309.686947
441	-380.414967	-380.137685
326	-236.917664	-236.972070
3288	-348.045786	-348.092332
3108	-361.653332	-361.828188
2530	-345.673444	-345.697885
2812	-381.619786	-381.567385
952	-325.717725	-325.800366
2439	-324.485913	-324.566552
3720	-308.561301	-308.586175
3604	-273.812100	-273.830561
1270	-307.571937	-307.417935
421	-288.627624	-288.674192
3049	-324.610004	-324.645549
90	-327.017113	-326.793534
796	-344.453746	-344.541167
3350	-339.431591	-339.371184
760	-324.605411	-324.612038
1193	-324.550139	-324.554375
3087	-392.563319	-394.215951
3733	-309.678068	-309.714099
2951	-308.569129	-308.557077
3633	-380.412093	-380.140137
3270	-273.788787	-273.681735
2481	-324.614891	-324.658998
1932	-310.911279	-310.927227
668	-267.103350	-266.740673
976	-382.776658	-382.785638
1781	-324.582445	-324.636041
2884	-324.471313	-324.481650
2005	-305.155985	-304.928304
2184	-360.501473	-360.452409
2486	-307.239887	-307.328069
2230	-262.056533	-261.674764
3199	-273.811544	-273.836438
2432	-274.987245	-275.063767
230	-271.617434	-271.644805
425	-289.769718	-290.566388
2406	-306.386594	-306.306120
97	-286.495035	-286.434483
2077	-309.736028	-309.734864
2372	-322.217569	-322.100499
3975	-309.693760	-309.598035
789	-324.581906	-324.610151
2925	-301.394865	-301.717897
1135	-310.903412	-310.916591
2162	-340.613712	-340.532318
2745	-322.118085	-322.251234
2808	-340.646073	-340.690648
2158	-340.663379	-340.713628
852	-361.731511	-361.780963
128	-303.785832	-304.018009
2512	-346.823548	-346.862037
1102	-116.609549	-138.830732
2233	-319.556235	-319.569428
1226	-195.226072	-187.706599
2585	-249.269471	-248.527096
1817	-339.459612	-339.428242
1545	-308.468255	-308.313624
3179	-270.408713	-270.540161
1407	-235.694798	-235.720897
3407	-343.517848	-343.234465
1275	-310.936083	-310.989961
2123	-327.010026	-326.900549
3926	-325.748612	-325.765507
1895	-324.551432	-324.673481
3892	-271.608843	-271.563911
1417	-381.586740	-381.747180
2419	-287.353473	-287.447227
51	-283.168740	-283.463712
1303	-345.676156	-345.722719
3280	-344.483775	-344.545199
3903	-340.636306	-340.682448
2736	-310.922181	-310.940412
3644	-345.587398	-345.678168
3303	-272.589883	-272.521115
2026	-272.837907	-273.411737
111	-344.470970	-344.500137
1218	-287.431740	-287.740779
1558	-270.389386	-269.820163
2877	-324.556404	-324.660847
2869	-306.113519	-305.860552
1434	-344.482088	-344.538687
1622	-346.869712	-346.850352
218	-285.311823	-285.380227
2264	-346.831590	-346.846851
1896	-326.971392	-326.970509
3018	-345.638117	-345.686541
3247	-360.531175	-360.296744
3104	-310.941183	-310.998642
3056	-269.180682	-269.237113
1714	-132.718150	-127.651136
2398	-319.533364	-319.697981
349	-309.687623	-309.705707
3682	-291.017820	-289.465519
3502	-376.564063	-376.431887
1366	-345.633122	-345.716590
2589	-361.718361	-361.870300
3192	-313.554802	-313.567589
3259	-359.368793	-359.612713
1773	-304.696646	-304.644809
216	-307.283509	-307.419379
2452	-344.424745	-344.477038
2500	-286.498235	-286.554997
3369	-158.342346	-158.679676
731	-355.501990	-355.643079
3002	-269.479234	-270.198089
3603	-326.952955	-326.957391
2125	-310.908354	-310.874738
2839	-362.930315	-362.936187
1710	-361.726166	-361.731942
2836	-345.652670	-345.702992
3916	-273.810780	-273.851148
474	-281.476832	-281.482680
1291	-285.276634	-285.401542
1629	-272.526778	-272.526656
1075	-325.751822	-325.780189
2115	-266.626759	-266.428434
1888	-276.201993	-276.904132
3200	-265.433051	-265.377014
569	-376.620836	-376.723513
3460	-288.678290	-288.512551
1309	-287.723848	-288.369432
3121	-344.419977	-344.388522
1470	-272.542270	-272.460270
3291	-362.911941	-362.997330
1653	-157.116735	-155.446492
260	-359.369049	-359.258209
1184	-286.506282	-286.724165
828	-361.684892	-362.140605
2700	-304.687547	-304.701417
3705	-345.665479	-345.685584
3025	-324.573338	-324.598219
1929	-324.551800	-324.501888
1480	-324.584824	-324.661559
784	-377.848074	-377.959589
2488	-363.508158	-363.515243
3855	-304.746925	-304.858970
3048	-381.616883	-381.589236
1113	-234.484521	-235.464524
2397	-308.772292	-308.768718
2072	-344.431636	-344.439907
3184	-308.439671	-308.491200
1503	-327.014214	-327.095436
3651	-303.463214	-303.426983
923	-322.135797	-321.979198
1604	-347.456674	-347.283459
3487	-210.101789	-209.417167
1811	-346.855968	-346.824679
2028	-346.821466	-346.794754
2999	-307.237456	-307.287309
3745	-310.912788	-310.902078
2128	-308.504896	-308.447855
974	-303.468081	-303.667912
28	-324.630221	-324.651352
3012	-276.205920	-276.136030
2029	-380.417684	-380.383589
3323	-232.335768	-233.028234
3379	-273.761967	-273.981260
863	-285.288405	-285.257003
3766	-344.436564	-344.482773
282	-325.714378	-325.608064
1678	-310.955296	-310.916227
502	-306.349558	-306.347622
2376	-346.840597	-346.876616
1478	-309.691634	-309.695768
1965	-288.555445	-288.549536
3091	-341.869641	-341.973494
1590	-344.415609	-344.455968
2584	-360.567154	-360.623601
1672	-336.831068	-336.899733
369	-361.733362	-361.742114
2046	-286.493052	-286.712579
3250	-360.517106	-360.619673
1040	-268.307873	-268.448791
3439	-301.389192	-301.279893
2697	-360.495788	-360.409140
2844	-301.377995	-301.306286
1493	-335.643923	-335.731688
941	-340.652570	-340.723946
1783	-320.761312	-320.818893
3090	-287.362939	-287.376901
5	-351.628383	-351.840039
710	-340.625597	-340.664068
3219	-339.428557	-339.570976
2138	-340.684371	-340.709502
2188	-288.690060	-288.633717
80	-392.672883	-393.159178
3498	-381.585231	-381.410375
1701	-344.428649	-344.489077
3865	-362.899954	-362.860577
1593	-335.598739	-335.732144
1387	-361.698635	-361.909604
2891	-308.511094	-308.488720
2499	-376.539208	-376.410127
3519	-376.604739	-376.216768
88	-345.655534	-345.651074
387	-268.248806	-268.442033
578	-382.825717	-382.326766
3164	-344.379764	-344.444443
3618	-309.731536	-309.748177
3497	-392.627857	-392.056847
714	-356.669324	-356.597168
3444	-289.794376	-289.386451
1707	-288.590006	-288.580408
1380	-288.625728	-288.685996
56	-345.599154	-345.652128
1868	-326.949224	-327.098188
1321	-234.472577	-234.419772
1248	-304.732336	-304.751298
1028	-360.421732	-360.516993
2850	-288.580309	-288.577941
3095	-339.431197	-339.426961
3191	-284.360325	-284.257448
645	-308.540795	-308.644515
1352	-304.677606	-304.798333
3156	-362.941094	-362.932217
2243	-340.673964	-340.718248
2466	-325.785959	-325.857763
961	-326.950279	-326.930754
2514	-354.197108	-353.097963
2856	-376.586976	-376.472400
3381	-309.731402	-309.734599
2739	-362.946034	-363.000603
978	-324.545574	-324.637034
2652	-317.377404	-317.269282
1914	-288.576123	-288.729999
2553	-302.545562	-302.568341
1945	-361.754136	-361.900426
557	-312.122696	-312.244664
544	-340.643340	-340.804887
3417	-354.292460	-354.024061
3708	-270.397474	-269.572321
348	-196.432825	-196.045739
2642	-324.578146	-324.741209
3450	-382.824468	-382.514161
1297	-345.621773	-345.687220
2602	-345.645491	-345.616147
1894	-360.532510	-360.495934
3721	-284.372483	-284.149791
2879	-265.401151	-265.342855
157	-376.519880	-376.398177
1138	-308.444609	-308.525212
1694	-273.743311	-273.795918
3575	-309.736328	-309.751996
1681	-310.908780	-310.920917
1986	-344.459234	-344.554847
950	-324.580266	-324.570192
35	-343.197784	-343.767100
1839	-355.496901	-355.590905
1720	-309.692095	-309.701405
3220	-273.806349	-273.955150
477	-265.399968	-265.383487
2754	-309.674575	-309.624915
1362	-249.387499	-249.418063
753	-361.710299	-362.244018
2618	-361.768020	-361.754555
2851	-356.699504	-356.717200
2825	-360.576433	-360.527843
149	-380.415966	-380.403587
3216	-344.380260	-344.538193
2511	-250.500016	-250.560244
2875	-344.475122	-344.536919
1613	-346.890723	-346.703895
376	-309.732528	-309.731485
921	-325.682121	-325.534499
2920	-326.952797	-326.764814
124	-271.621961	-271.595539
1649	-346.868661	-346.707851
891	-325.767721	-325.797197
438	-381.565482	-381.275870
1107	-267.060326	-266.671588
2231	-346.825174	-346.902183
2037	-345.620113	-345.528573
2167	-309.681554	-309.696414
3255	-345.578846	-345.697468
414	-192.762455	-193.597914
1394	-396.500849	-396.265043
2091	-346.904050	-346.986522
1283	-345.605635	-345.596676
61	-308.462933	-308.634387
2958	-324.580268	-324.622970
2473	-324.497671	-324.487558
1732	-269.170665	-269.092712
3687	-325.793945	-325.978910
3416	-320.770681	-320.826857
485	-250.585183	-250.864927
513	-355.518342	-355.444142
3663	-344.446747	-344.528263
2909	-361.687451	-361.766550
1479	-309.677142	-309.724546
943	-303.497783	-303.550905
2781	-288.581699	-288.565231
2291	-286.514923	-286.599094
2141	-307.287454	-307.299130
1873	-346.842529	-346.828176
3440	-322.135917	-322.131992
1912	-310.915653	-310.944102
2961	-348.061993	-348.154267
2843	-308.509454	-308.521995
2830	-325.800699	-325.793940
2948	-382.790431	-382.915649
3094	-324.601619	-324.626410
2541	-341.834413	-341.480004
1063	-265.440996	-265.404568
453	-375.430225	-375.934362
3268	-324.562156	-324.590106
1525	-345.608193	-345.612119
2076	-274.982287	-274.747260
1941	-286.206129	-286.370913
2755	-381.595252	-381.759186
3717	-275.014300	-274.943953
1445	-396.491525	-396.409315
3757	-281.482952	-281.486192
1134	-343.068226	-342.946833
143	-302.355005	-302.373743
2599	-355.457663	-355.557667
967	-372.742461	-372.787386
3941	-231.108368	-230.883376
148	-345.629933	-345.769374
251	-265.386781	-265.429379
3467	-308.494487	-308.409036
2006	-339.486095	-339.488668
1891	-323.382399	-323.350199
3778	-309.700675	-309.687311
763	-308.429953	-308.619124
1463	-362.938449	-363.061536
1583	-345.655509	-345.581012
1848	-273.769835	-273.793425
1762	-361.755551	-361.806753
1371	-288.596392	-288.712253
1850	-323.407987	-323.300552
1119	-304.733360	-304.797946
1716	-325.784331	-325.812743
2765	-381.546975	-381.095060
3055	-285.313284	-285.168418
1854	-382.743932	-382.220863
1211	-286.498633	-286.538251
3788	-361.725962	-361.779144
3486	-437.484875	-303.372854
2862	-309.693471	-309.671788
3734	-326.940196	-326.883118
2185	-344.343476	-344.588016
1943	-325.729335	-325.718467
3972	-359.339915	-359.027296
3045	-310.906568	-310.926976
3831	-451.528971	-438.980733
17	-345.612580	-345.764830
2964	-362.945907	-362.968329
3008	-323.359336	-323.363671
1933	-270.396100	-270.261464
944	-320.766684	-320.810993
1253	-312.126356	-311.954764
3302	-324.577047	-324.751733
998	-302.306196	-302.269583
1983	-320.792773	-320.885350
3862	-271.646263	-271.547664
1316	-361.652250	-361.657375
3516	-324.634527	-324.616486
2232	-56.525887	-16.682695
581	-287.683128	-287.879010
2436	-308.473229	-308.426011
1118	-306.032266	-306.500408
1121	-333.449362	-333.437884
1780	-345.606551	-345.600378
3316	-264.261826	-264.411300
1904	-304.752598	-304.726331
819	-276.204532	-276.713357
3441	-372.686714	-372.545804
2902	-271.653205	-271.770523
3556	-276.202384	-276.579032
3101	-360.503577	-360.604349
1578	-233.217482	-233.373403
3229	-271.614305	-271.595416
3265	-324.569062	-324.533199
748	-324.572987	-324.774469
3128	-341.867138	-341.891410
3896	-307.280331	-307.324809
62	-309.677968	-309.687072
2834	-325.699665	-325.712350
36	-344.382282	-344.613253
2761	-309.696507	-309.690906
1440	-270.441325	-270.490691
3718	-195.186772	-192.827609
3313	-360.526364	-360.664727
1015	-344.454928	-344.563906
1526	-269.267574	-268.847548
1170	-310.895183	-310.960898
3735	-360.522940	-360.514473
308	-303.428586	-303.675232
3639	-345.680996	-345.735351
2414	-382.803358	-383.316419
2586	-191.810916	-192.221001
3449	-297.510804	-297.646267
2523	-344.512144	-344.584304
600	-268.859550	-266.474134
2461	-269.170508	-269.194845
37	-381.587333	-381.581613
3845	-344.454717	-344.477058
812	-308.509197	-308.534081
2699	-346.864540	-346.856228
2496	-326.954795	-326.735630
501	-345.630685	-345.715505
3672	-309.689612	-309.671864
466	-382.782183	-382.807184
3154	-309.714008	-309.707088
980	-356.743821	-357.042469
3905	-395.515911	-397.167744
543	-310.937295	-310.988180
3768	-227.338075	-227.278616
3039	-341.851538	-341.940135
96	-375.359188	-375.469039
309	-309.718312	-309.749662
2949	-346.838702	-346.895194
3691	-352.852117	-352.886379
1361	-346.840635	-346.855571
3354	-360.529236	-360.558825
2963	-287.651399	-287.541654
1483	-309.723988	-309.726747
2238	-281.495234	-281.434100
269	-325.729080	-325.715577
3810	-372.726782	-372.681221
920	-281.489179	-281.378880
3157	-335.619981	-335.661327
616	-345.676243	-345.728743
865	-304.728720	-304.825186
335	-361.729115	-361.895347
928	-345.665412	-345.740015
1457	-288.573089	-288.553237
3690	-346.829378	-346.820622
2647	-262.017735	-262.606999
2968	-310.909942	-310.922256
1157	-309.691584	-309.726224
3541	-379.527167	-379.483728
1377	-325.768959	-325.769877
236	-325.758113	-325.795833
1251	-322.482659	-322.211582
3982	-324.592116	-324.511716
1149	-325.796862	-325.770520
620	-346.820834	-346.761231
1426	-381.607770	-381.552480
1112	-287.644079	-287.855201
194	-308.496245	-308.648235
3158	-269.271320	-269.279223
1615	-287.344000	-287.269951
1886	-302.286171	-302.204587
3876	-304.574737	-304.739063
1444	-304.691748	-304.699098
2629	-356.679047	-356.664723
2339	-326.954728	-326.966820
3817	-288.554600	-288.601960
1241	-345.608395	-345.599303
1358	-340.682075	-340.738660
3769	-304.586424	-304.688258
70	-346.874234	-346.877252
1152	-308.448572	-308.434819
887	-361.720206	-361.644187
1074	-304.697680	-304.708916
2285	-340.578657	-340.694944
2592	-308.486071	-308.455950
2822	-310.902197	-310.882115
3215	-320.793270	-320.841026
1491	-344.421383	-344.440851
1311	-288.545722	-288.455851
1625	-320.776082	-320.765333
451	-362.932378	-362.950176
2010	-323.385837	-323.190875
43	-319.572842	-319.610277
3886	-270.388222	-270.270037
3837	-343.468335	-342.659139
1123	-375.393636	-375.345917
3913	-308.551230	-308.463524
691	-361.734668	-361.862363
3254	-287.469473	-287.468899
589	-340.604189	-340.662462
512	-346.861026	-346.945842
3370	-396.486664	-396.514079
650	-193.034094	-193.267325
919	-272.589999	-272.521567
1950	-232.331230	-232.784717
3282	-362.972786	-363.148031
322	-346.832352	-346.826422
3834	-324.589539	-324.646279
1638	-344.481904	-344.543023
1626	-345.619567	-345.683904
366	-324.576206	-324.654324
85	-272.550580	-272.313888
997	-361.688335	-361.432216
2364	-360.507160	-360.406156
427	-382.798099	-382.590971
1103	-273.764642	-273.757090
1439	-340.590431	-340.691412
362	-289.871990	-289.619728
2282	-375.368783	-375.444865
146	-377.813815	-377.912685
163	-319.624414	-319.331628
2078	-324.575989	-324.615370
3547	-324.582904	-324.555285
541	-325.714161	-325.634451
253	-305.838224	-305.929656
2403	-326.955365	-326.938303
2379	-361.769162	-361.802685
2965	-344.689237	-345.205521
449	-325.753993	-325.793157
2849	-355.442748	-355.501657
1225	-196.409349	-196.161762
3028	-346.861640	-346.854262
1066	-375.344926	-375.378459
3068	-306.015194	-305.911832
367	-360.491873	-360.440555
1647	-343.242553	-343.178680
1748	-288.688929	-288.673181
1435	-193.963318	-192.778108
3222	-344.494043	-344.591141
1418	-325.725274	-325.782067
262	-345.647032	-345.676432
3986	-355.516778	-355.420804
2735	-309.690179	-309.714213
2411	-193.075202	-193.688673
1853	-359.314227	-359.514424
199	-309.673895	-309.714383
2627	-235.695309	-235.747356
72	-325.720699	-325.777497
2278	-345.650717	-345.569930
209	-308.493663	-308.659883
497	-287.470402	-287.358011
3258	-324.473847	-324.492706
1223	-324.586663	-324.573899
310	-308.480308	-308.395296
853	-76.404702	-763.792029
109	-158.340943	-163.229404
2108	-267.944278	-267.663685
2826	-308.764658	-308.794613
1797	-194.267232	-195.423634
1520	-309.728493	-309.708949
3593	-304.614300	-304.601266
767	-346.861463	-346.853824
2445	-324.576679	-324.607017
299	-195.196751	-195.783969
3403	-339.424322	-339.498311
3011	-310.902708	-310.921837
2921	-310.904813	-310.852186
1096	-309.689595	-309.672333
3510	-340.674744	-340.742447
8	-272.545439	-272.670688
3503	-266.630629	-266.436955
330	-286.408473	-286.885067
1222	-325.805865	-325.819261
2882	-322.444150	-322.688337
1760	-326.940002	-327.031726
583	-285.016369	-284.801933
793	-326.950540	-327.014179
1900	-309.689410	-309.652852
1024	-302.535621	-302.502432
1104	-287.315479	-287.604715
345	-309.704732	-309.653649
745	-344.464270	-344.556727
1964	-309.726463	-309.746064
400	-376.570473	-376.568370
3272	-173.147782	-172.671020
1768	-289.789940	-289.560619
1602	-318.339586	-318.028730
3213	-339.438949	-339.556669
2322	-355.508682	-355.768152
594	-325.809558	-325.817833
2669	-309.763785	-309.749343
746	-273.802095	-273.933128
395	-234.447743	-234.484830
1062	-324.496997	-324.501148
426	-362.933001	-362.949786
1019	-327.016183	-327.101089
1424	-212.438188	-218.467315
801	-273.763117	-273.767439
396	-372.782655	-372.836512
834	-346.828689	-346.827784
2741	-297.520999	-297.554211
172	-282.667163	-283.159107
682	-302.303791	-302.166142
3405	-269.206920	-269.471721
3581	-319.540355	-319.655680
553	-271.666055	-271.850651
47	-247.225618	-247.306985
3050	-303.940271	-307.405981
2515	-323.341413	-323.274762
2932	-285.320198	-285.187470
2501	-232.377706	-232.996412
615	-345.676743	-345.709484
893	-232.317400	-232.148472
413	-301.369263	-301.321064
524	-308.507004	-308.644162
1373	-324.557383	-324.637122
1143	-367.635675	-367.908129
3954	-271.611366	-271.576308
3700	-361.717469	-361.776809
3732	-320.774305	-320.851056
409	-306.383308	-306.135529
2550	-271.628346	-271.658247
1791	-272.554824	-272.601391
785	-273.796695	-273.843024
3741	-169.860788	-161.521138
210	-362.938898	-362.898487
2971	-312.131841	-312.141799
3789	-273.762938	-273.971550
964	-291.014970	-291.359261
167	-310.912077	-310.913139
2893	-274.985796	-275.037695
2570	-324.626187	-324.694756
735	-309.716570	-309.661725
949	-344.463502	-344.505790
3069	-346.878430	-346.860945
1333	-270.359564	-270.549941
3919	-304.721921	-304.723616
2969	-286.484904	-286.579397
1093	-325.718074	-325.792218
3324	-345.641848	-345.527793
1840	-360.536972	-360.598959
267	-345.641113	-345.715605
716	-325.758431	-325.809272
2573	-307.303421	-307.194187
1684	-320.783029	-320.833350
877	-359.317823	-359.146559
2787	-324.505365	-324.531061
1905	-231.145151	-231.300154
2685	-344.426408	-344.367976
3608	-372.729173	-372.548599
3454	-376.600944	-376.600320
3854	-346.867382	-346.817124
250	-360.538828	-360.542247
2730	-286.492223	-286.382898
388	-340.594424	-340.592437
2330	-287.681216	-288.225273
3888	-323.359825	-323.768883
2994	-345.597078	-345.661721
850	-271.623957	-271.634481
1345	-376.540686	-376.490552
2000	-309.736479	-309.736546
3174	-272.844804	-272.689282
1442	-308.465594	-308.752166
3327	-348.059242	-348.035262
550	-319.568017	-319.748256
2784	-273.803873	-273.899623
2934	-324.462733	-324.538489
3964	-336.853985	-336.855933
698	-274.985880	-274.805195
2996	-324.566568	-324.693568
2249	-392.653825	-392.786991
3729	-376.562796	-376.477939
973	-325.790444	-325.747779
2163	-324.503356	-324.385519
885	-324.623780	-324.690250
2273	-324.579188	-324.732997
3614	-288.627505	-288.593809
2880	-346.831172	-346.891923
2644	-320.786990	-320.854163
1954	-226.144377	-226.189704
117	-211.295163	-211.425354
3015	-359.362011	-359.097866
1011	-310.942660	-310.973962
3759	-270.393902	-270.279174
3540	-321.236907	-321.364363
3620	-359.351415	-359.111830
3689	-308.467642	-308.484384
3932	-360.472117	-360.436517
3082	-272.586248	-272.530505
392	-345.637570	-345.659008
3112	-327.021680	-327.274827
459	-348.056615	-348.063529
2395	-297.523583	-297.633457
2335	-346.825562	-346.889729
3203	-308.459279	-308.504513
2422	-325.718957	-325.700618
3787	-381.580675	-381.054095
2035	-249.294409	-249.408370
3298	-345.599182	-345.655182
3637	-309.764115	-309.765398
3638	-306.320806	-306.178392
3649	-343.292778	-343.211078
63	-287.377993	-287.215602
398	-345.636145	-345.745508
1346	-308.542644	-308.580740
2156	-346.827596	-346.832505
3785	-348.045948	-348.057339
567	-339.489014	-339.438646
2030	-273.804223	-273.793292
2334	-472.135006	-364.267391
1546	-318.321510	-318.346234
2387	-391.391111	-391.117127
2333	-338.234590	-338.318422
234	-308.467880	-308.445810
489	-356.745773	-356.782860
927	-340.676668	-340.763252
1213	-324.530103	-324.577382
1142	-309.702591	-309.667623
1031	-304.643927	-304.886914
1717	-345.603646	-345.710738
3363	-345.658313	-345.887533
1343	-310.895432	-310.900110
1676	-296.285473	-296.443187
1208	-345.608535	-345.693610
2663	-361.722327	-361.796082
3468	-345.710017	-345.667604
2792	-362.944759	-363.041553
1903	-309.678054	-309.723297
1966	-302.558699	-302.669902
1735	-320.791360	-320.868337
1212	-304.733723	-304.809722
440	-307.226474	-307.627276
1443	-346.867442	-346.822556
2215	-289.795079	-289.685810
3491	-361.750275	-361.880863
798	-208.842347	-208.340139
3917	-274.985822	-275.102929
2362	-305.134491	-305.679469
1020	-303.566436	-303.751936
2859	-362.909074	-362.886564
3959	-305.831035	-305.756159
772	-381.599310	-381.435734
1844	-325.808754	-325.802041
333	-308.507517	-308.442607
86	-190.624631	-188.982856
1379	-325.731549	-325.755559
3245	-327.024699	-327.099467
1367	-325.812267	-325.811175
2065	-340.537496	-340.597120
1400	-306.067385	-306.129219
1263	-345.642008	-345.750793
2575	-308.759090	-308.802042
2196	-338.559964	-338.557964
2698	-344.434438	-344.422980
1164	-340.611734	-340.671004
1501	-288.653529	-288.668276
843	-308.437835	-308.503785
298	-377.795528	-377.923575
1651	-273.809498	-273.748268
1153	-325.764669	-325.797384
3631	-303.560350	-303.596060
1198	-308.449457	-308.609041
1536	-324.492974	-324.556595
257	-324.569867	-324.849377
271	-361.759779	-361.538102
3143	-286.432042	-286.503427
1702	-251.727632	-251.582300
1722	-362.946707	-363.009048
1180	-306.364186	-306.632935
135	-301.341304	-301.249295
390	-306.070291	-306.423399
446	-305.831164	-305.822985
319	-352.845678	-352.862107
1705	-286.218259	-286.107971
2881	-345.594203	-345.722354
2089	-308.469081	-308.401255
3152	-335.591582	-335.636884
2977	-310.909944	-310.937799
2009	-273.812948	-273.672701
3536	-352.836930	-352.881932
2912	-346.883119	-346.867683
391	-345.584667	-345.614567
3322	-272.536448	-272.285703
3281	-309.716743	-309.732563
2503	-345.653983	-345.620997
3269	-381.624381	-381.481589
612	-397.697891	-398.424855
3060	-270.441145	-270.455658
1830	-345.641862	-345.748412
1235	-265.447270	-265.535756
664	-335.632054	-335.768833
3679	-320.794248	-320.880382
783	-273.806375	-273.914017
1942	-382.751274	-382.398288
1686	-288.648208	-288.656453
2279	-309.711101	-309.696289
794	-248.143861	-248.362898
3698	-360.508088	-360.464112
3348	-304.715963	-304.706812
3038	-288.542113	-288.538761
1836	-268.273739	-268.299561
816	-356.748545	-356.749821
2407	-377.829134	-377.519160
371	-380.374978	-380.433554
2607	-275.007113	-274.821276
94	-362.955075	-362.894786
463	-309.715058	-309.724041
1353	-359.297643	-359.143578
1654	-360.518768	-360.626689
3761	-352.866322	-352.839124
881	-234.470813	-234.445451
2150	-324.570860	-324.629879
1131	-324.580815	-324.638431
261	-310.905322	-310.907009
3151	-362.873906	-362.818991
2181	-340.656656	-340.756677
1335	-283.156647	-282.701199
901	-270.446915	-270.504418
1634	-324.563073	-324.604507
7	-309.722879	-309.739325
2683	-309.686061	-309.712998
1524	-272.550818	-272.385804
1129	-340.618148	-340.657273
2871	-308.460407	-308.440082
2957	-323.644468	-323.694610
89	-249.259410	-249.243748
1155	-272.838189	-273.145209
1315	-288.533780	-288.552414
2385	-310.911571	-310.938797
2483	-322.158791	-322.097605
178	-188.042067	-189.079930
1046	-271.618580	-271.621306
3816	-272.830720	-273.338001
3074	-272.553250	-272.330707
1884	-307.577822	-307.464793
1745	-264.171923	-263.912907
2556	-321.958604	-322.149999
2011	-270.099401	-270.583014
2081	-273.775864	-273.970044
214	-348.052027	-348.051464
2200	-344.426799	-344.593279
3201	-346.845480	-346.837239
2223	-288.657055	-288.701724
239	-270.446608	-270.283168
1822	-344.395150	-344.494358
3392	-361.774979	-362.140048
2824	-304.720708	-304.733035
2688	-284.964138	-285.186607
2177	-346.868453	-346.902529
1399	-341.826906	-341.696946
3210	-336.808333	-336.842731
1532	-309.731599	-309.727761
1801	-301.335636	-301.427497
2146	-310.932540	-310.889208
2350	-341.853951	-342.043569
215	-356.645883	-356.581626
1599	-304.689816	-304.843336
3374	-324.551244	-324.485745
2591	-325.773278	-325.777627
2675	-303.787203	-303.889964
3635	-308.475489	-308.231332
1395	-375.348487	-375.331828
2399	-308.430606	-308.612846
2495	-307.596472	-307.748528
1030	-309.683546	-309.669074
2610	-309.711468	-309.754928
1132	-310.938583	-310.929813
1172	-357.927353	-357.921246
837	-360.512026	-360.498785
81	-318.390876	-318.160741
3943	-376.602183	-376.754962
1167	-309.729139	-309.738466
4	-270.439280	-270.420741
464	-324.485629	-324.638880
3433	-308.465425	-308.470003
1374	-322.175807	-322.109207
1186	-359.296697	-359.211685
2616	-272.542567	-272.549508
429	-288.570364	-288.620793
2324	-346.831385	-346.935641
3526	-249.285024	-249.287772
3388	-271.606364	-271.497873
1835	-376.631067	-376.676006
2595	-303.465315	-303.665442
3588	-272.549011	-272.296576
2310	-338.194242	-338.230312
256	-308.741915	-308.502107
1665	-336.802871	-336.857481
1410	-273.759553	-273.813267
1067	-273.762417	-273.937280
3601	-308.749822	-308.679429
3029	-285.281493	-285.308053
1422	-361.728608	-361.852048
3421	-324.571081	-324.804015
507	-309.697879	-309.622736
1178	-382.751729	-382.545896
506	-234.516241	-234.496788
2102	-361.723581	-361.767648
2582	-320.773768	-320.868973
1814	-360.537947	-360.585691
1481	-376.634518	-376.859276
3086	-360.507527	-360.325661
316	-341.858490	-342.000419
2535	-272.835594	-273.054013
2943	-340.654874	-340.699862
1774	-324.585556	-324.657011
1750	-287.645651	-287.975058
2284	-359.298380	-359.518961
1038	-267.106213	-267.224252
3480	-286.460642	-287.054081
1788	-345.646841	-345.649895
2153	-309.673226	-309.703821
1670	-269.230258	-268.968919
1978	-281.485530	-281.429798
2643	-372.711859	-372.715992
1256	-312.119596	-312.140187
940	-325.787515	-325.827030
1693	-234.474613	-235.009877
2166	-343.239068	-342.868500
3703	-287.697316	-288.594147
2904	-302.545112	-302.420660
2892	-325.728271	-325.747320
1468	-345.650338	-345.662289
1082	-310.901659	-310.931804
2658	-308.461040	-308.455942
1274	-309.686648	-309.685070
2717	-309.726244	-309.750209
3583	-325.721011	-325.662654
33	-264.504487	-264.885398
1874	-416.367317	-416.212504
3043	-196.405320	-196.902464
2894	-309.717750	-309.682786
3462	-272.538255	-272.577588
2771	-310.910278	-310.918849
1010	-340.666160	-340.691168
2609	-322.351046	-322.397598
1043	-324.605875	-324.765721
563	-345.644179	-345.660711
2172	-308.472272	-308.404561
2538	-344.417597	-344.552378
245	-340.656722	-340.718418
22	-324.575190	-324.561672
3431	-323.229212	-323.305281
1826	-285.242094	-285.365553
1866	-310.940708	-310.915621
840	-289.871520	-289.956272
329	-380.402442	-380.426034
1381	-303.795699	-304.157298
3195	-274.982322	-274.851502
196	-341.759398	-341.836748
3877	-340.623773	-340.671043
233	-301.382062	-301.577508
2472	-209.159302	-211.660515
516	-312.134532	-312.264450
3984	-344.418857	-344.478606
559	-362.935404	-363.076233
3451	-319.606765	-319.706532
1372	-381.574124	-381.649122
675	-346.827397	-346.869570
1810	-288.653294	-288.704729
1648	-345.660642	-345.628319
1591	-249.397368	-249.216867
1635	-360.520081	-360.402725
1779	-288.583563	-288.564135
2900	-272.554670	-272.344291
2554	-345.649886	-345.662493
1111	-335.656557	-335.790246
240	-286.517094	-286.682026
2171	-359.346839	-359.376831
596	-325.754527	-325.779933
3232	-345.686487	-345.755846
1544	-324.594826	-324.798180
224	-324.628594	-324.658639
2459	-273.761223	-273.778037
2047	-286.246880	-286.550688
2224	-307.568767	-307.695369
2769	-376.563238	-376.551414
259	-309.735245	-309.744387
2054	-302.588564	-302.676091
2853	-325.794835	-325.842573
683	-348.060054	-348.241712
248	-339.489875	-339.485967
3790	-286.502445	-286.519134
2448	-346.833271	-346.823906
3304	-346.843297	-346.847920
2396	-307.546144	-307.672892
2954	-305.915530	-305.907976
150	-309.732713	-309.723195
1740	-376.599676	-376.468164
3131	-303.560907	-303.506402
2489	-250.583259	-250.318377
2246	-287.318502	-287.877872
2195	-289.873479	-289.547411
3807	-361.706503	-361.918000
3385	-324.583090	-324.642231
2390	-270.097243	-269.997661
2795	-379.572458	-379.488769
2601	-333.464063	-333.857728
2071	-246.029150	-245.432055
3470	-416.814878	-415.876056
1637	-343.503600	-343.297313
3242	-397.707881	-398.019154
2533	-265.438520	-265.452905
1058	-324.585402	-324.580435
1980	-345.680616	-345.784218
2492	-396.477101	-396.185345
1128	-361.695007	-361.802931
3020	-287.430903	-287.534003
2936	-324.504178	-324.566076
2440	-317.433049	-317.508326
747	-359.350089	-359.339714
31	-359.310420	-359.382665
2562	-375.357530	-375.307217
621	-310.899323	-310.936298
3165	-356.724041	-356.872329
1	-360.499843	-360.385925
1106	-231.106310	-231.269540
3568	-308.468418	-308.385514
2381	-346.856604	-346.801968
2941	-340.635024	-340.593854
2424	-273.764093	-273.947851
1974	-345.655745	-345.696880
3754	-324.570035	-324.601010
1776	-325.785476	-325.812025
3311	-344.433172	-344.476555
2777	-336.817321	-336.874826
3928	-377.799358	-377.945979
320	-232.333410	-232.721884
1704	-274.984793	-275.005025
2384	-281.469893	-281.355295
3565	-286.474509	-286.461634
412	-372.768039	-372.796388
1278	-362.942040	-363.007722
3212	-360.575745	-360.632928
3965	-273.764529	-273.832184
572	-356.752533	-356.873093
439	-288.690999	-288.657953
2865	-342.307696	-342.535307
1924	-340.591587	-340.731158
2220	-272.538190	-272.598873
1650	-341.836348	-341.900358
3948	-340.614465	-340.649647
2051	-325.790442	-325.775679
2788	-345.596027	-345.541727
503	-355.514134	-355.393669
1992	-325.723538	-325.706364
3794	-317.361117	-317.209250
640	-345.616264	-345.762028
644	-376.595314	-376.551750
1047	-346.836177	-346.770251
3508	-309.675176	-309.700062
1771	-287.657053	-287.993112
3910	-309.703111	-309.667483
2234	-272.580839	-272.701353
155	-324.571682	-324.644027
1150	-308.551121	-308.477906
1242	-308.508254	-308.625602
1080	-288.570006	-288.656767
892	-288.621895	-288.625409
3396	-273.815873	-273.798071
1793	-325.725688	-325.777217
2213	-287.433999	-287.668225
1731	-381.565314	-381.531551
418	-324.565412	-324.621265
1206	-342.315546	-342.204875
3936	-326.951067	-326.755339
1189	-287.322957	-288.170531
775	-344.469204	-344.580997
2199	-377.815601	-377.946776
1515	-360.502298	-360.307733
2708	-308.512758	-308.518404
788	-324.467888	-324.529007
3307	-318.647923	-318.843503
2088	-362.871515	-362.587852
3824	-302.288055	-302.257541
833	-325.761605	-325.792942
443	-325.754109	-325.717814
3538	-271.350701	-271.566808
2928	-324.540084	-324.634152
2569	-281.476967	-281.484082
3840	-309.681264	-309.664352
331	-309.734363	-309.716823
2301	-324.616647	-324.625232
1819	-249.292101	-248.258701
883	-340.647778	-340.695040
1718	-356.706262	-356.748656
3088	-308.459859	-308.510007
1348	-309.683859	-309.683809
1342	-361.712098	-361.724537
423	-304.694187	-304.798032
99	-336.813559	-336.908707
144	-271.323089	-271.194270
2615	-360.501085	-360.591662
3726	-382.754967	-382.845439
2045	-324.495988	-324.434686
1513	-306.368494	-306.592973
456	-336.811524	-336.855619
226	-360.556344	-360.607925
3248	-322.477268	-322.534216
3872	-340.691219	-340.541012
2216	-308.505718	-308.403414
3650	-382.756764	-382.778328
3062	-381.573048	-381.778982
500	-308.452306	-308.594278
2753	-310.904304	-311.051815
1006	-336.843788	-336.875133
1210	-340.641282	-340.684468
841	-361.736259	-361.941313
2804	-344.433943	-344.434113
556	-272.600604	-272.491713
1196	-346.840727	-346.845077
470	-303.460335	-303.398158
2148	-309.718089	-309.740938
873	-273.763068	-273.824458
859	-308.468407	-308.460703
471	-324.532283	-324.570798
1431	-344.392695	-344.398254
3054	-269.129580	-269.649683
1765	-285.335887	-285.239962
3803	-287.351460	-287.612546
3202	-310.908741	-310.980076
526	-344.430692	-344.492583
1706	-382.777508	-382.139089
2506	-307.526911	-307.449987
1408	-379.527030	-379.703322
2057	-288.540318	-288.530067
3347	-286.510514	-286.467163
2779	-381.606362	-381.608203
2608	-306.369631	-306.233041
3572	-322.172641	-322.250245
2394	-355.446449	-355.659610
2962	-309.686114	-309.687669
3105	-346.821661	-346.741874
649	-340.685408	-340.736184
3870	-345.605387	-345.355960
1375	-345.645053	-345.835304
1696	-320.785074	-320.860136
1272	-308.486687	-308.539178
937	-306.397642	-306.178746
3657	-312.124380	-312.047454
1355	-361.727678	-361.756065
2973	-324.604156	-324.537308
3646	-305.130313	-304.806437
1809	-324.559733	-324.633433
3625	-326.948771	-327.018784
2947	-355.510313	-355.553857
120	-323.345161	-323.319790
3066	-345.688382	-346.098558
1232	-336.811744	-336.883336
2453	-268.273240	-268.835196
910	-270.384937	-270.434728
3149	-372.694726	-372.622387
3873	-348.051405	-348.125969
3122	-232.329070	-231.962453
2816	-310.905786	-310.933121
3305	-310.955141	-310.923347
667	-360.533083	-360.462050
3384	-357.949026	-357.871624
1652	-301.316399	-301.443956
3743	-325.726182	-325.731670
3226	-339.491316	-339.454518
2911	-289.871661	-289.743637
1747	-360.559076	-360.685121
1174	-345.614442	-345.548930
3047	-285.293918	-285.252705
1973	-340.637231	-340.723777
370	-356.698196	-356.757884
2214	-245.994065	-247.786139
3214	-344.426062	-344.447874
3343	-320.735225	-320.924489
1552	-346.865957	-346.902655
1473	-340.678945	-340.719055
1612	-310.902795	-310.933459
734	-233.242250	-232.746593
2365	-345.689766	-345.586218
2617	-248.151318	-247.948761
603	-346.867624	-346.868524
2280	-359.345792	-359.444208
1939	-242.205627	-242.919021
3847	-356.693135	-356.696472
1550	-301.345683	-301.327103
1227	-322.155306	-322.067048
3970	-305.897998	-305.945380
521	-262.065493	-260.682921
1671	-309.708282	-309.725132
3858	-308.459001	-308.374693
2198	-382.804255	-382.592957
3445	-286.508374	-286.826457
1906	-324.613156	-324.692105
1299	-348.043466	-348.035356
3115	-340.620294	-340.696168
2790	-287.732329	-287.529184
3710	-308.565933	-308.567097
2206	-312.126404	-312.255300
207	-285.281032	-285.287708
1618	-345.629039	-345.776363
1412	-242.195730	-241.673833
792	-310.898648	-310.961799
3420	-306.358581	-306.215711
808	-320.774349	-320.832862
1691	-272.595294	-272.612243
2831	-356.723059	-356.750506
1402	-286.203815	-286.357015
3597	-360.539435	-360.533175
1220	-325.800532	-325.784296
3336	-308.477672	-308.379251
3931	-288.683173	-288.673698
824	-310.952875	-310.854594
889	-272.539307	-272.615025
888	-323.328290	-323.330926
3234	-287.349937	-287.494076
238	-233.253760	-232.460289
1952	-344.408452	-344.477113
1547	-335.613384	-335.820234
34	-306.355655	-306.063112
2555	-287.427764	-287.724218
2666	-303.423742	-303.411539
221	-310.917273	-310.969713
836	-324.606601	-324.658935
709	-286.134079	-286.301045
307	-302.239101	-302.354103
180	-360.505528	-360.517946
3233	-304.691526	-304.759986
255	-309.672030	-309.672138
3634	-340.646592	-340.692580
1861	-235.696852	-236.176155
2797	-345.646914	-345.598672
2312	-344.416076	-344.481936
1488	-320.766344	-320.774091
1798	-312.126342	-312.275414
505	-338.531538	-338.660800
2677	-309.684577	-309.696732
3243	-377.816466	-377.958102
3578	-286.432515	-286.752822
1913	-310.912131	-310.951516
3793	-381.580932	-381.793393
1787	-325.795649	-325.857965
3852	-361.710525	-361.822922
281	-322.479769	-322.422768
2566	-346.832253	-346.770036
1587	-322.133444	-321.934528
1843	-362.899677	-362.939102
2689	-309.673807	-309.709264
3901	-346.822424	-346.794282
2404	-323.340989	-323.232765
3207	-355.520098	-355.586529
838	-361.709679	-361.844044
879	-303.556846	-303.637380
3181	-307.209274	-307.295468
1508	-308.462196	-308.508422
3109	-324.582824	-324.553030
3537	-346.860694	-346.848177
1562	-309.676327	-309.678324
915	-304.734226	-304.746946
229	-361.648305	-361.675339
2457	-382.757134	-383.054569
1088	-291.017433	-290.092774
432	-344.390227	-344.396099
1881	-361.772040	-361.739796
2818	-335.618370	-335.719284
795	-246.023231	-245.492962
2855	-268.917900	-269.473460
1999	-233.547877	-234.559351
3194	-301.367422	-301.434869
951	-307.548619	-307.554157
1465	-382.796989	-382.889391
2747	-301.332569	-301.534674
1723	-307.290176	-307.293119
2315	-273.793520	-273.796627
740	-344.452972	-344.546552
2713	-310.904631	-310.953787
562	-456.105229	-453.102465
3561	-343.190300	-342.687510
2984	-362.935648	-362.998384
708	-306.313133	-306.362588
722	-310.935212	-310.994933
713	-308.484017	-308.482718
3744	-339.414779	-339.424345
3751	-339.491316	-339.454520
3864	-288.639421	-288.628377
3079	-270.401391	-270.146093
3325	-341.836362	-341.915772
677	-324.594116	-324.718666
2393	-324.608961	-324.624063
2701	-326.942959	-326.802283
3499	-309.702237	-309.625963
2298	-270.396464	-270.441552
3628	-272.509064	-272.339848
3284	-343.290242	-343.306232
106	-362.952198	-362.926185
3765	-453.654335	-452.758216
203	-340.663148	-340.719889
1467	-345.613895	-345.399707
3521	-342.324182	-343.233552
3878	-360.554015	-360.568749
3680	-305.904722	-305.896316
2916	-340.655601	-340.647111
2309	-272.583285	-272.591584
1462	-312.136049	-312.160979
868	-312.124574	-312.117406
2097	-345.639692	-345.783019
598	-193.088340	-193.455735
1698	-325.800949	-325.846867
3775	-324.576188	-324.621023
1495	-286.516879	-286.343768
2571	-309.686348	-309.673523
2922	-352.890573	-352.923785
1425	-288.648476	-288.531393
3292	-326.937372	-327.037672
3796	-341.875439	-341.836322
340	-273.789697	-273.686404
6	-345.687671	-345.659821
1034	-356.732791	-356.743007
3815	-288.574763	-288.680335
3979	-345.651111	-345.660085
3382	-341.145624	-341.270689
494	-345.611057	-345.760597
1899	-308.478846	-308.647514
394	-344.385642	-344.625521
904	-345.608456	-345.310504
1687	-344.407598	-344.502700
3688	-322.476720	-322.463844
2706	-345.667357	-345.585390
2860	-345.600676	-345.657151
3658	-309.682445	-309.667001
1307	-303.460433	-303.596489
133	-271.642927	-271.591968
1453	-309.720334	-309.721430
2183	-339.459869	-339.377650
3539	-324.625415	-324.640717
1325	-356.758284	-356.754781
2631	-380.316551	-380.316870
1534	-340.632075	-340.702516
3567	-309.693494	-309.598014
849	-360.532987	-360.534026
2605	-346.869041	-346.843474
2075	-345.606444	-345.646658
3856	-306.313590	-306.075460
1643	-310.910140	-310.937019
807	-340.681309	-340.728627
136	-343.240623	-343.283278
3940	-308.464824	-308.494791
3799	-291.018995	-289.975386
3496	-302.303890	-302.148935
2068	-308.471269	-308.539192
968	-308.470667	-308.323953
1956	-308.461475	-308.395053
2211	-340.648620	-340.719823
420	-362.950092	-362.934380
2597	-412.494644	-412.059618
177	-362.872710	-362.873717
3553	-346.830674	-346.902460
1053	-340.610046	-340.714844
861	-360.488871	-360.555160
2127	-308.519863	-308.551347
3933	-307.569255	-307.666393
1784	-324.497693	-324.503229
2598	-308.508949	-308.437539
2389	-361.728546	-361.864698
2180	-340.665904	-340.736504
263	-341.853650	-341.907685
993	-317.364547	-317.295156
2069	-346.855971	-346.931972
3669	-285.267165	-285.197804
554	-340.688787	-340.724419
3571	-309.676719	-309.739985
58	-304.683044	-304.754046
2798	-307.259167	-307.172197
3665	-323.329494	-323.311070
1584	-251.727102	-251.851505
1158	-268.251114	-268.247996
3696	-308.474441	-308.598590
1674	-360.499243	-360.434788
3377	-360.549337	-360.405971
2377	-236.916033	-237.176341
3443	-346.866543	-346.830778
676	-272.584377	-272.350247
1137	-271.622539	-271.688673
3225	-362.875945	-362.792025
1921	-310.904960	-310.989931
2959	-289.795007	-289.881316
3146	-289.872162	-289.688886
751	-361.724921	-361.718061
3945	-304.737186	-304.739428
1268	-344.411146	-344.424938
1568	-324.555249	-324.649141
3704	-348.035847	-348.073768
611	-248.364357	-248.377699
706	-303.481839	-303.648389
1441	-303.469082	-303.897078
2257	-307.238509	-307.212357
2732	-324.579850	-324.647859
1533	-309.671865	-309.695332
380	-307.581989	-307.614364
917	-323.320690	-323.616263
2165	-319.567241	-319.719581
571	-339.423497	-339.512170
854	-383.971058	-383.850450
2542	-326.951186	-327.023249
3492	-345.645245	-345.587617
3653	-309.763576	-309.759450
1755	-304.686811	-304.727015
1416	-308.514570	-308.583299
3027	-336.811099	-336.916670
1517	-359.342366	-359.194614
2794	-304.681399	-304.785299
2262	-325.780603	-325.809379
1234	-325.796704	-325.798476
2565	-345.591597	-345.779982
92	-301.343578	-301.324190
2168	-310.899911	-310.906429
3093	-334.424572	-334.368032
3951	-326.977685	-326.857409
2718	-382.782995	-382.401416
1090	-272.500426	-272.537674
2942	-325.778444	-325.826360
3906	-309.685651	-309.671465
736	-325.799293	-325.739584
447	-271.627826	-271.654834
160	-309.685140	-309.662058
3622	-304.726439	-304.859046
3178	-345.605421	-345.681202
3624	-324.614194	-324.688921
204	-287.353313	-287.204239
3610	-360.476593	-360.570522
2268	-302.558547	-302.675395
3534	-320.785748	-320.869865
2776	-313.573888	-313.646460
1645	-324.477059	-324.528488
2367	-361.723620	-361.830478
1072	-272.554773	-272.335340
1522	-324.485746	-324.512959
2620	-324.587670	-324.622117
2813	-232.063900	-232.672672
3030	-324.500475	-324.580109
3976	-273.765901	-273.854683
2910	-307.536915	-307.521370
947	-322.454079	-322.163670
3891	-346.821929	-346.867626
3249	-325.739818	-325.743779
3827	-270.435807	-270.401993
3582	-344.436500	-344.394772
1401	-307.265351	-306.795851
509	-307.238995	-307.104964
899	-321.230055	-321.419917
3032	-360.508895	-360.545743
1588	-323.678800	-323.581485
225	-346.842403	-346.848002
1496	-268.248371	-268.337634
2226	-276.206257	-275.901224
334	-245.983375	-248.668635
1296	-345.612257	-345.736395
3076	-247.198000	-247.571142
139	-338.257996	-337.906098
3120	-309.689111	-309.696196
2764	-195.179738	-189.876736
1553	-323.448965	-323.491041
1279	-377.837977	-377.857640
3955	-323.391458	-323.239949
1451	-348.052763	-348.128465
657	-270.392759	-270.595939
1598	-308.471397	-308.548066
2099	-288.573876	-288.550895
3542	-344.409533	-344.416636
1035	-284.385189	-284.388457
3853	-271.336383	-271.532808
721	-185.648533	-178.371993
929	-272.832690	-273.008834
511	-320.778636	-320.863049
3861	-234.486176	-235.400979
2873	-307.545713	-307.628819
417	-344.440065	-344.579782
3334	-325.800680	-325.779227
3041	-345.692143	-345.766916
1627	-301.363590	-301.155911
3506	-320.804155	-320.875787
2331	-308.516808	-308.540242
2031	-269.170061	-269.147509
1183	-325.750970	-325.760986
249	-306.347185	-306.313620
3042	-269.468415	-268.485727
2145	-346.844016	-346.823312
704	-235.696677	-235.609982
192	-310.897684	-310.917350
1660	-274.985107	-274.897769
3286	-361.731914	-361.972432
3278	-298.952950	-300.660734
3383	-360.602876	-360.658353
3418	-308.467120	-308.424502
2815	-324.570906	-324.748951
3974	-323.433262	-323.515172
2173	-304.678340	-304.839937
874	-271.611192	-271.525647
1245	-310.907810	-310.948306
2053	-320.769272	-320.837356
3293	-360.535142	-360.638038
3702	-362.951503	-362.827974
2772	-343.232602	-342.980363
3429	-274.987297	-275.022423
3320	-310.952127	-310.943083
1025	-324.520219	-324.541547
302	-340.632285	-340.672622
1260	-270.417842	-270.179807
1084	-309.711894	-309.768645
3643	-309.660190	-309.667071
3670	-286.248451	-286.559036
3175	-309.649998	-309.714057
351	-345.625747	-345.650629
1506	-339.437849	-339.499987
137	-287.440932	-287.570342
2493	-346.822460	-346.835793
2992	-343.202564	-343.392950
1998	-324.536830	-324.634816
206	-309.688611	-309.601087
3209	-346.834502	-346.816518
291	-304.683134	-304.722724
1292	-323.652284	-323.694690
386	-325.776001	-325.790952
228	-346.859384	-346.868202
547	-360.540793	-360.458387
3968	-287.425634	-287.520953
2133	-323.338627	-323.312427
3466	-325.794624	-325.802996
2728	-304.742823	-304.790102
970	-310.911364	-310.988298
3097	-309.716094	-309.705991
3589	-324.543443	-324.579631
2347	-308.476587	-308.504490
534	-324.575799	-324.614427
2256	-303.503801	-303.808209
1564	-288.555332	-288.542606
671	-310.897268	-310.911841
2475	-381.524347	-381.625546
1450	-273.757658	-273.772749
639	-270.405973	-270.516648
2842	-308.450204	-308.530526
1592	-271.616430	-271.609258
3887	-242.196351	-243.231075
1940	-334.429558	-334.526783
3554	-309.689751	-309.670998
3142	-376.617653	-376.613056
93	-340.615011	-340.714443
3111	-318.340705	-317.979380
3544	-312.133269	-312.404296
2981	-327.026688	-327.202595
2027	-376.585000	-376.582109
2204	-310.904876	-310.895594
2766	-285.279992	-285.520062
2684	-310.940657	-310.923145
1831	-323.386306	-323.424133
3838	-271.318933	-271.039072
24	-345.608180	-345.699379
1996	-356.687774	-356.677481
242	-340.623533	-340.625932
2368	-325.804686	-325.778966
3427	-325.793904	-325.570514
2084	-361.708021	-362.208139
1287	-355.515622	-355.425632
2561	-325.778234	-325.816896
1697	-345.613396	-345.711974
2205	-318.391203	-318.224922
3626	-310.902465	-310.869251
73	-233.293627	-233.443338
1086	-272.587059	-272.558777
2105	-335.635972	-335.580504
3312	-323.647099	-323.607090
744	-249.332005	-248.982282
565	-356.730212	-356.993546
601	-324.603558	-324.695315
984	-248.443503	-248.417163
285	-249.362379	-250.277654
1770	-309.719198	-309.750356
1165	-309.706371	-309.672156
3562	-360.524672	-360.710314
2619	-326.939536	-327.079037
3359	-325.733758	-325.760528
306	-307.335530	-307.444911
2662	-345.635068	-345.859429
3081	-302.557878	-302.764419
894	-338.247875	-338.461079
3328	-324.549529	-324.699491
1085	-231.092208	-231.062206
3800	-346.862839	-346.773881
147	-345.615452	-345.725858
1087	-324.508933	-324.583311
397	-288.630839	-288.607713
3044	-363.519194	-363.350721
1319	-308.560759	-308.625009
3058	-247.214450	-247.578231
2203	-310.911529	-310.962260
190	-354.290746	-353.509632
2657	-308.451299	-308.508298
1842	-362.894239	-362.918045
2579	-273.765811	-274.033573
2829	-340.622886	-340.642903
3110	-236.917458	-237.228614
3358	-326.934987	-326.974368
3357	-361.779217	-362.227709
3867	-356.726146	-356.716904
1252	-301.395982	-301.437895
3829	-323.654114	-323.693789
2329	-324.557240	-324.593379
2154	-360.512793	-360.589644
2443	-288.547509	-288.589064
3493	-232.333258	-232.463388
3339	-356.699649	-356.713706
2287	-310.905485	-311.004297
339	-356.705991	-356.739116
460	-360.488733	-360.407362
866	-340.620625	-340.657039
2055	-304.724717	-304.840372
2451	-359.328735	-359.023864
1934	-341.769746	-341.776437
3103	-340.631134	-340.668567
2263	-274.983122	-274.850946
3262	-235.693825	-235.780079
1644	-325.774769	-325.831497
435	-306.309029	-306.313933
3929	-321.233569	-321.656191
315	-302.472397	-302.622789
1898	-360.497612	-360.389259
3437	-288.585212	-288.535197
181	-412.528245	-412.408196
3543	-287.318584	-288.365986
3958	-291.015785	-290.449951
990	-309.684377	-309.695492
1640	-304.583737	-304.760287
1500	-345.609230	-345.615864
1415	-338.156727	-338.069129
3409	-356.696744	-356.625591
3599	-308.482454	-308.493854
2838	-324.547436	-324.566924
2059	-345.674176	-345.562843
2989	-287.317913	-287.871817
2201	-452.728039	-443.150438
738	-324.592221	-324.639371
1542	-370.291993	-361.942432
2469	-270.392444	-270.124559
2630	-282.871678	-282.683890
2386	-352.829520	-352.196114
991	-345.602096	-345.768201
293	-377.807580	-377.956821
1594	-323.433551	-323.423479
2484	-344.359905	-344.468473
1243	-323.582949	-323.755309
957	-360.490486	-360.337580
1405	-361.711854	-361.997209
462	-234.474088	-234.960193
1832	-309.737802	-309.733071
1344	-341.767606	-341.878450
2391	-310.927566	-310.997232
40	-344.338878	-344.486415
3985	-324.548763	-324.647651
2359	-360.468392	-360.405606
2240	-381.627040	-381.724919
3647	-325.794522	-325.804704
1538	-348.050463	-348.072206
3147	-338.530072	-338.539238
3594	-272.544482	-272.614649
1461	-346.899170	-346.815573
283	-355.460155	-355.435133
3586	-287.506415	-286.845220
988	-341.827199	-341.915059
532	-344.369744	-344.529771
2796	-345.678871	-345.579288
3911	-345.639354	-345.748741
2371	-307.253245	-307.861367
118	-352.905052	-352.962275
3533	-232.036378	-232.483143
1603	-232.363630	-231.780257
2318	-348.039301	-348.010526
2604	-304.743934	-304.878074
2276	-309.679242	-309.684999
3360	-382.810709	-382.889539
2867	-361.734339	-361.664840
3515	-346.852204	-346.903014
2019	-340.659620	-340.791135
3921	-343.218379	-342.741184
2686	-340.697732	-340.720302
1300	-324.595031	-324.684987
406	-359.295180	-359.419770
805	-309.658574	-309.668134
2729	-323.315925	-323.223530
202	-226.160842	-226.350388
641	-322.439472	-322.567034
1257	-346.855622	-346.867840
3266	-287.736841	-287.791439
1742	-288.583008	-288.643210
1492	-310.927319	-310.934032
860	-397.697425	-398.169728
2342	-309.680487	-309.617526
2626	-305.900638	-305.842797
95	-351.666551	-351.904598
1926	-273.773955	-273.740553
45	-266.615452	-266.904696
1872	-272.566631	-272.579692
1662	-377.834156	-377.773689
981	-303.499320	-303.628488
1875	-242.186010	-243.437811
1633	-247.201165	-247.140997
3483	-308.500974	-308.457605
1125	-285.292217	-285.147947
2352	-288.589622	-288.452482
624	-312.119017	-311.987246
3760	-280.314080	-280.776647
1554	-320.728167	-320.753211
931	-361.763293	-361.836815
2423	-338.238743	-338.172591
2070	-114.483613	-37.111036
2559	-319.571638	-319.468194
1308	-341.814212	-341.921735
3326	-381.616196	-381.707745
3664	-269.219315	-269.228891
2583	-346.859078	-346.925010
1753	-375.351387	-375.405870
582	-325.833302	-325.840688
2710	-361.773017	-361.575319
3780	-323.320574	-323.336905
2886	-324.530742	-324.627115
2374	-285.279236	-285.142995
2479	-271.622821	-271.693442
1744	-288.535621	-288.527787
2383	-324.593866	-324.680165
3947	-382.782251	-383.057068
3474	-309.730988	-309.736748
247	-304.688358	-304.865342
1169	-346.819305	-346.811462
1359	-229.927277	-230.272718
1951	-317.408548	-317.487070
1902	-324.615795	-324.670836
292	-308.517192	-308.601757
2430	-304.688809	-304.698391
1581	-345.660520	-345.710588
2114	-307.528446	-307.644377
102	-307.230370	-307.237443
1382	-360.492675	-360.525534
3833	-324.559324	-324.646767
287	-307.560718	-307.590143
2513	-345.631685	-345.672313
2574	-273.812881	-273.833514
2539	-321.276274	-321.209290
1331	-310.941319	-311.025557
1683	-346.829154	-346.849367
2275	-312.122563	-312.070723
2544	-381.632480	-381.949226
130	-274.988525	-275.009737
2674	-342.352279	-341.887919
911	-356.711832	-356.731998
764	-233.560626	-232.146260
1280	-356.683566	-356.671188
2109	-321.219665	-321.474066
3812	-271.623066	-271.647700
1849	-324.547957	-324.623527
945	-264.243028	-264.877408
3390	-309.736085	-309.735414
3909	-310.945132	-310.941021
1314	-324.460304	-324.621959
599	-343.312201	-343.192990
2508	-324.574476	-324.577649
2872	-288.581144	-288.511840
2955	-346.822341	-346.847928
1609	-210.001565	-209.844194
1541	-310.912991	-310.938002
1302	-339.445855	-339.580174
3289	-270.437636	-269.863404
2353	-281.504579	-281.419230
552	-340.639366	-340.703349
659	-326.976670	-326.988963
3274	-196.407957	-197.071285
3141	-345.651109	-345.710010
3246	-340.652252	-340.721456
960	-310.940611	-310.862229
3742	-271.272557	-271.236887
1739	-303.454720	-303.630379
3767	-324.568597	-324.728895
1323	-289.811983	-290.265824
2889	-341.871347	-341.910435
3306	-361.650084	-361.577485
2668	-310.906004	-310.936762
2008	-336.802659	-336.871116
996	-307.544316	-307.575915
153	-347.466594	-347.219974
1918	-319.573117	-319.382279
3346	-318.327053	-318.298081
3446	-306.044918	-305.784360
1202	-361.725394	-361.629710
1285	-346.860450	-346.835838
1116	-356.691214	-356.567431
3117	-346.824942	-346.715025
813	-361.733052	-361.584814
3459	-346.831382	-346.782649
3746	-309.736797	-309.748567
3939	-317.386479	-317.343396
686	-391.370332	-392.686192
2261	-233.260156	-231.878960
1347	-359.361259	-359.092567
3438	-312.132858	-311.999416
3161	-309.678595	-309.622477
1527	-271.621836	-271.540304
3881	-357.951284	-357.860863
1969	-360.529678	-360.521179
381	-341.835557	-342.016000
113	-360.478880	-360.608987
1438	-356.728392	-356.757795
2107	-325.766177	-325.672628
586	-376.582598	-376.485726
3607	-325.801523	-325.719449
290	-348.056024	-348.110610
573	-286.504534	-286.524491
3393	-359.297522	-359.304987
3428	-288.564752	-288.548283
3792	-360.525610	-360.504817
2164	-304.744503	-304.792984
2106	-286.476486	-286.378205
1806	-324.610229	-324.657888
3167	-309.688639	-309.685051
3180	-323.669200	-323.519255
3805	-309.680682	-309.696317
3727	-285.317454	-285.368565
1582	-361.735290	-361.898672
2537	-317.434422	-317.559590
1607	-303.462115	-303.599845
1816	-344.357220	-344.384823
2388	-309.695742	-309.595294
742	-272.588370	-272.629855
1336	-334.362330	-334.499885
781	-362.918463	-362.968879
2536	-273.758980	-273.754432
3611	-324.577560	-324.503805
574	-271.665153	-271.747824
1365	-361.755045	-361.775147
1293	-271.369084	-271.328881
3529	-341.843027	-341.864899
2437	-356.692640	-356.659834
2207	-301.330754	-301.390508
3712	-300.148891	-297.489914
1122	-345.601318	-345.806989
151	-270.397623	-270.461129
663	-323.347275	-323.279851
1636	-233.551389	-234.567010
774	-395.551843	-396.440941
3762	-351.646368	-351.800992
2671	-344.377098	-344.594414
2914	-270.422403	-270.251823
756	-325.798888	-325.826170
288	-355.557059	-355.453220
176	-308.554162	-308.617540
1192	-326.947461	-326.857650
2255	-360.513163	-360.565845
1199	-377.813742	-377.913439
533	-287.720383	-287.692742
1751	-339.469166	-339.457549
932	-361.764881	-361.567769
2888	-361.704536	-361.832149
1403	-308.462299	-308.418860
3338	-308.466631	-308.644636
2868	-270.407057	-270.218194
570	-275.012535	-275.186900
2361	-304.727460	-304.671748
1159	-325.779568	-325.765903
1498	-340.654582	-340.706145
3373	-271.613890	-271.600047
3531	-344.458268	-344.417152
3145	-324.570872	-324.697507
3655	-287.379629	-287.147613
969	-325.797425	-325.780295
444	-340.665581	-340.707959
2596	-339.467484	-339.395964
3724	-324.573480	-324.581530
3989	-272.542369	-272.774509
2152	-308.540101	-308.667558
542	-382.793238	-382.917515
2289	-325.766945	-325.842967
898	-305.906901	-305.890590
254	-285.284456	-285.219874
1688	-324.567893	-324.639979
3237	-303.553222	-303.605458
3934	-381.630276	-381.660180
1101	-307.244627	-306.957272
1136	-271.296056	-271.031992
297	-325.833945	-325.830429
3455	-270.401061	-270.378385
730	-336.821088	-336.872746
3448	-324.634377	-324.690777
2155	-343.243883	-342.624322
1447	-469.758395	-461.208818
3883	-308.516508	-308.719079
2613	-338.214346	-338.565268
1117	-345.566120	-345.644251
2130	-271.612772	-271.569630
3693	-273.779498	-273.687817
1151	-392.620909	-392.863084
2774	-310.910631	-310.991948
2186	-320.782523	-320.886310
3004	-288.652346	-288.587934
2563	-247.215049	-247.030512
3150	-310.942587	-311.095432
67	-172.006141	-173.540293
1668	-344.433140	-344.412466
2721	-271.401725	-271.206353
1370	-242.180146	-244.189208
1689	-336.823026	-337.348786
2110	-341.867094	-341.943719
2628	-359.341296	-359.157631
2007	-308.499105	-308.531906
3283	-287.404397	-287.700351
1310	-307.529289	-307.505151
450	-235.729507	-236.163173
2522	-307.545457	-307.611063
3163	-319.610683	-319.621797
467	-273.793804	-273.746066
3236	-310.912270	-311.047728
1719	-232.050342	-232.473756
2277	-383.973315	-384.573168
1761	-376.622507	-376.673760
3118	-236.917873	-236.888090
1991	-285.282532	-285.293681
1631	-345.642285	-345.672462
2624	-309.699280	-309.674880
617	-376.521083	-376.377575
3584	-281.484877	-281.558684
1360	-362.941781	-362.964325
2676	-325.784384	-325.836306
3930	-338.542975	-338.780754
800	-324.611571	-324.661254
1624	-340.670034	-340.713174
2050	-362.937518	-362.750665
2737	-322.442708	-322.598881
1265	-227.324775	-227.543595
1048	-286.495416	-286.167779
243	-323.389193	-323.402184
2020	-272.514099	-272.734510
905	-360.513668	-360.436878
3527	-309.716030	-309.661554
2242	-362.870426	-362.428517
878	-308.466070	-308.381838
3361	-324.558989	-324.646225
2043	-344.484341	-344.546939
65	-312.125621	-311.888195
2814	-325.804528	-325.830999
1937	-287.438379	-287.915992
2073	-345.600119	-345.681775
2564	-325.789398	-325.771989
475	-304.691568	-304.729764
1160	-286.467220	-286.803888
3400	-289.799552	-289.649767
1110	-325.781398	-325.831919
1730	-345.663299	-345.811362
1795	-356.736238	-356.740437
1008	-248.448467	-248.781180
2032	-287.663174	-287.765589
2111	-348.048744	-348.083397
3500	-323.345473	-324.014548
2435	-229.013797	-227.818921
2470	-309.688189	-309.610185
2549	-375.410333	-375.408316
2945	-307.281910	-307.113980
2219	-265.437885	-265.502166
274	-272.539126	-272.512896
2727	-271.330291	-271.336690
2112	-304.729640	-304.815737
2079	-363.517297	-363.448249
1368	-288.584029	-288.711092
3442	-381.635659	-381.719285
811	-304.567859	-304.679177
3629	-359.312853	-359.268327
2778	-325.711441	-325.810126
1022	-310.902683	-310.973286
614	-383.982605	-383.979403
105	-309.727110	-309.736480
1332	-209.144909	-209.615838
2033	-310.919833	-310.927346
665	-288.571762	-288.552434
3482	-281.480993	-281.678965
1005	-273.786179	-273.777654
1318	-310.897519	-311.011739
57	-345.635513	-345.874984
2507	-291.014750	-290.680806
2025	-249.363808	-249.120159
112	-340.648166	-340.692912
1050	-304.643392	-304.845289
1565	-325.735821	-325.669501
687	-346.841762	-346.855731
3099	-324.530718	-324.650753
1632	-340.673967	-340.731658
3706	-345.687338	-345.651961
2750	-268.301176	-268.292156
1414	-377.797879	-377.917628
1512	-346.839595	-346.911792
3472	-340.657197	-340.686301
2748	-321.271406	-321.377059
3871	-346.859809	-346.784898
673	-345.680831	-345.798229
3621	-346.815715	-346.793261
2548	-340.654465	-340.705035
71	-346.864282	-346.846330
1179	-343.195060	-343.207506
635	-324.578381	-324.626798
3273	-288.589678	-288.777264
2194	-273.757530	-273.777562
2303	-309.719920	-309.710500
3193	-320.725883	-320.918186
3253	-281.476938	-281.530703
3478	-343.296547	-343.305239
416	-271.318448	-271.296808
2428	-309.682996	-309.754566
3758	-272.557350	-272.544402
2299	-280.273691	-280.347861
3825	-93.411888	-774.828146
787	-360.525379	-360.538553
2336	-344.433499	-344.371170
2332	-342.335241	-342.737131
2465	-339.464024	-339.552029
1115	-325.773014	-325.855026
2723	-324.554067	-324.516721
1173	-344.465017	-344.556076
2521	-361.728609	-361.760151
1009	-266.763445	-267.215886
415	-309.692626	-309.691446
2519	-323.585680	-323.888828
2135	-346.861074	-346.809869
189	-322.167165	-321.586963
1972	-233.542445	-235.076705
696	-356.709466	-356.701426
1927	-361.739999	-361.947068
3198	-288.680991	-288.702492
809	-361.738091	-361.754833
1963	-325.761942	-325.730696
1519	-352.874613	-352.804328
2357	-325.754267	-325.703500
3051	-192.736096	-193.474838
3461	-320.776316	-320.779047
3949	-359.301320	-359.415849
2590	-340.650928	-340.728694
3113	-324.531139	-324.638323
702	-379.000257	-377.780529
273	-323.312375	-323.206352
3075	-324.616343	-324.683063
312	-234.485640	-235.535765
631	-371.449232	-371.485995
3673	-309.691463	-309.705604
3707	-271.620156	-271.674070
125	-228.992613	-227.959620
401	-325.712603	-325.736950
2637	-325.687098	-325.676094
2380	-327.025010	-327.567490
2690	-231.093096	-230.961002
2317	-308.503515	-308.534022
3843	-309.717869	-309.700886
3927	-323.326298	-323.172538
3699	-355.497878	-355.698762
321	-324.604397	-324.649321
384	-343.291812	-343.229872
2746	-247.190194	-247.182000
1511	-271.315027	-271.187294
1000	-339.452428	-339.397733
2930	-310.906738	-310.948852
354	-285.174014	-285.005416
3619	-325.779372	-325.794770
134	-308.516376	-308.678555
1572	-322.170570	-322.154666
3915	-309.687698	-309.683475
1454	-288.652757	-288.464275
3740	-356.684693	-356.639040
1194	-381.612648	-381.746326
1673	-309.733829	-309.709729
2002	-286.504040	-286.626699
3753	-271.652242	-271.799083
3505	-274.983383	-274.881974
1630	-323.431776	-323.421737
3579	-356.677429	-356.655799
703	-340.656580	-340.781871
3375	-324.594534	-324.648017
3748	-376.556657	-376.587897
845	-40.478930	-64.306045
59	-248.430371	-248.399863
328	-310.911163	-310.934840
422	-288.692943	-288.608155
182	-324.474954	-324.470678
469	-325.775843	-325.784308
2450	-312.124760	-312.361907
2487	-361.694757	-361.766987
749	-249.280474	-248.854368
1659	-487.002792	-485.413087
3419	-335.590859	-335.602521
791	-309.662433	-309.716817
1510	-322.425235	-322.093933
3598	-340.671493	-340.715354
806	-308.768073	-308.937398
711	-341.849127	-342.038106
1317	-344.393241	-344.717975
158	-308.540079	-308.713572
729	-343.084333	-343.231905
818	-387.475673	-385.636194
839	-302.254301	-302.628737
994	-323.428670	-323.375784
2049	-344.463291	-344.472272
3716	-361.720799	-361.747305
776	-325.781815	-325.808536
916	-345.608831	-345.464842
1834	-381.615289	-381.446736
3471	-416.384141	-416.013757
3340	-229.879598	-227.441184
2040	-317.409527	-317.470940
1076	-361.656187	-361.495959
3587	-322.421320	-322.682112
3842	-376.587741	-376.636842
2897	-346.825923	-346.785650
3351	-285.306999	-285.210049
2670	-326.934805	-326.912468
483	-309.705795	-309.641376
3026	-250.478855	-251.130406
1769	-324.569009	-324.632083
2290	-343.224836	-342.479376
1820	-324.522751	-324.366679
1729	-361.740062	-361.989416
3576	-325.729906	-325.768520
338	-272.544500	-272.620190
3558	-339.464817	-339.508906
191	-307.610450	-307.696835
1171	-325.721867	-325.761988
1949	-340.674935	-340.798866
693	-234.520624	-234.268400
1089	-344.451793	-344.514198
2524	-392.642251	-392.969736
2348	-285.253877	-285.276599
2438	-392.565188	-393.178084
121	-361.711483	-361.592585
3868	-360.526225	-360.384968
1976	-346.831692	-346.826879
1051	-346.860404	-346.917846
2907	-344.466563	-344.578693
3479	-265.289023	-265.481046
2557	-273.774103	-273.707236
2136	-263.278851	-262.844513
869	-327.026488	-326.776144
1518	-309.683200	-309.717657
3137	-272.533448	-272.554004
2363	-324.610150	-324.635886
1726	-381.506605	-381.553425
1200	-346.908492	-346.752960
2711	-322.460671	-322.588150
3701	-248.211932	-248.211444
558	-344.464151	-344.539901
2878	-285.336744	-285.219118
3177	-287.662612	-288.080852
3495	-288.563768	-288.598862
2454	-288.578155	-288.534128
3654	-307.541973	-307.613005
3264	-307.260972	-307.751533
465	-266.553159	-267.004215
2767	-340.635968	-340.685791
2266	-289.766576	-290.033444
1154	-310.937644	-310.938973
1388	-250.583643	-250.666067
1883	-346.839066	-346.831660
3828	-288.650589	-288.721073
1191	-360.510716	-360.561165
1130	-346.826923	-346.807154
989	-272.839582	-272.574987
1452	-308.467331	-308.522755
1922	-248.132701	-247.881380
2120	-381.630205	-381.847532
3294	-340.693392	-340.724109
538	-324.494520	-324.469345
3570	-272.514475	-272.500405
2117	-346.839895	-346.882917
2990	-376.661483	-376.784129
3821	-308.427345	-308.600049
2577	-381.600777	-381.604022
198	-303.934323	-303.246713
208	-270.399081	-270.311628
284	-360.500454	-360.631033
2832	-250.585843	-250.152039
2558	-472.145935	-355.959711
1663	-232.351764	-232.325319
23	-304.679494	-304.877000
