no_training:1500	no_test:2493file identifier	 training data
3632	-340.612805
984	-248.443503
3382	-341.145624
438	-381.565482
612	-397.697891
726	-346.870614
284	-360.500454
95	-351.666551
1473	-340.678945
3986	-355.516778
2708	-308.512758
2324	-346.831385
1612	-310.902795
1242	-308.508254
1171	-325.721867
1661	-322.148261
456	-336.811524
3618	-309.731536
1357	-375.307060
1132	-310.938583
1866	-310.940708
567	-339.489014
2937	-324.573883
2956	-360.528914
1841	-325.788368
2636	-306.112153
586	-376.582598
3340	-229.879598
1237	-360.542541
360	-346.890881
2007	-308.499105
1476	-308.455419
2429	-306.081547
2868	-270.407057
3487	-210.101789
2038	-348.056093
1488	-320.766344
91	-275.011437
1557	-322.456250
942	-325.715957
3881	-357.951284
2464	-297.555801
2533	-265.438520
1042	-305.904676
1908	-286.508233
3089	-327.025329
365	-361.740208
1811	-346.855968
499	-340.611683
2610	-309.711468
783	-273.806375
1033	-339.482903
3402	-234.522504
2653	-361.749428
3351	-285.306999
1652	-301.316399
2716	-303.464433
147	-345.615452
2693	-340.638326
1732	-269.170665
2985	-304.745635
882	-169.557758
3746	-309.736797
3621	-346.815715
638	-345.695868
1503	-327.014214
520	-309.720011
3424	-348.051118
3810	-372.726782
544	-340.643340
3728	-234.474951
3479	-265.289023
1777	-265.408147
1703	-286.154755
3841	-371.541704
1214	-341.865386
3431	-323.229212
959	-492.026657
2039	-360.553317
2539	-321.276274
880	-345.648463
3389	-309.689740
2555	-287.427764
1292	-323.652284
2694	-317.396153
2818	-335.618370
3851	-326.998454
41	-345.649146
3458	-345.693035
459	-348.056615
2420	-340.625366
2871	-308.460407
2648	-325.728744
3057	-301.381127
3839	-231.155780
617	-376.521083
1369	-392.662003
106	-362.952198
3146	-289.872162
1342	-361.712098
3943	-376.602183
798	-208.842347
2184	-360.501473
300	-324.602433
3002	-269.479234
252	-305.913756
1976	-346.831692
3650	-382.756764
466	-382.782183
3720	-308.561301
1992	-325.723538
20	-270.370102
3421	-324.571081
565	-356.730212
1616	-272.539058
3684	-362.958208
1383	-344.398797
1651	-273.809498
2068	-308.471269
3360	-382.810709
865	-304.728720
204	-287.353313
3573	-325.730390
483	-309.705795
2115	-266.626759
3262	-235.693825
1089	-344.451793
2472	-209.159302
3557	-344.382663
1727	-324.606977
559	-362.935404
1522	-324.485746
1338	-320.793141
2524	-392.642251
2265	-360.469291
1666	-289.872246
3584	-281.484877
3381	-309.731402
2258	-303.453218
3317	-269.177232
1227	-322.155306
2773	-325.684055
733	-345.660927
3500	-323.345473
3735	-360.522940
436	-360.521191
3771	-309.655144
3889	-360.533387
1183	-325.750970
482	-272.599303
158	-308.540079
1252	-301.395982
1578	-233.217482
2460	-345.631797
2362	-305.134491
845	-40.478930
75	-381.566310
3471	-416.384141
516	-312.134532
2791	-194.254127
3295	-231.069318
3497	-392.627857
1379	-325.731549
2385	-310.911571
320	-232.333410
2076	-274.982287
1205	-304.682331
1700	-320.782427
350	-320.793580
1431	-344.392695
3835	-309.693085
2558	-472.145935
472	-273.761356
3933	-307.569255
2511	-250.500016
519	-309.687078
2359	-360.468392
3592	-323.367866
3593	-304.614300
2692	-356.663387
494	-345.611057
2279	-309.711101
3724	-324.573480
1913	-310.912131
2688	-284.964138
817	-345.619715
1362	-249.387499
1807	-344.469516
974	-303.468081
898	-305.906901
2271	-310.916474
2750	-268.301176
1343	-310.895432
3265	-324.569062
3868	-360.526225
1282	-346.860539
2448	-346.833271
293	-377.807580
412	-372.768039
3475	-321.247305
2546	-248.018573
1332	-209.144909
2402	-235.696227
2908	-271.620997
1131	-324.580815
1497	-251.731545
1946	-346.841836
1953	-308.457242
900	-288.561991
3076	-247.198000
1101	-307.244627
1554	-320.728167
1733	-322.169100
1791	-272.554824
3671	-326.941692
1105	-302.306944
3892	-271.608843
1093	-325.718074
23	-304.679494
2782	-340.664407
3357	-361.779217
2424	-273.764093
2720	-231.102112
3415	-308.495275
1181	-323.657279
3147	-338.530072
206	-309.688611
3599	-308.482454
32	-287.509315
656	-376.605347
3850	-308.528193
3505	-274.983383
3158	-269.271320
3366	-323.268818
1390	-340.660793
1045	-344.449852
2017	-310.940345
780	-308.769557
3312	-323.647099
3201	-346.845480
2301	-324.616647
226	-360.556344
1591	-249.397368
1376	-348.053064
2875	-344.475122
4	-270.439280
607	-301.373496
2841	-360.524422
1426	-381.607770
191	-307.610450
2151	-289.802108
1778	-305.036659
819	-276.204532
1491	-344.421383
808	-320.774349
1668	-344.433140
1608	-361.758032
2111	-348.048744
3349	-207.916786
175	-361.754326
295	-320.770299
465	-266.553159
2452	-344.424745
2040	-317.409527
2592	-308.486071
2467	-325.805017
2780	-272.545389
825	-340.536374
3468	-345.710017
3233	-304.691526
2123	-327.010026
2752	-381.632242
3327	-348.059242
3079	-270.401391
1826	-285.242094
8	-272.545439
2651	-273.744309
3056	-269.180682
2229	-319.560814
3485	-324.614459
687	-346.841762
3217	-306.392828
1800	-212.439286
2250	-339.462492
3038	-288.542113
131	-345.603479
1630	-323.431776
3445	-286.508374
3648	-324.631468
829	-310.909285
806	-308.768073
910	-270.384937
1795	-356.736238
3088	-308.459859
2432	-274.987245
2523	-344.512144
1998	-324.536830
2340	-310.899612
1079	-287.347000
2678	-285.255563
3398	-304.686259
2457	-382.757134
1000	-339.452428
1510	-322.425235
2826	-308.764658
1939	-242.205627
3155	-376.605641
2606	-323.344105
3895	-325.808333
1111	-335.656557
406	-359.295180
2477	-360.539944
2171	-359.346839
1486	-380.373644
1735	-320.791360
1110	-325.781398
1007	-235.694216
2222	-340.678668
2799	-340.702898
2259	-361.734611
618	-308.467888
1263	-345.642008
3528	-233.262752
1824	-336.855265
3172	-274.982310
3809	-310.902628
487	-307.223588
3098	-345.658421
1114	-302.353948
722	-310.935212
1627	-301.363590
1179	-343.195060
3832	-346.836423
1521	-323.665247
3166	-326.949535
3787	-381.580675
2910	-307.536915
1206	-342.315546
2575	-308.759090
599	-343.312201
708	-306.313133
3446	-306.044918
778	-324.573162
934	-345.650323
2193	-383.976576
86	-190.624631
758	-307.574899
1034	-356.732791
2702	-309.685148
3063	-317.413890
3364	-305.057353
2353	-281.504579
3112	-327.021680
349	-309.687623
978	-324.545574
1107	-267.060326
2390	-270.097243
1653	-157.116735
3797	-376.587519
3779	-308.476903
2096	-345.661705
602	-275.010289
3335	-275.020322
2219	-265.437885
577	-343.087962
2180	-340.665904
1330	-324.575010
928	-345.665412
2005	-305.155985
3157	-335.619981
3000	-309.688191
2488	-363.508158
513	-355.518342
3883	-308.516508
3954	-271.611366
1739	-303.454720
155	-324.571682
2520	-307.284294
2352	-288.589622
555	-361.677945
3701	-248.211932
837	-360.512026
522	-309.680641
3651	-303.463214
1461	-346.899170
835	-320.740782
310	-308.480308
1864	-312.133063
1919	-407.364323
39	-340.687222
327	-324.607903
3409	-356.696744
170	-340.667287
1879	-288.594527
1941	-286.206129
3760	-280.314080
1847	-325.753767
1714	-132.718150
2514	-354.197108
730	-336.821088
2009	-273.812948
192	-310.897684
356	-372.741729
2827	-345.615042
255	-309.672030
3840	-309.681264
338	-272.544500
2503	-345.653983
2174	-324.606491
2618	-361.768020
10	-344.512001
1774	-324.585556
1635	-360.520081
1136	-271.296056
2246	-287.318502
1148	-284.062954
1341	-301.373831
1715	-286.486570
1820	-324.522751
956	-230.183076
1133	-308.517070
2178	-339.455981
3607	-325.801523
1691	-272.595294
2364	-360.507160
3003	-325.798735
337	-312.123120
510	-234.491176
3269	-381.624381
3392	-361.774979
1928	-326.927990
50	-357.934562
2183	-339.459869
3723	-345.597175
3690	-346.829378
3962	-341.865856
2998	-246.027383
3461	-320.776316
408	-208.863267
479	-77.308427
2723	-324.554067
2855	-268.917900
2028	-346.821466
2733	-310.940764
3825	-93.411888
3042	-269.468415
3811	-274.982348
1862	-319.615129
141	-287.734664
1822	-344.395150
3794	-317.361117
2440	-317.433049
57	-345.635513
1984	-287.441165
2475	-381.524347
1391	-323.317575
125	-228.992613
3170	-271.626697
3807	-361.706503
3600	-325.781571
3394	-376.613178
225	-346.842403
772	-381.599310
873	-273.763068
2020	-272.514099
891	-325.767721
3490	-359.315205
1234	-325.796704
2732	-324.579850
3764	-308.483519
143	-302.355005
3702	-362.951503
3403	-339.424322
3030	-324.500475
2272	-324.528642
580	-360.537290
2730	-286.492223
1092	-360.552974
2925	-301.394865
3949	-359.301320
3248	-322.477268
521	-262.065493
1145	-312.129019
3898	-356.700248
2994	-345.597078
881	-234.470813
2192	-307.232824
3780	-323.320574
2757	-346.855643
323	-309.647349
2269	-308.452310
2439	-324.485913
3005	-249.248680
185	-361.726913
717	-380.401348
2731	-272.836211
34	-306.355655
1783	-320.761312
557	-312.122696
1717	-345.603646
2175	-324.545475
1424	-212.438188
2132	-377.826580
228	-346.859384
630	-273.762561
1858	-343.238086
3975	-309.693760
3116	-312.128429
268	-362.957295
3783	-310.912792
3906	-309.685651
3315	-269.176979
1141	-115.679136
329	-380.402442
3759	-270.393902
1680	-377.842223
1821	-308.473320
72	-325.720699
3144	-308.472241
1479	-309.677142
3044	-363.519194
2134	-344.433965
508	-325.801512
2212	-346.837271
2934	-324.462733
1039	-360.575277
3879	-339.483894
2837	-325.730097
274	-272.539126
3657	-312.124380
2270	-355.497046
2473	-324.497671
3097	-309.716094
1660	-274.985107
1900	-309.689410
2401	-263.280728
290	-348.056024
2484	-344.359905
1679	-288.576381
2640	-398.880824
1030	-309.683546
2946	-345.649552
2897	-346.825923
3747	-324.521162
889	-272.539307
1997	-271.666841
977	-285.160699
2630	-282.871678
625	-308.514390
3985	-324.548763
2858	-346.862070
292	-308.517192
3717	-275.014300
1600	-249.301818
2118	-324.560961
1353	-359.297643
884	-276.202586
3169	-310.902849
354	-285.174014
3343	-320.735225
2451	-359.328735
3189	-324.510378
1789	-310.905299
3890	-341.849730
2392	-272.551442
767	-346.861463
1549	-340.689515
1967	-288.573475
3084	-325.781161
2196	-338.559964
2015	-308.518276
2997	-380.371074
2137	-324.588239
2874	-309.725707
2961	-348.061993
3202	-310.908741
1422	-361.728608
1881	-361.772040
3304	-346.843297
3256	-153.459846
1647	-343.242553
1449	-308.507220
2621	-305.145002
2728	-304.742823
1467	-345.613895
787	-360.525379
165	-327.013034
3011	-310.902708
2776	-313.573888
3921	-343.218379
3209	-346.834502
3107	-281.504745
3299	-325.725069
3215	-320.793270
1512	-346.839595
1377	-325.768959
3652	-361.720088
3518	-340.655390
644	-376.595314
3767	-324.568597
2843	-308.509454
1435	-193.963318
3386	-309.684862
2832	-250.585843
157	-376.519880
650	-193.034094
1059	-303.436180
2417	-336.838171
1209	-392.612820
1480	-324.584824
1737	-323.398064
3062	-381.573048
1329	-309.710338
952	-325.717725
3491	-361.750275
3849	-360.531172
3377	-360.549337
3207	-355.520098
1901	-362.946498
1191	-360.510716
1947	-303.533559
3330	-323.360126
566	-303.472917
736	-325.799293
484	-351.639205
318	-310.954514
427	-382.798099
2518	-360.566272
2573	-307.303421
2803	-327.013853
540	-346.830523
2521	-361.728609
1337	-286.498779
828	-361.684892
985	-320.770329
134	-308.516376
610	-324.629068
3321	-251.726162
948	-336.827390
1294	-345.612830
3249	-325.739818
919	-272.589999
2888	-361.704536
2286	-309.728265
3769	-304.586424
2075	-345.606444
108	-345.614707
496	-377.794221
925	-307.567279
375	-346.857432
2057	-288.540318
121	-361.711483
2625	-291.021574
3436	-361.762744
2074	-285.300440
3609	-269.176442
1576	-247.184334
2278	-345.650717
1327	-320.768458
2850	-288.580309
3307	-318.647923
2847	-307.566260
2935	-297.516418
3682	-291.017820
1087	-324.508933
3016	-309.730329
2149	-341.878745
3612	-309.738513
223	-339.501781
998	-302.306196
63	-287.377993
1865	-345.609914
902	-310.940195
3064	-326.983087
3422	-340.663929
1395	-375.348487
2744	-288.573110
353	-197.632222
308	-303.428586
3590	-340.660106
3070	-281.491976
1693	-234.474613
1358	-340.682075
3149	-372.694726
3080	-344.436248
312	-234.485640
322	-346.832352
876	-325.807685
2662	-345.635068
3630	-287.660591
1775	-306.353871
3284	-343.290242
996	-307.544316
3781	-274.984614
317	-325.797397
3455	-270.401061
2255	-360.513163
3130	-270.427802
471	-324.532283
2697	-360.495788
296	-345.688916
3858	-308.459001
1029	-325.751230
661	-335.635079
1442	-308.465594
531	-226.107205
245	-340.656722
1758	-271.616401
433	-396.498209
1702	-251.727632
1945	-361.754136
1813	-307.550360
3143	-286.432042
3711	-303.469034
538	-324.494520
29	-344.425700
2413	-345.604177
2699	-346.864540
2312	-344.416076
2280	-359.345792
3203	-308.459279
3766	-344.436564
3110	-236.917458
2443	-288.547509
3342	-153.787612
3887	-242.196351
3670	-286.248451
2308	-324.460752
3904	-356.716094
1071	-360.495618
1950	-232.331230
1276	-340.667317
600	-268.859550
492	-305.904760
1835	-376.631067
400	-376.570473
324	-307.534482
1268	-344.411146
2683	-309.686061
773	-309.674485
3744	-339.414779
553	-271.666055
441	-380.414967
3635	-308.475489
2672	-355.556836
906	-383.969892
3127	-327.010419
3939	-317.386479
3034	-360.418556
3174	-272.844804
3674	-309.731169
1725	-360.495137
3489	-308.508824
2531	-157.115484
3074	-272.553250
1937	-287.438379
17	-345.612580
1588	-323.678800
1228	-345.640969
40	-344.338878
2029	-380.417684
2541	-341.834413
1516	-249.358446
3741	-169.860788
1548	-306.308471
1195	-285.287913
3647	-325.794522
3320	-310.952127
3106	-273.735646
3023	-323.343769
2929	-345.638912
2004	-346.839235
3069	-346.878430
1402	-286.203815
3511	-324.552260
153	-347.466594
1906	-324.613156
1722	-362.946707
2867	-361.734339
1662	-377.834156
3260	-345.595084
2928	-324.540084
1601	-345.646864
1315	-288.533780
2721	-271.401725
2044	-373.173910
2205	-318.391203
1973	-340.637231
2221	-308.512137
1381	-303.795699
3160	-362.937857
723	-361.717032
3168	-323.614890
82	-309.701458
2382	-380.343633
1583	-345.655509
1340	-271.616723
2944	-309.687280
3183	-345.642870
463	-309.715058
3856	-306.313590
814	-308.509272
2828	-232.030352
785	-273.796695
2639	-302.580808
2113	-344.391557
718	-392.601894
3792	-360.525610
2397	-308.772292
616	-345.676243
704	-235.696677
2026	-272.837907
3718	-195.186772
1511	-271.315027
2379	-361.769162
988	-341.827199
397	-288.630839
2924	-348.045292
1844	-325.808754
1334	-273.765782
424	-309.717380
3538	-271.350701
2486	-307.239887
695	-345.700085
2972	-320.764992
1452	-308.467331
1036	-340.609236
2261	-233.260156
2056	-325.729141
1532	-309.731599
3546	-233.219124
249	-306.347185
897	-345.659998
3227	-348.043668
3012	-276.205920
1446	-319.575102
1979	-308.462923
2570	-324.626187
1418	-325.725274
243	-323.389193
2861	-288.654312
46	-372.766726
1869	-269.207716
3708	-270.397474
1633	-247.201165
68	-286.519735
1885	-345.647670
3524	-308.455477
79	-324.605178
2709	-345.632155
597	-309.683901
1889	-361.731388
2901	-318.323005
1032	-346.816694
2197	-309.684327
2710	-361.773017
3643	-309.660190
450	-235.729507
951	-307.548619
3712	-300.148891
1507	-310.914024
2664	-348.047695
2335	-346.825562
3704	-348.035847
1245	-310.907810
2064	-309.687401
1200	-346.908492
3113	-324.531139
12	-377.816587
2430	-304.688809
3428	-288.564752
2150	-324.570860
2704	-320.786981
960	-310.940611
114	-361.772743
1907	-346.819476
2084	-361.708021
3032	-360.508895
844	-324.606050
3967	-273.758273
662	-341.843824
2058	-356.710498
3912	-308.435951
216	-307.283509
2981	-327.026688
3399	-307.229313
1018	-354.272548
800	-324.611571
1264	-324.536694
56	-345.599154
2565	-345.591597
2223	-288.657055
751	-361.724921
1986	-344.459234
3451	-319.606765
285	-249.362379
1172	-357.927353
3121	-344.419977
3542	-344.409533
1006	-336.843788
3230	-344.454591
1963	-325.761942
705	-362.953848
3793	-381.580932
946	-324.577279
2233	-319.556235
2037	-345.620113
2808	-340.646073
301	-324.570823
943	-303.497783
549	-372.785072
3346	-318.327053
1308	-341.814212
980	-356.743821
1840	-360.536972
2199	-377.815601
3799	-291.018995
1386	-362.967171
3175	-309.649998
2203	-310.911529
1936	-360.564423
2948	-382.790431
3576	-325.729906
3180	-323.669200
3523	-325.728070
2329	-324.557240
3855	-304.746925
2299	-280.273691
614	-383.982605
180	-360.505528
3776	-320.773105
1460	-309.684108
1886	-302.286171
640	-345.616264
1146	-339.465889
2000	-309.736479
1151	-392.620909
3103	-340.631134
2047	-286.246880
1834	-381.615289
645	-308.540795
698	-274.985880
1053	-340.610046
944	-320.766684
1471	-346.857623
3631	-303.560350
2595	-303.465315
3205	-341.842686
1788	-345.646841
3991	-372.765028
202	-226.160842
3240	-338.234966
2823	-309.730966
2562	-375.357530
3753	-271.652242
3010	-361.720579
2201	-452.728039
1306	-288.682324
1326	-266.616319
3432	-297.523580
3568	-308.468418
2741	-297.520999
2987	-271.618137
2964	-362.945907
3466	-325.794624
3510	-340.674744
2145	-346.844016
953	-392.650949
2110	-341.867094
303	-375.328197
2729	-323.315925
3884	-323.333263
715	-285.275928
1902	-324.615795
3362	-345.632413
1094	-304.696023
2471	-288.628801
1274	-309.686648
1054	-323.427722
231	-346.860243
929	-272.832690
2616	-272.542567
1926	-273.773955
98	-303.553222
2317	-308.503515
3514	-340.654233
2366	-286.466852
2338	-268.888303
2034	-345.586124
2619	-326.939536
839	-302.254301
2479	-271.622821
2609	-322.351046
1238	-360.499088
941	-340.652570
2701	-326.942959
117	-211.295163
922	-272.844560
119	-327.012568
3981	-249.257629
299	-195.196751
2033	-310.919833
188	-339.406341
3266	-287.736841
3413	-308.440890
2898	-310.940190
2989	-287.317913
1226	-195.226072
1040	-268.307873
2712	-274.985024
172	-282.667163
1674	-360.499243
1485	-309.731369
968	-308.470667
1046	-271.618580
2863	-287.423372
1297	-345.621773
2485	-392.676111
1872	-272.566631
2644	-320.786990
2114	-307.528446
150	-309.732713
2431	-309.684774
2904	-302.545112
2681	-308.466840
61	-308.462933
1213	-324.530103
1196	-346.840727
1119	-304.733360
2063	-344.402806
2793	-306.384286
2814	-325.804528
2687	-377.816463
989	-272.839582
756	-325.798888
598	-193.088340
3710	-308.565933
886	-304.728323
786	-307.544728
2127	-308.519863
174	-229.928448
2580	-309.722373
138	-362.875317
2866	-344.431605
971	-324.624537
457	-380.372151
1186	-359.296697
940	-325.787515
3206	-346.853173
2563	-247.215049
1161	-308.513516
854	-383.971058
2931	-361.729140
115	-356.682218
903	-309.685872
1752	-296.265627
3923	-309.737951
3588	-272.549011
3857	-340.686134
685	-320.029854
394	-344.385642
194	-308.496245
3765	-453.654335
1256	-312.119596
177	-362.872710
286	-324.563745
264	-339.450073
1773	-304.696646
1001	-304.724431
3418	-308.467120
1025	-324.520219
316	-341.858490
444	-340.665581
1856	-321.958301
2745	-322.118085
864	-323.337623
1898	-360.497612
3644	-345.587398
1155	-272.838189
330	-286.408473
390	-306.070291
2407	-377.829134
3278	-298.952950
587	-307.283919
615	-345.676743
1103	-273.764642
2812	-381.619786
1574	-245.997884
3316	-264.261826
1142	-309.702591
2505	-344.440744
2447	-323.330261
815	-285.324641
720	-381.594735
3974	-323.433262
1024	-302.535621
2350	-341.853951
2411	-193.075202
760	-324.605411
250	-360.538828
428	-324.570042
14	-302.238859
1225	-196.409349
628	-325.726991
2204	-310.904876
1366	-345.633122
1310	-307.529289
1128	-361.695007
2072	-344.431636
3411	-286.134060
2894	-309.717750
3820	-340.655117
26	-301.359287
2848	-339.419688
344	-343.305175
385	-305.159206
830	-320.767103
2645	-362.923114
1267	-341.841438
589	-340.604189
2128	-308.504896
3595	-345.600227
3026	-250.478855
2394	-355.446449
1730	-345.663299
278	-397.667072
1222	-325.805865
2256	-303.503801
2318	-348.039301
742	-272.588370
609	-377.817369
409	-306.383308
2304	-286.431160
3333	-361.709769
1	-360.499843
3425	-324.547564
3830	-346.817778
759	-398.888473
666	-381.593528
3715	-381.567301
2291	-286.514923
3029	-285.281493
1698	-325.800949
2323	-310.954565
2996	-324.566568
212	-324.605613
1743	-346.856186
3092	-340.610697
3048	-381.616883
1761	-376.622507
1531	-345.640098
199	-309.673895
2082	-302.567313
3641	-360.485033
3310	-309.721850
2660	-307.582044
1626	-345.619567
1681	-310.908780
3477	-348.046236
3544	-312.133269
1176	-288.584832
3286	-361.731914
2958	-324.580268
3942	-287.507193
1199	-377.813742
2239	-346.823312
3552	-325.793166
3905	-395.515911
1589	-324.608694
3656	-310.918831
3043	-196.405320
2784	-273.803873
690	-375.420808
692	-362.917261
2306	-287.354343
2120	-381.630205
620	-346.820834
2062	-303.437471
926	-345.680086
3897	-324.519277
2817	-340.641240
2879	-265.401151
2342	-309.680487
31	-359.310420
1370	-242.180146
2860	-345.600676
3211	-310.908555
2434	-377.845502
2031	-269.170061
1298	-308.505512
1624	-340.670034
370	-356.698196
92	-301.343578
2877	-324.556404
2966	-308.428791
339	-356.705991
3782	-262.035127
3512	-340.641866
2822	-310.902197
1852	-309.685790
1162	-309.684472
2453	-268.273240
3018	-345.638117
3571	-309.676719
3574	-398.876124
1091	-309.678344
634	-154.960361
45	-266.615452
811	-304.567859
2293	-269.216495
166	-325.729970
2813	-232.063900
3604	-273.812100
3465	-324.548021
3757	-281.482952
3958	-291.015785
421	-288.627624
1597	-336.805704
3602	-361.683811
11	-356.688211
3864	-288.639421
2679	-312.130526
2498	-288.539500
2349	-301.357553
794	-248.143861
42	-376.564691
624	-312.119017
469	-325.775843
1776	-325.785476
1100	-380.373569
1277	-309.706892
595	-340.652012
958	-302.599262
2164	-304.744503
417	-344.440065
1182	-304.738393
432	-344.390227
2831	-356.723059
2325	-273.732431
2938	-346.875201
2326	-320.768781
2232	-56.525887
1481	-376.634518
2726	-324.475651
1365	-361.755045
1459	-306.320451
1144	-264.255612
3020	-287.430903
2169	-356.733974
81	-318.390876
842	-360.514766
2912	-346.883119
995	-360.542928
763	-308.429953
2085	-309.695312
2873	-307.545713
2435	-229.013797
2101	-361.717364
1533	-309.671865
104	-360.574432
890	-344.458979
1683	-346.829154
501	-345.630685
2168	-310.899911
1899	-308.478846
3668	-309.700336
2838	-324.547436
2892	-325.728271
3499	-309.702237
982	-307.235414
2564	-325.789398
2674	-342.352279
2932	-285.320198
1518	-309.683200
571	-339.423497
631	-371.449232
3679	-320.794248
3263	-285.326726
3024	-251.729571
1360	-362.941781
3150	-310.942587
2602	-345.645491
2365	-345.689766
2046	-286.493052
816	-356.748545
307	-302.239101
3914	-325.805781
3379	-273.761967
3385	-324.583090
85	-272.550580
2787	-324.505365
770	-381.612946
3547	-324.582904
799	-310.910909
1453	-309.720334
3935	-289.875063
3384	-357.949026
1769	-324.569009
2917	-267.068488
1605	-345.703157
2410	-361.673369
2807	-269.176124
2552	-340.624424
646	-323.641347
3280	-344.483775
474	-281.476832
93	-340.615011
3516	-324.634527
2079	-363.517297
3653	-309.763576
2804	-344.433943
2918	-271.326117
1526	-269.267574
2885	-309.686862
2386	-352.829520
3125	-308.510840
3940	-308.464824
3420	-306.358581
2190	-324.574822
2202	-324.602888
2949	-346.838702
2380	-327.025010
2357	-325.754267
3842	-376.587741
1455	-381.570969
335	-361.729115
1419	-344.350927
3247	-360.531175
1013	-271.300649
2438	-392.565188
2811	-326.944158
25	-309.712046
1983	-320.792773
16	-273.806874
3339	-356.699649
2135	-346.861074
2650	-361.727711
3297	-360.526636
1663	-232.351764
3563	-227.798785
1985	-339.481708
1190	-377.830859
1385	-309.679840
1780	-345.606551
2248	-377.773452
670	-324.618078
1871	-306.406578
1514	-320.781098
1996	-356.687774
3973	-356.659922
2195	-289.873479
485	-250.585183
680	-325.806369
1921	-310.904960
923	-322.135797
1109	-333.411326
3055	-285.313284
167	-310.912077
2789	-340.629283
2953	-348.047609
3493	-232.333258
272	-322.161948
1873	-346.842529
1427	-340.646339
1854	-382.743932
1631	-345.642285
3608	-372.729173
719	-309.693538
13	-360.526646
2179	-361.698233
1623	-229.615446
1525	-345.608193
1943	-325.729335
3414	-285.313674
1484	-273.817328
2281	-345.643890
240	-286.517094
1016	-305.129953
2666	-303.423742
1655	-338.217210
343	-360.502305
3176	-432.852890
1590	-344.415609
1692	-362.862736
2765	-381.546975
3508	-309.675176
2762	-306.370119
613	-309.689486
3313	-360.526364
2130	-271.612772
2549	-375.410333
2517	-308.462063
1108	-341.839596
672	-345.661057
2777	-336.817321
1428	-265.391486
2887	-345.641890
234	-308.467880
503	-355.514134
738	-324.592221
55	-335.683118
2161	-361.735863
831	-346.867207
2425	-322.435505
1021	-232.328175
583	-285.016369
642	-234.476516
590	-346.857871
1333	-270.359564
2833	-248.375248
3596	-285.328258
1178	-382.751729
1767	-285.277900
1351	-309.733696
3601	-308.749822
2006	-339.486095
869	-327.026488
2383	-324.593866
1470	-272.542270
2772	-343.232602
3279	-356.732861
2331	-308.516808
895	-356.728690
1809	-324.559733
1495	-286.516879
2945	-307.281910
2534	-362.960595
3186	-346.829695
581	-287.683128
556	-272.600604
256	-308.741915
2160	-345.674929
1490	-309.691591
3104	-310.941183
2950	-360.498298
1152	-308.448572
247	-304.688358
688	-324.491475
1118	-306.032266
97	-286.495035
3773	-345.602641
2715	-345.709596
1763	-325.799404
100	-361.702143
781	-362.918463
852	-361.731511
1005	-273.786179
2526	-340.601771
2455	-344.431301
2889	-341.871347
280	-271.324234
2215	-289.795079
3677	-307.571921
2016	-308.569875
89	-249.259410
3181	-307.209274
1134	-343.068226
402	-312.124533
3369	-158.342346
3115	-340.620294
585	-229.918003
3520	-325.752207
3908	-272.847530
1153	-325.764669
2667	-308.455402
1530	-272.549380
193	-307.285557
3972	-359.339915
1348	-309.683859
1414	-377.797879
2427	-339.474134
3605	-372.755216
1138	-308.444609
1305	-319.621560
2454	-288.578155
1598	-308.471397
676	-272.584377
1233	-265.440660
2165	-319.567241
437	-309.705971
371	-380.374978
927	-340.676668
1373	-324.557383
2131	-320.777849
2525	-324.569051
2166	-343.239068
3152	-335.591582
623	-265.457424
74	-310.918822
1044	-304.687053
1738	-273.759338
2654	-304.679740
1768	-289.789940
3085	-322.130736
1880	-346.873992
3087	-392.563319
527	-324.629301
749	-249.280474
1478	-309.691634
3922	-270.394284

file identifier 	 test data 	 predicted
3442	-381.635659	-382.830198
3899	-337.265273	-335.096490
1015	-344.454928	-344.574342
637	-360.557419	-360.606194
3888	-323.359825	-323.567519
2316	-306.361448	-306.437515
1602	-318.339586	-317.521217
3124	-308.562031	-308.461660
3492	-345.645245	-345.612059
2959	-289.795007	-289.772287
49	-396.507540	-396.752878
1827	-343.492484	-343.934294
3691	-352.852117	-352.869857
1270	-307.571937	-308.009394
497	-287.470402	-287.209117
2519	-323.585680	-323.763566
3061	-392.552088	-392.402565
3660	-288.651313	-288.718901
3478	-343.296547	-343.409433
1509	-345.612220	-345.594424
2576	-306.418503	-306.277231
1994	-383.983835	-384.144888
796	-344.453746	-344.564253
1064	-276.202311	-276.069086
1457	-288.573089	-288.659033
429	-288.570364	-288.743892
2414	-382.803358	-382.185192
2296	-309.691365	-309.694505
1989	-287.426977	-287.680415
1819	-249.292101	-249.949291
848	-309.744522	-309.690621
3692	-281.505078	-281.318867
1831	-323.386306	-323.425750
3948	-340.614465	-340.713482
358	-272.544323	-272.501277
298	-377.795528	-377.683428
3570	-272.514475	-272.607801
776	-325.781815	-325.772851
3300	-344.499155	-344.574523
1814	-360.537947	-360.626322
1076	-361.656187	-361.949945
660	-271.630416	-271.803450
144	-271.323089	-271.168321
3156	-362.941094	-363.022796
2786	-327.009009	-326.951275
3361	-324.558989	-324.658467
1287	-355.515622	-355.747690
2854	-325.810616	-325.812851
2835	-362.925466	-362.901368
2796	-345.678871	-345.565327
490	-231.142581	-230.782540
59	-248.430371	-248.741419
2001	-346.833365	-346.840776
3235	-339.416290	-339.684864
19	-309.720734	-309.763914
3749	-249.363949	-249.254908
1072	-272.554773	-272.425082
2469	-270.392444	-270.427363
1378	-346.867789	-346.903932
3669	-285.267165	-285.440523
1551	-324.575851	-324.695631
2327	-381.624797	-381.790298
3022	-234.455424	-234.371443
545	-356.698773	-356.950100
2398	-319.533364	-319.730651
1347	-359.361259	-359.403352
588	-309.684571	-309.644680
2208	-286.486509	-286.777514
2809	-344.506029	-344.613056
2273	-324.579188	-324.803380
2081	-273.775864	-273.685021
257	-324.569867	-324.502405
1909	-345.630398	-345.718786
735	-309.716570	-309.639347
1781	-324.582445	-324.437108
187	-341.842120	-341.792141
2194	-273.757530	-273.771070
352	-288.557016	-288.563328
3875	-309.655400	-309.443445
741	-344.434318	-344.530127
511	-320.778636	-320.854695
1098	-356.649302	-356.672762
3154	-309.714008	-309.749488
111	-344.470970	-344.492817
1957	-206.721858	-229.695644
146	-377.813815	-377.870952
1304	-356.679729	-356.605015
2418	-304.734646	-304.794816
1439	-340.590431	-340.642856
3198	-288.680991	-288.628126
207	-285.281032	-285.517300
1686	-288.648208	-288.666170
2696	-353.269456	-364.433765
3936	-326.951067	-327.093995
1818	-371.535911	-371.975116
2045	-324.495988	-324.607396
2724	-376.591176	-376.500058
2303	-309.719920	-309.690121
38	-309.736982	-309.676077
232	-490.793044	-479.725052
2963	-287.651399	-287.471695
113	-360.478880	-360.503766
2705	-270.384180	-270.171276
3559	-309.721434	-309.702540
1285	-346.860450	-346.824558
1851	-361.717868	-362.195882
3532	-344.464356	-344.503994
655	-325.771459	-325.785538
3047	-285.293918	-285.335522
1464	-381.610550	-381.549890
1293	-271.369084	-271.207197
1346	-308.542644	-308.469640
991	-345.602096	-345.563453
2952	-308.511290	-308.600683
489	-356.745773	-356.767431
2310	-338.194242	-337.608312
1915	-361.705669	-361.724044
325	-345.637577	-345.627769
1504	-360.489720	-360.367579
2647	-262.017735	-250.611513
3231	-380.446861	-380.041354
270	-372.752005	-372.894754
569	-376.620836	-376.595532
2763	-272.548325	-272.580992
2677	-309.684577	-309.744591
3496	-302.303890	-302.081114
163	-319.624414	-319.743868
3818	-308.470796	-308.499822
183	-362.962787	-362.885677
1975	-341.829025	-341.842604
2903	-308.505951	-308.406977
84	-345.610574	-345.406711
3785	-348.045948	-348.055779
2727	-271.330291	-271.369610
2785	-310.915445	-310.898048
2736	-310.922181	-310.990311
1261	-268.282665	-268.163461
3435	-361.728293	-361.779750
3242	-397.707881	-398.930429
3548	-79.764152	-150.980343
1609	-210.001565	-209.855686
3846	-318.393987	-318.562183
2670	-326.934805	-327.090370
3208	-288.572843	-288.676531
3365	-396.458774	-395.812204
3210	-336.808333	-336.784699
696	-356.709466	-356.694001
454	-265.283843	-265.453371
2474	-357.944802	-358.104687
1536	-324.492974	-324.533163
1031	-304.643927	-304.639104
912	-323.344400	-323.451526
2091	-346.904050	-346.985356
1916	-360.557411	-360.642763
1634	-324.563073	-324.625191
2027	-376.585000	-376.648707
411	-397.680771	-397.684741
139	-338.257996	-340.561043
2391	-310.927566	-310.895828
1689	-336.823026	-336.868197
3397	-356.702115	-356.701951
3191	-284.360325	-283.994859
1836	-268.273739	-269.729230
1309	-287.723848	-287.421516
2775	-382.812383	-382.720077
3091	-341.869641	-341.770451
1701	-344.428649	-344.495242
3187	-272.591906	-272.666326
3971	-360.530885	-360.371693
850	-271.623957	-271.586349
1283	-345.605635	-345.591290
1721	-339.479764	-339.482120
1202	-361.725394	-361.694797
3878	-360.554015	-360.570978
1868	-326.949224	-327.043018
304	-322.464725	-322.718977
1538	-348.050463	-347.966615
493	-336.819674	-336.876303
1637	-343.503600	-343.935300
2078	-324.575989	-324.638121
2252	-382.779570	-382.826039
1555	-324.529724	-324.644729
2528	-308.467760	-308.548055
532	-344.369744	-344.472802
2955	-346.822341	-346.926962
853	-76.404702	-84.247485
604	-320.777491	-320.834521
3164	-344.379764	-344.477426
1208	-345.608535	-345.668331
1726	-381.506605	-381.312380
2275	-312.122563	-312.273718
3021	-360.495540	-360.500050
3977	-288.552886	-288.650519
3866	-341.882531	-341.795843
2142	-324.624987	-324.588416
2378	-339.490841	-339.390120
2019	-340.659620	-340.812191
1861	-235.696852	-235.736834
3292	-326.937372	-326.887347
2388	-309.695742	-309.598676
1468	-345.650338	-345.641451
2104	-379.006904	-378.658128
3416	-320.770681	-320.819156
1558	-270.389386	-270.536062
3545	-310.915918	-310.955730
2979	-320.767064	-320.892980
3860	-308.505267	-308.387916
737	-336.836792	-336.923530
3117	-346.824942	-346.787654
3387	-309.727603	-309.660832
2024	-306.349032	-306.109767
2307	-346.859945	-346.821029
2857	-362.899149	-363.131942
3060	-270.441145	-270.643453
1670	-269.230258	-268.602233
2035	-249.294409	-249.274115
3430	-341.828533	-341.851511
3383	-360.602876	-360.648155
1734	-359.354596	-359.455914
1082	-310.901659	-310.914452
87	-490.834069	-485.712837
69	-265.441614	-265.382463
992	-377.811306	-377.734305
2988	-310.923406	-310.956136
51	-283.168740	-293.374977
2633	-324.627681	-324.648387
2266	-289.766576	-290.430942
529	-309.725786	-309.689575
154	-324.538764	-324.571331
1430	-361.720960	-361.880394
435	-306.309029	-306.255719
116	-346.831175	-346.917162
2093	-324.473588	-324.558718
1027	-360.529992	-360.523085
3171	-345.599912	-345.669818
309	-309.718312	-309.747207
950	-324.580266	-324.583395
1837	-381.574917	-381.640684
3752	-345.686524	-345.586444
1808	-356.676972	-356.643236
214	-348.052027	-348.058787
364	-117.824798	-135.010740
3629	-359.312853	-359.381387
2381	-346.856604	-346.779228
0	-351.615495	-351.507778
3050	-303.940271	-330.387456
3224	-286.504546	-286.544767
1712	-345.612640	-345.477137
238	-233.253760	-233.016810
3250	-360.517106	-360.406978
3862	-271.646263	-271.247784
3140	-284.987905	-285.020546
3662	-360.469577	-360.348048
461	-273.773506	-273.867913
1641	-340.647224	-340.677320
109	-158.340943	-157.474263
1669	-287.426878	-287.456670
1875	-242.186010	-241.868567
2538	-344.417597	-344.399269
1893	-344.385273	-344.422189
1815	-345.663783	-345.617670
2244	-414.351653	-359.983383
1904	-304.752598	-304.839012
2957	-323.644468	-323.748826
1772	-361.717972	-362.079944
242	-340.623533	-340.628183
3037	-288.567911	-288.678515
3564	-303.533472	-303.937452
3501	-318.409788	-318.343601
1325	-356.758284	-356.774657
3756	-326.943546	-327.024163
321	-324.604397	-324.625481
2594	-335.586914	-335.627608
969	-325.797425	-325.797824
3587	-322.421320	-322.915803
3937	-361.713179	-361.737636
2025	-249.363808	-249.523625
924	-324.528533	-324.517272
1640	-304.583737	-304.679016
3824	-302.288055	-302.471424
311	-287.724713	-287.547594
2060	-362.945811	-363.010937
525	-273.812813	-273.809114
1355	-361.727678	-361.803892
2465	-339.464024	-339.400482
2277	-383.973315	-383.719703
3686	-344.462681	-344.585240
3289	-270.437636	-270.558422
2267	-291.016020	-290.210986
2656	-376.622509	-376.537478
3589	-324.543443	-324.626727
3823	-303.527274	-303.417666
1850	-323.407987	-323.361954
2659	-324.461004	-324.503711
883	-340.647778	-340.749591
3241	-319.515995	-319.494721
137	-287.440932	-286.637601
1482	-312.132386	-312.191154
1566	-380.438011	-380.338365
1728	-362.942862	-362.941545
2053	-320.769272	-320.835304
2008	-336.802659	-336.842086
224	-324.628594	-324.582406
2557	-273.774103	-273.835325
2468	-307.193849	-307.522673
3944	-381.563295	-381.618527
693	-234.520624	-233.541552
3750	-346.838572	-346.814033
962	-376.587043	-376.401231
2969	-286.484904	-286.682783
2569	-281.476967	-281.856651
3134	-271.319942	-271.421589
1581	-345.660520	-345.510343
3772	-356.752251	-356.753820
1546	-318.321510	-318.332036
1917	-325.790782	-325.768099
1643	-310.910140	-310.921572
448	-346.831139	-346.848541
3423	-308.555641	-308.436093
1803	-270.394458	-270.619292
3828	-288.650589	-288.718837
481	-307.573371	-307.358893
1230	-323.396217	-323.387534
2158	-340.663379	-340.712724
2088	-362.871515	-363.039392
3081	-302.557878	-302.780016
938	-331.411639	-330.945596
2891	-308.511094	-308.444821
3742	-271.272557	-271.261591
3837	-343.468335	-343.819846
367	-360.491873	-360.683724
2968	-310.909942	-310.898810
2500	-286.498235	-286.712709
77	-348.062001	-348.072516
724	-320.775720	-320.912219
1219	-306.334850	-306.255123
2328	-320.732586	-320.781900
3585	-308.497008	-308.570065
3709	-340.613243	-340.682729
3236	-310.912270	-310.961840
2506	-307.526911	-307.517111
3926	-325.748612	-325.728408
2387	-391.391111	-384.313003
714	-356.669324	-356.657020
1020	-303.566436	-303.687490
2975	-345.579201	-345.629287
2176	-345.608670	-345.419174
2579	-273.765811	-273.738071
1384	-361.755719	-361.809024
2159	-324.581067	-324.628641
3930	-338.542975	-338.647747
3319	-376.604793	-376.445223
1749	-302.579654	-302.583914
1169	-346.819305	-346.726834
1070	-361.752301	-361.892203
2059	-345.674176	-345.545701
383	-361.702346	-361.822642
1751	-339.469166	-339.412856
3698	-360.508088	-360.582577
707	-381.585428	-381.927404
2824	-304.720708	-304.695426
2092	-288.572051	-288.637405
2655	-235.723792	-235.573781
1117	-345.566120	-345.577520
3288	-348.045786	-348.040964
2568	-325.718022	-325.772739
2242	-362.870426	-363.028594
1224	-308.420805	-308.381480
2491	-381.634033	-381.778854
2870	-289.872470	-290.052315
2960	-271.360631	-271.138706
2977	-310.909944	-310.885460
1839	-355.496901	-355.600400
3509	-288.685117	-288.730461
2332	-342.335241	-342.844554
2167	-309.681554	-309.745482
1475	-362.957353	-363.038844
954	-324.612244	-324.730961
94	-362.955075	-362.955424
1924	-340.591587	-340.654447
3438	-312.132858	-312.013054
3893	-341.097446	-355.983314
1165	-309.706371	-309.678845
410	-325.835955	-325.813544
2767	-340.635968	-340.666540
1454	-288.652757	-288.415202
3473	-360.527434	-360.572343
1878	-346.819711	-346.827867
28	-324.630221	-324.574855
3925	-325.718488	-325.746231
1156	-154.972731	-157.581292
1934	-341.769746	-341.854635
2109	-321.219665	-320.951383
3640	-309.692577	-309.655337
3046	-322.057728	-321.458386
3734	-326.940196	-327.038333
3696	-308.474441	-308.591356
673	-345.680831	-345.666231
3220	-273.806349	-273.815078
1501	-288.653529	-288.670164
1870	-309.686187	-309.686079
1441	-303.469082	-303.570911
2882	-322.444150	-323.850491
3370	-396.486664	-396.823127
1993	-339.504090	-339.462263
382	-344.494711	-344.614812
3569	-272.588302	-272.601085
3273	-288.589678	-288.627614
3373	-271.613890	-271.687987
1823	-340.656176	-340.668432
3768	-227.338075	-227.541907
2416	-344.406447	-344.433342
179	-362.928160	-363.122715
2965	-344.689237	-345.820493
652	-345.620593	-345.762471
161	-285.276468	-285.180772
3216	-344.380260	-344.350580
841	-361.736259	-361.839395
3748	-376.556657	-376.548840
2547	-323.328581	-323.401319
3460	-288.678290	-288.567219
3659	-340.683837	-340.753063
1065	-360.485823	-360.499849
1147	-304.755780	-304.816991
430	-307.543210	-307.544349
1832	-309.737802	-309.715582
1927	-361.739999	-361.761278
1177	-325.808092	-325.789004
1779	-288.583563	-288.594493
2844	-301.377995	-301.357723
1656	-323.352987	-323.406324
1802	-361.715983	-362.041339
2859	-362.909074	-363.016455
818	-387.475673	-385.172270
1288	-324.635136	-324.649489
1150	-308.551121	-308.369695
3665	-323.329494	-323.458765
1690	-339.426816	-339.459075
2295	-305.898313	-305.945215
1135	-310.903412	-310.930470
2836	-345.652670	-345.583738
678	-308.506580	-308.429523
1966	-302.558699	-302.689193
2322	-355.508682	-355.470096
657	-270.392759	-269.886987
3237	-303.553222	-303.615348
1035	-284.385189	-284.156292
731	-355.501990	-355.641778
684	-361.753989	-361.825109
1127	-345.659797	-345.612185
1935	-361.677841	-361.508195
2483	-322.158791	-322.415313
2971	-312.131841	-312.157641
1185	-324.558175	-324.591294
3990	-303.459637	-303.541037
1352	-304.677606	-304.612795
3268	-324.562156	-324.601821
346	-307.586014	-307.574012
1884	-307.577822	-307.647208
2050	-362.937518	-362.960057
1204	-361.704371	-362.040031
3004	-288.652346	-288.448445
2041	-346.821470	-346.838024
3212	-360.575745	-360.552873
3503	-266.630629	-266.640844
2962	-309.686114	-309.645836
2073	-345.600119	-345.453279
460	-360.488733	-360.575668
716	-325.758431	-325.775473
3049	-324.610004	-324.602112
1140	-304.683966	-304.681488
1121	-333.449362	-332.699437
3836	-346.833711	-346.815822
3459	-346.831382	-346.642611
1397	-271.624640	-271.607364
2409	-324.595526	-324.613311
3634	-340.646592	-340.764798
1784	-324.497693	-324.591007
3614	-288.627505	-288.665507
2802	-325.804486	-325.829209
2634	-326.927446	-326.849095
3681	-310.914919	-310.933231
1241	-345.608395	-345.534932
2157	-309.686797	-309.664664
3872	-340.691219	-340.620845
283	-355.460155	-355.467387
3984	-344.418857	-344.452881
1451	-348.052763	-348.081247
2578	-324.576080	-324.637333
3472	-340.657197	-340.644658
2173	-304.678340	-304.580935
904	-345.608456	-345.108093
102	-307.230370	-307.278376
2211	-340.648620	-340.704392
1095	-324.603415	-324.677778
201	-308.561649	-308.450090
3983	-322.115604	-321.769420
2106	-286.476486	-286.528383
3448	-324.634377	-324.679587
1797	-194.267232	-194.646035
2682	-324.528297	-324.609581
1231	-324.569596	-324.709597
961	-326.950279	-327.017614
2840	-284.048718	-283.659551
3907	-291.017966	-290.806563
2794	-304.681399	-304.779111
1047	-346.836177	-346.773593
1129	-340.618148	-340.669733
3754	-324.570035	-324.615892
1081	-310.912796	-310.918712
1961	-197.629416	-199.506825
1559	-380.372123	-380.432211
3969	-324.609784	-324.621353
3913	-308.551230	-308.469212
2042	-232.364952	-232.255960
1911	-272.582516	-272.600509
2441	-310.909223	-310.904908
2442	-345.636611	-345.653733
3036	-310.907823	-310.876908
3329	-310.909123	-310.907737
1411	-327.023352	-327.103105
2153	-309.673226	-309.695141
2790	-287.732329	-287.410256
2422	-325.718957	-325.729701
664	-335.632054	-336.365077
262	-345.647032	-345.680865
1542	-370.291993	-383.401054
246	-313.537245	-313.483389
1023	-309.663477	-309.636813
3507	-376.594067	-376.621461
2974	-396.486691	-397.234091
1235	-265.447270	-265.583911
753	-361.710299	-361.837690
3094	-324.601619	-324.600692
1982	-345.609374	-345.647167
1085	-231.092208	-231.343946
1416	-308.514570	-308.436324
2577	-381.600777	-381.609544
2620	-324.587670	-324.570130
133	-271.642927	-271.521077
3795	-310.908453	-310.910067
3886	-270.388222	-270.481775
129	-308.512092	-308.431519
47	-247.225618	-247.277406
3344	-325.748658	-325.672016
2883	-308.757991	-308.984146
744	-249.332005	-249.169015
860	-397.697425	-397.980488
939	-344.481802	-344.492632
1193	-324.550139	-324.588158
3001	-270.386138	-270.275197
856	-324.568212	-324.647424
1658	-287.337578	-287.604838
1463	-362.938449	-362.988937
1389	-272.510742	-272.565856
58	-304.683044	-304.625481
3261	-232.025930	-231.722834
1008	-248.448467	-248.275346
1380	-288.625728	-288.449142
3200	-265.433051	-265.563631
560	-344.385047	-344.444399
3033	-325.785262	-325.783040
2140	-325.715372	-325.774198
1969	-360.529678	-360.591560
2943	-340.654874	-340.710858
407	-287.508781	-287.440424
3326	-381.616196	-381.702853
1736	-273.764207	-273.745757
1671	-309.708282	-309.740462
1711	-345.611239	-345.614716
2608	-306.369631	-306.441569
3102	-310.903589	-310.877505
1262	-356.712023	-356.684890
937	-306.397642	-306.486915
3400	-289.799552	-289.496565
2743	-234.516409	-234.382513
777	-307.544712	-307.605910
276	-380.379743	-380.932666
3213	-339.438949	-339.633117
1695	-344.411060	-344.494702
2983	-346.833689	-346.844145
2886	-324.530742	-324.576042
1675	-271.277972	-271.342513
524	-308.507004	-308.569929
2795	-379.572458	-377.740731
1240	-310.907666	-310.916705
3412	-335.628480	-335.755711
2819	-360.551444	-360.635609
3311	-344.433172	-344.520690
1753	-375.351387	-376.120024
3562	-360.524672	-360.647406
1012	-266.609146	-266.463134
582	-325.833302	-325.784800
2087	-286.484121	-286.509282
966	-339.467091	-339.481775
3716	-361.720799	-361.894492
3667	-249.293044	-249.511753
2482	-268.321270	-269.197861
1421	-360.526142	-360.583850
2764	-195.179738	-195.527668
3626	-310.902465	-310.936591
843	-308.437835	-308.446933
3054	-269.129580	-269.200622
3328	-324.549529	-324.465877
2585	-249.269471	-249.444396
2384	-281.469893	-281.932674
66	-337.302324	-337.343808
813	-361.733052	-362.090783
1180	-306.364186	-306.467814
2315	-273.793520	-273.782157
1359	-229.927277	-229.230175
2896	-356.725069	-356.756994
826	-248.137789	-247.984444
2421	-249.395323	-249.372871
440	-307.226474	-307.338166
62	-309.677968	-309.698443
3272	-173.147782	-173.380778
548	-233.555951	-233.308446
253	-305.838224	-305.950183
1833	-302.579718	-302.632211
1301	-309.679190	-309.750540
332	-304.692914	-304.640909
3270	-273.788787	-273.898524
1933	-270.396100	-270.270049
2036	-309.733888	-309.677622
2600	-307.237880	-307.156958
3582	-344.436500	-344.429701
1607	-303.462115	-303.561917
771	-346.903261	-346.894205
2155	-343.243883	-343.036323
1535	-324.463541	-324.430037
3071	-273.789182	-273.754081
721	-185.648533	-233.263568
1126	-270.392715	-270.435795
3322	-272.536448	-272.498356
1696	-320.785074	-320.945240
3504	-308.561061	-308.433982
627	-359.304956	-359.616847
1741	-345.629842	-345.613978
3495	-288.563768	-288.596899
434	-338.195462	-337.528577
1790	-345.664882	-345.612763
2011	-270.099401	-270.802373
3506	-320.804155	-320.831001
24	-345.608180	-345.582180
3554	-309.689751	-309.664732
3517	-396.475511	-397.171578
3367	-269.216969	-268.911404
1965	-288.555445	-288.552423
1978	-281.485530	-281.475718
378	-356.705084	-356.695082
892	-288.621895	-288.533721
265	-236.916125	-237.687031
931	-361.763293	-361.708634
1394	-396.500849	-395.939229
746	-273.802095	-273.881905
578	-382.825717	-382.177842
3476	-304.737418	-304.746411
3535	-323.235679	-323.468457
2334	-472.135006	-460.626772
3013	-346.883127	-346.914192
2112	-304.729640	-304.753120
3482	-281.480993	-281.731514
1782	-308.555419	-308.542028
2792	-362.944759	-362.818428
1625	-320.776082	-320.782410
380	-307.581989	-307.757843
3916	-273.810780	-273.852198
2069	-346.855971	-346.907025
15	-288.542593	-288.564635
3649	-343.292778	-343.230528
2951	-308.569129	-308.447457
901	-270.446915	-270.399193
64	-362.945802	-362.973507
3188	-325.807242	-325.827901
221	-310.917273	-310.949354
205	-269.465281	-269.643131
3549	-323.437779	-323.452597
443	-325.754109	-325.746111
2548	-340.654465	-340.702940
3148	-324.567513	-324.597149
916	-345.608831	-345.346845
2895	-273.764673	-273.743168
2376	-346.840597	-346.858429
734	-233.242250	-234.478273
3654	-307.541973	-307.503271
420	-362.950092	-362.950738
1594	-323.433551	-323.287802
667	-360.533083	-360.543466
3778	-309.700675	-309.764310
3775	-324.576188	-324.583508
1938	-341.826148	-341.852622
3006	-308.470648	-308.394789
619	-325.787161	-325.803524
1799	-346.861635	-346.873360
3444	-289.794376	-289.513662
3953	-325.792503	-325.705050
663	-323.347275	-323.184791
809	-361.738091	-361.685699
2748	-321.271406	-321.037531
366	-324.576206	-324.603962
386	-325.776001	-325.873108
1563	-376.575382	-376.175058
3819	-397.692021	-397.922563
875	-376.554863	-376.423669
3911	-345.639354	-345.653457
3732	-320.774305	-320.806169
3896	-307.280331	-307.243065
3433	-308.465425	-308.461334
210	-362.938898	-363.036422
2458	-361.683558	-361.660854
3331	-233.545899	-233.602933
1223	-324.586663	-324.557547
552	-340.639366	-340.799359
2065	-340.537496	-340.629611
3145	-324.570872	-324.571173
2122	-348.040439	-347.981569
807	-340.681309	-340.728446
3031	-270.411205	-270.082636
1447	-469.758395	-472.170768
999	-308.512721	-308.525834
2940	-339.418028	-339.653569
3695	-309.651827	-309.679601
1968	-324.538807	-324.470911
1320	-340.656628	-340.736570
1560	-340.645686	-340.711072
1404	-346.883049	-346.974325
3184	-308.439671	-308.438807
227	-377.805829	-377.912764
3924	-270.393737	-270.383931
2067	-280.248350	-280.311377
1801	-301.335636	-301.359154
3028	-346.861640	-346.906364
712	-294.081616	-235.584063
981	-303.499320	-303.575213
425	-289.769718	-289.563405
2298	-270.396464	-270.420944
792	-310.898648	-310.955627
1720	-309.692095	-309.698622
3238	-340.667053	-340.674564
2254	-359.388326	-359.091407
636	-382.818623	-382.405874
1069	-375.370023	-375.158510
184	-322.436757	-322.448292
1371	-288.596392	-288.607605
3025	-324.573338	-324.735159
282	-325.714378	-325.702450
1688	-324.567893	-324.584063
2567	-320.795216	-320.771791
1508	-308.462196	-308.550111
361	-376.622353	-376.121239
846	-270.434394	-270.485905
3153	-340.622406	-340.753038
289	-321.949791	-322.078732
3015	-359.362011	-359.369482
3271	-454.878708	-453.985028
3395	-248.436061	-248.734445
2649	-381.581036	-381.656175
2990	-376.661483	-376.627255
2456	-345.610758	-345.706636
2018	-286.492357	-286.585399
2343	-325.781464	-325.827377
2586	-191.810916	-190.393593
2561	-325.778234	-325.798916
391	-345.584667	-345.470517
1849	-324.547957	-324.595632
1520	-309.728493	-309.710617
594	-325.809558	-325.807689
3082	-272.586248	-272.597059
1149	-325.796862	-325.838823
1215	-335.566430	-335.648580
504	-356.680129	-356.704368
2206	-312.126404	-312.222776
2626	-305.900638	-306.002387
3721	-284.372483	-284.410630
3486	-437.484875	-264.819201
1596	-492.022084	-478.921596
2587	-376.609234	-376.600248
1443	-346.867442	-346.879503
3751	-339.491316	-339.478871
3341	-291.021228	-291.771171
3019	-301.357437	-301.314337
2251	-430.448052	-393.280150
3463	-304.735360	-304.714835
3834	-324.589539	-324.586567
2527	-297.554699	-297.590824
675	-346.827397	-346.872283
2220	-272.538190	-272.618775
729	-343.084333	-343.368780
1278	-362.942040	-363.023387
1614	-325.736331	-325.766336
732	-327.023478	-327.135451
920	-281.489179	-281.536721
743	-309.719124	-309.712522
3135	-272.569212	-272.503545
2	-324.551643	-324.543944
535	-248.416462	-248.414956
1115	-325.773014	-325.818375
894	-338.247875	-341.855625
2751	-273.787799	-273.810321
103	-291.024232	-291.916454
3558	-339.464817	-339.521694
3579	-356.677429	-356.671785
3234	-287.349937	-287.226722
237	-268.287661	-268.228996
3663	-344.446747	-344.480011
2198	-382.804255	-382.212569
1339	-285.316421	-285.366869
677	-324.594116	-324.662767
1413	-247.214861	-247.563092
2133	-323.338627	-323.338839
405	-273.804251	-273.819044
1568	-324.555249	-324.626425
1903	-309.678054	-309.652365
575	-272.582834	-272.606954
915	-304.734226	-304.674682
1412	-242.195730	-241.635448
2839	-362.930315	-363.074549
2909	-361.687451	-361.701391
2055	-304.724717	-304.659966
1420	-286.516174	-286.527146
3551	-345.646761	-345.634211
2347	-308.476587	-308.528344
1273	-355.513035	-355.341553
2923	-325.801905	-325.803599
3245	-327.024699	-327.149673
3350	-339.431591	-339.845568
2294	-341.831947	-341.723835
689	-341.818686	-341.931778
700	-310.938181	-310.905889
3228	-381.648857	-382.867153
1080	-288.570006	-288.724835
2607	-275.007113	-274.975603
3900	-308.465445	-308.402987
1229	-288.582662	-288.866599
3099	-324.530718	-324.678203
1307	-303.460433	-303.541113
1960	-345.602645	-345.577342
1323	-289.811983	-289.555014
1515	-360.502298	-360.538391
2627	-235.695309	-235.691315
1723	-307.290176	-307.341070
1646	-340.684749	-340.759313
2225	-324.612179	-324.655019
2515	-323.341413	-323.367227
251	-265.386781	-265.162987
3675	-360.534222	-360.397776
2535	-272.835594	-272.591136
957	-360.490486	-360.405024
2899	-310.930659	-310.898012
1410	-273.759553	-273.727539
2368	-325.804686	-325.834142
3376	-273.775510	-273.858260
2494	-274.984732	-275.045224
3530	-309.739069	-309.772075
1184	-286.506282	-286.619264
1356	-271.372094	-271.214641
2243	-340.673964	-340.717361
2788	-345.596027	-345.554646
2172	-308.472272	-308.402992
3987	-324.506120	-324.523450
1187	-264.235803	-264.307109
2652	-317.377404	-317.490923
1579	-288.589020	-288.743041
3325	-341.836362	-341.895604
2980	-274.983908	-275.046621
319	-352.845678	-352.762866
1867	-324.583096	-324.488543
1857	-307.540766	-307.677199
1958	-340.595950	-340.600789
362	-289.871990	-289.749206
539	-341.886521	-341.414817
665	-288.571762	-288.574828
3707	-271.620156	-271.570762
3467	-308.494487	-308.531456
1524	-272.550818	-272.454761
2513	-345.631685	-345.621113
2371	-307.253245	-306.855965
1175	-361.742598	-361.757647
833	-325.761605	-325.807371
608	-309.688960	-309.700504
752	-324.557693	-324.539043
1537	-309.692993	-309.685531
3655	-287.379629	-287.287886
3178	-345.605421	-345.593910
1954	-226.144377	-225.300666
2930	-310.906738	-310.939628
3214	-344.426062	-344.422108
2801	-310.932716	-310.913158
1296	-345.612257	-345.649824
1748	-288.688929	-288.646509
2463	-288.576502	-288.594428
709	-286.134079	-286.214352
1874	-416.367317	-414.171139
67	-172.006141	-177.513141
1991	-285.282532	-284.735950
3456	-276.206318	-274.630144
1707	-288.590006	-288.622451
1971	-362.906662	-363.063064
1860	-308.507458	-308.504219
2144	-324.574829	-324.622791
1011	-310.942660	-310.941641
3534	-320.785748	-320.814525
1496	-268.248371	-269.280310
3308	-381.582831	-381.610348
1561	-325.749687	-325.719228
1254	-325.753541	-325.764173
973	-325.790444	-325.863976
1615	-287.344000	-287.277536
2768	-340.690205	-340.448023
1239	-356.710448	-356.732651
3627	-323.347112	-323.313760
572	-356.752533	-356.798436
653	-344.473681	-344.514919
123	-269.263476	-269.214719
3093	-334.424572	-334.749078
2536	-273.758980	-273.754062
110	-346.869123	-347.015561
2147	-382.781806	-382.124324
2348	-285.253877	-285.116600
3743	-325.726182	-325.682633
561	-264.226909	-264.245313
1592	-271.616430	-271.620233
2121	-324.619773	-324.513580
1770	-309.719198	-309.726977
3239	-361.708121	-362.795409
2711	-322.460671	-322.744193
3291	-362.911941	-362.973470
2516	-309.661518	-309.563116
442	-356.712228	-356.718637
2003	-324.579943	-324.602314
3963	-271.323381	-271.289431
2445	-324.576679	-324.715241
1888	-276.201993	-276.686773
3526	-249.285024	-249.652626
1220	-325.800532	-325.858852
1010	-340.666160	-340.737423
164	-340.675814	-340.756051
3017	-271.339346	-271.344586
198	-303.934323	-309.903070
1197	-308.462932	-308.420403
2290	-343.224836	-342.810203
3323	-232.335768	-232.718659
1746	-396.470299	-396.734531
3405	-269.206920	-269.286753
2584	-360.567154	-360.588258
755	-324.568345	-324.609347
176	-308.554162	-308.484498
2099	-288.573876	-288.548957
1830	-345.641862	-345.606738
840	-289.871520	-289.906075
3345	-312.120708	-312.151349
3613	-308.483617	-308.428299
1649	-346.868661	-347.145556
766	-312.133805	-312.219278
2344	-305.915175	-305.847052
2108	-267.944278	-267.874386
2314	-345.658870	-345.594402
1168	-308.454820	-308.697256
3285	-247.192524	-247.271214
453	-375.430225	-387.589307
195	-296.296482	-295.553244
1279	-377.837977	-377.831015
1848	-273.769835	-273.796208
2462	-325.752244	-325.796968
2725	-269.218553	-269.135145
2182	-340.610000	-340.590879
1806	-324.610229	-324.631976
2914	-270.422403	-270.555107
2739	-362.946034	-362.930577
1068	-308.470010	-308.493754
970	-310.911364	-310.957586
2481	-324.614891	-324.626869
2596	-339.467484	-339.571487
2698	-344.434438	-344.673492
2012	-382.788561	-382.720920
2661	-323.448833	-323.284391
3226	-339.491316	-339.478871
3982	-324.592116	-324.546507
2735	-309.690179	-309.765201
3296	-345.650105	-345.524833
3408	-287.661454	-287.398583
1166	-324.576650	-324.592636
275	-344.442225	-344.561751
2846	-273.780933	-273.824612
2671	-344.377098	-344.467369
832	-308.470270	-308.349725
2590	-340.650928	-340.568226
1302	-339.445855	-340.015424
3426	-307.387663	-307.207493
107	-307.580090	-307.695262
908	-310.911406	-310.909489
208	-270.399081	-270.231342
3434	-360.560766	-360.750475
3253	-281.476938	-281.671133
1477	-303.462312	-303.525437
3770	-272.544060	-272.465701
2663	-361.722327	-361.713091
2543	-376.588479	-376.676715
78	-270.472470	-270.465089
1336	-334.362330	-333.493861
2755	-381.595252	-381.545418
671	-310.897268	-310.928228
827	-303.556664	-303.536560
2185	-344.343476	-344.352892
2560	-339.452794	-339.434359
3257	-308.472221	-308.473246
2346	-310.909551	-310.893924
3920	-319.574905	-319.626264
622	-341.886905	-341.695729
1075	-325.751822	-325.793810
3786	-308.759185	-308.733301
3726	-382.754967	-382.806123
1677	-344.412416	-344.179082
1393	-271.647465	-271.551717
1440	-270.441325	-270.690838
643	-345.663386	-345.604856
1438	-356.728392	-356.748971
1368	-288.584029	-288.842107
871	-309.680919	-309.707632
3251	-306.056425	-306.028877
2916	-340.655601	-340.690817
3955	-323.391458	-323.330943
1170	-310.895183	-310.968585
3814	-361.745554	-362.061621
2530	-345.673444	-345.240767
3540	-321.236907	-320.925032
96	-375.359188	-375.174253
374	-372.796889	-372.967390
3880	-357.942023	-358.206047
3714	-265.398572	-265.410749
514	-309.685045	-309.734720
3822	-309.665941	-309.588550
3928	-377.799358	-377.863901
683	-348.060054	-348.138774
867	-283.179781	-296.668181
1792	-363.504227	-363.502090
1544	-324.594826	-324.708844
706	-303.481839	-303.521493
3946	-286.438084	-286.631360
126	-274.991042	-275.070044
2641	-270.394309	-270.428201
3833	-324.559324	-324.649088
1853	-359.314227	-361.340366
3096	-338.175960	-337.437665
2680	-340.664901	-340.797745
1445	-396.491525	-396.432853
3101	-360.503577	-360.471784
2021	-346.818246	-346.821258
3697	-312.119261	-311.985742
1502	-340.679724	-340.741257
3453	-321.254976	-320.891586
2915	-344.371144	-344.503842
3617	-345.608658	-345.490938
1923	-287.427777	-287.273463
1644	-325.774769	-325.796221
2080	-325.793131	-325.837341
2759	-393.905418	-394.956922
1645	-324.477059	-324.549455
2083	-322.434119	-323.504545
2737	-322.442708	-322.767832
3225	-362.875945	-362.681175
1405	-361.711854	-361.520846
2510	-325.797299	-325.803989
1349	-286.542391	-286.435452
3957	-307.291354	-307.276835
2947	-355.510313	-355.387998
355	-273.761263	-273.781792
2902	-271.653205	-271.586805
1056	-271.618179	-271.613612
2540	-211.295796	-211.355006
1004	-355.416555	-355.178889
2706	-345.667357	-345.672574
1077	-326.938562	-327.055259
3483	-308.500974	-308.499772
3531	-344.458268	-344.230372
2884	-324.471313	-324.547465
1450	-273.757658	-273.753198
1805	-344.380468	-344.381709
859	-308.468407	-308.405240
573	-286.504534	-286.531862
528	-288.538806	-288.543373
3008	-323.359336	-323.372043
2984	-362.935648	-363.013725
1210	-340.641282	-340.719708
44	-309.735489	-309.699021
701	-265.396194	-265.280587
933	-270.430832	-270.497033
219	-307.221351	-307.398791
80	-392.672883	-392.786974
2367	-361.723620	-361.744264
1028	-360.421732	-360.633810
2098	-327.020807	-327.017911
1787	-325.795649	-325.773768
211	-357.939331	-358.150674
3161	-309.678595	-309.682890
416	-271.318448	-271.156370
3073	-309.734862	-309.652596
2419	-287.353473	-287.577868
3404	-309.733988	-309.700630
142	-307.594137	-307.738037
3950	-270.439135	-270.313225
1585	-360.545832	-360.522420
3919	-304.721921	-304.689936
872	-309.711438	-309.725161
269	-325.729080	-325.741995
3396	-273.815873	-273.844080
1014	-301.385442	-301.330426
2437	-356.692640	-356.692385
629	-309.712115	-309.707373
3363	-345.658313	-345.556754
3791	-360.491959	-360.511873
3192	-313.554802	-313.684381
1959	-324.603913	-324.782705
2805	-272.587161	-272.663165
1232	-336.811744	-336.899559
136	-343.240623	-343.243586
866	-340.620625	-340.640109
2446	-361.740252	-361.811523
3100	-361.716824	-361.721736
1498	-340.654582	-340.732040
1882	-273.764420	-273.763239
368	-345.595021	-345.230529
3177	-287.662612	-287.883821
2487	-361.694757	-361.718027
162	-232.324966	-232.186519
2214	-245.994065	-247.077953
145	-310.929561	-310.918316
2604	-304.743934	-304.744011
3246	-340.652252	-340.755208
702	-379.000257	-377.942370
3494	-324.573795	-324.550776
3371	-286.517424	-286.732315
3075	-324.616343	-324.657813
357	-307.245430	-307.313998
2986	-340.629609	-340.650290
213	-249.281074	-249.702934
3952	-269.175627	-269.026337
3132	-309.670613	-309.603888
2125	-310.908354	-310.916936
3894	-322.469844	-322.468152
1073	-233.249538	-233.692220
3736	-355.517745	-355.493040
1319	-308.560759	-308.601689
2412	-310.904086	-310.914710
1099	-231.975652	-229.601674
9	-344.468531	-344.515152
186	-340.606711	-340.633464
2404	-323.340989	-323.297271
1617	-355.508183	-355.325640
1104	-287.315479	-287.014924
2798	-307.259167	-307.809082
1639	-345.640072	-345.526221
2459	-273.761223	-273.746491
805	-309.658574	-309.671783
1765	-285.335887	-285.346513
1914	-288.576123	-288.717887
3755	-341.874216	-341.817963
3611	-324.577560	-324.888450
3138	-345.651520	-345.417807
2766	-285.279992	-285.758341
3007	-319.573727	-319.400419
1863	-381.631601	-381.491597
2372	-322.217569	-322.241592
229	-361.648305	-361.908763
547	-360.540793	-360.695091
2613	-338.214346	-339.180714
1577	-355.468067	-355.373956
2117	-346.839895	-346.878889
3355	-345.648365	-345.538298
3439	-301.389192	-301.350501
220	-276.205821	-276.223661
868	-312.124574	-311.903399
3462	-272.538255	-272.616173
821	-307.566593	-307.481778
3190	-232.325947	-232.533724
3661	-287.358011	-287.486022
2095	-348.034975	-347.903667
812	-308.509197	-308.498965
747	-359.350089	-359.227454
1432	-324.522792	-324.565908
1798	-312.126342	-312.231711
3359	-325.733758	-325.730754
218	-285.311823	-285.082211
3390	-309.736085	-309.677767
603	-346.867624	-346.951434
3623	-341.892484	-341.699486
1956	-308.461475	-308.490466
1364	-267.963366	-268.632359
2779	-381.606362	-381.731542
1211	-286.498633	-286.555491
918	-310.917344	-310.954664
1999	-233.547877	-233.415374
1995	-362.946041	-362.951093
3934	-381.630276	-382.130079
1618	-345.629039	-345.618926
190	-354.290746	-351.221866
1019	-327.016183	-327.222835
3529	-341.843027	-341.985055
2399	-308.430606	-308.447812
550	-319.568017	-319.702115
584	-309.681686	-309.657837
1043	-324.605875	-324.581027
347	-309.687405	-309.681336
3633	-380.412093	-379.906406
935	-269.154939	-268.973479
279	-306.012858	-305.749308
3829	-323.654114	-323.735572
3703	-287.697316	-287.329077
1905	-231.145151	-230.305868
297	-325.833945	-325.838420
3163	-319.610683	-319.620411
464	-324.485629	-324.559552
7	-309.722879	-309.517493
2638	-309.688194	-309.813550
836	-324.606601	-324.645127
2022	-344.425164	-344.436539
1003	-308.516378	-308.571615
156	-288.654408	-288.600239
495	-342.297848	-342.214705
2227	-356.712771	-356.698525
3136	-340.660061	-340.716852
230	-271.617434	-271.437790
3777	-339.431092	-339.532713
1217	-325.773675	-325.815639
2289	-325.766945	-325.802511
2260	-271.351786	-271.259072
1974	-345.655745	-345.581039
3287	-271.458576	-271.436961
2691	-308.505543	-308.538899
3745	-310.912788	-310.913085
1912	-310.915653	-310.930533
2992	-343.202564	-343.283166
3126	-360.523204	-360.747100
3179	-270.408713	-270.090544
2470	-309.688189	-309.624251
3615	-210.071468	-209.829887
2714	-398.878264	-398.499193
2603	-341.863083	-341.824364
3877	-340.623773	-340.641266
1519	-352.874613	-352.864480
3838	-271.318933	-271.351023
2599	-355.457663	-355.553484
76	-325.685245	-325.668459
537	-361.731930	-361.869210
3740	-356.684693	-356.581770
37	-381.587333	-381.642613
1829	-382.804482	-382.606711
2330	-287.681216	-287.645022
2408	-356.708234	-356.840929
3964	-336.853985	-336.903455
1344	-341.767606	-341.989739
314	-233.255379	-233.873403
658	-307.234503	-307.322767
3314	-305.846541	-305.915130
3131	-303.560907	-303.733382
2588	-376.538277	-376.852273
30	-325.717105	-325.900217
757	-345.678211	-345.609823
2668	-310.906004	-310.883276
2920	-326.952797	-327.030236
2760	-155.908941	-157.219315
911	-356.711832	-356.702940
3	-346.838279	-346.816157
1760	-326.940002	-327.077127
388	-340.594424	-340.550568
2551	-325.792606	-325.827770
1705	-286.218259	-285.960372
401	-325.712603	-325.800041
168	-325.810050	-325.860669
2851	-356.699504	-356.702772
2023	-317.402836	-317.413036
1456	-308.496384	-308.544906
775	-344.469204	-344.709005
3980	-372.708066	-372.722895
3804	-324.573632	-324.635366
373	-379.522177	-378.249975
3915	-309.687698	-309.680420
3730	-291.017996	-289.575575
1106	-231.106310	-230.835971
591	-325.760915	-325.761676
3337	-286.438448	-286.585202
1474	-340.654517	-340.756690
711	-341.849127	-341.822147
3580	-345.661657	-345.629319
2657	-308.451299	-308.436609
1843	-362.899677	-363.154394
2141	-307.287454	-307.254624
1375	-345.645053	-345.622130
1704	-274.984793	-275.060099
2993	-346.825502	-346.787484
3454	-376.600944	-376.679270
233	-301.382062	-301.320147
3738	-274.982053	-275.054318
1407	-235.694798	-235.684029
336	-308.524858	-308.464256
2544	-381.632480	-381.707129
955	-345.632414	-345.589128
1090	-272.500426	-272.542863
824	-310.952875	-310.873789
2061	-345.638357	-345.647339
1387	-361.698635	-361.553337
2556	-321.958604	-322.029742
1257	-346.855622	-346.914250
1709	-326.941251	-327.075918
1564	-288.555332	-288.610985
2300	-453.655583	-457.233692
3348	-304.715963	-304.646927
1930	-341.835805	-341.842832
3065	-344.486202	-344.595943
3803	-287.351460	-286.707841
2821	-308.511516	-308.479879
3095	-339.431197	-339.697103
2684	-310.940657	-310.956503
2492	-396.477101	-395.917277
523	-345.565792	-345.318160
306	-307.335530	-307.474123
392	-345.637570	-345.704075
2355	-336.816043	-336.881528
3843	-309.717869	-309.629473
88	-345.655534	-345.582651
2926	-320.764569	-320.794692
1218	-287.431740	-287.452971
1037	-306.397746	-306.255685
2583	-346.859078	-346.893560
2872	-288.581144	-288.565167
1586	-272.837559	-272.684527
990	-309.684377	-309.710766
1621	-346.884834	-346.921954
3796	-341.875439	-341.756180
3053	-490.831786	-488.674395
1955	-339.498757	-339.527318
782	-361.678341	-361.925658
3628	-272.509064	-272.319943
3391	-306.403144	-306.375552
3352	-272.834623	-272.875754
1642	-344.345376	-344.386949
1244	-345.616998	-345.566397
3586	-287.506415	-287.606131
2598	-308.508949	-308.465063
2747	-301.332569	-301.368011
3519	-376.604739	-376.249975
2495	-307.596472	-307.783121
3167	-309.688639	-309.671466
1859	-324.577613	-324.596737
3356	-270.447268	-270.266328
3666	-309.735874	-309.766280
3441	-372.686714	-372.446921
3965	-273.764529	-273.741684
3533	-232.036378	-231.879573
914	-361.707841	-361.756558
2810	-273.763107	-273.734706
413	-301.369263	-301.353592
3678	-285.255880	-285.265324
3688	-322.476720	-323.533447
2230	-262.056533	-257.093479
2572	-360.495461	-360.430655
3624	-324.614194	-324.671177
3801	-310.937414	-310.913804
2476	-346.865438	-346.875825
2876	-360.574465	-360.625412
491	-287.737498	-287.609830
2043	-344.484341	-344.514988
1895	-324.551432	-324.587091
3932	-360.472117	-360.494633
236	-325.758113	-325.777749
2880	-346.831172	-346.880358
797	-278.075775	-307.808595
2734	-309.719592	-309.743031
3119	-301.090914	-305.988522
3527	-309.716030	-309.687293
1314	-324.460304	-324.504214
2919	-340.635773	-340.700585
326	-236.917664	-236.883549
1547	-335.613384	-335.537053
739	-309.678703	-309.651478
351	-345.625747	-345.786038
3802	-356.724118	-356.721450
2770	-288.588657	-288.686184
1896	-326.971392	-326.967089
2066	-432.401755	-395.498723
1762	-361.755551	-361.718705
3067	-271.304881	-271.289605
3120	-309.689111	-309.672404
235	-270.375081	-270.449605
1545	-308.468255	-308.695865
486	-288.678720	-288.715595
2501	-232.377706	-232.198492
1113	-234.484521	-234.553110
2864	-340.658990	-340.715740
949	-344.463502	-344.446299
2138	-340.684371	-340.849737
1345	-376.540686	-376.734660
3813	-340.620847	-340.618656
341	-273.735711	-273.730332
1423	-344.413850	-344.430442
197	-233.549368	-234.146682
1398	-234.469383	-234.563364
130	-274.988525	-275.090079
3673	-309.691463	-309.690181
2339	-326.954728	-327.102325
1599	-304.689816	-304.565685
947	-322.454079	-322.416510
1816	-344.357220	-344.236000
261	-310.905322	-310.907284
3553	-346.830674	-346.815057
18	-309.719641	-309.700936
1055	-345.681183	-345.617650
3027	-336.811099	-336.902922
3566	-325.830752	-325.879453
3417	-354.292460	-352.679660
281	-322.479769	-322.581121
2187	-310.904927	-310.910744
3951	-326.977685	-326.751638
1363	-355.525451	-355.391265
1350	-343.076530	-343.134662
1529	-354.275774	-357.830735
1940	-334.429558	-334.123713
789	-324.581906	-324.592901
1167	-309.729139	-309.694191
2676	-325.784384	-325.802017
748	-324.572987	-324.575580
3129	-361.692023	-362.048364
2623	-235.700285	-235.731933
2830	-325.800699	-325.841797
3282	-362.972786	-363.076275
3255	-345.578846	-345.473227
1465	-382.796989	-382.768201
2002	-286.504040	-286.326587
1300	-324.595031	-324.622564
1828	-284.993731	-285.171071
3606	-310.906553	-310.910065
1487	-345.665813	-345.616406
215	-356.645883	-356.652075
2982	-325.722723	-325.719441
765	-317.447668	-317.405730
1458	-288.648179	-288.535124
2231	-346.825174	-346.827369
3204	-306.313706	-306.488523
359	-346.832402	-346.888359
2559	-319.571638	-319.587585
2845	-307.602080	-307.685504
3457	-324.559213	-324.615417
439	-288.690999	-288.678391
2428	-309.682996	-309.668426
2738	-324.555069	-324.559549
1249	-272.543724	-272.476149
896	-323.312767	-323.585892
3853	-271.336383	-271.111285
649	-340.685408	-340.765706
788	-324.467888	-324.530656
3854	-346.867382	-346.855254
470	-303.460335	-303.574371
2746	-247.190194	-247.184105
3195	-274.982322	-275.065947
1755	-304.686811	-304.643576
3598	-340.671493	-340.721441
2878	-285.336744	-285.289151
641	-322.439472	-322.944514
1716	-325.784331	-325.798693
2403	-326.955365	-327.139630
779	-356.732185	-356.744103
2635	-323.324700	-323.348064
1603	-232.363630	-232.267897
762	-346.863396	-346.819937
648	-287.422111	-287.796485
2181	-340.656656	-340.763750
3267	-320.776472	-320.831455
1203	-261.802956	-263.748942
2297	-322.412936	-322.460054
3443	-346.866543	-346.877097
3960	-336.825944	-336.933503
1550	-301.345683	-301.304418
1083	-309.726295	-309.716641
2107	-325.766177	-325.745434
260	-359.369049	-359.366990
1817	-339.459612	-339.617397
932	-361.764881	-361.624084
2191	-359.317050	-359.234704
2769	-376.563238	-376.477979
3572	-322.172641	-322.124604
790	-341.836780	-341.822181
248	-339.489875	-339.493040
611	-248.364357	-248.456511
2216	-308.505718	-308.513033
3789	-273.762938	-273.815511
3380	-345.606939	-345.667126
3859	-308.499978	-308.450207
2939	-352.864008	-352.836915
2689	-309.673807	-309.587165
1259	-288.590804	-288.632775
1335	-283.156647	-295.138038
2405	-318.344936	-318.274556
2444	-318.641916	-318.688815
2209	-382.781841	-383.210583
1523	-340.646229	-340.709651
1750	-287.645651	-287.676521
3616	-225.221461	-230.523393
838	-361.709679	-362.008987
801	-273.763117	-273.750805
3066	-345.688382	-345.808686
2545	-324.614082	-324.737263
1794	-325.712420	-325.692396
3052	-291.017787	-291.800591
1981	-306.313924	-306.648930
3970	-305.897998	-305.958672
1887	-361.696319	-361.638567
967	-372.742461	-372.875636
2756	-153.742562	-129.521239
647	-338.268974	-338.043288
1401	-307.265351	-307.619859
945	-264.243028	-265.016484
151	-270.397623	-270.485418
384	-343.291812	-343.248755
1729	-361.740062	-361.737677
35	-343.197784	-344.678395
2509	-344.380267	-344.540829
2771	-310.910278	-310.903387
90	-327.017113	-326.915865
543	-310.937295	-310.915442
2478	-339.450173	-340.299689
1932	-310.911279	-310.876695
1664	-310.904974	-310.918084
1374	-322.175807	-322.515377
2507	-291.014750	-290.027990
987	-273.765811	-273.707006
3306	-361.650084	-361.909705
1216	-308.465534	-308.374129
3699	-355.497878	-355.457904
1894	-360.532510	-360.607122
686	-391.370332	-392.900013
3713	-325.748400	-325.741926
2642	-324.578146	-324.592487
101	-324.507184	-324.469194
3817	-288.554600	-288.565518
2675	-303.787203	-303.652395
1629	-272.526778	-272.583926
3197	-309.714859	-309.654149
2913	-361.630982	-362.007479
3039	-341.851538	-341.874891
697	-340.621200	-340.593800
1289	-344.439723	-344.497553
1266	-324.582035	-324.524165
2129	-356.722498	-356.726060
694	-344.360007	-344.323638
3221	-308.477915	-308.465844
3903	-340.636306	-340.684048
3873	-348.051405	-348.072972
795	-246.023231	-251.610876
2800	-287.478272	-287.357092
259	-309.735245	-309.670164
917	-323.320690	-322.676061
3536	-352.836930	-352.869746
997	-361.688335	-361.603747
3281	-309.716743	-309.725581
3938	-345.645388	-345.514037
3474	-309.730988	-309.759688
2611	-346.824672	-346.909402
3927	-323.326298	-323.339800
1570	-325.783642	-325.842981
1372	-381.574124	-381.707965
3848	-324.564634	-324.664355
1657	-338.273162	-337.792819
2177	-346.868453	-346.900130
2496	-326.954795	-327.177092
36	-344.382282	-344.656492
1002	-287.689262	-287.677410
768	-193.039603	-193.167552
1619	-340.600021	-340.594589
267	-345.641113	-345.648444
3318	-308.513124	-308.501638
2815	-324.570906	-324.972951
105	-309.727110	-309.688689
313	-361.721849	-361.656716
3947	-382.782251	-383.031839
2333	-338.234590	-338.563659
1951	-317.408548	-317.234093
3141	-345.651109	-345.564680
3429	-274.987297	-274.945580
3979	-345.651111	-345.578866
1944	-325.796840	-325.772688
1754	-269.221561	-269.190867
340	-273.789697	-273.701314
2351	-304.614169	-304.558062
1724	-381.594558	-381.864182
3959	-305.831035	-305.868014
1845	-302.309526	-302.572257
3929	-321.233569	-321.358830
3874	-323.344889	-323.434679
899	-321.230055	-320.996843
791	-309.662433	-309.683237
1785	-273.751900	-273.837846
2319	-271.316064	-271.559850
1719	-232.050342	-232.241395
921	-325.682121	-325.619022
3108	-361.653332	-361.708010
2695	-346.871133	-346.947545
745	-344.464270	-344.599238
1580	-271.339821	-271.574281
1164	-340.611734	-340.792805
2285	-340.578657	-340.680264
3976	-273.765901	-273.803472
822	-336.845442	-336.915432
3401	-338.175569	-337.598148
372	-337.283890	-335.881352
239	-270.446608	-270.157829
2235	-318.409670	-318.363000
509	-307.238995	-307.267397
2643	-372.711859	-372.671062
1747	-360.559076	-360.697567
893	-232.317400	-232.220176
596	-325.754527	-325.795028
3658	-309.682445	-309.718965
2283	-231.111403	-230.876860
1744	-288.535621	-288.604562
73	-233.293627	-234.575317
1929	-324.551800	-324.584906
2936	-324.504178	-324.502644
3992	-319.576017	-319.562626
2597	-412.494644	-406.849071
1571	-470.915515	-425.310195
2778	-325.711441	-325.734858
169	-309.688569	-309.690906
3058	-247.214450	-247.721108
1500	-345.609230	-345.621780
1116	-356.691214	-356.628676
3078	-383.966179	-383.949146
3844	-308.450468	-308.422975
1201	-224.944660	-214.622017
568	-303.458583	-303.498240
1682	-269.215705	-269.230177
1492	-310.927319	-310.900251
626	-288.653249	-288.677886
305	-346.859213	-346.858108
563	-345.644179	-345.559332
3159	-324.612512	-324.635909
2628	-359.341296	-359.506691
1499	-320.779994	-320.853987
3109	-324.582824	-324.581857
200	-345.625804	-345.625455
1361	-346.840635	-346.866715
1706	-382.777508	-382.552745
1804	-324.542706	-324.594222
2605	-346.869041	-346.823576
601	-324.603558	-324.581721
3218	-325.743746	-325.725661
189	-322.167165	-321.786956
1049	-323.336196	-323.341531
1876	-251.732828	-251.618179
862	-361.764434	-361.254686
3452	-361.758902	-361.597405
1678	-310.955296	-310.957349
1494	-345.654016	-345.680771
379	-391.337881	-393.558029
3045	-310.906568	-310.917232
3909	-310.945132	-310.923347
3603	-326.952955	-327.101862
2978	-340.669862	-340.665393
3111	-318.340705	-318.071762
2995	-381.584942	-381.223911
874	-271.611192	-271.471587
3374	-324.551244	-324.420720
3581	-319.540355	-319.448227
2589	-361.718361	-361.782414
2090	-308.473428	-308.484685
33	-264.504487	-264.175889
1699	-272.541597	-272.602607
182	-324.474954	-324.442198
754	-361.718210	-361.831679
2389	-361.728546	-361.707858
3578	-286.432515	-286.630371
3484	-341.890999	-341.702686
530	-360.503506	-360.457528
2713	-310.904631	-310.882676
3258	-324.473847	-324.534553
2071	-246.029150	-247.471252
750	-344.384630	-344.372983
2842	-308.450204	-308.446046
2415	-340.676441	-340.767635
1604	-347.456674	-347.561767
651	-232.334436	-232.430759
2905	-307.206439	-307.304614
2210	-325.710772	-325.759775
2512	-346.823548	-346.795554
621	-310.899323	-310.928444
334	-245.983375	-234.271241
3725	-309.710255	-309.737866
3090	-287.362939	-287.665891
3685	-381.602419	-381.482729
480	-325.760797	-325.715239
3543	-287.318584	-287.456708
2102	-361.723581	-361.787299
574	-271.665153	-271.577629
1636	-233.551389	-234.174449
3567	-309.693494	-309.707753
2614	-232.164586	-231.327036
3137	-272.533448	-272.559970
2358	-322.169697	-322.067046
2862	-309.693471	-309.682355
3185	-348.053386	-348.044950
1685	-338.273553	-337.960333
517	-344.434827	-344.510737
3831	-451.528971	-354.016828
152	-306.286325	-306.416838
2941	-340.635024	-340.491466
1506	-339.437849	-339.502872
2313	-312.122262	-312.153484
1838	-356.685238	-356.666691
2852	-274.986857	-274.994330
3902	-382.757521	-382.003790
2629	-356.679047	-356.608064
1757	-285.313612	-285.217740
691	-361.734668	-361.829601
1074	-304.697680	-304.694985
1143	-367.635675	-366.873770
3575	-309.736328	-309.722058
2816	-310.905786	-310.926267
3303	-272.589883	-272.572508
3243	-377.816466	-377.878239
1584	-251.727102	-251.780664
1539	-382.755486	-382.019661
2051	-325.790442	-325.846025
2615	-360.501085	-360.730408
2400	-345.592410	-345.526212
2722	-344.423318	-344.562980
2881	-345.594203	-345.619035
2502	-309.685960	-309.697615
2504	-325.805550	-325.824495
3762	-351.646368	-351.606217
3619	-325.779372	-325.788343
2758	-309.696640	-309.716255
431	-361.712798	-361.850369
2480	-344.385369	-344.440310
3232	-345.686487	-345.695372
3407	-343.517848	-343.908755
445	-319.610687	-319.620360
1324	-270.399280	-270.117115
1977	-312.131398	-312.063070
3826	-372.742383	-372.736486
2136	-263.278851	-263.161527
3142	-376.617653	-376.757436
3353	-324.514429	-324.529584
5	-351.628383	-351.488529
1650	-341.836348	-341.975267
3989	-272.542369	-272.481762
1280	-356.683566	-356.752392
2395	-297.523583	-297.534262
3672	-309.689612	-309.680809
477	-265.399968	-265.473447
2126	-270.399529	-270.487237
515	-287.727890	-287.705446
2287	-310.905485	-310.948838
244	-346.835129	-346.846602
3763	-344.416821	-344.369806
3694	-338.246643	-344.096726
1290	-345.660459	-345.634241
27	-324.573866	-324.621820
3882	-194.261089	-194.539565
1918	-319.573117	-319.578587
2869	-306.113519	-305.771181
1328	-376.531779	-376.819323
2433	-324.552283	-324.594173
22	-324.575190	-324.602371
3470	-416.814878	-407.866777
3259	-359.368793	-359.517747
148	-345.629933	-345.607302
3706	-345.687338	-345.652108
1493	-335.643923	-335.688226
1825	-271.656372	-271.468290
1620	-270.431243	-270.364760
70	-346.874234	-346.915150
1051	-346.860404	-346.744742
2906	-340.657508	-340.766635
2309	-272.583285	-272.513455
3041	-345.692143	-345.643973
1406	-375.394844	-379.991383
1437	-376.547304	-376.409187
1052	-361.770383	-361.582520
1022	-310.902683	-310.918945
1942	-382.751274	-382.629311
2489	-250.583259	-250.168813
2742	-348.048844	-348.020735
1622	-346.869712	-346.851209
2834	-325.699665	-325.717813
140	-309.676929	-309.724876
976	-382.776658	-382.742177
118	-352.905052	-352.915883
3393	-359.297522	-359.345972
2218	-325.756157	-325.735660
132	-308.469258	-308.443608
2224	-307.568767	-307.907828
2637	-325.687098	-325.910778
1317	-344.393241	-344.702457
3427	-325.793904	-325.665657
1253	-312.126356	-312.122325
3123	-309.702150	-309.712262
2188	-288.690060	-288.693357
2685	-344.426408	-344.399108
1922	-248.132701	-248.596177
1403	-308.462299	-308.473603
3687	-325.793945	-325.860486
857	-245.711897	-230.024719
3222	-344.494043	-344.643826
1367	-325.812267	-325.842473
3277	-354.254979	-352.595667
3274	-196.407957	-196.687844
2532	-301.405558	-301.376529
149	-380.415966	-380.417407
1948	-195.158734	-197.953841
2247	-348.046805	-348.109867
3556	-276.202384	-276.450629
576	-345.655968	-345.456833
1611	-348.044714	-347.935959
1159	-325.779568	-325.771072
3680	-305.904722	-305.779693
1102	-116.609549	-147.098740
2436	-308.473229	-308.455140
3522	-309.691414	-309.606866
2493	-346.822460	-346.837628
2406	-306.386594	-306.389414
1952	-344.408452	-344.533676
3122	-232.329070	-232.353956
2753	-310.904304	-310.947011
1248	-304.732336	-304.668517
3086	-360.507527	-360.715684
936	-382.773457	-382.590227
861	-360.488871	-360.554500
1078	-309.738888	-309.735670
2825	-360.576433	-360.647547
3827	-270.435807	-270.330879
1708	-324.502429	-324.529990
2077	-309.736028	-309.740490
3162	-324.546164	-324.631967
1060	-345.713205	-345.596860
124	-271.621961	-271.538412
217	-271.648392	-271.545506
1962	-382.756724	-382.703958
271	-361.759779	-362.124814
2461	-269.170508	-269.185137
404	-324.595399	-324.624248
1322	-271.619912	-271.567384
994	-323.428670	-323.376202
2612	-345.627545	-345.623812
1931	-310.900102	-310.955582
1354	-382.790027	-382.738339
2529	-229.969129	-230.489522
3594	-272.544482	-272.573571
1517	-359.342366	-359.551892
3870	-345.605387	-345.482865
1964	-309.726463	-309.768412
376	-309.732528	-309.662301
3550	-341.825957	-341.917165
1613	-346.890723	-346.776479
1250	-309.686189	-309.650118
263	-341.853650	-341.845750
3931	-288.683173	-288.732690
1665	-336.802871	-336.885148
1158	-268.251114	-268.412399
287	-307.560718	-307.624657
449	-325.753993	-325.771947
1382	-360.492675	-360.503975
2234	-272.580839	-272.619071
3264	-307.260972	-307.467844
2162	-340.613712	-340.602359
681	-312.126544	-312.123773
2976	-356.737615	-356.753793
3729	-376.562796	-376.518359
6	-345.687671	-345.731163
1399	-341.826906	-341.744849
3133	-356.679691	-356.716880
1648	-345.660642	-345.789537
558	-344.464151	-344.525337
983	-341.851447	-341.920139
3885	-304.728655	-304.827086
2717	-309.726244	-309.763871
1125	-285.292217	-285.508238
473	-346.828378	-346.771093
2186	-320.782523	-320.845157
2942	-325.778444	-325.855765
668	-267.103350	-266.523537
3182	-287.440436	-286.893858
1718	-356.706262	-356.942689
2305	-376.633716	-376.659922
3739	-324.566515	-324.529621
1331	-310.941319	-310.934572
592	-307.614861	-307.781476
1552	-346.865957	-346.863409
2631	-380.316551	-380.441510
2105	-335.635972	-335.709941
1207	-324.584396	-324.737236
728	-309.678404	-309.704900
2070	-114.483613	-101.535037
3565	-286.474509	-286.593845
3861	-234.486176	-234.457259
1877	-287.407788	-287.258903
1221	-344.436348	-344.479502
1255	-381.635881	-382.158328
1742	-288.583008	-288.505208
2690	-231.093096	-231.103658
1316	-361.652250	-361.892094
3646	-305.130313	-305.006157
2396	-307.546144	-307.663667
2550	-271.628346	-271.725272
1009	-266.763445	-259.518422
2189	-325.762375	-325.763220
3388	-271.606364	-271.681053
2933	-360.538112	-360.523989
3956	-345.698757	-345.571902
1388	-250.583643	-249.975085
1048	-286.495416	-286.657357
2665	-348.031230	-347.905194
2849	-355.442748	-355.338314
128	-303.785832	-303.746366
3464	-234.470922	-234.533044
1212	-304.733723	-304.737366
3294	-340.693392	-340.701413
387	-268.248806	-268.739201
3539	-324.625415	-324.552272
1396	-346.886411	-346.857547
3577	-361.716705	-361.737681
3683	-308.510782	-308.476993
2237	-325.784144	-325.857509
196	-341.759398	-341.931453
2139	-381.581478	-381.837905
1883	-346.839066	-346.855504
1026	-325.765414	-325.790375
1897	-197.629387	-198.695892
635	-324.578381	-324.697461
2700	-304.687547	-304.595358
3083	-381.591448	-381.348365
1595	-309.686571	-309.550847
2954	-305.915530	-305.860673
972	-341.869909	-341.760253
1434	-344.482088	-344.527596
654	-309.727166	-309.692188
554	-340.688787	-340.742725
975	-357.171724	-374.276117
455	-340.664551	-340.728810
1562	-309.676327	-309.706246
120	-323.345161	-323.297286
171	-361.745138	-361.776229
1271	-310.902165	-310.893299
2853	-325.794835	-325.855463
1891	-323.382399	-323.353417
659	-326.976670	-327.029735
3059	-363.508158	-363.513812
1988	-312.124451	-312.253977
3636	-324.624318	-324.597683
1556	-340.659506	-340.715269
2282	-375.368783	-375.340488
2119	-323.665987	-323.702290
3871	-346.859809	-346.780116
1667	-323.323781	-323.379902
639	-270.405973	-270.030121
2967	-305.841708	-305.855437
2156	-346.827596	-346.783142
3419	-335.590859	-335.533471
3821	-308.427345	-308.399883
3324	-345.641848	-345.654769
3639	-345.680996	-345.652847
1123	-375.393636	-381.063372
395	-234.447743	-234.541656
181	-412.528245	-407.318305
3293	-360.535142	-360.596248
877	-359.317823	-359.421986
1097	-325.784473	-325.738058
2890	-309.738198	-309.774285
1448	-372.747155	-373.093764
1096	-309.689595	-309.638968
1258	-344.472090	-344.541482
593	-303.525517	-303.359390
1429	-288.579114	-288.673904
1189	-287.322957	-287.288359
3737	-361.714817	-361.525492
3941	-231.108368	-231.166591
1565	-325.735821	-325.730828
2571	-309.686348	-309.615332
294	-308.506421	-308.525377
536	-323.348544	-323.352858
3275	-308.757315	-308.774810
1275	-310.936083	-310.920829
669	-377.780670	-377.961505
377	-360.527122	-360.566137
396	-372.782655	-373.014873
3354	-360.529236	-360.553648
2781	-288.581699	-288.413131
2591	-325.773278	-325.819510
1731	-381.565314	-381.677748
328	-310.911163	-310.916968
2341	-377.784360	-378.193179
1269	-307.563525	-307.541411
1987	-325.775071	-325.830450
3450	-382.824468	-382.354934
398	-345.636145	-345.632973
2999	-307.237456	-307.307068
847	-324.608363	-324.627143
3560	-286.463470	-286.606472
2377	-236.916033	-237.803559
2797	-345.646914	-345.512490
3664	-269.219315	-268.997448
2542	-326.951186	-327.061637
2048	-235.699029	-235.697466
1122	-345.601318	-345.614803
506	-234.516241	-234.435989
541	-325.714161	-325.689322
369	-361.733362	-361.884077
2991	-272.841336	-272.649506
2262	-325.780603	-325.817820
2213	-287.433999	-287.472639
1303	-345.676156	-345.600220
1949	-340.674935	-340.793390
331	-309.734363	-309.677800
65	-312.125621	-311.717804
1972	-233.542445	-234.402009
2240	-381.627040	-381.512117
1606	-308.462382	-308.413927
468	-322.150234	-321.774922
446	-305.831164	-305.890482
418	-324.565412	-324.610046
810	-269.144656	-269.150851
1017	-308.419735	-308.238920
203	-340.663148	-340.739846
112	-340.648166	-340.702293
3332	-376.610619	-376.564024
333	-308.507517	-308.509265
3816	-272.830720	-272.944359
3968	-287.425634	-287.449046
725	-325.725266	-325.734023
1062	-324.496997	-324.609966
3301	-371.491061	-371.039033
682	-302.303791	-302.232367
546	-306.365166	-306.383226
1483	-309.723988	-309.719699
2143	-288.628466	-288.555249
3761	-352.866322	-352.824771
2226	-276.206257	-275.274527
2497	-325.763216	-325.709003
381	-341.835557	-341.917960
1130	-346.826923	-346.813047
1654	-360.518768	-360.573074
3733	-309.678068	-309.717750
3447	-270.389803	-270.456146
2152	-308.540101	-308.451160
3051	-192.736096	-199.094506
1676	-296.285473	-296.788320
2369	-273.760271	-273.766077
288	-355.557059	-355.491791
1312	-381.612501	-381.619591
1139	-270.382725	-270.363272
2761	-309.696507	-309.697162
1299	-348.043466	-348.062606
2373	-302.564379	-302.634725
1541	-310.912991	-310.908326
3541	-379.527167	-377.756619
2276	-309.679242	-309.644736
2336	-344.433499	-344.520146
2537	-317.434422	-317.383753
2581	-234.469389	-234.872419
2601	-333.464063	-333.293729
562	-456.105229	-457.438787
3194	-301.367422	-301.372759
784	-377.848074	-378.106503
2320	-362.876210	-363.058482
863	-285.288405	-285.311570
1392	-353.321142	-377.259888
3072	-340.671263	-340.784193
2032	-287.663174	-287.309277
3790	-286.502445	-286.950638
1265	-227.324775	-227.028112
3537	-346.860694	-346.908809
1745	-264.171923	-264.362592
3774	-305.130184	-305.062816
2094	-325.812885	-325.804226
2374	-285.279236	-285.194251
3815	-288.574763	-288.627596
1610	-196.406419	-195.965418
2217	-344.408081	-344.370933
1157	-309.691584	-309.659123
3676	-346.840522	-346.879500
507	-309.697879	-309.708299
2054	-302.588564	-302.718752
2089	-308.469081	-308.340140
3891	-346.821929	-346.825772
426	-362.933001	-362.918446
2253	-325.818163	-325.842597
415	-309.692626	-309.586638
2238	-281.495234	-281.713284
887	-361.720206	-362.237719
3798	-310.941861	-310.911013
3865	-362.899954	-363.094853
2263	-274.983122	-274.871796
2900	-272.554670	-272.416464
2646	-325.800095	-325.798895
1188	-306.054267	-306.093047
1672	-336.831068	-337.014483
2052	-325.809179	-325.833690
3705	-345.665479	-345.641838
3638	-306.320806	-306.158764
1061	-343.531666	-344.032051
3338	-308.466631	-308.491185
1793	-325.725688	-325.711433
3068	-306.015194	-305.356959
913	-352.855499	-352.851784
1527	-271.621836	-271.459683
1286	-310.906869	-310.871684
870	-345.646965	-345.605500
3910	-309.703111	-309.632751
345	-309.704732	-309.705375
1910	-326.978724	-327.097759
2356	-323.346816	-323.405114
3852	-361.710525	-361.822941
774	-395.551843	-389.891509
703	-340.656580	-340.741758
3193	-320.725883	-320.643637
266	-308.477155	-308.541934
3481	-357.941534	-357.970873
422	-288.692943	-288.706676
414	-192.762455	-200.734355
475	-304.691568	-304.700669
2582	-320.773768	-320.833647
3336	-308.477672	-308.372785
512	-346.861026	-346.912299
2624	-309.699280	-309.422204
462	-234.474088	-234.576348
1444	-304.691748	-304.655832
452	-324.575287	-324.570149
1628	-345.637174	-345.623812
458	-340.699868	-340.660603
1260	-270.417842	-270.660785
979	-309.713440	-309.721844
1534	-340.632075	-340.684760
3731	-310.913156	-310.902585
2593	-321.252793	-320.914918
793	-326.950540	-327.047044
498	-273.791878	-273.819014
1587	-322.133444	-322.127786
2393	-324.608961	-324.726538
1057	-391.518453	-410.271603
3488	-340.672417	-340.741043
3867	-356.726146	-356.646433
3014	-269.263802	-269.306071
254	-285.284456	-285.323916
2449	-341.841190	-341.844082
1236	-155.897345	-157.694061
2522	-307.545457	-307.501419
2508	-324.574476	-324.481303
3521	-342.324182	-342.862087
3309	-274.989422	-275.050692
3334	-325.800680	-325.731958
1436	-375.359407	-374.986344
3502	-376.564063	-376.470465
2499	-376.539208	-376.384992
2922	-352.890573	-352.924580
277	-302.288351	-302.398754
551	-382.817123	-382.513704
3009	-307.265383	-307.145730
2617	-248.151318	-247.924267
99	-336.813559	-336.877303
605	-456.103432	-462.542280
1759	-305.906809	-305.938015
1684	-320.783029	-320.803076
3727	-285.317454	-285.151572
43	-319.572842	-319.600071
2264	-346.831590	-346.725979
342	-323.351196	-323.236728
1272	-308.486687	-308.370844
1137	-271.622539	-271.550372
2703	-309.722894	-309.763184
393	-323.334482	-323.390173
2361	-304.727460	-304.723201
160	-309.685140	-309.582356
1990	-281.482892	-281.674418
3252	-340.610842	-340.714203
3139	-344.437158	-343.928285
3918	-289.794194	-289.637275
534	-324.575799	-324.508792
2245	-308.434866	-308.422614
1174	-345.614442	-345.481010
3498	-381.585231	-381.526634
60	-382.768883	-382.672741
2658	-308.461040	-308.496741
389	-271.336957	-271.459998
1697	-345.613396	-345.637452
3513	-340.637067	-340.671586
1489	-266.777425	-274.218492
632	-361.705069	-361.821477
2375	-360.564233	-360.641359
964	-291.014970	-291.052177
1543	-323.360471	-323.270762
1764	-304.725676	-304.718767
679	-340.668108	-340.838190
500	-308.452306	-308.443557
2554	-345.649886	-345.596800
1846	-344.370966	-344.474147
1050	-304.643392	-304.598317
526	-344.430692	-344.593543
3440	-322.135917	-322.062052
909	-325.789320	-325.757320
1281	-308.457113	-308.398907
2148	-309.718089	-309.615182
2669	-309.763785	-309.777338
2450	-312.124760	-312.288567
1311	-288.545722	-288.445368
1569	-234.503085	-234.031494
1120	-353.283458	-377.721884
1786	-325.785038	-325.761549
3515	-346.852204	-346.881245
419	-312.128001	-312.124366
2337	-324.588418	-324.357319
1694	-273.743311	-273.780871
3378	-325.831718	-325.832406
2707	-310.915408	-310.896527
1632	-340.673967	-340.737984
3223	-341.794931	-341.794203
879	-303.556846	-303.454396
2426	-340.650391	-340.677504
849	-360.532987	-360.548913
2632	-306.344083	-306.266773
1243	-323.582949	-323.656364
2553	-302.545562	-302.357257
3077	-336.822591	-336.899967
1582	-361.735290	-361.686341
1124	-271.651913	-271.639299
1058	-324.585402	-324.601467
122	-339.419649	-339.429156
2718	-382.782995	-382.785511
3375	-324.594534	-324.612901
533	-287.720383	-287.660899
1247	-325.770105	-325.796913
1756	-326.935440	-327.122718
83	-344.434906	-344.682408
1408	-379.527030	-377.983392
1920	-361.714679	-361.765815
363	-320.778723	-320.842190
476	-397.686127	-397.874400
241	-309.718177	-309.704236
2288	-345.612787	-345.503065
315	-302.472397	-302.779688
403	-272.843742	-272.838985
1251	-322.482659	-322.353393
2302	-492.008892	-485.283108
1812	-307.275809	-307.374380
834	-346.828689	-346.795140
52	-345.627428	-345.620925
3700	-361.717469	-361.743976
209	-308.493663	-308.432224
1505	-308.487195	-308.500202
2774	-310.910631	-310.911214
3758	-272.557350	-272.476248
1067	-273.762417	-273.762151
1573	-233.255259	-233.345850
710	-340.625597	-340.634952
3800	-346.862839	-346.861515
2013	-343.195410	-343.171867
2783	-272.537685	-272.560991
764	-233.560626	-233.573499
1415	-338.156727	-337.484128
1593	-335.598739	-335.717342
2893	-274.985796	-274.969799
2911	-289.871661	-289.933848
1980	-345.680616	-345.641336
488	-346.861837	-346.784780
3689	-308.467642	-308.427601
1710	-361.726166	-361.851197
2740	-360.536920	-360.623396
2973	-324.604156	-324.577317
1038	-267.106213	-268.407770
3358	-326.934987	-326.928015
888	-323.328290	-323.365601
1462	-312.136049	-312.124863
2116	-340.646768	-340.685302
858	-340.661797	-340.663095
542	-382.793238	-382.580575
2010	-323.385837	-323.284400
1194	-381.612648	-381.527394
3244	-323.320332	-323.261795
3622	-304.726439	-304.750318
1970	-362.897428	-362.748258
3847	-356.693135	-356.700972
3901	-346.822424	-346.778243
1540	-285.217962	-285.140304
2907	-344.466563	-344.804946
505	-338.531538	-338.908975
173	-396.486463	-397.021365
1198	-308.449457	-308.498928
3917	-274.985822	-275.173729
1553	-323.448965	-323.331924
2154	-360.512793	-360.590457
2284	-359.298380	-359.026744
2321	-381.536295	-381.480053
713	-308.484017	-308.462958
3118	-236.917873	-237.062022
2749	-340.645995	-340.743448
3645	-304.681903	-304.680914
2097	-345.639692	-345.612304
3410	-271.316922	-271.141491
291	-304.683134	-304.668122
907	-381.607752	-381.599470
1291	-285.276634	-285.242276
3347	-286.510514	-286.632251
71	-346.864282	-346.919872
3806	-309.676410	-309.698350
258	-371.546126	-371.085862
3151	-362.873906	-362.957381
3555	-360.547370	-360.491199
2170	-274.987123	-275.019292
570	-275.012535	-275.064685
127	-322.216227	-322.022672
963	-345.645239	-345.528535
3165	-356.724041	-356.674597
3620	-359.351415	-359.405506
2274	-308.463553	-308.406068
467	-273.793804	-273.765644
1425	-288.648476	-288.517449
1766	-270.387395	-270.244591
1400	-306.067385	-306.318228
3625	-326.948771	-327.018364
3283	-287.404397	-287.230534
53	-285.330157	-285.447565
3128	-341.867138	-341.840481
1284	-320.761539	-320.814227
3290	-341.859618	-341.792163
1433	-325.729800	-325.794168
348	-196.432825	-196.331965
3173	-325.791830	-325.902573
3480	-286.460642	-286.705680
820	-326.934229	-327.054340
3805	-309.680682	-309.652306
674	-346.879260	-346.991487
804	-248.395289	-248.546473
3966	-376.570141	-376.309944
1163	-397.709232	-399.053495
2268	-302.558547	-302.652234
2014	-371.537915	-370.879535
3561	-343.190300	-343.165380
3199	-273.811544	-273.862273
135	-301.341304	-301.342769
2257	-307.238509	-307.580805
1086	-272.587059	-272.657820
3863	-346.804974	-346.793969
3693	-273.779498	-273.846101
1246	-318.406529	-318.228226
3229	-271.614305	-271.567764
3788	-361.725962	-361.779679
1925	-309.677276	-309.647011
1638	-344.481904	-344.484113
1409	-285.282853	-285.412401
3869	-324.525580	-324.622244
502	-306.349558	-306.491345
3196	-297.530335	-297.525408
159	-273.773408	-273.783985
3406	-286.459793	-286.790511
3719	-320.742924	-320.888220
1472	-306.080007	-305.575584
3254	-287.469473	-287.417302
823	-361.732840	-361.771679
2673	-345.652182	-345.728144
1855	-360.497728	-360.581053
802	-359.306313	-359.439487
2970	-339.501361	-339.507271
855	-271.614051	-271.642409
3040	-360.506446	-360.918077
1771	-287.657053	-287.691575
2820	-308.557865	-308.365529
1469	-324.444698	-324.427448
3105	-346.821661	-346.824989
1318	-310.897519	-310.901602
986	-347.459586	-347.574207
21	-278.059333	-308.342772
302	-340.632285	-340.660239
1466	-340.657975	-340.780052
699	-307.243079	-307.301073
1417	-381.586740	-381.885312
3437	-288.585212	-288.504353
1713	-323.381747	-323.345883
3876	-304.574737	-304.648257
1810	-288.653294	-288.707997
1567	-356.714706	-356.636639
965	-323.329385	-323.361647
2466	-325.785959	-325.784177
993	-317.364547	-317.376040
2086	-308.486338	-308.469824
2829	-340.622886	-340.638671
1295	-346.829652	-346.886319
3368	-308.496367	-308.696543
2311	-193.034988	-192.981691
3114	-309.692389	-309.732794
3808	-345.614760	-345.467098
3961	-308.561152	-308.486691
1796	-307.536544	-307.584723
1528	-360.446475	-360.450425
1740	-376.599676	-376.368454
1112	-287.644079	-287.551204
2146	-310.932540	-310.904889
727	-272.562906	-272.516612
2200	-344.426799	-344.403305
3372	-309.705858	-309.698455
2363	-324.610150	-324.640010
930	-346.898838	-346.852487
2100	-343.199390	-343.228897
2622	-346.829131	-346.813181
2370	-360.496984	-360.602054
1687	-344.407598	-344.405017
478	-119.052475	-126.667525
3642	-324.565306	-324.576968
878	-308.466070	-308.475226
3298	-345.599182	-345.582921
2163	-324.503356	-324.517790
2806	-234.476081	-234.609041
1160	-286.467220	-286.660269
3591	-273.762889	-273.758856
1154	-310.937644	-310.888397
3583	-325.721011	-325.785858
3610	-360.476593	-360.529289
2207	-301.330754	-301.245813
3302	-324.577047	-324.489947
2865	-342.307696	-342.487334
851	-270.117027	-270.427466
2719	-286.477365	-286.725475
2345	-342.329232	-342.330549
399	-304.735224	-304.824275
54	-195.186228	-195.110287
1313	-324.502042	-324.467152
3449	-297.510804	-297.630816
222	-412.548009	-409.539107
769	-271.361537	-271.172409
1673	-309.733829	-309.696148
3978	-282.861121	-263.208137
518	-289.791234	-289.894598
1066	-375.344926	-375.179783
447	-271.627826	-271.558419
1084	-309.711894	-309.718219
3276	-344.508729	-344.544806
1890	-371.608385	-381.957021
2228	-308.518356	-308.533986
1321	-234.472577	-234.758455
1513	-306.368494	-306.432550
451	-362.932378	-363.119677
3637	-309.764115	-309.759458
423	-304.694187	-304.758670
564	-272.569586	-272.561700
633	-325.759393	-325.779387
3035	-344.404557	-344.289601
3219	-339.428557	-339.522185
3784	-344.450127	-344.524069
1572	-322.170570	-322.144649
803	-325.789564	-325.799248
3469	-356.686540	-356.669053
1192	-326.947461	-326.996931
3845	-344.454717	-344.586557
2030	-273.804223	-273.807563
273	-323.312375	-323.669069
2241	-346.857051	-346.837636
2354	-387.558484	-385.642230
2566	-346.832253	-346.693846
3305	-310.955141	-310.968380
3525	-340.662316	-340.729643
1842	-362.894239	-363.121958
905	-360.513668	-360.524886
3812	-271.623066	-271.695712
606	-343.235457	-343.081742
1173	-344.465017	-344.610733
2490	-343.078368	-343.087180
2103	-346.834331	-346.817884
2236	-235.698987	-235.660493
3597	-360.539435	-360.575787
2927	-324.500425	-324.550469
2856	-376.586976	-376.502151
761	-312.126820	-312.121687
2754	-309.674575	-309.556813
2292	-343.246371	-343.397155
3722	-308.759135	-308.786041
48	-304.689512	-304.617358
2249	-392.653825	-392.661087
885	-324.623780	-324.673938
2686	-340.697732	-340.786510
1892	-382.805933	-382.545084
2124	-345.600825	-345.536159
740	-344.452972	-344.508555
2360	-340.636727	-340.633674
1063	-265.440996	-265.449276
2423	-338.238743	-338.498874
2921	-310.904813	-310.889723
579	-281.480583	-281.545937
1575	-334.447259	-334.566716
2049	-344.463291	-344.504149
3945	-304.737186	-304.700389
1088	-291.017433	-289.971258
1041	-371.504707	-371.361560
1659	-487.002792	-482.936894
3988	-309.707600	-309.724868
2574	-273.812881	-273.787682
178	-188.042067	-188.412170
