no_training:3000	no_test:993file identifier	 training data
3194	-301.367422
486	-288.678720
1789	-310.905299
2720	-231.102112
3416	-320.770681
3813	-340.620847
1523	-340.646229
1286	-310.906869
3534	-320.785748
191	-307.610450
2142	-324.624987
2380	-327.025010
3374	-324.551244
2013	-343.195410
2576	-306.418503
718	-392.601894
341	-273.735711
3631	-303.560350
2095	-348.034975
122	-339.419649
1469	-324.444698
1408	-379.527030
3759	-270.393902
811	-304.567859
3291	-362.911941
2602	-345.645491
831	-346.867207
1654	-360.518768
3300	-344.499155
3555	-360.547370
1538	-348.050463
2302	-492.008892
437	-309.705971
118	-352.905052
1287	-355.515622
614	-383.982605
298	-377.795528
583	-285.016369
3010	-361.720579
699	-307.243079
3218	-325.743746
374	-372.796889
1995	-362.946041
1794	-325.712420
874	-271.611192
3018	-345.638117
2325	-273.732431
2875	-344.475122
3934	-381.630276
2959	-289.795007
2494	-274.984732
3104	-310.941183
2037	-345.620113
2275	-312.122563
1240	-310.907666
3975	-309.693760
3361	-324.558989
440	-307.226474
2920	-326.952797
1510	-322.425235
876	-325.807685
2613	-338.214346
2412	-310.904086
3982	-324.592116
1896	-326.971392
1864	-312.133063
224	-324.628594
3594	-272.544482
3643	-309.660190
1471	-346.857623
1210	-340.641282
1419	-344.350927
629	-309.712115
3445	-286.508374
3408	-287.661454
3777	-339.431092
1179	-343.195060
1196	-346.840727
1832	-309.737802
2281	-345.643890
1261	-268.282665
540	-346.830523
2925	-301.394865
223	-339.501781
2661	-323.448833
1355	-361.727678
3882	-194.261089
2303	-309.719920
2595	-303.465315
3678	-285.255880
3448	-324.634377
2659	-324.461004
2859	-362.909074
46	-372.766726
545	-356.698773
2506	-307.526911
1627	-301.363590
3475	-321.247305
222	-412.548009
3242	-397.707881
3774	-305.130184
2117	-346.839895
1088	-291.017433
1295	-346.829652
1615	-287.344000
2573	-307.303421
1758	-271.616401
1413	-247.214861
106	-362.952198
3682	-291.017820
1604	-347.456674
684	-361.753989
3429	-274.987297
3205	-341.842686
245	-340.656722
1418	-325.725274
2747	-301.332569
3886	-270.388222
1432	-324.522792
1701	-344.428649
3621	-346.815715
2140	-325.715372
1725	-360.495137
188	-339.406341
646	-323.641347
1745	-264.171923
2214	-245.994065
2405	-318.344936
2406	-306.386594
2024	-306.349032
3986	-355.516778
189	-322.167165
281	-322.479769
1280	-356.683566
986	-347.459586
3184	-308.439671
812	-308.509197
1364	-267.963366
3069	-346.878430
3076	-247.198000
726	-346.870614
507	-309.697879
1480	-324.584824
2625	-291.021574
3791	-360.491959
1264	-324.536694
1169	-346.819305
2331	-308.516808
163	-319.624414
1440	-270.441325
3558	-339.464817
1283	-345.605635
995	-360.542928
3488	-340.672417
3832	-346.836423
3136	-340.660061
2001	-346.833365
2450	-312.124760
1603	-232.363630
763	-308.429953
3937	-361.713179
1737	-323.398064
3346	-318.327053
1528	-360.446475
3251	-306.056425
1964	-309.726463
3864	-288.639421
2392	-272.551442
3572	-322.172641
1479	-309.677142
2701	-326.942959
2097	-345.639692
424	-309.717380
458	-340.699868
2883	-308.757991
2877	-324.556404
319	-352.845678
2524	-392.642251
18	-309.719641
3378	-325.831718
3293	-360.535142
1099	-231.975652
1766	-270.387395
113	-360.478880
3314	-305.846541
14	-302.238859
133	-271.642927
1870	-309.686187
2312	-344.416076
1073	-233.249538
2680	-340.664901
3385	-324.583090
3973	-356.659922
260	-359.369049
1882	-273.764420
2622	-346.829131
2042	-232.364952
2386	-352.829520
1997	-271.666841
1831	-323.386306
3525	-340.662316
3437	-288.585212
2139	-381.581478
2483	-322.158791
3898	-356.700248
1427	-340.646339
1304	-356.679729
934	-345.650323
765	-317.447668
1354	-382.790027
2073	-345.600119
3021	-360.495540
1704	-274.984793
1881	-361.772040
357	-307.245430
3805	-309.680682
2757	-346.855643
149	-380.415966
1342	-361.712098
483	-309.705795
355	-273.761263
1900	-309.689410
769	-271.361537
48	-304.689512
2899	-310.930659
1905	-231.145151
1502	-340.679724
3484	-341.890999
758	-307.574899
3389	-309.689740
1803	-270.394458
1331	-310.941319
529	-309.725786
3304	-346.843297
2	-324.551643
842	-360.514766
2428	-309.682996
1229	-288.582662
2952	-308.511290
610	-324.629068
152	-306.286325
1781	-324.582445
2419	-287.353473
2616	-272.542567
3327	-348.059242
176	-308.554162
1626	-345.619567
2282	-375.368783
1094	-304.696023
3170	-271.626697
899	-321.230055
263	-341.853650
3763	-344.416821
3297	-360.526636
21	-278.059333
912	-323.344400
1652	-301.316399
257	-324.569867
1310	-307.529289
1504	-360.489720
3686	-344.462681
3734	-326.940196
411	-397.680771
99	-336.813559
3507	-376.594067
3296	-345.650105
55	-335.683118
2194	-273.757530
3917	-274.985822
1353	-359.297643
2552	-340.624424
1058	-324.585402
673	-345.680831
1162	-309.684472
271	-361.759779
2308	-324.460752
1645	-324.477059
2493	-346.822460
1141	-115.679136
501	-345.630685
2019	-340.659620
602	-275.010289
3931	-288.683173
2435	-229.013797
3412	-335.628480
3924	-270.393737
565	-356.730212
1531	-345.640098
2973	-324.604156
3443	-346.866543
3802	-356.724118
3537	-346.860694
553	-271.666055
3047	-285.293918
3406	-286.459793
2658	-308.461040
1698	-325.800949
166	-325.729970
3238	-340.667053
256	-308.741915
2912	-346.883119
65	-312.125621
372	-337.283890
226	-360.556344
792	-310.898648
3664	-269.219315
1498	-340.654582
2737	-322.442708
829	-310.909285
2190	-324.574822
310	-308.480308
1376	-348.053064
1990	-281.482892
206	-309.688611
2426	-340.650391
3902	-382.757521
2267	-291.016020
570	-275.012535
249	-306.347185
3629	-359.312853
1986	-344.459234
693	-234.520624
586	-376.582598
774	-395.551843
373	-379.522177
1693	-234.474613
2808	-340.646073
3871	-346.859809
3956	-345.698757
848	-309.744522
3735	-360.522940
1586	-272.837559
3561	-343.190300
3538	-271.350701
1484	-273.817328
2296	-309.691365
2361	-304.727460
30	-325.717105
3365	-396.458774
2935	-297.516418
3139	-344.437158
3423	-308.555641
1596	-492.022084
241	-309.718177
2170	-274.987123
752	-324.557693
3795	-310.908453
1268	-344.411146
3325	-341.836362
1977	-312.131398
2555	-287.427764
2612	-345.627545
3122	-232.329070
2381	-346.856604
2546	-248.018573
356	-372.741729
669	-377.780670
685	-320.029854
321	-324.604397
2233	-319.556235
1703	-286.154755
1890	-371.608385
3928	-377.799358
1328	-376.531779
2703	-309.722894
1922	-248.132701
1292	-323.652284
3265	-324.569062
1351	-309.733696
419	-312.128001
916	-345.608831
3341	-291.021228
3709	-340.613243
2035	-249.294409
454	-265.283843
952	-325.717725
3125	-308.510840
485	-250.585183
1937	-287.438379
2004	-346.839235
2870	-289.872470
1887	-361.696319
1012	-266.609146
3683	-308.510782
1326	-266.616319
2649	-381.581036
168	-325.810050
3676	-346.840522
3694	-338.246643
3210	-336.808333
3188	-325.807242
761	-312.126820
3622	-304.726439
3060	-270.441145
2014	-371.537915
657	-270.392759
410	-325.835955
2755	-381.595252
3930	-338.542975
826	-248.137789
682	-302.303791
3292	-326.937372
2953	-348.047609
2215	-289.795079
1786	-325.785038
181	-412.528245
2043	-344.484341
338	-272.544500
2320	-362.876210
3689	-308.467642
2344	-305.915175
2111	-348.048744
3187	-272.591906
3409	-356.696744
2441	-310.909223
3473	-360.527434
1465	-382.796989
3600	-325.781571
2534	-362.960595
89	-249.259410
3112	-327.021680
3027	-336.811099
2052	-325.809179
643	-345.663386
2707	-310.915408
1347	-359.361259
844	-324.606050
1719	-232.050342
3246	-340.652252
8	-272.545439
1928	-326.927990
581	-287.683128
2945	-307.281910
3873	-348.051405
377	-360.527122
3941	-231.108368
813	-361.733052
1911	-272.582516
3433	-308.465425
3637	-309.764115
2415	-340.676441
2338	-268.888303
1285	-346.860450
3772	-356.752251
2968	-310.909942
23	-304.679494
76	-325.685245
1688	-324.567893
2498	-288.539500
3350	-339.431591
2749	-340.645995
1220	-325.800532
2761	-309.696507
674	-346.879260
611	-248.364357
3613	-308.483617
466	-382.782183
3589	-324.543443
490	-231.142581
2963	-287.651399
878	-308.466070
2888	-361.704536
1201	-224.944660
1812	-307.275809
3885	-304.728655
2615	-360.501085
3276	-344.508729
1183	-325.750970
1082	-310.901659
974	-303.468081
672	-345.661057
2654	-304.679740
896	-323.312767
2689	-309.673807
2954	-305.915530
613	-309.689486
1137	-271.622539
546	-306.365166
3426	-307.387663
2481	-324.614891
2347	-308.476587
2334	-472.135006
2132	-377.826580
2938	-346.875201
2069	-346.855971
2939	-352.864008
433	-396.498209
3894	-322.469844
171	-361.745138
3595	-345.600227
3285	-247.192524
447	-271.627826
715	-285.275928
1109	-333.411326
3177	-287.662612
3927	-323.326298
1053	-340.610046
1492	-310.927319
3106	-273.735646
3584	-281.484877
3746	-309.736797
3642	-324.565306
2832	-250.585843
2002	-286.504040
1123	-375.393636
2126	-270.399529
1254	-325.753541
221	-310.917273
2831	-356.723059
3845	-344.454717
376	-309.732528
2401	-263.280728
50	-357.934562
2917	-267.068488
2782	-340.664407
3030	-324.500475
564	-272.569586
2788	-345.596027
3100	-361.716824
569	-376.620836
2100	-343.199390
2678	-285.255563
3213	-339.438949
795	-246.023231
2584	-360.567154
1450	-273.757658
3719	-320.742924
316	-341.858490
2128	-308.504896
3853	-271.336383
3115	-340.620294
2343	-325.781464
2562	-375.357530
1125	-285.292217
1973	-340.637231
3591	-273.762889
317	-325.797397
2403	-326.955365
2863	-287.423372
1963	-325.761942
2297	-322.412936
2106	-286.476486
865	-304.728720
2650	-361.727711
1102	-116.609549
3260	-345.595084
2318	-348.039301
3438	-312.132858
1015	-344.454928
1124	-271.651913
2849	-355.442748
3787	-381.580675
3776	-320.773105
1891	-323.382399
2760	-155.908941
2652	-317.377404
1763	-325.799404
2198	-382.804255
2104	-379.006904
3399	-307.229313
1584	-251.727102
2810	-273.763107
2536	-273.758980
988	-341.827199
789	-324.581906
1856	-321.958301
1950	-232.331230
510	-234.491176
491	-287.737498
2662	-345.635068
143	-302.355005
140	-309.676929
2157	-309.686797
2566	-346.832253
277	-302.288351
2705	-270.384180
2509	-344.380267
2878	-285.336744
1777	-265.408147
3075	-324.616343
73	-233.293627
1093	-325.718074
2400	-345.592410
607	-301.373496
1551	-324.575851
311	-287.724713
2710	-361.773017
2276	-309.679242
2692	-356.663387
818	-387.475673
764	-233.560626
3904	-356.716094
3203	-308.459279
1070	-361.752301
539	-341.886521
549	-372.785072
3803	-287.351460
359	-346.832402
3153	-340.622406
1306	-288.682324
473	-346.828378
2228	-308.518356
2179	-361.698233
1555	-324.529724
2528	-308.467760
3739	-324.566515
1767	-285.277900
2557	-273.774103
1750	-287.645651
488	-346.861837
1171	-325.721867
2016	-308.569875
3547	-324.582904
108	-345.614707
1583	-345.655509
3158	-269.271320
487	-307.223588
2645	-362.923114
9	-344.468531
3135	-272.569212
967	-372.742461
3307	-318.647923
2048	-235.699029
612	-397.697891
3651	-303.463214
2934	-324.462733
3783	-310.912792
573	-286.504534
3455	-270.401061
2476	-346.865438
2462	-325.752244
575	-272.582834
323	-309.647349
3992	-319.576017
1560	-340.645686
2341	-377.784360
2970	-339.501361
3081	-302.557878
2609	-322.351046
1798	-312.126342
740	-344.452972
26	-301.359287
526	-344.430692
1252	-301.395982
3517	-396.475511
2671	-344.377098
508	-325.801512
478	-119.052475
3520	-325.752207
121	-361.711483
2189	-325.762375
3951	-326.977685
725	-325.725266
2328	-320.732586
3062	-381.573048
2020	-272.514099
2248	-377.773452
2777	-336.817321
791	-309.662433
756	-325.798888
1417	-381.586740
2223	-288.657055
273	-323.312375
1734	-359.354596
3752	-345.686524
1160	-286.467220
3788	-361.725962
3169	-310.902849
703	-340.656580
2821	-308.511516
2827	-345.615042
1038	-267.106213
1075	-325.751822
2843	-308.509454
3113	-324.531139
1759	-305.906809
1721	-339.479764
3386	-309.684862
1934	-341.769746
1243	-323.582949
1321	-234.472577
658	-307.234503
3462	-272.538255
2492	-396.477101
2759	-393.905418
1919	-407.364323
1753	-375.351387
3755	-341.874216
462	-234.474088
1823	-340.656176
398	-345.636145
2958	-324.580268
100	-361.702143
2541	-341.834413
3697	-312.119261
830	-320.767103
1885	-345.647670
415	-309.692626
3224	-286.504546
333	-308.507517
2136	-263.278851
1018	-354.272548
3247	-360.531175
1234	-325.796704
647	-338.268974
3052	-291.017787
1168	-308.454820
1491	-344.421383
1998	-324.536830
1462	-312.136049
1770	-309.719198
3639	-345.680996
33	-264.504487
622	-341.886905
3608	-372.729173
3271	-454.878708
2355	-336.816043
363	-320.778723
714	-356.669324
2138	-340.684371
2090	-308.473428
210	-362.938898
2830	-325.800699
1233	-265.440660
347	-309.687405
3102	-310.903589
1644	-325.774769
3837	-343.468335
438	-381.565482
670	-324.618078
1189	-287.322957
2946	-345.649552
3922	-270.394284
2669	-309.763785
1780	-345.606551
1334	-273.765782
3175	-309.649998
2229	-319.560814
3073	-309.734862
3172	-274.982310
1456	-308.496384
739	-309.678703
2162	-340.613712
3976	-273.765901
251	-265.386781
2032	-287.663174
2809	-344.506029
781	-362.918463
459	-348.056615
2448	-346.833271
3402	-234.522504
1974	-345.655745
1426	-381.607770
941	-340.652570
2539	-321.276274
2307	-346.859945
728	-309.678404
3889	-360.533387
3926	-325.748612
3463	-304.735360
3124	-308.562031
443	-325.754109
2826	-308.764658
1619	-340.600021
1582	-361.735290
3011	-310.902708
3532	-344.464356
198	-303.934323
895	-356.728690
1802	-361.715983
1461	-346.899170
1857	-307.540766
500	-308.452306
2455	-344.431301
3121	-344.419977
696	-356.709466
1660	-274.985107
3286	-361.731914
2893	-274.985796
3490	-359.315205
2115	-266.626759
1657	-338.273162
1743	-346.856186
2979	-320.767064
451	-362.932378
762	-346.863396
1019	-327.016183
1984	-287.441165
1575	-334.447259
3016	-309.730329
1371	-288.596392
383	-361.702346
2512	-346.823548
524	-308.507004
3602	-361.683811
2346	-310.909551
35	-343.197784
129	-308.512092
1223	-324.586663
1029	-325.751230
119	-327.012568
816	-356.748545
559	-362.935404
3699	-355.497878
3578	-286.432515
1519	-352.874613
2926	-320.764569
849	-360.532987
3669	-285.267165
1547	-335.613384
3932	-360.472117
2620	-324.587670
801	-273.763117
64	-362.945802
2144	-324.574829
2404	-323.340989
1336	-334.362330
2246	-287.318502
1723	-307.290176
2800	-287.478272
638	-345.695868
293	-377.807580
2769	-376.563238
3095	-339.431197
1362	-249.387499
1989	-287.426977
1430	-361.720960
2195	-289.873479
1052	-361.770383
3283	-287.404397
1495	-286.516879
3592	-323.367866
1212	-304.733723
3267	-320.776472
1888	-276.201993
747	-359.350089
1120	-353.283458
3447	-270.389803
2340	-310.899612
2177	-346.868453
736	-325.799293
3305	-310.955141
150	-309.732713
2379	-361.769162
3178	-345.605421
3598	-340.671493
2693	-340.638326
244	-346.835129
2438	-392.565188
371	-380.374978
1800	-212.439286
3868	-360.526225
3799	-291.018995
1675	-271.277972
2610	-309.711468
3751	-339.491316
1448	-372.747155
110	-346.869123
2656	-376.622509
3807	-361.706503
1199	-377.813742
1064	-276.202311
3002	-269.479234
3732	-320.774305
2994	-345.597078
1867	-324.583096
1004	-355.416555
2382	-380.343633
663	-323.347275
184	-322.436757
327	-324.607903
3711	-303.469034
3758	-272.557350
618	-308.467888
2522	-307.545457
885	-324.623780
1475	-362.957353
3270	-273.788787
71	-346.864282
2348	-285.253877
2414	-382.803358
585	-229.918003
3234	-287.349937
147	-345.615452
2041	-346.821470
770	-381.612946
1039	-360.575277
1164	-340.611734
3938	-345.645388
299	-195.196751
3273	-288.589678
3390	-309.736085
1086	-272.587059
3004	-288.652346
963	-345.645239
3907	-291.017966
922	-272.844560
2862	-309.693471
3370	-396.486664
232	-490.793044
3989	-272.542369
1092	-360.552974
400	-376.570473
548	-233.555951
1209	-392.612820
3550	-341.825957
2913	-361.630982
1319	-308.560759
596	-325.754527
3872	-340.691219
253	-305.838224
3422	-340.663929
369	-361.733362
775	-344.469204
3843	-309.717869
2627	-235.695309
3071	-273.789182
3123	-309.702150
3626	-310.902465
3028	-346.861640
2247	-348.046805
2424	-273.764093
1565	-325.735821
676	-272.584377
732	-327.023478
449	-325.753993
1444	-304.691748
304	-322.464725
722	-310.935212
2289	-325.766945
2238	-281.495234
2496	-326.954795
860	-397.697425
2051	-325.790442
489	-356.745773
3225	-362.875945
721	-185.648533
3523	-325.728070
3407	-343.517848
1128	-361.695007
857	-245.711897
1854	-382.743932
2763	-272.548325
1761	-376.622507
1445	-396.491525
3241	-319.515995
1396	-346.886411
3141	-345.651109
1227	-322.155306
3596	-285.328258
2088	-362.871515
1653	-157.116735
3693	-273.779498
264	-339.450073
3404	-309.733988
3431	-323.229212
2586	-191.810916
128	-303.785832
1121	-333.449362
477	-265.399968
1338	-320.793141
1425	-288.648476
1668	-344.433140
283	-355.460155
3704	-348.035847
2702	-309.685148
3829	-323.654114
1775	-306.353871
2538	-344.417597
944	-320.766684
730	-336.821088
365	-361.740208
1407	-235.694798
1957	-206.721858
1804	-324.542706
872	-309.711438
2265	-360.469291
1080	-288.570006
2283	-231.111403
683	-348.060054
531	-226.107205
2033	-310.919833
2998	-246.027383
1043	-324.605875
27	-324.573866
884	-276.202586
2589	-361.718361
72	-325.720699
704	-235.696677
3334	-325.800680
2065	-340.537496
3581	-319.540355
3720	-308.561301
997	-361.688335
3825	-93.411888
867	-283.179781
1186	-359.296697
2858	-346.862070
1768	-289.789940
2027	-376.585000
1861	-235.696852
1691	-272.595294
3280	-344.483775
3444	-289.794376
2644	-320.786990
1271	-310.902165
2432	-274.987245
1231	-324.569596
3980	-372.708066
3738	-274.982053
3715	-381.567301
3360	-382.810709
2811	-326.944158
269	-325.729080
2031	-269.170061
1187	-264.235803
1681	-310.908780
3098	-345.658421
289	-321.949791
2900	-272.554670
115	-356.682218
135	-301.341304
1609	-210.001565
2046	-286.493052
2173	-304.678340
3033	-325.785262
3151	-362.873906
1021	-232.328175
3666	-309.735874
650	-193.034094
1225	-196.409349
1158	-268.251114
2044	-373.173910
1982	-345.609374
3091	-341.869641
131	-345.603479
1633	-247.201165
3058	-247.214450
2369	-273.760271
3328	-324.549529
3379	-273.761967
1266	-324.582035
1918	-319.573117
2537	-317.434422
3258	-324.473847
2543	-376.588479
3388	-271.606364
2469	-270.392444
2479	-271.622821
1181	-323.657279
1733	-322.169100
3329	-310.909123
1748	-288.688929
1241	-345.608395
3127	-327.010419
3009	-307.265383
3936	-326.951067
138	-362.875317
1593	-335.598739
3921	-343.218379
3990	-303.459637
1754	-269.221561
855	-271.614051
2635	-323.324700
1084	-309.711894
1410	-273.759553
1945	-361.754136
95	-351.666551
3653	-309.763576
3145	-324.570872
2882	-322.444150
1117	-345.566120
329	-380.402442
1613	-346.890723
1511	-271.315027
3601	-308.749822
1374	-322.175807
1607	-303.462115
989	-272.839582
729	-343.084333
79	-324.605178
897	-345.659998
805	-309.658574
1611	-348.044714
2114	-307.528446
3725	-309.710255
555	-361.677945
1818	-371.535911
1769	-324.569009
1398	-234.469383
3744	-339.414779
186	-340.606711
1011	-310.942660
2418	-304.734646
368	-345.595021
778	-324.573162
1894	-360.532510
871	-309.680919
3672	-309.689612
1707	-288.590006
1166	-324.576650
3097	-309.716094
297	-325.833945
1403	-308.462299
1940	-334.429558
32	-287.509315
1558	-270.389386
479	-77.308427
552	-340.639366
1821	-308.473320
3391	-306.403144
2665	-348.031230
86	-190.624631
3308	-381.582831
577	-343.087962
2299	-280.273691
2204	-310.904876
2868	-270.407057
146	-377.813815
1901	-362.946498
785	-273.796695
3700	-361.717469
2241	-346.857051
3910	-309.703111
1122	-345.601318
914	-361.707841
1356	-271.372094
190	-354.290746
2965	-344.689237
3395	-248.436061
3577	-361.716705
2146	-310.932540
688	-324.491475
3991	-372.765028
112	-340.648166
3023	-323.343769
2501	-232.377706
382	-344.494711
1174	-345.614442
3667	-249.293044
939	-344.481802
2890	-309.738198
1206	-342.315546
1313	-324.502042
3159	-324.612512
3831	-451.528971
1692	-362.862736
3050	-303.940271
2397	-308.772292
913	-352.855499
3451	-319.606765
3809	-310.902628
3157	-335.619981
3257	-308.472221
2619	-326.939536
1697	-345.613396
2163	-324.503356
1370	-242.180146
1131	-324.580815
3822	-309.665941
3211	-310.908555
378	-356.705084
2550	-271.628346
339	-356.705991
1402	-286.203815
2366	-286.466852
535	-248.416462
3272	-173.147782
881	-234.470813
3474	-309.730988
2790	-287.732329
3521	-342.324182
2682	-324.528297
3705	-345.665479
2743	-234.516409
1557	-322.456250
3012	-276.205920
1483	-309.723988
528	-288.538806
869	-327.026488
1214	-341.865386
3855	-304.746925
1391	-323.317575
1307	-303.460433
2099	-288.573876
3576	-325.729906
796	-344.453746
1259	-288.590804
689	-341.818686
3528	-233.262752
3761	-352.866322
3884	-323.333263
1323	-289.811983
3635	-308.475489
296	-345.688916
2605	-346.869041
2860	-345.600676
1714	-132.718150
1524	-272.550818
2560	-339.452794
3298	-345.599182
708	-306.313133
641	-322.439472
1782	-308.555419
1060	-345.713205
2530	-345.673444
2871	-308.460407
1659	-487.002792
1939	-242.205627
2876	-360.574465
2804	-344.433943
235	-270.375081
2030	-273.804223
399	-304.735224
3765	-453.654335
1025	-324.520219
2904	-302.545112
1587	-322.133444
919	-272.589999
2987	-271.618137
3695	-309.651827
2101	-361.717364
1154	-310.937644
868	-312.124574
1889	-361.731388
392	-345.637570
832	-308.470270
2745	-322.118085
1981	-306.313924
2864	-340.658990
2408	-356.708234
1207	-324.584396
2442	-345.636611
2655	-235.723792
246	-313.537245
1852	-309.685790
1074	-304.697680
1204	-361.704371
3333	-361.709769
274	-272.539126
637	-360.557419
1966	-302.558699
3331	-233.545899
1463	-362.938449
2219	-265.437885
3312	-323.647099
2966	-308.428791
47	-247.225618
619	-325.787161
2752	-381.632242
3820	-340.655117
1886	-302.286171
949	-344.463502
3332	-376.610619
381	-341.835557
1197	-308.462932
1679	-288.576381
81	-318.390876
2291	-286.514923
34	-306.355655
543	-310.937295
2726	-324.475651
3852	-361.710525
1949	-340.674935
900	-288.561991
3526	-249.285024
3968	-287.425634
1899	-308.478846
1608	-361.758032
2740	-360.536920
1543	-323.360471
1146	-339.465889
568	-303.458583
1059	-303.436180
1643	-310.910140
93	-340.615011
784	-377.848074
2145	-346.844016
3498	-381.585231
1705	-286.218259
1637	-343.503600
3835	-309.693085
1994	-383.983835
853	-76.404702
1554	-320.728167
3880	-357.942023
1343	-310.895432
590	-346.857871
0	-351.615495
3810	-372.726782
1903	-309.678054
819	-276.204532
731	-355.501990
1116	-356.691214
2558	-472.145935
199	-309.673895
1972	-233.542445
3274	-196.407957
1412	-242.195730
3471	-416.384141
655	-325.771459
1588	-323.678800
1544	-324.594826
742	-272.588370
833	-325.761605
331	-309.734363
3685	-381.602419
455	-340.664551
3193	-320.725883
2007	-308.499105
1327	-320.768458
2349	-301.357553
45	-266.615452
2034	-345.586124
1948	-195.158734
2169	-356.733974
615	-345.676743
2708	-308.512758
2803	-327.013853
3468	-345.710017
2500	-286.498235
1005	-273.786179
1819	-249.292101
1765	-285.335887
780	-308.769557
2642	-324.578146
3624	-324.614194
3394	-376.613178
3808	-345.614760
3958	-291.015785
1416	-308.514570
1211	-286.498633
2158	-340.663379
3566	-325.830752
2118	-324.560961
2292	-343.246371
3587	-322.421320
2398	-319.533364
3767	-324.568597
1661	-322.148261
1512	-346.839595
3481	-357.941534
2960	-271.360631
439	-288.690999
1399	-341.826906
2834	-325.699665
3944	-381.563295
2085	-309.695312
2695	-346.871133
2596	-339.467484
2891	-308.511094
1226	-195.226072
2295	-305.898313
2221	-308.512137
3806	-309.676410
1437	-376.547304
645	-308.540795
417	-344.440065
3250	-360.517106
3826	-372.742383
2823	-309.730966
2425	-322.435505
1291	-285.276634
3911	-345.639354
1409	-285.282853
2529	-229.969129
2259	-361.734611
1958	-340.595950
1846	-344.370966
3111	-318.340705
2881	-345.594203
1810	-288.653294
3514	-340.654233
3718	-195.186772
903	-309.685872
3916	-273.810780
28	-324.630221
1042	-305.904676
2212	-346.837271
2094	-325.812885
1518	-309.683200
3821	-308.427345
717	-380.401348
2819	-360.551444
902	-310.940195
3472	-340.657197
779	-356.732185
1213	-324.530103
1067	-273.762417
3506	-320.804155
1779	-288.583563
2906	-340.657508
1610	-196.406419
2280	-359.345792
1961	-197.629416
1105	-302.306944
980	-356.743821
2551	-325.792606
2131	-320.777849
3198	-288.680991
3668	-309.700336
497	-287.470402
3687	-325.793945
2098	-327.020807
1236	-155.897345
724	-320.775720
2786	-327.009009
582	-325.833302
516	-312.134532
2378	-339.490841
3983	-322.115604
3731	-310.913156
3457	-324.559213
1194	-381.612648
2293	-269.216495
3162	-324.546164
3636	-324.624318
1912	-310.915653
2271	-310.916474
1453	-309.720334
3150	-310.942587
798	-208.842347
2511	-250.500016
2510	-325.797299
2704	-320.786981
1726	-381.506605
1897	-197.629387
116	-346.831175
404	-324.595399
1635	-360.520081
888	-323.328290
3219	-339.428557
1406	-375.394844
344	-343.305175
1700	-320.782427
3874	-323.344889
767	-346.861463
180	-360.505528
2224	-307.568767
1016	-305.129953
3129	-361.692023
1872	-272.566631
982	-307.235414
2429	-306.081547
2250	-339.462492
207	-285.281032
2389	-361.728546
3226	-339.491316
2269	-308.452310
366	-324.576206
3101	-360.503577
3762	-351.646368
954	-324.612244
1943	-325.729335
402	-312.124533
1303	-345.676156
3865	-362.899954
666	-381.593528
2028	-346.821466
1149	-325.796862
3892	-271.608843
2663	-361.722327
2778	-325.711441
2898	-310.940190
511	-320.778636
2542	-326.951186
2180	-340.665904
1936	-360.564423
2371	-307.253245
272	-322.161948
1687	-344.407598
3229	-271.614305
1712	-345.612640
1394	-396.500849
2993	-346.825502
2984	-362.935648
1980	-345.680616
810	-269.144656
2416	-344.406447
959	-492.026657
69	-265.441614
744	-249.332005
3281	-309.716743
891	-325.767721
3632	-340.612805
1047	-346.836177
1866	-310.940708
111	-344.470970
2895	-273.764673
2243	-340.673964
2801	-310.932716
887	-361.720206
1747	-360.559076
2828	-232.030352
2050	-362.937518
3945	-304.737186
1290	-345.660459
3415	-308.495275
1401	-307.265351
1685	-338.273553
2064	-309.687401
2486	-307.239887
800	-324.611571
1793	-325.725688
946	-324.577279
2152	-308.540101
3773	-345.602641
2735	-309.690179
174	-229.928448
3582	-344.436500
3396	-273.815873
1621	-346.884834
712	-294.081616
3185	-348.053386
3371	-286.517424
1771	-287.657053
2980	-274.983908
3131	-303.560907
2533	-265.438520
3263	-285.326726
102	-307.230370
1496	-268.248371
2518	-360.566272
1828	-284.993731
628	-325.726991
3195	-274.982322
3243	-377.816466
3877	-340.623773
3223	-341.794931
1520	-309.728493
642	-234.476516
2011	-270.099401
17	-345.612580
3670	-286.248451
3034	-360.418556
3128	-341.867138
2820	-308.557865
1976	-346.831692
2918	-271.326117
2327	-381.624797
2664	-348.047695
1132	-310.938583
2847	-307.566260
1385	-309.679840
943	-303.497783
460	-360.488733
2766	-285.279992
2047	-286.246880
225	-346.842403
1774	-324.585556
442	-356.712228
3477	-348.046236
1632	-340.673967
3908	-272.847530
1517	-359.342366
3778	-309.700675
1580	-271.339821
1085	-231.092208
515	-287.727890
5	-351.628383
90	-327.017113
3231	-380.446861
435	-306.309029
1361	-346.840635
3134	-271.319942
1153	-325.764669
2274	-308.463553
1476	-308.455419
2733	-310.940764
910	-270.384937
3017	-271.339346
1144	-264.255612
2672	-355.556836
3375	-324.594534
3650	-382.756764
1127	-345.659797
1497	-251.731545
1089	-344.451793
1650	-341.836348
1305	-319.621560
3784	-344.450127
1755	-304.686811
2434	-377.845502
3317	-269.177232
966	-339.467091
847	-324.608363
2802	-325.804486
2690	-231.093096
3154	-309.714008
2657	-308.451299
1300	-324.595031
2643	-372.711859
675	-346.827397
2951	-308.569129
2846	-273.780933
2578	-324.576080
2563	-247.215049
1143	-367.635675
3191	-284.360325
1788	-345.646841
2077	-309.736028
2236	-235.698987
1028	-360.421732
2894	-309.717750
3505	-274.983383
230	-271.617434
1853	-359.314227
3544	-312.133269
3712	-300.148891
2798	-307.259167
2053	-320.769272
1032	-346.816694
3612	-309.738513
2545	-324.614082
3760	-280.314080
3278	-298.952950
3183	-345.642870
929	-272.832690
2273	-324.579188
2851	-356.699504
3070	-281.491976
1570	-325.783642
306	-307.335530
1232	-336.811744
2477	-360.539944
162	-232.324966
401	-325.712603
2261	-233.260156
2074	-285.300440
1340	-271.616723
2399	-308.430606
3842	-376.587741
195	-296.296482
416	-271.318448
1068	-308.470010
2444	-318.641916
3003	-325.798735
40	-344.338878
648	-287.422111
3923	-309.737951
1420	-286.516174
270	-372.752005
2582	-320.773768
3724	-324.573480
1525	-345.608193
2785	-310.915445
567	-339.489014
990	-309.684377
2150	-324.570860
2636	-306.112153
3949	-359.301320
661	-335.635079
3454	-376.600944
1150	-308.551121
592	-307.614861
2709	-345.632155
519	-309.687078
1508	-308.462196
3647	-325.794522
287	-307.560718
2687	-377.816463
2278	-345.650717
2948	-382.790431
3020	-287.430903
751	-361.724921
1542	-370.291993
3092	-340.610697
1694	-273.743311
2681	-308.466840
1799	-346.861635
2363	-324.610150
1051	-346.860404
928	-345.665412
1772	-361.717972
3061	-392.552088
2772	-343.232602
1455	-381.570969
1568	-324.555249
2433	-324.552283
1628	-345.637174
1738	-273.759338
1090	-272.500426
267	-345.641113
921	-325.682121
2623	-235.700285
1024	-302.535621
3147	-338.530072
98	-303.553222
2647	-262.017735
3723	-345.597175
3434	-360.560766
1274	-309.686648
3510	-340.674744
3228	-381.648857
930	-346.898838
1395	-375.348487
286	-324.563745
3857	-340.686134
3948	-340.614465
155	-324.571682
3008	-323.359336
1797	-194.267232
3324	-345.641848
1459	-306.320451
2499	-376.539208
3083	-381.591448
70	-346.874234
2969	-286.484904
3201	-346.845480
3979	-345.651111
2342	-309.680487
1581	-345.660520
1263	-345.642008
103	-291.024232
2544	-381.632480
2983	-346.833689
52	-345.627428
1672	-336.831068
803	-325.789564
31	-359.310420
1318	-310.897519
3753	-271.652242
3269	-381.624381
965	-323.329385
1820	-324.522751
600	-268.859550
3387	-309.727603
3470	-416.814878
1742	-288.583008
87	-490.834069
991	-345.602096
587	-307.283919
1066	-375.344926
429	-288.570364
3339	-356.699649
3585	-308.497008
2252	-382.779570
2167	-309.681554
1556	-340.659506
3044	-363.519194
893	-232.317400
1741	-345.629842
1134	-343.068226
1014	-301.385442
307	-302.239101
505	-338.531538
1106	-231.106310
3261	-232.025930
1985	-339.481708
1735	-320.791360
3053	-490.831786
877	-359.317823
2758	-309.696640
3519	-376.604739
512	-346.861026
57	-345.635513
1366	-345.633122
2006	-339.486095
423	-304.694187
680	-325.806369
799	-310.910909
2688	-284.964138
3103	-340.631134
201	-308.561649
1438	-356.728392
2454	-288.578155
3554	-309.689751
1377	-325.768959
1076	-361.656187
918	-310.917344
3249	-325.739818
3535	-323.235679
3568	-308.468418
1751	-339.469166
1013	-271.300649
3729	-376.562796
1579	-288.589020
1055	-345.681183
3056	-269.180682
1796	-307.536544
1658	-287.337578
2995	-381.584942
1532	-309.731599
3349	-207.916786
2852	-274.986857
933	-270.430832
593	-303.525517
2394	-355.446449
1778	-305.036659
3722	-308.759135
1592	-271.616430
1474	-340.654517
768	-193.039603
2773	-325.684055
1837	-381.574917
1470	-272.542270
2266	-289.766576
3562	-360.524672
120	-323.345161
2575	-308.759090
3804	-324.573632
1478	-309.691634
2357	-325.754267
3713	-325.748400
2570	-324.626187
2256	-303.503801
1422	-361.728608
3747	-324.521162
1915	-361.705669
3775	-324.576188
978	-324.545574
1784	-324.497693
193	-307.285557
550	-319.568017
1634	-324.563073
1473	-340.678945
2791	-194.254127
701	-265.396194
1665	-336.802871
197	-233.549368
2598	-308.508949
3867	-356.726146
3165	-356.724041
3972	-359.339915
1548	-306.308471
2319	-271.316064
2880	-346.831172
3866	-341.882531
3939	-317.386479
2443	-288.547509
617	-376.521083
88	-345.655534
3031	-270.411205
3335	-275.020322
1265	-227.324775
1302	-339.445855
1101	-307.244627
2889	-341.871347
1917	-325.790782
2395	-297.523583
1833	-302.579718
3167	-309.688639
425	-289.769718
2756	-153.742562
1230	-323.396217
1809	-324.559733
1335	-283.156647
1585	-360.545832
3588	-272.549011
3143	-286.432042
2008	-336.802659
948	-336.827390
3007	-319.573727
698	-274.985880
360	-346.890881
354	-285.174014
1022	-310.902683
2967	-305.841708
258	-371.546126
3840	-309.681264
1960	-345.602645
3513	-340.637067
1381	-303.795699
3603	-326.952955
3236	-310.912270
2478	-339.450173
3690	-346.829378
3065	-344.486202
1411	-327.023352
1472	-306.080007
1203	-261.802956
3222	-344.494043
3841	-371.541704
1817	-339.459612
74	-310.918822
3323	-232.335768
280	-271.324234
606	-343.235457
1572	-322.170570
3217	-306.392828
2540	-211.295796
1390	-340.660793
2872	-288.581144
537	-361.731930
3920	-319.574905
2572	-360.495461
2249	-392.653825
22	-324.575190
2670	-326.934805
1602	-318.339586
259	-309.735245
2181	-340.656656
3068	-306.015194
1000	-339.452428
2812	-381.619786
3025	-324.573338
917	-323.320690
994	-323.428670
3504	-308.561061
1466	-340.657975
3077	-336.822591
906	-383.969892
3579	-356.677429
2594	-335.586914
864	-323.337623
2581	-234.469389
335	-361.729115
1372	-381.574124
3040	-360.506446
3740	-356.684693
2133	-323.338627
386	-325.776001
1215	-335.566430
598	-193.088340
1722	-362.946707
3918	-289.794194
294	-308.506421
3216	-344.380260
2796	-345.678871
1617	-355.508183
3313	-360.526364
992	-377.811306
2771	-310.910278
3367	-269.216969
1808	-356.676972
2685	-344.426408
999	-308.512721
2254	-359.388326
3358	-326.934987
3180	-323.669200
588	-309.684571
3925	-325.718488
1200	-346.908492
2447	-323.330261
1868	-326.949224
3268	-324.562156
3186	-346.829695
1526	-269.267574
2086	-308.486338
2446	-361.740252
2606	-323.344105
2370	-360.496984
292	-308.517192
1062	-324.496997
745	-344.464270
635	-324.578381
3306	-361.650084
3560	-286.463470
2070	-114.483613
2354	-387.558484
51	-283.168740
1344	-341.767606
3442	-381.635659
1487	-345.665813
2905	-307.206439
1454	-288.652757
1309	-287.723848
3089	-327.025329
2192	-307.232824
3362	-345.632413
3570	-272.514475
467	-273.793804
841	-361.736259
852	-361.731511
3043	-196.405320
370	-356.698196
397	-288.630839
1368	-288.584029
815	-285.324641
196	-341.759398
1978	-281.485530
2488	-363.508158
2836	-345.652670
2390	-270.097243
3181	-307.209274
3039	-341.851538
2161	-361.735863
395	-234.447743
278	-397.667072
909	-325.789320
649	-340.685408
3384	-357.949026
3660	-288.651313
15	-288.542593
3432	-297.523580
1826	-285.242094
915	-304.734226
1151	-392.620909
1902	-324.615795
2056	-325.729141
2360	-340.636727
3085	-322.130736
3230	-344.454591
82	-309.701458
2724	-376.591176
1063	-265.440996
2835	-362.925466
1337	-286.498779
3041	-345.692143
3345	-312.120708
2944	-309.687280
3859	-308.499978
1246	-318.406529
1566	-380.438011
2833	-248.375248
1507	-310.914024
465	-266.553159
3964	-336.853985
2943	-340.654874
2263	-274.983122
1601	-345.646864
2554	-345.649886
1929	-324.551800
2314	-345.658870
1814	-360.537947
3352	-272.834623
2789	-340.629283
3710	-308.565933
1938	-341.826148
3320	-310.952127
856	-324.568212
1834	-381.615289
3253	-281.476938
1920	-361.714679
2168	-310.899911
3792	-360.525610
1529	-354.275774
481	-307.573371
962	-376.587043
2668	-310.906004
840	-289.871520
719	-309.693538
2792	-362.944759
351	-345.625747
2896	-356.725069
2082	-302.567313
3628	-272.509064
1595	-309.686571
242	-340.623533
1443	-346.867442
1087	-324.508933
3037	-288.567911
2721	-271.401725
3197	-309.714859
2066	-432.401755
1731	-381.565314
2527	-297.554699
2730	-286.492223
84	-345.610574
330	-286.408473
3315	-269.176979
3369	-158.342346
3662	-360.469577
2055	-304.724717
1892	-382.805933
3383	-360.602876
3824	-302.288055
3503	-266.630629
3001	-270.386138
3717	-275.014300
145	-310.929561
1567	-356.714706
2628	-359.341296
2815	-324.570906
1056	-271.618179
375	-346.857432
1329	-309.710338
513	-355.518342
2230	-262.056533
3856	-306.313590
1829	-382.804482
2119	-323.665987
2526	-340.601771
1490	-309.691591
2457	-382.757134
1157	-309.691584
1284	-320.761539
3502	-376.564063
883	-340.647778
1091	-309.678344
1749	-302.579654
2978	-340.669862
3262	-235.693825
2911	-289.871661
3032	-360.508895
504	-356.680129
2629	-356.679047
3681	-310.914919
620	-346.820834
109	-158.340943
1034	-356.732791
430	-307.543210
2549	-375.410333
3977	-288.552886
905	-360.513668
1550	-301.345683
2220	-272.538190
907	-381.607752
882	-169.557758
2045	-324.495988
2420	-340.625366
1257	-346.855622
3630	-287.660591
2311	-193.034988
379	-391.337881
1113	-234.484521
2461	-269.170508
117	-211.295163
2997	-380.371074
2384	-281.469893
2260	-271.351786
3080	-344.436248
3645	-304.681903
24	-345.608180
1250	-309.686189
3303	-272.589883
2175	-324.545475
1674	-360.499243
2076	-274.982287
1346	-308.542644
2712	-274.985024
2928	-324.540084
987	-273.765811
3771	-309.655144
1316	-361.652250
3655	-287.379629
3727	-285.317454
83	-344.434906
1792	-363.504227
542	-382.793238
1549	-340.689515
2964	-362.945907
644	-376.595314
935	-269.154939
578	-382.825717
1987	-325.775071
1148	-284.062954
2109	-321.219665
3479	-265.289023
3118	-236.917873
1359	-229.927277
1630	-323.431776
2304	-286.431160
2914	-270.422403
3858	-308.459001
2057	-288.540318
1023	-309.663477
3107	-281.504745
2456	-345.610758
1069	-375.370023
265	-236.916125
1684	-320.783029
1727	-324.606977
2208	-286.486509
3357	-361.779217
2113	-344.391557
3967	-273.758273
1534	-340.632075
1836	-268.273739
43	-319.572842
2480	-344.385369
414	-192.762455
3633	-380.412093
247	-304.688358
3393	-359.297522
3377	-360.549337
2225	-324.612179
579	-281.480583
3553	-346.830674
1272	-308.486687
1436	-375.359407
3132	-309.670613
220	-276.205821
94	-362.955075
2039	-360.553317
3108	-361.653332
560	-344.385047
353	-197.632222
2313	-312.122262
2337	-324.588418
183	-362.962787
1908	-286.508233
2732	-324.579850
3509	-288.685117
960	-310.940611
3171	-345.599912
1255	-381.635881
1221	-344.436348
828	-361.684892
3846	-318.393987
3905	-395.515911
634	-154.960361
3309	-274.989422
1279	-377.837977
2919	-340.635773
2865	-342.307696
1647	-343.242553
707	-381.585428
1760	-326.940002
2571	-309.686348
786	-307.544728
2373	-302.564379
3401	-338.175569
1932	-310.911279
2990	-376.661483
3879	-339.483894
2182	-340.610000
77	-348.062001
1999	-233.547877
2196	-338.559964
3096	-338.175960
2940	-339.418028
694	-344.360007
2780	-272.545389
538	-324.494520
44	-309.735489
275	-344.442225
450	-235.729507
2309	-272.583285
563	-345.644179
2927	-324.500425
3748	-376.556657
1358	-340.682075
743	-309.719124
3322	-272.536448
389	-271.336957
2902	-271.653205
3359	-325.733758
2439	-324.485913
709	-286.134079
3625	-326.948771
3348	-304.715963
309	-309.718312
3344	-325.748658
2717	-309.726244
2383	-324.593866
1235	-265.447270
3567	-309.693494
3326	-381.616196
2507	-291.014750
662	-341.843824
2999	-307.237456
2838	-324.547436
824	-310.952875
1294	-345.612830
2988	-310.923406
3557	-344.382663
908	-310.911406
1446	-319.575102
834	-346.828689
127	-322.216227
2159	-324.581067
3609	-269.176442
1439	-340.590431
820	-326.934229
1946	-346.841836
461	-273.773506
521	-262.065493
584	-309.681686
457	-380.372151
1571	-470.915515
3215	-320.793270
1680	-377.842223
3985	-324.548763
2083	-322.434119
1357	-375.307060
955	-345.632414
276	-380.379743
1935	-361.677841
1156	-154.972731
3619	-325.779372
3522	-309.691414
3876	-304.574737
3054	-269.129580
243	-323.389193
757	-345.678211
1299	-348.043466
3656	-310.918831
3692	-281.505078
3548	-79.764152
2734	-309.719592
2591	-325.773278
1477	-303.462312
1054	-323.427722
495	-342.297848
1360	-362.941781
164	-340.675814
879	-303.556846
3421	-324.571081
282	-325.714378
2897	-346.825923
3559	-309.721434
3382	-341.145624
2326	-320.768781
1277	-309.706892
3449	-297.510804
3836	-346.833711
2585	-249.269471
1441	-303.469082
2122	-348.040439
2807	-269.176124
1493	-335.643923
2962	-309.686114
3142	-376.617653
1713	-323.381747
654	-309.727166
1424	-212.438188
67	-172.006141
804	-248.395289
2335	-346.825562
1706	-382.777508
2474	-357.944802
1924	-340.591587
3702	-362.951503
858	-340.661797
3082	-272.586248
445	-319.610687
408	-208.863267
261	-310.905322
1281	-308.457113
3899	-337.265273
3564	-303.533472
2634	-326.927446
380	-307.581989
3742	-271.272557
476	-397.686127
2081	-273.775864
1709	-326.941251
1500	-345.609230
1100	-380.373569
2837	-325.730097
1907	-346.819476
2193	-383.976576
2861	-288.654312
3701	-248.211932
474	-281.476832
776	-325.781815
3078	-383.966179
597	-309.683901
2741	-297.520999
975	-357.171724
2409	-324.595526
1115	-325.773014
1386	-362.967171
2103	-346.834331
406	-359.295180
621	-310.899323
114	-361.772743
1811	-346.855968
2614	-232.164586
1378	-346.867789
3363	-345.658313
737	-336.836792
3160	-362.937857
2640	-398.880824
3674	-309.731169
562	-456.105229
453	-375.430225
3957	-307.291354
358	-272.544323
205	-269.465281
3850	-308.528193
1324	-270.399280
3903	-340.636306
755	-324.568345
3614	-288.627505
1641	-340.647224
1046	-271.618580
2989	-287.317913
239	-270.446608
2750	-268.301176
2351	-304.614169
2089	-308.469081
2294	-341.831947
1756	-326.935440
1923	-287.427777
1045	-344.449852
3515	-346.852204
3459	-346.831382
2345	-342.329232
2992	-343.202564
136	-343.240623
1301	-309.679190
1026	-325.765414
3741	-169.860788
1746	-396.470299
1373	-324.557383
1655	-338.217210
393	-323.334482
2359	-360.468392
3288	-348.045786
384	-343.291812
3494	-324.573795
2473	-324.497671
2107	-325.766177
956	-230.183076
3452	-361.758902
2641	-270.394309
464	-324.485629
3593	-304.614300
1875	-242.186010
1249	-272.543724
3611	-324.577560
1288	-324.635136
1010	-340.666160
3675	-360.534222
3615	-210.071468
1065	-360.485823
2153	-309.673226
1276	-340.667317
2284	-359.298380
3914	-325.805781
2160	-345.674929
1849	-324.547957
2725	-269.218553
3954	-271.611366
2234	-272.580839
1773	-304.696646
2727	-271.330291
1083	-309.726295
2686	-340.697732
182	-324.474954
3206	-346.853173
1198	-308.449457
2206	-312.126404
2352	-288.589622
3439	-301.389192
1247	-325.770105
2468	-307.193849
2207	-301.330754
3524	-308.455477
1947	-303.533559
793	-326.950540
927	-340.676668
1559	-380.372123
1365	-361.755045
2330	-287.681216
3779	-308.476903
1126	-270.392715
1273	-355.513035
2722	-344.423318
2105	-335.635972
2907	-344.466563
137	-287.440932
3006	-308.470648
172	-282.667163
695	-345.700085
3796	-341.875439
54	-195.186228
2937	-324.573883
492	-305.904760
2651	-273.744309
595	-340.652012
2892	-325.728271
835	-320.740782
2452	-344.424745
626	-288.653249
480	-325.760797
3501	-318.409788
1739	-303.454720
1807	-344.469516
1222	-325.805865
204	-287.353313
139	-338.257996
2422	-325.718957
125	-228.992613
1111	-335.656557
2301	-324.616647
1877	-287.407788
1431	-344.392695
2213	-287.433999
3483	-308.500974
413	-301.369263
603	-346.867624
1098	-356.649302
687	-346.841762
1562	-309.676327
2513	-345.631685
2666	-303.423742
1682	-269.215705
3428	-288.564752
1388	-250.583643
2410	-361.673369
723	-361.717032
3486	-437.484875
1078	-309.738888
2556	-321.958604
659	-326.976670
3961	-308.561152
3239	-361.708121
3955	-323.391458
1728	-362.942862
3237	-303.553222
1970	-362.897428
3232	-345.686487
1795	-356.736238
1535	-324.463541
2166	-343.239068
3117	-346.824942
1293	-271.369084
308	-303.428586
2156	-346.827596
1649	-346.868661
1219	-306.334850
3319	-376.604793
2774	-310.910631
2736	-310.922181
2491	-381.634033
3453	-321.254976
525	-273.812813
2514	-354.197108
782	-361.678341
346	-307.586014
3901	-346.822424
2523	-344.512144
1927	-361.739999
3984	-344.418857
2205	-318.391203
340	-273.789697
790	-341.836780
1079	-287.347000
3310	-309.721850
1962	-382.756724
1205	-304.682331
3737	-361.714817
3015	-359.362011
1278	-362.942040
720	-381.594735
1638	-344.481904
1170	-310.895183
3518	-340.655390
825	-340.536374
1893	-344.385273
1926	-273.773955
101	-324.507184
3616	-225.221461
660	-271.630416
851	-270.117027
3657	-312.124380
979	-309.713440
91	-275.011437
3634	-340.646592
759	-398.888473
3090	-287.362939
3450	-382.824468
3161	-309.678595
3757	-281.482952
348	-196.432825
3830	-346.817778
2874	-309.725707
3266	-287.736841
2430	-304.688809
179	-362.928160
3565	-286.474509
889	-272.539307
3586	-287.506415
2445	-324.576679
254	-285.284456
2362	-305.134491
158	-308.540079
1686	-288.648208
2336	-344.433499
2459	-273.761223
1536	-324.492974
3458	-345.693035
2916	-340.655601
1320	-340.656628
2503	-345.653983
506	-234.516241
3785	-348.045948
456	-336.811524
608	-309.688960
1988	-312.124451
652	-345.620593
3798	-310.941861
2604	-304.743934
3530	-309.739069
981	-303.499320
523	-345.565792
2698	-344.434438
866	-340.620625
25	-309.712046
3597	-360.539435
2067	-280.248350
1813	-307.550360
1428	-265.391486
3849	-360.531172
700	-310.938181
385	-305.159206
1195	-285.287913
2203	-310.911529
566	-303.472917
2608	-306.369631
656	-376.605347
153	-347.466594
2751	-273.787799
1192	-326.947461
2679	-312.130526
3256	-153.459846
1623	-229.615446
898	-305.906901
362	-289.871990
984	-248.443503
2697	-360.495788
2903	-308.505951
794	-248.143861
2475	-381.524347
3789	-273.762938
2884	-324.471313
1925	-309.677276
2232	-56.525887
2116	-340.646768
3144	-308.472241
2333	-338.234590
2593	-321.252793
1651	-273.809498
3816	-272.830720
589	-340.604189
208	-270.399081
3599	-308.482454
3770	-272.544060
336	-308.524858
469	-325.775843
1363	-355.525451
2290	-343.224836
412	-372.768039
2148	-309.718089
3019	-301.357437
1662	-377.834156
625	-308.514390
3800	-346.862839
3189	-324.510378
3036	-310.907823
3347	-286.510514
2458	-361.683558
536	-323.348544
1333	-270.359564
1840	-360.536972
142	-307.594137
1702	-251.727632
1145	-312.129019
1801	-301.335636
3545	-310.915918
996	-307.544316
1594	-323.433551
1914	-288.576123
2264	-346.831590
387	-268.248806
3756	-326.943546
2971	-312.131841
1135	-310.903412
532	-344.369744
3750	-346.838572
3164	-344.379764
160	-309.685140
894	-338.247875
2149	-341.878745
2141	-307.287454
349	-309.687623
3950	-270.439135
1879	-288.594527
3227	-348.043668
1486	-380.373644
1494	-345.654016
39	-340.687222
227	-377.805829
937	-306.397642
3654	-307.541973
604	-320.777491
448	-346.831139
3235	-339.416290
2000	-309.736479
2470	-309.688189
3059	-363.508158
2061	-345.638357
2356	-323.346816
3051	-192.736096
3536	-352.836930
3204	-306.313706
2955	-346.822341
3605	-372.755216
1248	-304.732336
3794	-317.361117
3870	-345.605387
431	-361.712798
3	-346.838279
940	-325.787515
3663	-344.446747
2413	-345.604177
3046	-322.057728
533	-287.720383
1380	-288.625728
3644	-345.587398
958	-302.599262
1656	-323.352987
3156	-362.941094
920	-281.489179
3087	-392.563319
1874	-416.367317
1468	-345.650338
3330	-323.360126
3140	-284.987905
1405	-361.711854
2805	-272.587161
1718	-356.706262
2857	-362.899149
3960	-336.825944
2600	-307.237880
2886	-324.530742
880	-345.648463
3754	-324.570035
1050	-304.643392
3275	-308.757315
556	-272.600604
3244	-323.320332
3342	-153.787612
3035	-344.404557
3571	-309.676719
3302	-324.577047
1315	-288.533780
2411	-193.075202
3875	-309.655400
229	-361.648305
1352	-304.677606
1689	-336.823026
710	-340.625597
2746	-247.190194
3436	-361.762744
572	-356.752533
3943	-376.602183
3862	-271.646263
3398	-304.686259
671	-310.897268
1959	-324.603913
639	-270.405973
2075	-345.606444
1296	-345.612257
2873	-307.545713
1110	-325.781398
1008	-248.448467
165	-327.013034
3086	-360.507527
2515	-323.341413
2816	-310.905786
3706	-345.687338
1883	-346.839066
2618	-361.768020
2421	-249.395323
2818	-335.618370
1835	-376.631067
624	-312.119017
2151	-289.802108
471	-324.532283
2165	-319.567241
3646	-305.130313
1414	-377.797879
809	-361.738091
1224	-308.420805
2673	-345.652182
823	-361.732840
2885	-309.686862
2465	-339.464024
2440	-317.433049
3411	-286.134060
291	-304.683134
36	-344.382282
1732	-269.170665
2731	-272.836211
1269	-307.563525
2825	-360.576433
3022	-234.455424
2026	-272.837907
1865	-345.609914
2784	-273.803873
472	-273.761356
2583	-346.859078
1599	-304.689816
218	-285.311823
1673	-309.733829
3340	-229.879598
1710	-361.726166
3284	-343.290242
3049	-324.610004
3969	-324.609784
3420	-306.358581
1458	-288.648179
1433	-325.729800
627	-359.304956
938	-331.411639
1951	-317.408548
12	-377.816587
950	-324.580266
1505	-308.487195
873	-273.763068
3376	-273.775510
702	-379.000257
3424	-348.051118
2251	-430.448052
432	-344.390227
3781	-274.984614
951	-307.548619
1253	-312.126356
1367	-325.812267
1667	-323.323781
651	-232.334436
1081	-310.912796
3038	-288.542113
3497	-392.627857
312	-234.485640
2683	-309.686061
2588	-376.538277
2767	-340.635968
2718	-382.782995
1910	-326.978724
1139	-270.382725
2199	-377.815601
1193	-324.550139
3546	-233.219124
1097	-325.784473
2339	-326.954728
924	-324.528533
1451	-348.052763
185	-361.726913
2323	-310.954565
1860	-308.507458
1539	-382.755486
716	-325.758431
1574	-245.997884
141	-287.734664
797	-278.075775
3721	-284.372483
1646	-340.684749
3487	-210.101789
2184	-360.501473
1805	-344.380468
3970	-305.897998
1971	-362.906662
3301	-371.491061
1270	-307.571937
3673	-309.691463
3024	-251.729571
3173	-325.791830
3563	-227.798785
3079	-270.401391
3988	-309.707600
2376	-346.840597
3372	-309.705858
3812	-271.623066
3549	-323.437779
846	-270.434394
3915	-309.687698
3133	-356.679691
1114	-302.353948
3919	-304.721921
3817	-288.554600
279	-306.012858
3878	-360.554015
2087	-286.484121
441	-380.414967
2910	-307.536915
1636	-233.551389
2003	-324.579943
1839	-355.496901
1002	-287.689262
594	-325.809558
2393	-324.608961
388	-340.594424
2358	-322.169697
541	-325.714161
3974	-323.433262
1664	-310.904974
2021	-346.818246
41	-345.649146
468	-322.150234
96	-375.359188
3891	-346.821929
2617	-248.151318
2226	-276.206257
1816	-344.357220
2472	-209.159302
1824	-336.855265
2839	-362.930315
1838	-356.685238
1035	-284.385189
2062	-303.437471
554	-340.688787
2822	-310.902197
1690	-339.426816
2235	-318.409670
1118	-306.032266
3026	-250.478855
2841	-360.524422
3499	-309.702237
3220	-273.806349
2417	-336.838171
2637	-325.687098
2744	-288.573110
2748	-321.271406
238	-233.253760
3500	-323.345473
3814	-361.745554
3337	-286.438448
2646	-325.800095
705	-362.953848
2467	-325.805017
3508	-309.675176
2185	-344.343476
1375	-345.645053
494	-345.611057
1815	-345.663783
3971	-360.530885
216	-307.283509
2471	-288.628801
1384	-361.755719
957	-360.490486
1616	-272.539058
2253	-325.818163
403	-272.843742
3893	-341.097446
396	-372.782655
3942	-287.507193
2633	-324.627681
233	-301.382062
2217	-344.408081
2531	-157.115484
623	-265.457424
1345	-376.540686
1871	-306.406578
3978	-282.861121
1434	-344.482088
3828	-288.650589
2674	-342.352279
2653	-361.749428
56	-345.599154
1956	-308.461475
1569	-234.503085
130	-274.988525
1339	-285.316421
1369	-392.662003
605	-456.103432
863	-285.288405
2845	-307.602080
2517	-308.462063
2711	-322.460671
3163	-319.610683
3277	-354.254979
1267	-341.841438
213	-249.281074
1244	-345.616998
3466	-325.794624
11	-356.688211
1173	-344.465017
2568	-325.718022
3728	-234.474951
300	-324.602433
3658	-309.682445
1041	-371.504707
843	-308.437835
3214	-344.426062
1992	-325.723538
2776	-313.573888
1577	-355.468067
151	-270.397623
1597	-336.805704
973	-325.790444
2353	-281.504579
3684	-362.958208
1931	-310.900102
802	-359.306313
733	-345.660927
2464	-297.555801
665	-288.571762
314	-233.255379
1185	-324.558175
2143	-288.628466
3688	-322.476720
1389	-272.510742
3511	-324.552260
1421	-360.526142
1711	-345.611239
1933	-270.396100
1898	-360.497612
1503	-327.014214
1683	-346.829154
2451	-359.328735
3476	-304.737418
3933	-307.569255
2603	-341.863083
2388	-309.695742
1663	-232.351764
1969	-360.529678
3671	-326.941692
1202	-361.725394
2239	-346.823312
2719	-286.477365
3492	-345.645245
2460	-345.631797
1017	-308.419735
324	-307.534482
482	-272.599303

file identifier 	 test data 	 predicted
3110	-236.917458	-191.522743
3569	-272.588302	-294.660835
932	-361.764881	-376.831947
1598	-308.471397	-321.886826
2322	-355.508682	-371.774284
132	-308.469258	-328.652672
446	-305.831164	-332.050018
1913	-310.912131	-327.488449
3883	-308.516508	-331.041359
2908	-271.620997	-281.344391
2824	-304.720708	-325.659760
2102	-361.723581	-377.389145
3233	-304.691526	-326.718285
3467	-308.494487	-341.455093
161	-285.276468	-322.279274
2936	-324.504178	-342.502182
2350	-341.853951	-353.734253
332	-304.692914	-318.710854
1620	-270.431243	-313.490791
2244	-414.351653	-416.782860
1138	-308.444609	-320.895378
268	-362.957295	-394.740341
2930	-310.906738	-343.984978
2806	-234.476081	-245.830376
3114	-309.692389	-326.398087
3574	-398.876124	-428.235306
409	-306.383308	-334.420097
320	-232.333410	-232.601357
1238	-360.499088	-372.710640
2368	-325.804686	-359.648331
1037	-306.397746	-327.232529
1322	-271.619912	-287.158173
1256	-312.119596	-332.536224
2770	-288.588657	-298.138748
678	-308.506580	-325.491417
1873	-346.842529	-385.482178
664	-335.632054	-359.981644
3838	-271.318933	-278.003540
3057	-301.381127	-314.455467
601	-324.603558	-349.384529
3355	-345.648365	-361.368294
3793	-381.580932	-398.456459
3417	-354.292460	-372.423729
85	-272.550580	-311.326988
1501	-288.653529	-314.480270
1379	-325.731549	-341.886932
1825	-271.656372	-269.812416
2848	-339.419688	-367.248886
2463	-288.576502	-296.152748
328	-310.911163	-334.943771
177	-362.872710	-377.440857
2255	-360.513163	-374.738480
295	-320.770299	-341.247704
2078	-324.575989	-345.256607
517	-344.434827	-362.901268
2783	-272.537685	-291.506973
1136	-271.296056	-296.448517
3353	-324.514429	-335.616707
3648	-324.631468	-348.358315
2901	-318.323005	-337.438087
3782	-262.035127	-276.609001
2775	-382.812383	-426.975647
3551	-345.646761	-369.526070
3953	-325.792503	-336.288368
1275	-310.936083	-340.691406
2396	-307.546144	-317.395355
107	-307.580090	-331.848305
1676	-296.285473	-326.705963
3120	-309.689111	-338.445786
1007	-235.694216	-263.841965
1699	-272.541597	-281.024124
839	-302.254301	-307.890045
3604	-273.812100	-279.753891
250	-360.538828	-380.830475
1452	-308.467331	-347.425789
170	-340.667287	-356.869934
1216	-308.465534	-319.872978
591	-325.760915	-352.133194
2063	-344.402806	-355.834801
3780	-323.320574	-358.438164
3946	-286.438084	-300.185326
1031	-304.643927	-318.587456
3067	-271.304881	-296.680573
1677	-344.412416	-367.969543
68	-286.519735	-309.210793
1142	-309.702591	-322.180031
3493	-232.333258	-259.142143
3343	-320.735225	-335.804436
37	-381.587333	-399.156609
2298	-270.396464	-295.213425
1108	-341.839596	-372.897408
862	-361.764434	-380.098732
334	-245.983375	-262.803116
3364	-305.057353	-322.024788
2058	-356.710498	-372.757156
2402	-235.696227	-239.907265
2135	-346.861074	-365.717400
427	-382.798099	-391.819923
1669	-287.426878	-305.422035
421	-288.627624	-291.457352
1895	-324.551432	-333.422897
1317	-344.393241	-362.112900
2521	-361.728609	-382.018913
3888	-323.359825	-328.950577
2270	-355.497046	-371.932579
3425	-324.547564	-344.927132
3048	-381.616883	-395.247665
3174	-272.844804	-328.292297
1944	-325.796840	-331.536377
2489	-250.583259	-285.281013
1392	-353.321142	-386.299179
1515	-360.502298	-388.397522
3366	-323.268818	-340.566330
1251	-322.482659	-337.702446
13	-360.526646	-381.412865
2505	-344.440744	-360.224464
62	-309.677968	-327.693268
814	-308.509272	-330.126694
2592	-308.486071	-327.326981
953	-392.650949	-414.773415
2547	-323.328581	-332.488678
1717	-345.603646	-363.063240
1382	-360.492675	-370.016052
3714	-265.398572	-279.762634
3485	-324.614459	-352.837784
1282	-346.860539	-365.618431
1696	-320.785074	-342.135788
630	-273.762561	-285.823441
1540	-285.217962	-307.574432
787	-360.525379	-368.291328
2601	-333.464063	-350.010254
886	-304.728323	-332.401794
2929	-345.638912	-380.800934
1841	-325.788368	-333.877060
1752	-296.265627	-341.318008
3207	-355.520098	-380.650726
1522	-324.485746	-340.628441
284	-360.500454	-377.118187
3196	-297.530335	-316.160439
1112	-287.644079	-289.808220
2728	-304.742823	-327.316193
976	-382.776658	-406.909576
1648	-345.660642	-379.919823
2842	-308.450204	-320.874962
3400	-289.799552	-298.084236
1991	-285.282532	-299.207497
983	-341.851447	-364.692780
3138	-345.651520	-348.338127
2941	-340.635024	-356.082016
806	-308.768073	-337.850899
1640	-304.583737	-331.731621
2287	-310.905485	-316.397629
219	-307.221351	-305.244354
1260	-270.417842	-284.617233
2272	-324.528642	-342.417412
3441	-372.686714	-380.467293
1790	-345.664882	-380.956573
3516	-324.634527	-344.272804
2564	-325.789398	-352.766792
2423	-338.238743	-364.730324
2367	-361.723620	-383.388618
697	-340.621200	-345.683533
3338	-308.466631	-321.833939
59	-248.430371	-305.367195
1003	-308.516378	-336.397888
1163	-397.709232	-429.862938
557	-312.122696	-355.099098
2022	-344.425164	-338.085098
3418	-308.467120	-329.235313
1546	-318.321510	-330.954498
3696	-308.474441	-311.091888
2286	-309.728265	-297.148415
1482	-312.132386	-329.360909
845	-40.478930	18.762421
2975	-345.579201	-373.667915
2072	-344.431636	-372.838791
1513	-306.368494	-341.274719
2742	-348.048844	-381.399506
1159	-325.779568	-340.037514
313	-361.721849	-374.807022
668	-267.103350	-300.382591
527	-324.629301	-346.028473
1541	-310.912991	-330.089745
3542	-344.409533	-365.169807
2716	-303.464433	-315.221443
2714	-398.878264	-428.224129
444	-340.665581	-358.997940
1184	-286.506282	-310.109886
2729	-323.315925	-346.991859
503	-355.514134	-377.289566
2947	-355.510313	-371.337952
947	-322.454079	-334.805214
1001	-304.724431	-317.129524
3381	-309.731402	-327.244934
1258	-344.472090	-361.770386
1481	-376.634518	-393.035484
1863	-381.631601	-393.188789
653	-344.473681	-364.138847
3182	-287.440436	-306.060944
63	-287.377993	-290.315971
3072	-340.671263	-354.425484
3827	-270.435807	-289.849365
2012	-382.788561	-412.249092
288	-355.557059	-370.696892
1776	-325.785476	-350.736252
3733	-309.678068	-337.847832
2059	-345.674176	-373.034996
3895	-325.808333	-331.675079
3935	-289.875063	-305.882713
1847	-325.753767	-355.535103
998	-302.306196	-320.452698
66	-337.302324	-365.640495
2124	-345.600825	-359.893135
3149	-372.694726	-388.743034
1208	-345.608535	-347.368217
1077	-326.938562	-357.071304
2147	-382.781806	-405.103882
3764	-308.483519	-321.780792
3963	-271.323381	-294.435516
1429	-288.579114	-312.809044
3861	-234.486176	-254.283188
3427	-325.793904	-345.043640
104	-360.574432	-380.159645
2091	-346.904050	-351.084435
3013	-346.883127	-350.003090
3354	-360.529236	-388.823463
547	-360.540793	-372.484856
2694	-317.396153	-344.207878
3540	-321.236907	-324.690094
2391	-310.927566	-317.428352
2587	-376.609234	-396.189400
2631	-380.316551	-407.579407
1057	-391.518453	-393.021416
290	-348.056024	-371.090820
463	-309.715058	-334.384811
3839	-231.155780	-241.315552
741	-344.434318	-364.001152
2921	-310.904813	-324.280746
422	-288.692943	-316.921494
3446	-306.044918	-349.870422
2202	-324.602888	-343.226799
1941	-286.206129	-292.819244
2676	-325.784384	-338.215904
3168	-323.614890	-333.644127
3179	-270.408713	-273.745071
3818	-308.470796	-328.722450
1289	-344.439723	-361.618980
434	-338.195462	-359.561714
2436	-308.473229	-340.145767
3909	-310.945132	-291.308815
215	-356.645883	-368.635674
3556	-276.202384	-286.472542
1325	-356.758284	-371.186592
493	-336.819674	-354.633354
2814	-325.804528	-342.477524
3259	-359.368793	-381.061752
2762	-306.370119	-325.807030
1979	-308.462923	-315.239258
1457	-288.573089	-319.007050
1298	-308.505512	-300.901810
576	-345.655968	-374.469658
3768	-227.338075	-236.908997
2574	-273.812881	-275.344032
3610	-360.476593	-378.301514
1152	-308.448572	-338.636284
1348	-309.683859	-322.466682
1573	-233.255259	-259.701996
3618	-309.731536	-309.732826
1904	-304.752598	-327.239418
1155	-272.838189	-296.696365
1695	-344.411060	-370.323410
821	-307.566593	-336.833199
2300	-453.655583	-408.165222
3318	-308.513124	-314.960182
1983	-320.792773	-336.669205
3137	-272.533448	-296.166176
452	-324.575287	-337.222046
2174	-324.606491	-347.153862
1666	-289.872246	-303.382782
2850	-288.580309	-306.045311
1447	-469.758395	-498.690536
925	-307.567279	-331.004379
322	-346.832352	-361.794807
3299	-325.725069	-350.946739
3848	-324.564634	-338.082382
633	-325.759393	-339.396553
2982	-325.722723	-357.822296
173	-396.486463	-413.270973
1188	-306.054267	-314.063995
3088	-308.459859	-328.949074
1239	-356.710448	-374.859947
2580	-309.722373	-317.488007
217	-271.648392	-284.250633
3413	-308.440890	-336.346954
49	-396.507540	-415.630150
2120	-381.630205	-391.424789
1180	-306.364186	-331.126373
3708	-270.397474	-273.451180
1715	-286.486570	-300.354103
248	-339.489875	-361.943520
2677	-309.684577	-335.429573
2829	-340.622886	-345.652161
3252	-340.610842	-362.569275
2268	-302.558547	-326.650169
1061	-343.531666	-375.110367
2567	-320.795216	-339.118935
807	-340.681309	-357.374725
1048	-286.495416	-293.059326
3176	-432.852890	-455.293320
2172	-308.472272	-327.474236
3496	-302.303890	-322.825134
3736	-355.517745	-382.361710
3029	-285.281493	-322.830696
1589	-324.608694	-340.458763
2504	-325.805550	-344.377647
2029	-380.417684	-392.315346
361	-376.622353	-385.155212
1383	-344.398797	-369.003189
2495	-307.596472	-318.912453
2817	-340.641240	-363.242538
1591	-249.397368	-272.522179
901	-270.446915	-284.926758
3823	-303.527274	-333.771339
2262	-325.780603	-346.789635
788	-324.467888	-334.720695
1785	-273.751900	-237.999290
1040	-268.307873	-281.888153
2176	-345.608670	-365.384415
1791	-272.554824	-294.025047
2315	-273.793520	-301.302956
1942	-382.751274	-408.057297
1228	-345.640969	-357.369621
1909	-345.630398	-369.507790
2227	-356.712771	-371.760117
3295	-231.069318	-225.706909
2018	-286.492357	-307.455620
3279	-356.732861	-375.004044
3607	-325.801523	-345.449989
711	-341.849127	-361.189377
3208	-288.572843	-310.100807
212	-324.605613	-343.286758
3109	-324.582824	-332.226364
255	-309.672030	-325.496483
498	-273.791878	-298.006371
1423	-344.413850	-364.198830
3066	-345.688382	-376.643417
1178	-382.751729	-400.501282
2738	-324.555069	-343.154068
2957	-323.644468	-336.027893
2607	-275.007113	-238.937462
19	-309.720734	-311.024979
2648	-325.728744	-344.837845
2023	-317.402836	-336.711182
3287	-271.458576	-296.172775
3419	-335.590859	-353.247208
236	-325.758113	-347.222221
2187	-310.904927	-322.676949
3146	-289.872162	-274.762947
3356	-270.447268	-290.167252
1564	-288.555332	-302.124176
3940	-308.464824	-329.412621
1830	-345.641862	-344.611206
266	-308.477155	-321.235504
3105	-346.821661	-358.626411
1622	-346.869712	-361.668968
3786	-308.759185	-316.197678
2624	-309.699280	-343.361160
1954	-226.144377	-237.985283
3405	-269.206920	-280.871284
2799	-340.702898	-361.179321
2853	-325.794835	-352.089531
1218	-287.431740	-306.928017
2715	-345.709596	-376.181427
753	-361.710299	-382.005463
3541	-379.527167	-395.713631
1311	-288.545722	-298.322968
2332	-342.335241	-356.851486
2866	-344.431605	-375.019699
337	-312.123120	-384.546257
2699	-346.864540	-347.517036
1605	-345.703157	-370.742393
405	-273.804251	-285.952797
3844	-308.450468	-328.409126
750	-344.384630	-366.388702
3512	-340.641866	-355.354477
2257	-307.238509	-338.264282
156	-288.654408	-321.432953
1489	-266.777425	-248.574913
3913	-308.551230	-315.557106
766	-312.133805	-369.175552
2197	-309.684327	-337.092888
2110	-341.867094	-354.411392
2191	-359.317050	-351.648544
936	-382.773457	-411.372444
3094	-324.601619	-343.529083
175	-361.754326	-388.516968
1341	-301.373831	-321.471611
3221	-308.477915	-322.355751
2768	-340.690205	-364.072525
2932	-285.320198	-306.449203
10	-344.512001	-366.293884
3769	-304.586424	-328.510452
29	-344.425700	-371.982498
777	-307.544712	-321.603088
2626	-305.900638	-330.420776
2933	-360.538112	-383.340302
3860	-308.505267	-335.453415
2691	-308.505543	-324.690361
2597	-412.494644	-428.119820
3811	-274.982348	-274.431938
2218	-325.756157	-341.271767
3495	-288.563768	-304.810394
2497	-325.763216	-337.886757
1670	-269.230258	-298.117874
3659	-340.683837	-357.070190
2240	-381.627040	-414.473015
3166	-326.949535	-342.430359
827	-303.556664	-322.288383
3854	-346.867382	-371.021881
1708	-324.502429	-338.729866
97	-286.495035	-311.592834
2854	-325.810616	-342.449348
1488	-320.766344	-342.144890
1842	-362.894239	-374.266975
3906	-309.685651	-332.297684
2130	-271.612772	-288.739334
3881	-357.951284	-376.895325
3959	-305.831035	-315.251839
1859	-324.577613	-342.296860
1618	-345.629039	-371.847969
2200	-344.426799	-365.576668
20	-270.370102	-285.073135
2974	-396.486691	-421.505310
2188	-288.690060	-318.901611
1182	-304.738393	-328.013596
2137	-324.588239	-353.288063
2372	-322.217569	-338.150208
1629	-272.526778	-313.462532
2638	-309.688194	-323.084671
2976	-356.737615	-375.956100
3962	-341.865856	-368.704201
1464	-381.610550	-408.905312
2981	-327.026688	-348.495590
3627	-323.347112	-346.107109
686	-391.370332	-405.050423
1103	-273.764642	-288.835571
2956	-360.528914	-381.862915
75	-381.566310	-405.675743
2797	-345.646914	-362.353218
234	-308.467880	-330.025658
2508	-324.574476	-338.852890
3155	-376.605641	-395.099121
2840	-284.048718	-311.563141
2961	-348.061993	-373.019249
2183	-339.459869	-362.451241
1020	-303.566436	-326.852493
1332	-209.144909	-238.752907
1172	-357.927353	-377.078979
3321	-251.726162	-274.246033
1851	-361.717868	-376.741760
1553	-323.448965	-338.740540
2310	-338.194242	-358.165352
1033	-339.482903	-362.570656
2375	-360.564233	-380.971313
3703	-287.697316	-320.086945
1844	-325.808754	-351.217209
1862	-319.615129	-338.948349
502	-306.349558	-322.687019
1545	-308.468255	-328.257957
2484	-344.359905	-362.754875
2753	-310.904304	-322.912987
2129	-356.722498	-377.486855
3064	-326.983087	-327.714348
518	-289.791234	-306.430496
1190	-377.830859	-386.714951
2844	-301.377995	-323.194862
1965	-288.555445	-307.594902
3199	-273.811544	-287.655258
3014	-269.263802	-285.708069
262	-345.647032	-373.002556
609	-377.817369	-401.902657
3531	-344.458268	-349.379593
2209	-382.781841	-407.089920
3851	-326.998454	-330.185555
2210	-325.710772	-349.366882
3580	-345.661657	-365.530228
3766	-344.436564	-347.480537
2010	-323.385837	-345.876114
2502	-309.685960	-329.890503
92	-301.343578	-322.836441
3254	-287.469473	-311.165199
3887	-242.196351	-270.351303
522	-309.680641	-318.356117
964	-291.014970	-322.859924
192	-310.897684	-322.218620
772	-381.599310	-385.184570
3661	-287.358011	-296.539757
854	-383.971058	-406.519989
3430	-341.828533	-343.425232
1921	-310.904960	-296.607872
1848	-273.769835	-287.948235
1884	-307.577822	-333.247864
3896	-307.280331	-349.318665
3573	-325.730390	-350.126106
2258	-303.453218	-322.072594
1843	-362.899677	-364.417709
228	-346.859384	-358.952362
1104	-287.315479	-307.995087
2869	-306.113519	-328.392067
2561	-325.778234	-360.998352
2487	-361.694757	-391.548180
134	-308.516376	-327.403259
1397	-271.624640	-293.795792
2787	-324.505365	-305.528915
2621	-305.145002	-325.760216
42	-376.564691	-404.217476
3691	-352.852117	-361.034622
2437	-356.692640	-380.416138
2317	-308.503515	-325.738853
1147	-304.755780	-329.691505
1349	-286.542391	-295.385277
3726	-382.754967	-396.907516
748	-324.572987	-351.284042
3190	-232.325947	-254.205650
1533	-309.671865	-311.198662
3966	-376.570141	-399.960625
2485	-392.676111	-405.876106
3099	-324.530718	-339.879692
1393	-271.647465	-283.816185
2178	-339.455981	-359.621262
514	-309.685045	-328.785286
1140	-304.683966	-330.769417
285	-249.362379	-280.266655
237	-268.287661	-293.732841
574	-271.665153	-278.921432
3482	-281.480993	-299.200050
343	-360.502305	-383.425438
771	-346.903261	-371.103226
2991	-272.841336	-267.986198
1245	-310.907810	-332.869926
2079	-363.517297	-382.351944
60	-382.768883	-400.778282
2599	-355.457663	-371.283989
3248	-322.477268	-350.292511
4	-270.439280	-273.733055
3527	-309.716030	-322.762619
2519	-323.585680	-344.069168
2449	-341.841190	-359.188934
3212	-360.575745	-373.712479
2632	-306.344083	-321.589584
1506	-339.437849	-360.828339
436	-360.521191	-375.683640
2813	-232.063900	-285.747650
3491	-361.750275	-372.834435
3965	-273.764529	-278.092369
61	-308.462933	-327.605896
2017	-310.940345	-311.929985
3200	-265.433051	-287.136475
1350	-343.076530	-357.857094
509	-307.238995	-344.462059
1624	-340.670034	-364.469627
681	-312.126544	-333.002861
3583	-325.721011	-336.406410
2675	-303.787203	-323.468300
124	-271.621961	-290.828125
3617	-345.608658	-358.773071
345	-309.704732	-321.657837
1975	-341.829025	-351.462791
985	-320.770329	-342.431915
631	-371.449232	-389.458977
2765	-381.546975	-397.706039
3797	-376.587519	-419.078842
2700	-304.687547	-317.650757
318	-310.954514	-342.562958
3464	-234.470922	-260.526390
890	-344.458979	-357.020897
475	-304.691568	-317.366966
2466	-325.785959	-349.724014
2096	-345.661705	-370.922905
3529	-341.843027	-362.200859
561	-264.226909	-301.457016
2316	-306.361448	-333.539581
3192	-313.554802	-320.820755
1096	-309.689595	-328.192116
3074	-272.553250	-268.199425
1757	-285.313612	-304.660904
3294	-340.693392	-356.857697
970	-310.911364	-331.487206
3055	-285.313284	-324.611649
2321	-381.536295	-397.768257
1614	-325.736331	-349.036163
2407	-377.829134	-384.641190
2696	-353.269456	-362.985329
3255	-345.578846	-354.173660
154	-324.538764	-351.705109
632	-361.705069	-374.555061
2706	-345.667357	-357.081696
640	-345.616264	-359.484520
1509	-345.612220	-368.472794
1330	-324.575010	-337.993210
3679	-320.794248	-340.095802
3641	-360.485033	-389.395378
3397	-356.702115	-377.946770
1133	-308.517070	-330.210777
3590	-340.660106	-363.954201
2909	-361.687451	-385.717972
187	-341.842120	-351.897835
3351	-285.306999	-302.261917
530	-360.503506	-380.472588
3890	-341.849730	-358.499741
305	-346.859213	-369.604843
3552	-325.793166	-356.270073
3677	-307.571921	-331.644798
1916	-360.557411	-375.246712
3652	-361.720088	-380.127274
2084	-361.708021	-373.870575
942	-325.715957	-347.435173
2121	-324.619773	-359.766090
3819	-397.692021	-410.136795
1955	-339.498757	-363.123146
1845	-302.309526	-319.541847
2068	-308.471269	-318.302139
1044	-304.687053	-315.866493
2364	-360.507160	-393.313919
1527	-271.621836	-294.558632
2005	-305.155985	-317.690102
394	-344.385642	-388.293427
2754	-309.674575	-331.609756
3042	-269.468415	-270.102806
2684	-310.940657	-320.660080
1191	-360.510716	-391.370773
194	-308.496245	-317.154625
3847	-356.693135	-371.695229
3045	-310.906568	-312.312141
1552	-346.865957	-358.612709
1612	-310.902795	-302.596527
2038	-348.056093	-363.731392
2306	-287.354343	-314.800842
2054	-302.588564	-334.300819
773	-309.674485	-325.247826
1880	-346.873992	-365.297546
838	-361.709679	-380.916298
1993	-339.504090	-358.024696
1806	-324.610229	-340.369492
1561	-325.749687	-353.553993
1036	-340.609236	-366.010330
211	-357.939331	-384.848579
1237	-360.542541	-367.635788
1129	-340.618148	-363.292442
1314	-324.460304	-335.571091
2201	-452.728039	-507.906334
428	-324.570042	-356.413620
859	-308.468407	-329.492760
2108	-267.944278	-297.201836
2949	-346.838702	-358.635880
2164	-304.744503	-323.616074
3730	-291.017996	-280.513092
692	-362.917261	-380.413284
2923	-325.801905	-347.483170
3480	-286.460642	-305.233749
2922	-352.890573	-375.287651
969	-325.797425	-348.169655
1537	-309.692993	-326.663773
352	-288.557016	-304.697632
2548	-340.654465	-357.648621
2112	-304.729640	-324.995964
3815	-288.574763	-307.932884
760	-324.605411	-339.810631
3801	-310.937414	-336.205078
496	-377.794221	-404.018661
2186	-320.782523	-338.625832
2277	-383.973315	-410.441841
571	-339.423497	-363.355392
2996	-324.566568	-348.567322
968	-308.470667	-336.555290
3311	-344.433172	-380.245583
1095	-324.603415	-345.779015
679	-340.668108	-365.535629
749	-249.280474	-262.876877
1720	-309.692095	-347.773529
691	-361.734668	-390.162376
2577	-381.600777	-415.837700
1625	-320.776082	-338.279694
3640	-309.692577	-329.149956
3084	-325.781161	-343.270943
1006	-336.843788	-359.015793
1906	-324.613156	-339.666992
2431	-309.684774	-318.720642
3005	-249.248680	-267.221642
2931	-361.729140	-389.420387
2950	-360.498298	-396.986366
1130	-346.826923	-371.106743
1499	-320.779994	-338.916962
2285	-340.578657	-357.934875
2942	-325.778444	-354.111320
2387	-391.391111	-410.498604
534	-324.575799	-350.729080
690	-375.420808	-400.391434
713	-308.484017	-322.478203
3638	-306.320806	-310.471863
735	-309.716570	-339.874092
1850	-323.407987	-339.601875
2482	-268.321270	-287.532288
3316	-264.261826	-273.332642
2516	-309.661518	-317.530945
3403	-339.424322	-369.974792
727	-272.562906	-290.902222
1049	-323.336196	-351.092072
551	-382.817123	-405.744598
390	-306.070291	-319.304916
1729	-361.740062	-375.475510
2222	-340.678668	-352.626488
2049	-344.463291	-363.892082
3680	-305.904722	-326.581291
200	-345.625804	-359.723167
418	-324.565412	-343.737984
1762	-361.755551	-373.794937
1876	-251.732828	-288.008186
2279	-309.711101	-332.277367
3116	-312.128429	-329.591766
2377	-236.916033	-179.677208
3623	-341.892484	-344.785965
1467	-345.613895	-343.533379
2245	-308.434866	-324.028305
1606	-308.462382	-320.372612
3707	-271.620156	-285.718880
1027	-360.529992	-362.900337
2125	-310.908354	-330.817352
2793	-306.384286	-327.413399
2764	-195.179738	-179.700706
2867	-361.734339	-392.515480
2025	-249.363808	-283.331245
3119	-301.090914	-354.102242
1783	-320.761312	-347.135544
1736	-273.764207	-296.091164
499	-340.611683	-378.625427
2071	-246.029150	-263.979744
870	-345.646965	-362.897827
3465	-324.548021	-340.101158
1744	-288.535621	-308.010727
971	-324.624537	-346.526993
1308	-341.814212	-363.795258
3863	-346.804974	-376.024750
1	-360.499843	-399.250725
1953	-308.457242	-325.023933
53	-285.330157	-306.811600
203	-340.663148	-361.643097
2216	-308.505718	-315.079781
231	-346.860243	-363.818558
1869	-269.207716	-294.286957
315	-302.472397	-313.710716
972	-341.869909	-371.174667
2579	-273.765811	-297.860275
157	-376.519880	-395.463676
1521	-323.665247	-339.814774
78	-270.472470	-282.288933
875	-376.554863	-395.961403
326	-236.917664	-249.714722
923	-322.135797	-341.667305
3469	-356.686540	-386.306053
1167	-309.729139	-323.503227
850	-271.623957	-292.959221
1415	-338.156727	-361.191208
2211	-340.648620	-357.144180
367	-360.491873	-384.607384
301	-324.570823	-349.830544
1716	-325.784331	-336.699509
144	-271.323089	-295.657921
2559	-319.571638	-344.344872
1175	-361.742598	-375.798866
3410	-271.316922	-291.357758
2374	-285.279236	-308.900162
1242	-308.508254	-317.052193
325	-345.637577	-359.753937
470	-303.460335	-325.076767
3414	-285.313674	-311.430389
167	-310.912077	-314.046631
1071	-360.495618	-384.910255
364	-117.824798	29.238815
961	-326.950279	-358.394577
1740	-376.599676	-393.899902
3743	-325.726182	-347.882141
3380	-345.606939	-361.359634
2879	-265.401151	-289.092873
2123	-327.010026	-332.283615
3539	-324.625415	-345.333168
2427	-339.474134	-363.549400
2060	-362.945811	-374.177872
1387	-361.698635	-385.118362
1119	-304.733360	-321.253807
3240	-338.234966	-357.019547
1514	-320.781098	-341.613449
1442	-308.465594	-329.133003
1858	-343.238086	-351.841820
2009	-273.812948	-326.859459
2535	-272.835594	-285.717766
667	-360.533083	-382.330254
1107	-267.060326	-299.909416
3987	-324.506120	-348.838554
3543	-287.318584	-311.814003
977	-285.160699	-305.502510
926	-345.680086	-357.661613
1996	-356.687774	-374.948677
677	-324.594116	-354.445465
1631	-345.642285	-356.452515
2040	-317.409527	-343.240356
302	-340.632285	-363.734459
2924	-348.045292	-389.388031
2855	-268.917900	-251.519119
1968	-324.538807	-350.753319
2915	-344.371144	-360.134613
1312	-381.612501	-405.623802
1400	-306.067385	-326.910706
3336	-308.477672	-316.867004
3489	-308.508824	-326.337669
1642	-344.345376	-353.633125
169	-309.688569	-323.985497
3900	-308.465445	-322.070984
16	-273.806874	-289.516075
3665	-323.329494	-346.668327
2667	-308.455402	-330.027214
599	-343.312201	-360.278366
1449	-308.507220	-334.578796
1460	-309.684108	-319.401215
1724	-381.594558	-397.735344
1930	-341.835805	-362.581230
350	-320.793580	-341.063568
252	-305.913756	-300.712738
2569	-281.476967	-304.491730
2779	-381.606362	-420.408768
202	-226.160842	-238.985916
342	-323.351196	-328.994514
3289	-270.437636	-292.407204
1009	-266.763445	-298.325394
303	-375.328197	-386.942863
734	-233.242250	-253.056908
1161	-308.513516	-312.173897
123	-269.263476	-284.485405
1787	-325.795649	-344.276978
2611	-346.824672	-366.044075
2324	-346.831385	-368.980476
3649	-343.292778	-358.679794
3435	-361.728293	-383.753738
2329	-324.557240	-348.494926
808	-320.774349	-339.335602
2713	-310.904631	-323.699509
1435	-193.963318	-219.973839
3947	-382.782251	-387.900330
2739	-362.946034	-368.251358
2134	-344.433965	-359.639061
178	-188.042067	-254.622345
3620	-359.351415	-384.896286
148	-345.629933	-352.805649
1600	-249.301818	-268.845062
1590	-344.415609	-365.146622
2856	-376.586976	-402.134346
1165	-309.706371	-356.889885
836	-324.606601	-343.764290
3533	-232.036378	-240.759697
1578	-233.217482	-258.838684
3745	-310.912788	-306.793549
1176	-288.584832	-330.358925
1827	-343.492484	-383.794792
3148	-324.567513	-347.271767
3000	-309.688191	-337.599586
2080	-325.793131	-349.512772
3202	-310.908741	-325.868988
1030	-309.683546	-322.458199
706	-303.481839	-324.320122
3834	-324.589539	-338.677162
2127	-308.519863	-297.898911
3606	-310.906553	-325.807533
1072	-272.554773	-278.142845
159	-273.773408	-287.577721
2036	-309.733888	-342.061928
2237	-325.784144	-345.309959
3897	-324.519277	-322.485092
1822	-344.395150	-373.715378
616	-345.676243	-361.604851
240	-286.517094	-311.591621
2986	-340.629609	-357.749420
1967	-288.573475	-302.155067
2795	-379.572458	-401.581367
2385	-310.911571	-316.908104
746	-273.802095	-282.219543
2985	-304.745635	-333.948067
2453	-268.273240	-286.660835
3749	-249.363949	-282.616936
754	-361.718210	-392.154739
544	-340.643340	-359.832291
2154	-360.512793	-369.149834
2639	-302.580808	-331.364914
2155	-343.243883	-362.425354
2887	-345.641890	-370.356033
993	-317.364547	-332.060913
1297	-345.621773	-347.725510
580	-360.537290	-380.568581
2365	-345.689766	-341.089638
80	-392.672883	-411.198212
38	-309.736982	-344.142517
1485	-309.731369	-359.481522
1678	-310.955296	-313.983963
3869	-324.525580	-352.304832
2288	-345.612787	-368.347084
3290	-341.859618	-352.370720
1217	-325.773675	-341.325554
3981	-249.257629	-265.007652
892	-288.621895	-302.242004
2525	-324.569051	-340.787514
484	-351.639205	-374.269958
1530	-272.549380	-304.895454
1404	-346.883049	-373.395287
3392	-361.774979	-391.501923
1764	-304.725676	-334.735931
3478	-343.296547	-362.856583
3833	-324.559324	-349.789879
636	-382.818623	-421.172295
209	-308.493663	-341.674759
420	-362.950092	-363.480621
2092	-288.572051	-303.710526
558	-344.464151	-364.256218
1639	-345.640072	-361.536392
2723	-324.554067	-342.580498
2553	-302.545562	-314.572021
904	-345.608456	-360.081245
3575	-309.736328	-324.738503
817	-345.619715	-363.253754
3152	-335.591582	-347.577881
2015	-308.518276	-356.908379
1730	-345.663299	-347.242096
1855	-360.497728	-384.353531
407	-287.508781	-316.147102
391	-345.584667	-358.497673
3130	-270.427802	-295.443336
7	-309.722879	-333.934654
6	-345.687671	-375.348099
861	-360.488871	-386.565903
2972	-320.764992	-345.658470
1177	-325.808092	-354.083061
3209	-346.834502	-361.371490
2532	-301.405558	-323.048729
3929	-321.233569	-344.521599
783	-273.806375	-290.357803
1576	-247.184334	-289.325813
822	-336.845442	-356.491982
2242	-362.870426	-372.462158
3373	-271.613890	-299.034378
2520	-307.284294	-337.648193
105	-309.727110	-335.593102
3440	-322.135917	-346.659180
3952	-269.175627	-274.632263
3456	-276.206318	-264.772125
3461	-320.776316	-346.532433
3126	-360.523204	-396.306519
3063	-317.413890	-332.949821
2305	-376.633716	-395.044144
2171	-359.346839	-373.289268
214	-348.052027	-360.028458
2590	-340.650928	-359.831337
1262	-356.712023	-382.800728
2565	-345.591597	-356.560188
2093	-324.473588	-354.231079
3912	-308.435951	-338.361816
1516	-249.358446	-272.303101
426	-362.933001	-380.967079
3460	-288.678290	-306.648384
3264	-307.260972	-327.707932
911	-356.711832	-375.209976
1952	-344.408452	-362.806953
2490	-343.078368	-379.060776
931	-361.763293	-359.928696
3716	-361.720799	-381.059387
738	-324.592221	-340.484909
58	-304.683044	-322.073212
3282	-362.972786	-372.895546
2977	-310.909944	-337.201767
1878	-346.819711	-371.725121
2794	-304.681399	-314.645111
2231	-346.825174	-369.830833
945	-264.243028	-298.168503
3093	-334.424572	-346.566734
3245	-327.024699	-343.370934
3698	-360.508088	-375.695282
837	-360.512026	-372.895515
2781	-288.581699	-305.926300
2630	-282.871678	-294.709724
3790	-286.502445	-296.623314
2660	-307.582044	-304.032623
520	-309.720011	-320.046684
1671	-309.708282	-326.910492
126	-274.991042	-250.032127
1563	-376.575382	-394.098228
3368	-308.496367	-322.171707
