no_training:3000	no_test:993file identifier	 training data
3174	-272.844804
2847	-307.566260
223	-339.501781
2839	-362.930315
3212	-360.575745
3253	-281.476938
2396	-307.546144
2989	-287.317913
1467	-345.613895
1618	-345.629039
1609	-210.001565
3481	-357.941534
2491	-381.634033
2164	-304.744503
2174	-324.606491
2123	-327.010026
3341	-291.021228
3072	-340.671263
432	-344.390227
2753	-310.904304
3471	-416.384141
3040	-360.506446
3355	-345.648365
3584	-281.484877
186	-340.606711
2875	-344.475122
859	-308.468407
1559	-380.372123
509	-307.238995
2635	-323.324700
923	-322.135797
349	-309.687623
3850	-308.528193
174	-229.928448
3401	-338.175569
1016	-305.129953
2266	-289.766576
1277	-309.706892
2179	-361.698233
3835	-309.693085
2980	-274.983908
1339	-285.316421
1461	-346.899170
2528	-308.467760
3954	-271.611366
3673	-309.691463
543	-310.937295
3210	-336.808333
2884	-324.471313
2041	-346.821470
1556	-340.659506
2604	-304.743934
1601	-345.646864
1458	-288.648179
1523	-340.646229
2549	-375.410333
3565	-286.474509
3633	-380.412093
565	-356.730212
2156	-346.827596
263	-341.853650
2748	-321.271406
1159	-325.779568
1082	-310.901659
629	-309.712115
821	-307.566593
858	-340.661797
3571	-309.676719
2338	-268.888303
1971	-362.906662
3351	-285.306999
1359	-229.927277
130	-274.988525
2823	-309.730966
2578	-324.576080
2372	-322.217569
3182	-287.440436
3602	-361.683811
1418	-325.725274
1743	-346.856186
2356	-323.346816
2510	-325.797299
3967	-273.758273
2296	-309.691365
2488	-363.508158
3976	-273.765901
228	-346.859384
2449	-341.841190
3114	-309.692389
2895	-273.764673
3093	-334.424572
3082	-272.586248
2230	-262.056533
2732	-324.579850
2917	-267.068488
601	-324.603558
327	-324.607903
3371	-286.517424
562	-456.105229
1345	-376.540686
693	-234.520624
3000	-309.688191
2209	-382.781841
910	-270.384937
3708	-270.397474
793	-326.950540
2581	-234.469389
3786	-308.759185
1788	-345.646841
1941	-286.206129
530	-360.503506
1812	-307.275809
3987	-324.506120
3095	-339.431197
2076	-274.982287
2091	-346.904050
2457	-382.757134
2764	-195.179738
3682	-291.017820
1528	-360.446475
3649	-343.292778
1352	-304.677606
1615	-287.344000
2802	-325.804486
321	-324.604397
1131	-324.580815
3315	-269.176979
157	-376.519880
2782	-340.664407
608	-309.688960
1590	-344.415609
2562	-375.357530
3106	-273.735646
1147	-304.755780
837	-360.512026
2909	-361.687451
3186	-346.829695
171	-361.745138
1755	-304.686811
1148	-284.062954
2856	-376.586976
1114	-302.353948
2767	-340.635968
1517	-359.342366
1744	-288.535621
426	-362.933001
545	-356.698773
134	-308.516376
796	-344.453746
66	-337.302324
1663	-232.351764
1029	-325.751230
860	-397.697425
3669	-285.267165
626	-288.653249
2967	-305.841708
2483	-322.158791
2725	-269.218553
3163	-319.610683
459	-348.056615
492	-305.904760
1005	-273.786179
397	-288.630839
519	-309.687078
3057	-301.381127
773	-309.674485
2124	-345.600825
3759	-270.393902
3279	-356.732861
1449	-308.507220
959	-492.026657
823	-361.732840
3083	-381.591448
3068	-306.015194
2657	-308.451299
797	-278.075775
3078	-383.966179
198	-303.934323
3629	-359.312853
3284	-343.290242
252	-305.913756
2575	-308.759090
3056	-269.180682
2263	-274.983122
3459	-346.831382
368	-345.595021
289	-321.949791
3221	-308.477915
3464	-234.470922
3310	-309.721850
2628	-359.341296
999	-308.512721
3770	-272.544060
2550	-271.628346
294	-308.506421
2339	-326.954728
409	-306.383308
2200	-344.426799
259	-309.735245
2940	-339.418028
3218	-325.743746
3369	-158.342346
1100	-380.373569
430	-307.543210
1407	-235.694798
3322	-272.536448
1688	-324.567893
2259	-361.734611
930	-346.898838
1086	-272.587059
3476	-304.737418
376	-309.732528
1957	-206.721858
3345	-312.120708
549	-372.785072
1959	-324.603913
3588	-272.549011
1205	-304.682331
2934	-324.462733
777	-307.544712
1626	-345.619567
1456	-308.496384
691	-361.734668
3772	-356.752251
3223	-341.794931
310	-308.480308
54	-195.186228
1494	-345.654016
1157	-309.691584
2051	-325.790442
550	-319.568017
2573	-307.303421
3398	-304.686259
1361	-346.840635
2743	-234.516409
1130	-346.826923
3159	-324.612512
2144	-324.574829
3175	-309.649998
2499	-376.539208
1363	-355.525451
2869	-306.113519
1848	-273.769835
846	-270.434394
1912	-310.915653
2761	-309.696507
3385	-324.583090
3466	-325.794624
805	-309.658574
2119	-323.665987
660	-271.630416
659	-326.976670
1986	-344.459234
2411	-193.075202
2406	-306.386594
641	-322.439472
114	-361.772743
3207	-355.520098
1786	-325.785038
1936	-360.564423
2298	-270.396464
2568	-325.718022
2367	-361.723620
350	-320.793580
3258	-324.473847
888	-323.328290
654	-309.727166
2916	-340.655601
342	-323.351196
637	-360.557419
139	-338.257996
76	-325.685245
19	-309.720734
412	-372.768039
3824	-302.288055
2891	-308.511094
1228	-345.640969
839	-302.254301
3918	-289.794194
1311	-288.545722
3776	-320.773105
643	-345.663386
1055	-345.681183
3119	-301.090914
2442	-345.636611
469	-325.775843
2198	-382.804255
1570	-325.783642
216	-307.283509
2781	-288.581699
89	-249.259410
1730	-345.663299
3912	-308.435951
1661	-322.148261
3075	-324.616343
2315	-273.793520
196	-341.759398
3468	-345.710017
3115	-340.620294
1847	-325.753767
3356	-270.447268
3926	-325.748612
3164	-344.379764
1167	-309.729139
3400	-289.799552
1002	-287.689262
2752	-381.632242
2620	-324.587670
761	-312.126820
776	-325.781815
965	-323.329385
1501	-288.653529
3261	-232.025930
3194	-301.367422
2407	-377.829134
384	-343.291812
414	-192.762455
1046	-271.618580
3490	-359.315205
1038	-267.106213
854	-383.971058
1175	-361.742598
2398	-319.533364
1631	-345.642285
3312	-323.647099
20	-270.370102
3033	-325.785262
2614	-232.164586
1078	-309.738888
1869	-269.207716
2838	-324.547436
3538	-271.350701
1724	-381.594558
2941	-340.635024
1126	-270.392715
3118	-236.917873
3728	-234.474951
3429	-274.987297
2127	-308.519863
1091	-309.678344
3663	-344.446747
3009	-307.265383
63	-287.377993
2128	-308.504896
337	-312.123120
1310	-307.529289
1434	-344.482088
2401	-263.280728
2022	-344.425164
2551	-325.792606
1481	-376.634518
333	-308.507517
2374	-285.279236
3199	-273.811544
2588	-376.538277
3516	-324.634527
2855	-268.917900
2486	-307.239887
2293	-269.216495
2771	-310.910278
2977	-310.909944
249	-306.347185
2478	-339.450173
3432	-297.523580
2709	-345.632155
1913	-310.912131
2602	-345.645491
623	-265.457424
1191	-360.510716
729	-343.084333
513	-355.518342
862	-361.764434
2766	-285.279992
3236	-310.912270
1451	-348.052763
3450	-382.824468
1386	-362.967171
113	-360.478880
1041	-371.504707
474	-281.476832
1516	-249.358446
1080	-288.570006
3295	-231.069318
3037	-288.567911
571	-339.423497
1247	-325.770105
360	-346.890881
704	-235.696677
3741	-169.860788
1489	-266.777425
1278	-362.942040
2687	-377.816463
3736	-355.517745
1079	-287.347000
470	-303.460335
3688	-322.476720
107	-307.580090
3384	-357.949026
1397	-271.624640
2451	-359.328735
2557	-273.774103
1695	-344.411060
2511	-250.500016
47	-247.225618
1404	-346.883049
2195	-289.873479
1532	-309.731599
308	-303.428586
2608	-306.369631
3766	-344.436564
3417	-354.292460
3470	-416.814878
580	-360.537290
1690	-339.426816
1187	-264.235803
34	-306.355655
334	-245.983375
203	-340.663148
3396	-273.815873
1859	-324.577613
1315	-288.533780
584	-309.681686
2096	-345.661705
1884	-307.577822
197	-233.549368
916	-345.608831
2759	-393.905418
318	-310.954514
1995	-362.946041
537	-361.731930
2191	-359.317050
756	-325.798888
1868	-326.949224
2988	-310.923406
58	-304.683044
476	-397.686127
2431	-309.684774
2969	-286.484904
1387	-361.698635
3288	-348.045786
3368	-308.496367
820	-326.934229
1454	-288.652757
1475	-362.957353
3462	-272.538255
2906	-340.657508
1375	-345.645053
2615	-360.501085
82	-309.701458
1697	-345.613396
1839	-355.496901
3328	-324.549529
3105	-346.821661
1444	-304.691748
951	-307.548619
1464	-381.610550
3578	-286.432515
2957	-323.644468
2558	-472.145935
438	-381.565482
3434	-360.560766
2086	-308.486338
2348	-285.253877
1593	-335.598739
802	-359.306313
3845	-344.454717
1685	-338.273553
3353	-324.514429
1343	-310.895432
479	-77.308427
3361	-324.558989
2518	-360.566272
3751	-339.491316
1956	-308.461475
3666	-309.735874
656	-376.605347
857	-245.711897
3301	-371.491061
1043	-324.605875
2925	-301.394865
1560	-340.645686
2461	-269.170508
3344	-325.748658
882	-169.557758
3080	-344.436248
3020	-287.430903
29	-344.425700
1653	-157.116735
3241	-319.515995
2846	-273.780933
3534	-320.785748
3755	-341.874216
3392	-361.774979
1990	-281.482892
561	-264.226909
1430	-361.720960
2332	-342.335241
1909	-345.630398
226	-360.556344
39	-340.687222
3758	-272.557350
3637	-309.764115
1031	-304.643927
178	-188.042067
217	-271.648392
1677	-344.412416
2012	-382.788561
3893	-341.097446
269	-325.729080
2760	-155.908941
1446	-319.575102
241	-309.718177
3035	-344.404557
2388	-309.695742
3722	-308.759135
2707	-310.915408
2369	-273.760271
1139	-270.382725
1369	-392.662003
807	-340.681309
3549	-323.437779
1825	-271.656372
1307	-303.460433
2792	-362.944759
2005	-305.155985
515	-287.727890
1563	-376.575382
2141	-307.287454
2852	-274.986857
1509	-345.612220
445	-319.610687
3783	-310.912792
2734	-309.719592
1270	-307.571937
3906	-309.685651
3352	-272.834623
1900	-309.689410
1201	-224.944660
2504	-325.805550
3560	-286.463470
3644	-345.587398
3248	-322.477268
3975	-309.693760
1606	-308.462382
3609	-269.176442
3506	-320.804155
2389	-361.728546
3153	-340.622406
2270	-355.497046
1716	-325.784331
1103	-273.764642
1508	-308.462196
3329	-310.909123
615	-345.676743
2798	-307.259167
3487	-210.101789
2868	-270.407057
1056	-271.618179
2539	-321.276274
3335	-275.020322
1933	-270.396100
391	-345.584667
291	-304.683134
540	-346.830523
2683	-309.686061
1390	-340.660793
205	-269.465281
3822	-309.665941
1327	-320.768458
3239	-361.708121
2696	-353.269456
2202	-324.602888
3123	-309.702150
1376	-348.053064
579	-281.480583
3698	-360.508088
1515	-360.502298
3337	-286.438448
3887	-242.196351
33	-264.504487
3574	-398.876124
3580	-345.661657
110	-346.869123
3865	-362.899954
494	-345.611057
21	-278.059333
1338	-320.793141
3598	-340.671493
2485	-392.676111
3582	-344.436500
231	-346.860243
1048	-286.495416
1592	-271.616430
1071	-360.495618
1290	-345.660459
566	-303.472917
2762	-306.370119
1134	-343.068226
2822	-310.902197
358	-272.544323
408	-208.863267
2494	-274.984732
3380	-345.606939
1932	-310.911279
2136	-263.278851
162	-232.324966
692	-362.917261
2484	-344.359905
354	-285.174014
1253	-312.126356
3032	-360.508895
889	-272.539307
3798	-310.941861
136	-343.240623
1333	-270.359564
1983	-320.792773
3686	-344.462681
2658	-308.461040
1164	-340.611734
799	-310.910909
892	-288.621895
3604	-273.812100
3410	-271.316922
1965	-288.555445
1647	-343.242553
436	-360.521191
3478	-343.296547
2994	-345.597078
3496	-302.303890
1185	-324.558175
2624	-309.699280
3267	-320.776472
444	-340.665581
993	-317.364547
211	-357.939331
740	-344.452972
1669	-287.426878
2971	-312.131841
2044	-373.173910
3558	-339.464817
2811	-326.944158
3003	-325.798735
132	-308.469258
3142	-376.617653
2832	-250.585843
2214	-245.994065
2120	-381.630205
3575	-309.736328
2836	-345.652670
836	-324.606601
1353	-359.297643
3729	-376.562796
3702	-362.951503
3914	-325.805781
3978	-282.861121
2593	-321.252793
3863	-346.804974
1841	-325.788368
2225	-324.612179
2187	-310.904927
670	-324.618078
378	-356.705084
1633	-247.201165
2379	-361.769162
1235	-265.447270
2972	-320.764992
2932	-285.320198
2049	-344.463291
475	-304.691568
2153	-309.673226
2324	-346.831385
1800	-212.439286
3044	-363.519194
2404	-323.340989
2712	-274.985024
3257	-308.472221
188	-339.406341
1496	-268.248371
620	-346.820834
1811	-346.855968
507	-309.697879
2913	-361.630982
514	-309.685045
1881	-361.772040
28	-324.630221
3491	-361.750275
2130	-271.612772
687	-346.841762
2097	-345.639692
1269	-307.563525
3895	-325.808333
1204	-361.704371
275	-344.442225
3807	-361.706503
3543	-287.318584
1586	-272.837559
3514	-340.654233
3178	-345.605421
185	-361.726913
3242	-397.707881
3937	-361.713179
1546	-318.321510
1255	-381.635881
3652	-361.720088
2330	-287.681216
612	-397.697891
3613	-308.483617
3437	-288.585212
2634	-326.927446
843	-308.437835
1065	-360.485823
91	-275.011437
1818	-371.535911
2093	-324.473588
2158	-340.663379
1179	-343.195060
1220	-325.800532
1539	-382.755486
3718	-195.186772
539	-341.886521
2527	-297.554699
842	-360.514766
1309	-287.723848
583	-285.016369
1060	-345.713205
1286	-310.906869
558	-344.464151
2814	-325.804528
955	-345.632414
3880	-357.942023
2064	-309.687401
1250	-309.686189
3424	-348.051118
1346	-308.542644
3641	-360.485033
2646	-325.800095
1822	-344.395150
3363	-345.658313
2212	-346.837271
3817	-288.554600
517	-344.434827
2559	-319.571638
2496	-326.954795
3614	-288.627505
732	-327.023478
1141	-115.679136
1107	-267.060326
405	-273.804251
1035	-284.385189
3647	-325.794522
1406	-375.394844
1587	-322.133444
1190	-377.830859
526	-344.430692
3820	-340.655117
3531	-344.458268
2004	-346.839235
1734	-359.354596
2390	-270.097243
782	-361.678341
3608	-372.729173
2208	-286.486509
1324	-270.399280
2400	-345.592410
2	-324.551643
2241	-346.857051
3713	-325.748400
3507	-376.594067
12	-377.816587
1382	-360.492675
1162	-309.684472
3132	-309.670613
1638	-344.481904
674	-346.879260
112	-340.648166
2445	-324.576679
81	-318.390876
1116	-356.691214
27	-324.573866
1424	-212.438188
111	-344.470970
1401	-307.265351
1195	-285.287913
1144	-264.255612
1725	-360.495137
2295	-305.898313
2626	-305.900638
1796	-307.536544
3296	-345.650105
2952	-308.511290
501	-345.630685
3748	-376.556657
2347	-308.476587
3293	-360.535142
1368	-288.584029
2926	-320.764569
1020	-303.566436
3488	-340.672417
1320	-340.656628
1751	-339.469166
1571	-470.915515
2311	-193.034988
214	-348.052027
2254	-359.388326
2277	-383.973315
1939	-242.205627
3660	-288.651313
597	-309.683901
2844	-301.377995
632	-361.705069
1303	-345.676156
3449	-297.510804
2643	-372.711859
1579	-288.589020
164	-340.675814
3051	-192.736096
3951	-326.977685
53	-285.330157
2089	-308.469081
978	-324.545574
3467	-308.494487
2938	-346.875201
1341	-301.373831
2054	-302.588564
3640	-309.692577
3891	-346.821929
2796	-345.678871
1070	-361.752301
1723	-307.290176
481	-307.573371
1301	-309.679190
1510	-322.425235
2057	-288.540318
553	-271.666055
2394	-355.446449
2790	-287.732329
3108	-361.653332
277	-302.288351
2493	-346.822460
1051	-346.860404
50	-357.934562
1271	-310.902165
2284	-359.298380
3551	-345.646761
3861	-234.486176
288	-355.557059
3170	-271.626697
57	-345.635513
2873	-307.545713
2637	-325.687098
1752	-296.265627
455	-340.664551
3192	-313.554802
3705	-345.665479
480	-325.760797
3847	-356.693135
792	-310.898648
1010	-340.666160
847	-324.608363
644	-376.595314
987	-273.765811
377	-360.527122
2514	-354.197108
3990	-303.459637
193	-307.285557
3039	-341.851538
439	-288.690999
2597	-412.494644
619	-325.787161
3059	-363.508158
2460	-345.631797
2629	-356.679047
400	-376.570473
3213	-339.438949
2110	-341.867094
3147	-338.530072
1507	-310.914024
2816	-310.905786
1400	-306.067385
3814	-361.745554
2182	-340.610000
1877	-287.407788
3712	-300.148891
3216	-344.380260
3332	-376.610619
1178	-382.751729
3100	-361.716824
684	-361.753989
722	-310.935212
1189	-287.322957
1947	-303.533559
1042	-305.904676
922	-272.844560
1260	-270.417842
2750	-268.301176
3709	-340.613243
489	-356.745773
3827	-270.435807
1831	-323.386306
2452	-344.424745
3266	-287.736841
2222	-340.678668
1053	-340.610046
1245	-310.907810
300	-324.602433
3567	-309.693494
2405	-318.344936
3201	-346.845480
2921	-310.904813
336	-308.524858
3085	-322.130736
3205	-341.842686
744	-249.332005
96	-375.359188
1209	-392.612820
3157	-335.619981
3874	-323.344889
2552	-340.624424
1624	-340.670034
2521	-361.728609
2412	-310.904086
3583	-325.721011
2473	-324.497671
3282	-362.972786
3855	-304.746925
1000	-339.452428
2663	-361.722327
3001	-270.386138
181	-412.528245
3570	-272.514475
1180	-306.364186
723	-361.717032
2547	-323.328581
2810	-273.763107
657	-270.392759
1636	-233.551389
3606	-310.906553
3185	-348.053386
462	-234.474088
3769	-304.586424
3406	-286.459793
1781	-324.582445
2075	-345.606444
1023	-309.663477
2785	-310.915445
1832	-309.737802
1234	-325.796704
371	-380.374978
653	-344.473681
1125	-285.292217
3657	-312.124380
2424	-273.764093
2672	-355.556836
1823	-340.656176
388	-340.594424
1977	-312.131398
2283	-231.111403
1693	-234.474613
2801	-310.932716
2877	-324.556404
1757	-285.313612
2154	-360.512793
3800	-346.862839
3291	-362.911941
2929	-345.638912
1478	-309.691634
1854	-382.743932
1396	-346.886411
3015	-359.362011
3502	-376.564063
2167	-309.681554
2229	-319.560814
2882	-322.444150
2260	-271.351786
3665	-323.329494
1265	-227.324775
457	-380.372151
88	-345.655534
2095	-348.034975
2333	-338.234590
806	-308.768073
3577	-361.716705
343	-360.502305
2387	-391.391111
1318	-310.897519
236	-325.758113
3802	-356.724118
1279	-377.837977
881	-234.470813
3636	-324.624318
1895	-324.551432
990	-309.684377
855	-271.614051
2513	-345.631685
3249	-325.739818
2525	-324.569051
3811	-274.982348
3922	-270.394284
2194	-273.757530
2147	-382.781806
3775	-324.576188
2807	-269.176124
1207	-324.584396
1962	-382.756724
985	-320.770329
2927	-324.500425
707	-381.585428
3910	-309.703111
146	-377.813815
2986	-340.629609
3555	-360.547370
755	-324.568345
2210	-325.710772
3002	-269.479234
3612	-309.738513
3179	-270.408713
3402	-234.522504
3316	-264.261826
1976	-346.831692
3226	-339.491316
2837	-325.730097
2679	-312.130526
1865	-345.609914
3440	-322.135917
3836	-346.833711
2854	-325.810616
1678	-310.955296
2973	-324.604156
1660	-274.985107
3774	-305.130184
3700	-361.717469
369	-361.733362
2291	-286.514923
851	-270.117027
1821	-308.473320
3781	-274.984614
3521	-342.324182
3331	-233.545899
305	-346.859213
446	-305.831164
2708	-308.512758
2226	-276.206257
3737	-361.714817
2889	-341.871347
2047	-286.246880
3382	-341.145624
3029	-285.281493
1928	-326.927990
1050	-304.643392
1873	-346.842529
689	-341.818686
2618	-361.768020
880	-345.648463
2589	-361.718361
3576	-325.729906
423	-304.694187
2818	-335.618370
947	-322.454079
1858	-343.238086
3853	-271.336383
3676	-346.840522
301	-324.570823
1552	-346.865957
385	-305.159206
2660	-307.582044
3885	-304.728655
3229	-271.614305
538	-324.494520
248	-339.489875
1472	-306.080007
2546	-248.018573
2698	-344.434438
2026	-272.837907
1524	-272.550818
272	-322.161948
559	-362.935404
718	-392.601894
2675	-303.787203
296	-345.688916
1719	-232.050342
2079	-363.517297
673	-345.680831
3821	-308.427345
3816	-272.830720
3358	-326.934987
3152	-335.591582
1728	-362.942862
2704	-320.786981
374	-372.796889
1328	-376.531779
3217	-306.392828
3197	-309.714859
896	-323.312767
3140	-284.987905
2300	-453.655583
1455	-381.570969
3832	-346.836423
1476	-308.455419
2713	-310.904631
3859	-308.499978
131	-345.603479
3144	-308.472241
547	-360.540793
1054	-323.427722
3047	-285.293918
2601	-333.464063
73	-233.293627
3875	-309.655400
1642	-344.345376
1226	-195.226072
1194	-381.612648
3113	-324.531139
2308	-324.460752
1713	-323.381747
1946	-346.841836
3074	-272.553250
2584	-360.567154
1927	-361.739999
1	-360.499843
2418	-304.734646
1219	-306.334850
3099	-324.530718
156	-288.654408
981	-303.499320
322	-346.832352
1425	-288.648476
3881	-357.951284
3200	-265.433051
2106	-286.476486
3777	-339.431092
1740	-376.599676
2073	-345.600119
2409	-324.595526
3645	-304.681903
3254	-287.469473
1241	-345.608395
3924	-270.393737
2912	-346.883119
3097	-309.716094
1655	-338.217210
340	-273.789697
138	-362.875317
1613	-346.890723
3272	-173.147782
2949	-346.838702
9	-344.468531
3064	-326.983087
564	-272.569586
3324	-345.641848
1741	-345.629842
2533	-265.438520
3492	-345.645245
3927	-323.326298
3974	-323.433262
2337	-324.588418
3399	-307.229313
1215	-335.566430
125	-228.992613
1210	-340.641282
202	-226.160842
87	-490.834069
1280	-356.683566
1109	-333.411326
3259	-359.368793
3878	-360.554015
568	-303.458583
1083	-309.726295
204	-287.353313
1293	-271.369084
2006	-339.486095
1988	-312.124451
3303	-272.589883
863	-285.288405
463	-309.715058
387	-268.248806
1267	-341.841438
1916	-360.557411
1814	-360.537947
3043	-196.405320
2017	-310.940345
663	-323.347275
2509	-344.380267
1399	-341.826906
3779	-308.476903
2571	-309.686348
555	-361.677945
2861	-288.654312
2279	-309.711101
1844	-325.808754
2363	-324.610150
2659	-324.461004
1793	-325.725688
108	-345.614707
1218	-287.431740
116	-346.831175
1830	-345.641862
1982	-345.609374
379	-391.337881
787	-360.525379
3237	-303.553222
2865	-342.307696
510	-234.491176
523	-345.565792
3977	-288.552886
1538	-348.050463
465	-266.553159
170	-340.667287
2185	-344.343476
581	-287.683128
2606	-323.344105
2830	-325.800699
31	-359.310420
774	-395.551843
2834	-325.699665
2060	-362.945811
3084	-325.781161
3038	-288.542113
1837	-381.574917
3941	-231.108368
3692	-281.505078
1617	-355.508183
1499	-320.779994
1764	-304.725676
3313	-360.526364
1287	-355.515622
94	-362.955075
210	-362.938898
25	-309.712046
105	-309.727110
2234	-272.580839
1944	-325.796840
2334	-472.135006
2143	-288.628466
3615	-210.071468
2105	-335.635972
3165	-356.724041
971	-324.624537
3120	-309.689111
3773	-345.602641
1540	-285.217962
886	-304.728323
3964	-336.853985
1433	-325.729800
3542	-344.409533
1335	-283.156647
3623	-341.892484
1581	-345.660520
2245	-308.434866
398	-345.636145
977	-285.160699
1334	-273.765782
2078	-324.575989
1383	-344.398797
3882	-194.261089
372	-337.283890
2038	-348.056093
3572	-322.172641
1880	-346.873992
434	-338.195462
614	-383.982605
3961	-308.561152
781	-362.918463
2151	-289.802108
3813	-340.620847
3518	-340.655390
1874	-416.367317
1312	-381.612501
2710	-361.773017
24	-345.608180
3190	-232.325947
751	-361.724921
1355	-361.727678
2630	-282.871678
1227	-322.155306
1879	-288.594527
3389	-309.689740
1654	-360.518768
2526	-340.601771
3833	-324.559324
290	-348.056024
2090	-308.473428
1930	-341.835805
2809	-344.506029
3947	-382.782251
2350	-341.853951
1453	-309.720334
1628	-345.637174
2756	-153.742562
595	-340.652012
3034	-360.418556
1435	-193.963318
557	-312.122696
1747	-360.559076
3008	-323.359336
2954	-305.915530
3780	-323.320574
3870	-345.605387
1305	-319.621560
706	-303.481839
1146	-339.465889
1597	-336.805704
1316	-361.652250
3884	-323.333263
628	-325.726991
2902	-271.653205
2595	-303.465315
3603	-326.952955
2664	-348.047695
2288	-345.612787
179	-362.928160
1706	-382.777508
3482	-281.480993
3297	-360.526636
780	-308.769557
2149	-341.878745
41	-345.649146
1794	-325.712420
2542	-326.951186
1801	-301.335636
1950	-232.331230
3116	-312.128429
2015	-308.518276
2032	-287.663174
1816	-344.357220
3899	-337.265273
3746	-309.736797
786	-307.544728
2548	-340.654465
962	-376.587043
3299	-325.725069
3810	-372.726782
1991	-285.282532
2697	-360.495788
2951	-308.569129
697	-340.621200
2804	-344.433943
1344	-341.767606
283	-355.460155
1024	-302.535621
3889	-360.533387
1149	-325.796862
3276	-344.508729
246	-313.537245
2919	-340.635773
1410	-273.759553
3731	-310.913156
3749	-249.363949
2063	-344.402806
71	-346.864282
3060	-270.441145
3428	-288.564752
399	-304.735224
1994	-383.983835
1529	-354.275774
2904	-302.545112
2565	-345.591597
1342	-361.712098
1897	-197.629387
90	-327.017113
2786	-327.009009
616	-345.676243
3405	-269.206920
3710	-308.565933
1384	-361.755719
2537	-317.434422
2984	-362.935648
2724	-376.591176
225	-346.842403
315	-302.472397
167	-310.912077
3944	-381.563295
2892	-325.728271
848	-309.744522
1619	-340.600021
1069	-375.370023
313	-361.721849
1037	-306.397746
2922	-352.890573
74	-310.918822
1032	-346.816694
3444	-289.794376
948	-336.827390
1391	-323.317575
2036	-309.733888
975	-357.171724
2793	-306.384286
1063	-265.440996
235	-270.375081
2731	-272.836211
491	-287.737498
3365	-396.458774
2827	-345.615042
3556	-276.202384
3346	-318.327053
2094	-325.812885
610	-324.629068
2574	-273.812881
2506	-307.526911
604	-320.777491
1876	-251.732828
625	-308.514390
3989	-272.542369
1257	-346.855622
287	-307.560718
314	-233.255379
274	-272.539126
606	-343.235457
586	-376.582598
3733	-309.678068
1224	-308.420805
3246	-340.652252
3527	-309.716030
126	-274.991042
970	-310.911364
2864	-340.658990
1705	-286.218259
2716	-303.464433
3430	-341.828533
3883	-308.516508
1222	-325.805865
967	-372.742461
1667	-323.323781
2490	-343.078368
2673	-345.652182
3364	-305.057353
3497	-392.627857
347	-309.687405
933	-270.430832
961	-326.950279
758	-307.574899
3042	-269.468415
2434	-377.845502
1349	-286.542391
3735	-360.522940
1921	-310.904960
2233	-319.556235
402	-312.124533
669	-377.780670
2627	-235.695309
2420	-340.625366
3172	-274.982310
3540	-321.236907
759	-398.888473
2964	-362.945907
2366	-286.466852
1843	-362.899677
1785	-273.751900
1775	-306.353871
3957	-307.291354
415	-309.692626
2138	-340.684371
2455	-344.431301
508	-325.801512
195	-296.296482
2474	-357.944802
664	-335.632054
3498	-381.585231
375	-346.857432
285	-249.362379
3894	-322.469844
1447	-469.758395
683	-348.060054
505	-338.531538
60	-382.768883
1101	-307.244627
3675	-360.534222
3804	-324.573632
2524	-392.642251
1585	-360.545832
2783	-272.537685
897	-345.659998
2340	-310.899612
1165	-309.706371
937	-306.397642
3691	-352.852117
3634	-340.646592
598	-193.088340
1934	-341.769746
1127	-345.659797
2520	-307.284294
1974	-345.655745
3983	-322.115604
1011	-310.942660
3408	-287.661454
1852	-309.685790
650	-193.034094
2661	-323.448833
2220	-272.538190
963	-345.645239
1544	-324.594826
850	-271.623957
3592	-323.367866
1304	-356.679729
1889	-361.731388
1680	-377.842223
2068	-308.471269
163	-319.624414
2894	-309.717750
85	-272.550580
2438	-392.565188
3840	-309.681264
3949	-359.301320
590	-346.857871
1674	-360.499243
3892	-271.608843
1520	-309.728493
390	-306.070291
1262	-356.712023
1477	-303.462312
1603	-232.363630
165	-327.013034
2742	-348.048844
3250	-360.517106
367	-360.491873
1698	-325.800949
714	-356.669324
2331	-308.516808
3650	-382.756764
845	-40.478930
262	-345.647032
3252	-340.610842
2080	-325.793131
861	-360.488871
3784	-344.450127
1321	-234.472577
3727	-285.317454
2970	-339.501361
943	-303.497783
3209	-346.834502
484	-351.639205
1849	-324.547957
1081	-310.912796
3305	-310.955141
1001	-304.724431
416	-271.318448
3306	-361.650084
3711	-303.469034
267	-345.641113
1426	-381.607770
1802	-361.715983
1067	-273.762417
3023	-323.343769
3595	-345.600227
3900	-308.465445
3815	-288.574763
304	-322.464725
711	-341.849127
1014	-301.385442
3952	-269.175627
3896	-307.280331
750	-344.384630
2267	-291.016020
3087	-392.563319
578	-382.825717
1007	-235.694216
500	-308.452306
2985	-304.745635
2770	-288.588657
1492	-310.927319
229	-361.648305
983	-341.851447
2831	-356.723059
1548	-306.308471
3843	-309.717869
1448	-372.747155
1594	-323.433551
68	-286.519735
496	-377.794221
421	-288.627624
570	-275.012535
3146	-289.872162
2440	-317.433049
2540	-211.295796
2821	-308.511516
931	-361.763293
3285	-247.192524
3160	-362.937857
3931	-288.683173
3374	-324.551244
18	-309.719641
1158	-268.251114
3375	-324.594534
2218	-325.756157
3656	-310.918831
3806	-309.676410
895	-356.728690
2963	-287.651399
1729	-361.740062
2018	-286.492357
531	-226.107205
2741	-297.520999
2346	-310.909551
253	-305.838224
2268	-302.558547
3360	-382.810709
2302	-492.008892
878	-308.466070
2345	-342.329232
3706	-345.687338
3307	-318.647923
1632	-340.673967
1372	-381.574124
187	-341.842120
2960	-271.360631
635	-324.578381
1273	-355.513035
3062	-381.573048
456	-336.811524
2898	-310.940190
2714	-398.878264
2806	-234.476081
3202	-310.908741
2217	-344.408081
1699	-272.541597
1136	-271.296056
2560	-339.452794
2050	-362.937518
440	-307.226474
3055	-285.313284
1183	-325.750970
2879	-265.401151
1105	-302.306944
3204	-306.313706
3073	-309.734862
3453	-321.254976
2808	-340.646073
93	-340.615011
3421	-324.571081
1815	-345.663783
1682	-269.215705
292	-308.517192
411	-397.680771
2600	-307.237880
3795	-310.908453
2611	-346.824672
2928	-324.540084
2692	-356.663387
2349	-301.357553
1707	-288.590006
3273	-288.589678
1898	-360.497612
2160	-345.674929
2598	-308.508949
3486	-437.484875
940	-325.787515
875	-376.554863
763	-308.429953
1198	-308.449457
1795	-356.736238
1429	-288.579114
2001	-346.833365
419	-312.128001
2378	-339.490841
497	-287.470402
2469	-270.392444
1549	-340.689515
946	-324.577279
3334	-325.800680
1284	-320.761539
1356	-271.372094
1545	-308.468255
3473	-360.527434
32	-287.509315
3469	-356.686540
2501	-232.377706
417	-344.440065
3511	-324.552260
3846	-318.393987
1415	-338.156727
1853	-359.314227
2991	-272.841336
3581	-319.540355
2250	-339.462492
1610	-196.406419
2216	-308.505718
1522	-324.485746
1769	-324.569009
592	-307.614861
1296	-345.612257
344	-343.305175
1807	-344.469516
2368	-325.804686
766	-312.133805
1009	-266.763445
2829	-340.622886
14	-302.238859
611	-248.364357
3734	-326.940196
2357	-325.754267
43	-319.572842
143	-302.355005
425	-289.769718
3016	-309.730329
3897	-324.519277
3395	-248.436061
2633	-324.627681
2703	-309.722894
466	-382.782183
2435	-229.013797
3925	-325.718488
2292	-343.246371
2162	-340.613712
3333	-361.709769
3501	-318.409788
746	-273.802095
2961	-348.061993
98	-303.553222
2116	-340.646768
1970	-362.897428
1233	-265.440660
742	-272.588370
1555	-324.529724
1809	-324.559733
2343	-325.781464
3719	-320.742924
1968	-324.538807
813	-361.733052
1771	-287.657053
1931	-310.900102
3522	-309.691414
3177	-287.662612
702	-379.000257
1652	-301.316399
3862	-271.646263
1214	-341.865386
2613	-338.214346
2328	-320.732586
1181	-323.657279
3071	-273.789182
1170	-310.895183
1568	-324.555249
2271	-310.916474
1886	-302.286171
3274	-196.407957
998	-302.306196
2641	-270.394309
1893	-344.385273
3532	-344.464356
1169	-346.819305
1651	-273.809498
2903	-308.505951
3021	-360.495540
903	-309.685872
2335	-346.825562
1299	-348.043466
2192	-307.232824
383	-361.702346
1388	-250.583643
23	-304.679494
1124	-271.651913
3725	-309.710255
3264	-307.260972
1804	-324.542706
2857	-362.899149
2243	-340.673964
1357	-375.307060
3970	-305.897998
3294	-340.693392
3768	-227.338075
1888	-276.201993
1160	-286.467220
317	-325.797397
3321	-251.726162
3739	-324.566515
3563	-227.798785
3757	-281.482952
1683	-346.829154
1450	-273.757658
3765	-453.654335
1731	-381.565314
2421	-249.395323
3829	-323.654114
2649	-381.581036
658	-307.234503
1119	-304.733360
2065	-340.537496
117	-211.295163
3240	-338.234966
3715	-381.567301
1574	-245.997884
3831	-451.528971
2644	-320.786990
3903	-340.636306
1488	-320.766344
2652	-317.377404
3771	-309.655144
1535	-324.463541
2965	-344.689237
2134	-344.433965
3169	-310.902849
3984	-344.418857
638	-345.695868
206	-309.688611
472	-273.761356
284	-360.500454
1926	-273.773955
1317	-344.393241
359	-346.832402
1762	-361.755551
3024	-251.729571
2458	-361.683558
1022	-310.902683
3678	-285.255880
1562	-309.676327
2393	-324.608961
1394	-396.500849
1727	-324.606977
22	-324.575190
708	-306.313133
3148	-324.567513
575	-272.582834
3857	-340.686134
326	-236.917664
1856	-321.958301
679	-340.668108
1813	-307.550360
1058	-324.585402
2465	-339.464024
2896	-356.725069
2505	-344.440744
2718	-382.782995
3234	-287.349937
3323	-232.335768
690	-375.420808
1040	-268.307873
92	-301.343578
536	-323.348544
1285	-346.860450
3247	-360.531175
56	-345.599154
2665	-348.031230
2104	-379.006904
1922	-248.132701
502	-306.349558
2983	-346.833689
1137	-271.622539
1300	-324.595031
1855	-360.497728
158	-308.540079
2029	-380.417684
1112	-287.644079
2999	-307.237456
3214	-344.426062
3866	-341.882531
477	-265.399968
3028	-346.861640
1766	-270.387395
1152	-308.448572
1754	-269.221561
1687	-344.407598
2583	-346.859078
1089	-344.451793
3828	-288.650589
3198	-288.680991
1627	-301.363590
1668	-344.433140
1151	-392.620909
312	-234.485640
1896	-326.971392
1028	-360.421732
2320	-362.876210
1735	-320.791360
833	-325.761605
2769	-376.563238
2717	-309.726244
2740	-360.536920
2043	-344.484341
2745	-322.118085
2566	-346.832253
1398	-234.469383
768	-193.039603
2016	-308.569875
2176	-345.608670
1340	-271.616723
3262	-235.693825
1076	-361.656187
499	-340.611683
2563	-247.215049
927	-340.676668
2825	-360.576433
2775	-382.812383
3342	-153.787612
853	-76.404702
78	-270.472470
795	-246.023231
2555	-287.427764
835	-320.740782
1142	-309.702591
2482	-268.321270
2582	-320.773768
1569	-234.503085
1887	-361.696319
1030	-309.683546
3901	-346.822424
3860	-308.505267
2968	-310.909942
1138	-308.444609
1291	-285.276634
3704	-348.035847
3004	-288.652346
593	-303.525517
2570	-324.626187
952	-325.717725
1776	-325.785476
1791	-272.554824
3251	-306.056425
299	-195.196751
3503	-266.630629
3220	-273.806349
1784	-324.497693
546	-306.365166
2878	-285.336744
3664	-269.219315
529	-309.725786
982	-307.235414
1998	-324.536830
3536	-352.836930
1473	-340.678945
3155	-376.605641
1104	-287.315479
3031	-270.411205
2140	-325.715372
2815	-324.570906
696	-356.709466
3041	-345.692143
1972	-233.542445
2881	-345.594203
816	-356.748545
152	-306.286325
3426	-307.387663
3370	-396.486664
2705	-270.384180
1904	-304.752598
752	-324.557693
2632	-306.344083
104	-360.574432
2273	-324.579188
3036	-310.907823
1322	-271.619912
1711	-345.611239
2207	-301.330754
2203	-310.911529
1598	-308.471397
2721	-271.401725
100	-361.702143
3298	-345.599182
2109	-321.219665
2269	-308.452310
1115	-325.773014
1525	-345.608193
1354	-382.790027
997	-361.688335
844	-324.606050
2232	-56.525887
10	-344.512001
3141	-345.651109
3480	-286.460642
2479	-271.622821
127	-322.216227
2554	-345.649886
330	-286.408473
1989	-287.426977
3844	-308.450468
2636	-306.112153
2070	-114.483613
2358	-322.169697
3703	-287.697316
1085	-231.092208
2426	-340.650391
589	-340.604189
1984	-287.441165
1012	-266.609146
1174	-345.614442
803	-325.789564
357	-307.245430
541	-325.714161
51	-283.168740
735	-309.716570
2248	-377.773452
2726	-324.475651
422	-288.692943
2956	-360.528914
3950	-270.439135
3805	-309.680682
2622	-346.829131
2937	-324.573883
2863	-287.423372
2605	-346.869041
932	-361.764881
925	-307.567279
3790	-286.502445
703	-340.656580
5	-351.628383
15	-288.542593
988	-341.827199
3658	-309.682445
1702	-251.727632
1294	-345.612830
3138	-345.651520
542	-382.793238
2890	-309.738198
282	-325.714378
753	-361.710299
1025	-324.520219
1692	-362.862736
498	-273.791878
3980	-372.708066
1973	-340.637231
276	-380.379743
1140	-304.683966
552	-340.639366
1745	-264.171923
1840	-360.536972
639	-270.405973
2299	-280.273691
1824	-336.855265
1075	-325.751822
2544	-381.632480
1591	-249.397368
866	-340.620625
2413	-345.604177
2616	-272.542567
1422	-361.728608
829	-310.909285
2180	-340.665904
1910	-326.978724
1537	-309.692993
2433	-324.552283
2744	-288.573110
261	-310.905322
2354	-387.558484
3544	-312.133269
3509	-288.685117
243	-323.389193
1323	-289.811983
2329	-324.557240
2459	-273.761223
995	-360.542928
3591	-273.762889
503	-355.514134
1098	-356.649302
428	-324.570042
3646	-305.130313
135	-301.341304
3965	-273.764529
1393	-271.647465
355	-273.761263
2169	-356.733974
3378	-325.831718
2931	-361.729140
3714	-265.398572
3642	-324.565306
40	-344.338878
3940	-308.464824
339	-356.705991
1272	-308.486687
1902	-324.615795
2688	-284.964138
1686	-288.648208
3446	-306.044918
227	-377.805829
2317	-308.503515
1600	-249.301818
2678	-285.255563
118	-352.905052
458	-340.699868
2137	-324.588239
904	-345.608456
3953	-325.792503
532	-344.369744
1436	-375.359407
3939	-317.386479
2272	-324.528642
2936	-324.504178
2736	-310.922181
1915	-361.705669
3325	-341.836362
3982	-324.592116
3211	-310.908555
3243	-377.816466
840	-289.871520
944	-320.766684
3280	-344.483775
2181	-340.656656
3535	-323.235679
448	-346.831139
831	-346.867207
2033	-310.919833
2133	-323.338627
3966	-376.570141
1503	-327.014214
1096	-309.689595
46	-372.766726
247	-304.688358
3668	-309.700336
2897	-346.825923
2819	-360.551444
2002	-286.504040
1462	-312.136049
2102	-361.723581
700	-310.938181
3443	-346.866543
3635	-308.475489
1641	-340.647224
37	-381.587333
512	-346.861026
789	-324.581906
762	-346.863396
3435	-361.728293
609	-377.817369
2030	-273.804223
2693	-340.638326
3067	-271.304881
1298	-308.505512
1643	-310.910140
1761	-376.622507
86	-190.624631
3151	-362.873906
407	-287.508781
3960	-336.825944
1380	-288.625728
2072	-344.431636
3203	-308.459279
950	-324.580266
4	-270.439280
968	-308.470667
1213	-324.530103
3414	-285.313674
3886	-270.388222
1577	-355.468067
1777	-265.408147
920	-281.489179
1620	-270.431243
1297	-345.621773
3921	-343.218379
1177	-325.808092
149	-380.415966
2959	-289.795007
3463	-304.735360
2408	-356.708234
883	-340.647778
45	-266.615452
2297	-322.412936
3472	-340.657197
1049	-323.336196
3065	-344.486202
2995	-381.584942
2640	-398.880824
3908	-272.847530
966	-339.467091
3992	-319.576017
698	-274.985880
3019	-301.357437
3525	-340.662316
972	-341.869909
324	-307.534482
3515	-346.852204
3287	-271.458576
3620	-359.351415
1748	-288.688929
2534	-362.960595
380	-307.581989
1903	-309.678054
734	-233.242250
2870	-289.872470
3639	-345.680996
3483	-308.500974
424	-309.717380
1672	-336.831068
3841	-371.541704
1231	-324.569596
1772	-361.717972
3349	-207.916786
3130	-270.427802
2376	-346.840597
1894	-360.532510
3763	-344.416821
2175	-324.545475
176	-308.554162
3061	-392.552088
3740	-356.684693
1466	-340.657975
3661	-287.358011
1502	-340.679724
1526	-269.267574
2535	-272.835594
3338	-308.466631
1173	-344.465017
2666	-303.423742
938	-331.411639
298	-377.795528
914	-361.707841
976	-382.776658
1176	-288.584832
3117	-346.824942
95	-351.666551
2261	-233.260156
307	-302.239101
2019	-340.659620
556	-272.600604
2011	-270.099401
953	-392.650949
1737	-323.398064
1547	-335.613384
719	-309.693538
3794	-317.361117
2425	-322.435505
325	-345.637577
1943	-325.729335
1911	-272.582516
224	-324.628594
1474	-340.654517
2858	-346.862070
668	-267.103350
585	-229.918003
3101	-360.503577
115	-356.682218
3569	-272.588302
2561	-325.778234
869	-327.026488
2944	-309.687280
1482	-312.132386
1072	-272.554773
798	-208.842347
2556	-321.958604
1541	-310.912991
979	-309.713440
2842	-308.450204
2342	-309.680487
1495	-286.516879
2656	-376.622509
2336	-344.433499
1196	-346.840727
2689	-309.673807
3928	-377.799358
3050	-303.940271
1367	-325.812267
129	-308.512092
3936	-326.951067
811	-304.567859
2021	-346.818246
2099	-288.573876
2777	-336.817321
1635	-360.520081
2591	-325.773278
2375	-360.564233
3905	-395.515911
1295	-346.829652
2132	-377.826580
576	-345.655968
3366	-323.268818
2056	-325.729141
2638	-309.688194
2730	-286.492223
3404	-309.733988
142	-307.594137
902	-310.940195
2500	-286.498235
2082	-302.567313
3441	-372.686714
3183	-345.642870
2543	-376.588479
273	-323.312375
3010	-361.720579
2121	-324.619773
868	-312.124574
184	-322.436757
2522	-307.545457
528	-288.538806
2530	-345.673444
651	-232.334436
942	-325.715957
1756	-326.935440
16	-273.806874
381	-341.835557
2287	-310.905485
3158	-269.271320
899	-321.230055
3667	-249.293044
1799	-346.861635
912	-323.344400
622	-341.886905
352	-288.557016
1846	-344.370966
2523	-344.512144
3552	-325.793166
1892	-382.805933
386	-325.776001
453	-375.430225
2239	-346.823312
2247	-348.046805
712	-294.081616
3149	-372.694726
864	-323.337623
1511	-271.315027
3005	-249.248680
504	-356.680129
3564	-303.533472
2536	-273.758980
2321	-381.536295
2833	-248.375248
1701	-344.428649
2477	-360.539944
192	-310.897684
804	-248.395289
1402	-286.203815
410	-325.835955
2290	-343.224836
1465	-382.796989
3111	-318.340705
1736	-273.764207
3086	-360.507527
3684	-362.958208
754	-361.718210
109	-158.340943
2010	-323.385837
295	-320.770299
1019	-327.016183
3764	-308.483519
59	-248.430371
3618	-309.731536
800	-324.611571
521	-262.065493
2472	-209.159302
3655	-287.379629
524	-308.507004
1153	-325.764669
3890	-341.849730
2603	-341.863083
2503	-345.653983
493	-336.819674
713	-308.484017
989	-272.839582
701	-265.396194
2244	-414.351653
1244	-345.616998
1445	-396.491525
2470	-309.688189
3308	-381.582831
1329	-309.710338
286	-324.563745
1583	-345.655509
511	-320.778636
1463	-362.938449
3695	-309.651827
3415	-308.495275
490	-231.142581
1616	-272.539058
230	-271.617434
2791	-194.254127
1045	-344.449852
2920	-326.952797
2515	-323.341413
2183	-339.459869
2974	-396.486691
3627	-323.347112
2686	-340.697732
3425	-324.547564
2456	-345.610758
3438	-312.132858
1275	-310.936083
2567	-320.795216
672	-345.661057
3913	-308.551230
1935	-361.677841
1885	-345.647670
394	-344.385642
2436	-308.473229
3504	-308.561061
1395	-375.348487
1834	-381.615289
1836	-268.273739
2746	-247.190194
1666	-289.872246
3915	-309.687698
810	-269.144656
3088	-308.459859
731	-355.501990
2776	-313.573888
1907	-346.819476
1703	-286.154755
814	-308.509272
2384	-281.469893
1419	-344.350927
3788	-361.725962
736	-325.799293
2699	-346.864540
42	-376.564691
1459	-306.320451
3916	-273.810780
918	-310.917344
84	-345.610574
771	-346.903261
3357	-361.779217
3793	-381.580932
2645	-362.923114
791	-309.662433
2410	-361.673369
3456	-276.206318
681	-312.126544
1958	-340.595950
1864	-312.133063
2238	-281.495234
3760	-280.314080
1634	-324.563073
487	-307.223588
602	-275.010289
97	-286.495035
13	-360.526646
2824	-304.720708
3143	-286.432042
3533	-232.036378
898	-305.906901
1649	-346.868661
220	-276.205821
1554	-320.728167
2828	-232.030352
1774	-324.585556
1306	-288.682324
3648	-324.631468
1240	-310.907666
741	-344.434318
2625	-291.021574
738	-324.592221
2953	-348.047609
3528	-233.262752
1770	-309.719198
3898	-356.700248
3373	-271.613890
2252	-382.779570
1901	-362.946498
2399	-308.430606
442	-356.712228
3391	-306.403144
2205	-318.391203
1416	-308.514570
3594	-272.544482
1006	-336.843788
3607	-325.801523
630	-273.762561
3219	-339.428557
2851	-356.699504
960	-310.940611
2943	-340.654874
293	-377.807580
1117	-345.566120
1827	-343.492484
3350	-339.431591
818	-387.475673
2694	-317.396153
1154	-310.937644
3586	-287.506415
1319	-308.560759
2385	-310.911571
3053	-490.831786
2441	-310.909223
1659	-487.002792
1742	-288.583008
2083	-322.434119
826	-248.137789
1790	-345.664882
1326	-266.616319
3720	-308.561301
208	-270.399081
404	-324.595399
1036	-340.609236
1924	-340.591587
1313	-324.502042
182	-324.474954
992	-377.811306
3318	-308.513124
441	-380.414967
678	-308.506580
2281	-345.643890
2757	-346.855643
2088	-362.871515
1292	-323.652284
1580	-271.339821
1872	-272.566631
737	-336.836792
3599	-308.482454
1679	-288.576381
2122	-348.040439
3825	-93.411888
3489	-308.508824
429	-288.570364
2758	-309.696640
1203	-261.802956
454	-265.283843
3135	-272.569212
3188	-325.807242
3081	-302.557878
1862	-319.615129
2152	-308.540101
238	-233.253760
2188	-288.690060
1289	-344.439723
2947	-355.510313
1171	-325.721867
3701	-248.211932
3674	-309.731169
1027	-360.529992
1381	-303.795699
3685	-381.602419
885	-324.623780
1263	-345.642008
26	-301.359287
830	-320.767103
733	-345.660927
1929	-324.551800
917	-323.320690
3680	-305.904722
1530	-272.549380
2129	-356.722498
3934	-381.630276
2887	-345.641890
2476	-346.865438
1722	-362.946707
1646	-340.684749
569	-376.620836
3045	-310.906568
2306	-287.354343
1514	-320.781098
1413	-247.214861
3046	-322.057728
3422	-340.663929
435	-306.309029
1890	-371.608385
3025	-324.573338
748	-324.572987
890	-344.458979
3699	-355.497878
1787	-325.795649
1942	-382.751274
2100	-343.199390
2812	-381.619786
2310	-338.194242
3920	-319.574905
3379	-273.761967
2962	-309.686114
1828	-284.993731
2768	-340.690205
2145	-346.844016
1236	-155.897345
939	-344.481802
3407	-343.517848
905	-360.513668
2727	-271.330291
3150	-310.942587
161	-285.276468
124	-271.621961
3386	-309.684862
433	-396.498209
2930	-310.906738
3300	-344.499155
699	-307.243079
83	-344.434906
1732	-269.170665
3474	-309.730988
1765	-285.335887
3180	-323.669200
1066	-375.344926
1622	-346.869712
1979	-308.462923
2508	-324.574476
341	-273.735711
437	-309.705971
725	-325.725266
2577	-381.600777
2204	-310.904876
69	-265.441614
3171	-345.599912
3269	-381.624381
3461	-320.776316
2221	-308.512137
3195	-274.982322
3063	-317.413890
1806	-324.610229
2443	-288.547509
2497	-325.763216
1566	-380.438011
1438	-356.728392
449	-325.753993
2178	-339.455981
533	-287.720383
877	-359.317823
2817	-340.641240
2282	-375.368783
551	-382.817123
119	-327.012568
2103	-346.834331
256	-308.741915
1750	-287.645651
1379	-325.731549
175	-361.754326
956	-230.183076
1364	-267.963366
2924	-348.045292
921	-325.682121
2475	-381.524347
3418	-308.467120
2487	-361.694757
2274	-308.463553
3411	-286.134060
2923	-325.801905
1469	-324.444698
1281	-308.457113
2161	-361.735863
2190	-324.574822
2585	-249.269471
2112	-304.729640
2958	-324.580268
624	-312.119017
2529	-229.969129
3508	-309.675176
900	-288.561991
596	-325.754527
1658	-287.337578
3	-346.838279
3388	-271.606364
393	-323.334482
2676	-325.784384
2196	-338.559964
1867	-324.583096
1798	-312.126342
3697	-312.119261
3275	-308.757315
1212	-304.733723
3520	-325.752207
2749	-340.645995
3304	-346.843297
949	-344.463502
3621	-346.815715
3838	-271.318933
2327	-381.624797
3716	-361.720799
2684	-310.940657
1558	-270.389386
345	-309.704732
1997	-271.666841
3030	-324.500475
3403	-339.424322
2747	-301.332569
3617	-345.608658
1059	-303.436180
346	-307.586014
2173	-304.678340
1216	-308.465534
183	-362.962787
122	-339.419649
876	-325.807685
2631	-380.316551
1360	-362.941781
2901	-318.323005
3872	-340.691219
3801	-310.937414
1358	-340.682075
1073	-233.249538
1551	-324.575851
303	-375.328197
2800	-287.478272
3971	-360.530885
969	-325.797425
221	-310.917273
1542	-370.291993
765	-317.447668
3818	-308.470796
159	-273.773408
1199	-377.813742
3460	-288.678290
1923	-287.427777
649	-340.685408
1377	-325.768959
1861	-235.696852
2859	-362.909074
1412	-242.195730
2312	-344.416076
2700	-304.687547
2285	-340.578657
3726	-382.754967
2669	-309.763785
2371	-307.253245
3869	-324.525580
2876	-360.574465
666	-381.593528
3596	-285.328258
3007	-319.573727
1405	-361.711854
3553	-346.830674
335	-361.729115
3187	-272.591906
980	-356.743821
2450	-312.124760
784	-377.848074
924	-324.528533
2843	-308.509454
406	-359.295180
1715	-286.486570
3225	-362.875945
2933	-360.538112
954	-324.612244
710	-340.625597
2719	-286.477365
884	-276.202586
1504	-360.489720
2502	-309.685960
2172	-308.472272
3238	-340.667053
2045	-324.495988
2553	-302.545562
3837	-343.468335
3454	-376.600944
1582	-361.735290
2572	-360.495461
2446	-361.740252
2395	-297.523583
3743	-325.726182
647	-338.268974
2872	-288.581144
2402	-235.696227
1857	-307.540766
144	-271.323089
2599	-355.457663
1602	-318.339586
2077	-309.736028
1866	-310.940708
35	-343.197784
986	-347.459586
2360	-340.636727
1955	-339.498757
3311	-344.433172
2034	-345.586124
2052	-325.809179
1452	-308.467331
2737	-322.442708
1330	-324.575010
168	-325.810050
2313	-312.122262
3529	-341.843027
1111	-335.656557
3292	-326.937372
3452	-361.758902
2885	-309.686862
2453	-268.273240
1905	-231.145151
3271	-454.878708
3052	-291.017787
1172	-357.927353
1403	-308.462299
2227	-356.712771
3683	-308.510782
2028	-346.821466
824	-310.952875
1851	-361.717868
1128	-361.695007
3923	-309.737951
3945	-304.737186
1650	-341.836348
2364	-360.507160
1639	-345.640072
1487	-345.665813
250	-360.538828
3932	-360.472117
1336	-334.362330
2681	-308.466840
3830	-346.817778
3747	-324.521162
1351	-309.733696
2787	-324.505365
2651	-273.744309
2391	-310.927566
2996	-324.566568
1838	-356.685238
3628	-272.509064
3670	-286.248451
2048	-235.699029
2166	-343.239068
794	-248.143861
1691	-272.595294
3873	-348.051405
3230	-344.454591
3856	-306.313590
268	-362.957295
3091	-341.869641
3557	-344.382663
3738	-274.982053
2820	-308.557865
3125	-308.510840
48	-304.689512
3517	-396.475511
828	-361.684892
2706	-345.667357
3066	-345.688382
3014	-269.263802
2642	-324.578146
213	-249.281074
3812	-271.623066
2365	-345.689766
1239	-356.710448
2126	-270.399529
3124	-308.562031
281	-322.479769
2377	-236.916033
1348	-309.683859
1883	-346.839066
2946	-345.649552
588	-309.684571
1099	-231.975652
401	-325.712603
652	-345.620593
3121	-344.419977
1308	-341.814212
1460	-309.684108
1047	-346.836177
3232	-345.686487
3265	-324.569062
3495	-288.563768
1268	-344.411146
3433	-308.465425
1953	-308.457242
1644	-325.774769
1954	-226.144377
1833	-302.579718
2257	-307.238509
3394	-376.613178
55	-335.683118
2997	-380.371074
827	-303.556664
3877	-340.623773
471	-324.532283
362	-289.871990
3092	-340.610697
3090	-287.362939
1512	-346.839595
7	-309.722879
3842	-376.587741
2883	-308.757991
705	-362.953848
1717	-345.603646
2751	-273.787799
2955	-346.822341
841	-361.736259
594	-325.809558
3721	-284.372483
2849	-355.442748
717	-380.401348
801	-273.763117
1689	-336.823026
2362	-305.134491
2249	-392.653825
607	-301.373496
909	-325.789320
2139	-381.581478
3963	-271.323381
1428	-265.391486
1414	-377.797879
764	-233.560626
2171	-359.346839
2023	-317.402836
2495	-307.596472
1314	-324.460304
3277	-354.254979
3546	-233.219124
1951	-317.408548
2150	-324.570860
2280	-359.345792
3762	-351.646368
1696	-320.785074
351	-345.625747
2789	-340.629283
1671	-309.708282
1758	-271.616401
867	-283.179781
3228	-381.648857
757	-345.678211
582	-325.833302
3447	-270.389803
2000	-309.736479
3858	-308.459001
3286	-361.731914
1392	-353.321142
3018	-345.638117
2840	-284.048718
694	-344.360007
3671	-326.941692
3076	-247.198000
3985	-324.548763
2325	-273.732431
1246	-318.406529
1670	-269.230258
2576	-306.418503
3420	-306.358581
1763	-325.799404
1704	-274.984793
2860	-345.600676
64	-362.945802
3796	-341.875439
785	-273.796695
3626	-310.902465
2942	-325.778444
3191	-284.360325
2427	-339.474134
2975	-345.579201
0	-351.615495
3732	-320.774305
65	-312.125621
1506	-339.437849
2648	-325.728744
3048	-381.616883
3196	-297.530335
1498	-340.654582
1662	-377.834156
567	-339.489014
2788	-345.596027
1611	-348.044714
172	-282.667163
1264	-324.536694
2264	-346.831590
3909	-310.945132
2780	-272.545389
3513	-340.637067
3537	-346.860694
2998	-246.027383
1608	-361.758032
1121	-333.449362
2031	-269.170061
3465	-324.548021
1978	-281.485530
1471	-346.857623
1093	-325.718074
1084	-309.711894
3458	-345.693035
1768	-289.789940
3631	-303.560350
1826	-285.242094
2397	-308.772292
1483	-309.723988
1536	-324.492974
3871	-346.859809
3176	-432.852890
745	-344.464270
2417	-336.838171
79	-324.605178
3547	-324.582904
1479	-309.677142
3320	-310.952127
1385	-309.679840
403	-272.843742
1572	-322.170570
2323	-310.954565
1018	-354.272548
3283	-287.404397
929	-272.832690
1254	-325.753541
3128	-341.867138
2978	-340.669862
919	-272.589999
1500	-345.609230
1161	-308.513516
994	-323.428670
3477	-348.046236
834	-346.828689
1166	-324.576650
958	-302.599262
934	-345.650323
2677	-309.684577
3390	-309.736085
2680	-340.664901
3109	-324.582824
3622	-304.726439
3550	-341.825957
2165	-319.567241
3451	-319.606765
1242	-308.508254
1845	-302.309526
1208	-345.608535
1274	-309.686648
147	-345.615452
3962	-341.865856
2507	-291.014750
1746	-396.470299
2074	-285.300440
1013	-271.300649
1749	-302.579654
2148	-309.718089
3027	-336.811099
3707	-271.620156
1123	-375.393636
2481	-324.614891
591	-325.760915
1044	-304.687053
1739	-303.454720
3651	-303.463214
913	-352.855499
3938	-345.645388
102	-307.230370
2163	-324.503356
1759	-305.906809
396	-372.782655
1987	-325.775071

file identifier 	 test data 	 predicted
587	-307.283919	-310.350978
2353	-281.504579	-281.725353
2256	-303.503801	-308.520683
2146	-310.932540	-303.296250
2468	-307.193849	-306.817150
2886	-324.530742	-319.483726
2914	-270.422403	-278.556107
1589	-324.608694	-327.441197
3601	-308.749822	-315.178568
563	-345.644179	-346.998496
3839	-231.155780	-233.295131
1431	-344.392695	-337.725463
1637	-343.503600	-329.934123
3383	-360.602876	-361.804217
2381	-346.856604	-350.084255
200	-345.625804	-342.144014
1948	-195.158734	-223.401811
1251	-322.482659	-319.722901
1964	-309.726463	-316.971191
676	-272.584377	-277.655154
3442	-381.635659	-396.632868
3819	-397.692021	-412.996283
3309	-274.989422	-248.404303
99	-336.813559	-340.583623
1917	-325.790782	-338.562364
1283	-345.605635	-340.586908
3077	-336.822591	-341.598423
2966	-308.428791	-322.066327
2428	-309.682996	-301.272519
2062	-303.437471	-293.229286
957	-360.490486	-353.218364
6	-345.687671	-360.765395
1362	-249.387499	-247.372774
646	-323.641347	-315.643575
534	-324.575799	-332.414349
2853	-325.794835	-333.616707
189	-322.167165	-307.943615
873	-273.763068	-271.986595
645	-308.540795	-298.838832
413	-301.369263	-306.120456
2590	-340.650928	-341.030246
1882	-273.764420	-271.252635
431	-361.712798	-366.714355
2668	-310.906004	-300.554706
3154	-309.714008	-301.367304
852	-361.731511	-362.127471
2848	-339.419688	-329.598060
1192	-326.947461	-342.006253
3445	-286.508374	-301.448986
2728	-304.742823	-313.124035
3089	-327.025329	-327.650170
1664	-310.904974	-314.382029
3484	-341.890999	-347.938839
871	-309.680919	-316.796365
447	-271.627826	-261.366374
150	-309.732713	-327.536884
572	-356.752533	-349.059415
1378	-346.867789	-354.021634
3585	-308.497008	-301.361740
207	-285.281032	-281.107165
467	-273.793804	-284.764343
838	-361.709679	-369.596002
473	-346.828378	-348.405829
3690	-346.829378	-352.781540
2945	-307.281910	-283.069757
2037	-345.620113	-345.068947
451	-362.932378	-369.384626
2085	-309.695312	-328.026824
2580	-309.722373	-316.730179
3475	-321.247305	-333.400522
887	-361.720206	-370.714086
2286	-309.728265	-308.449127
1168	-308.454820	-304.919221
2318	-348.039301	-344.049824
1155	-272.838189	-273.460587
964	-291.014970	-302.278887
1773	-304.696646	-299.367079
452	-324.575287	-334.853558
2773	-325.684055	-315.730372
1681	-310.908780	-316.920388
3559	-309.721434	-295.589464
255	-309.672030	-324.039283
1373	-324.557383	-330.124463
1258	-344.472090	-348.169280
874	-271.611192	-265.565323
2040	-317.409527	-325.733367
3826	-372.742383	-378.708596
1945	-361.754136	-364.344487
3654	-307.541973	-306.880594
2619	-326.939536	-322.058461
3227	-348.043668	-329.107586
2982	-325.722723	-330.669223
2009	-273.812948	-313.176443
2845	-307.602080	-311.576190
2211	-340.648620	-334.604380
908	-310.911406	-326.828225
3730	-291.017996	-300.045138
2055	-304.724717	-317.285641
3427	-325.793904	-337.977029
180	-360.505528	-370.332103
2013	-343.195410	-329.186629
3973	-356.659922	-346.658037
2715	-345.709596	-359.246490
3589	-324.543443	-326.378005
2813	-232.063900	-164.575932
1034	-356.732791	-354.037946
3245	-327.024699	-337.202970
2674	-342.352279	-349.615322
1302	-339.445855	-346.308423
260	-359.369049	-356.265782
2437	-356.692640	-359.536624
1980	-345.680616	-354.340680
2059	-345.674176	-347.484136
548	-233.555951	-247.805430
2289	-325.766945	-332.830438
3339	-356.699649	-356.626049
3079	-270.401391	-277.520916
209	-308.493663	-311.648862
2711	-322.460671	-325.087320
1531	-345.640098	-339.182155
1981	-306.313924	-338.232700
1337	-286.498779	-286.145246
3011	-310.902708	-305.550591
2607	-275.007113	-247.074601
3752	-345.686524	-345.870901
2466	-325.785959	-331.783740
1232	-336.811744	-337.859407
1505	-308.487195	-301.359960
760	-324.605411	-323.951471
1184	-286.506282	-293.326700
2101	-361.717364	-376.593602
1440	-270.441325	-271.200022
219	-307.221351	-297.481489
3166	-326.949535	-307.457051
3096	-338.175960	-341.879588
642	-234.476516	-230.314701
280	-271.324234	-268.317297
3162	-324.546164	-334.415677
3268	-324.562156	-324.207565
311	-287.724713	-284.931672
2867	-361.734339	-361.792800
2538	-344.417597	-343.584722
3723	-345.597175	-354.205904
3689	-308.467642	-314.600733
106	-362.952198	-352.238586
3659	-340.683837	-340.945715
3479	-265.289023	-277.538534
3672	-309.689612	-293.384413
1803	-270.394458	-259.944348
1033	-339.482903	-340.902961
331	-309.734363	-317.710419
190	-354.290746	-359.001317
271	-361.759779	-365.961851
2067	-280.248350	-280.958922
3717	-275.014300	-269.905210
3208	-288.572843	-304.875008
3387	-309.727603	-323.932954
634	-154.960361	-76.764102
1485	-309.731369	-333.410380
726	-346.870614	-341.773202
3619	-325.779372	-326.403617
160	-309.685140	-312.923247
3012	-276.205920	-204.503844
1133	-308.517070	-313.552028
3756	-326.943546	-323.067175
1709	-326.941251	-333.357855
2871	-308.460407	-306.221835
2794	-304.681399	-319.326639
1543	-323.360471	-304.094270
3131	-303.560907	-308.055526
443	-325.754109	-336.133372
2729	-323.315925	-305.350073
1949	-340.674935	-322.412116
1217	-325.773675	-320.073023
1966	-302.558699	-293.065086
2386	-352.829520	-364.860486
817	-345.619715	-336.584528
2061	-345.638357	-346.209300
906	-383.969892	-403.636935
815	-285.324641	-294.353065
309	-309.718312	-308.165515
103	-291.024232	-298.593550
2246	-287.318502	-299.412950
3094	-324.601619	-326.264450
3260	-345.595084	-351.135093
1565	-325.735821	-320.431576
1017	-308.419735	-295.471751
3787	-381.580675	-371.018797
1999	-233.547877	-218.034620
2653	-361.749428	-364.241086
2276	-309.679242	-317.245918
2370	-360.496984	-361.103099
2084	-361.708021	-359.929786
2444	-318.641916	-318.202015
2025	-249.363808	-267.511971
677	-324.594116	-327.958404
1820	-324.522751	-322.032211
2046	-286.493052	-282.183510
2517	-308.462063	-315.627735
2314	-345.658870	-333.778880
2432	-274.987245	-281.491488
688	-324.491475	-316.944088
353	-197.632222	-203.119606
151	-270.397623	-269.204982
2316	-306.361448	-314.019202
3946	-286.438084	-295.107623
2201	-452.728039	-474.867223
809	-361.738091	-376.669409
3696	-308.474441	-308.589142
3930	-338.542975	-342.490851
872	-309.711438	-313.510487
2498	-288.539500	-289.587193
1871	-306.406578	-319.193576
3902	-382.757521	-373.232326
2351	-304.614169	-304.563598
3851	-326.998454	-326.052453
169	-309.688569	-313.751582
2416	-344.406447	-357.813033
2866	-344.431605	-350.728176
464	-324.485629	-324.991528
1899	-308.478846	-303.455298
323	-309.647349	-324.111161
3393	-359.297522	-361.391878
2419	-287.353473	-294.359015
2826	-308.764658	-305.115686
3782	-262.035127	-264.525551
2111	-348.048744	-354.416953
3448	-324.634377	-320.606671
2647	-262.017735	-257.485894
1630	-323.431776	-322.036411
1850	-323.407987	-321.925180
3605	-372.755216	-371.194809
3110	-236.917458	-190.637775
2382	-380.343633	-383.767638
2184	-360.501473	-358.634780
1676	-296.285473	-317.917171
1937	-287.438379	-307.902227
1266	-324.582035	-329.599738
420	-362.950092	-364.578358
3969	-324.609784	-323.893847
686	-391.370332	-385.494430
1780	-345.606551	-348.239507
2976	-356.737615	-363.952961
1518	-309.683200	-310.172641
2797	-345.646914	-357.938786
2531	-157.115484	-147.010662
30	-325.717105	-317.577594
1288	-324.635136	-324.869809
278	-397.667072	-412.284072
3103	-340.631134	-322.149227
332	-304.692914	-304.483517
370	-356.698196	-359.478299
3979	-345.651111	-339.997453
348	-196.432825	-177.410772
240	-286.517094	-288.237991
1521	-323.665247	-319.030296
3235	-339.416290	-326.222461
1106	-231.106310	-236.267139
1259	-288.590804	-293.008401
486	-288.678720	-304.573084
3354	-360.529236	-361.203535
996	-307.544316	-309.309940
3561	-343.190300	-342.079940
1925	-309.677276	-319.498716
3530	-309.739069	-308.937883
2020	-272.514099	-268.741993
3767	-324.568597	-345.609847
856	-324.568212	-319.602815
70	-346.874234	-362.928254
1221	-344.436348	-350.104588
141	-287.734664	-302.902261
621	-310.899323	-327.322461
2467	-325.805017	-335.055281
974	-303.468081	-289.188057
194	-308.496245	-289.679714
1122	-345.601318	-350.065731
3968	-287.425634	-288.420020
2480	-344.385369	-350.558940
1726	-381.506605	-371.540950
3137	-272.533448	-268.363448
1778	-305.036659	-297.529165
1480	-324.584824	-330.912799
2265	-360.469291	-369.054835
2671	-344.377098	-329.762251
3413	-308.440890	-309.866517
2908	-271.620997	-267.623619
3526	-249.285024	-245.117251
3161	-309.678595	-322.023379
879	-303.556846	-307.734990
1256	-312.119596	-310.697118
2594	-335.586914	-338.921831
2738	-324.555069	-330.494456
2893	-274.985796	-300.093881
1225	-196.409349	-164.423406
1575	-334.447259	-331.493559
2258	-303.453218	-297.347788
2448	-346.833271	-344.152300
1513	-306.368494	-317.193980
3919	-304.721921	-308.973482
2159	-324.581067	-333.633133
245	-340.656722	-339.785843
3222	-344.494043	-354.133076
3256	-153.459846	-72.938769
3879	-339.483894	-339.082283
1088	-291.017433	-286.776566
3587	-322.421320	-335.468264
2621	-305.145002	-314.929140
3545	-310.915918	-282.679610
1441	-303.469082	-316.256703
1004	-355.416555	-355.270543
2007	-308.499105	-301.192953
2862	-309.693471	-309.995387
1193	-324.550139	-325.432627
2304	-286.431160	-300.257132
2125	-310.908354	-316.190307
1325	-356.758284	-354.928972
1920	-361.714679	-358.240746
2213	-287.433999	-314.240196
535	-248.416462	-264.684409
3917	-274.985822	-297.537795
1914	-288.576123	-282.776682
667	-360.533083	-358.893490
1940	-334.429558	-335.611724
2874	-309.725707	-321.271928
727	-272.562906	-261.255955
1534	-340.632075	-337.320325
1276	-340.667317	-342.150879
1197	-308.462932	-320.180457
1656	-323.352987	-324.301839
1584	-251.727102	-233.376731
973	-325.790444	-339.109537
2392	-272.551442	-275.535355
1960	-345.602645	-349.251862
3327	-348.059242	-336.487726
3948	-340.614465	-335.752444
3319	-376.604793	-378.246323
154	-324.538764	-335.148401
1439	-340.590431	-341.796404
1797	-194.267232	-221.394114
2251	-430.448052	-352.205904
2765	-381.546975	-359.675941
3493	-232.333258	-251.556508
633	-325.759393	-315.440030
991	-345.602096	-371.561879
3524	-308.455477	-300.310014
2066	-432.401755	-438.877837
2739	-362.946034	-382.356231
177	-362.872710	-355.309285
2108	-267.944278	-214.718240
2682	-324.528297	-325.872541
2114	-307.528446	-319.244523
1753	-375.351387	-387.616998
2905	-307.206439	-311.479413
1738	-273.759338	-276.816057
1596	-492.022084	-471.456158
870	-345.646965	-340.467546
3785	-348.045948	-351.517193
3167	-309.688639	-305.227118
251	-265.386781	-266.771729
2592	-308.486071	-311.660759
772	-381.599310	-375.084004
173	-396.486463	-400.646489
2990	-376.661483	-374.034816
52	-345.627428	-347.998839
671	-310.897268	-307.326971
101	-324.507184	-338.557162
1817	-339.459612	-345.396177
2950	-360.498298	-362.546250
3981	-249.257629	-227.623261
2516	-309.661518	-309.038972
1860	-308.507458	-313.071829
2667	-308.455402	-307.961859
640	-345.616264	-340.827466
1417	-381.586740	-388.616156
75	-381.566310	-358.757450
11	-356.688211	-362.465640
2733	-310.940764	-311.247852
661	-335.635079	-335.207423
1057	-391.518453	-383.667465
373	-379.522177	-384.146659
2690	-231.093096	-280.611457
1374	-322.175807	-319.159882
3133	-356.679691	-359.647568
2423	-338.238743	-351.784101
2278	-345.650717	-337.343986
2880	-346.831172	-344.616030
2240	-381.627040	-396.127246
1237	-360.542541	-353.626045
1243	-323.582949	-302.843915
3630	-287.660591	-289.281654
2422	-325.718957	-322.766601
3129	-361.692023	-357.057116
716	-325.758431	-328.938500
461	-273.773506	-289.840748
2237	-325.784144	-321.744092
2027	-376.585000	-379.844155
3849	-360.531172	-363.460106
3590	-340.660106	-339.673528
1468	-345.650338	-348.873713
3122	-232.329070	-244.123450
1163	-397.709232	-410.960423
1252	-301.395982	-298.721545
1389	-272.510742	-311.358367
2235	-318.409670	-324.105349
1145	-312.129019	-267.703510
2322	-355.508682	-361.134082
133	-271.642927	-260.378549
237	-268.287661	-261.370558
2301	-324.616647	-323.593620
1064	-276.202311	-266.768381
3362	-345.632413	-351.440415
1595	-309.686571	-286.154257
1182	-304.738393	-318.778840
72	-325.720699	-329.203908
232	-490.793044	-488.973974
2662	-345.635068	-343.896776
2772	-343.232602	-367.602084
212	-324.605613	-331.135160
819	-276.204532	-295.572349
1026	-325.765414	-331.950583
2359	-360.468392	-359.419994
1108	-341.839596	-357.239445
1573	-233.255259	-250.124847
3145	-324.570872	-326.936025
2168	-310.899911	-289.816392
2541	-341.834413	-345.568676
893	-232.317400	-229.160361
153	-347.466594	-345.542851
1420	-286.516174	-291.975166
3058	-247.214450	-250.427240
482	-272.599303	-265.155911
522	-309.680641	-301.050218
603	-346.867624	-350.132620
3244	-323.320332	-325.684175
3662	-360.469577	-344.528229
2723	-324.554067	-326.235984
3136	-340.660061	-342.227107
199	-309.673895	-312.569995
1409	-285.282853	-293.399938
3745	-310.912788	-286.544894
783	-273.806375	-297.095388
560	-344.385047	-334.256047
3215	-320.793270	-320.495975
2135	-346.861074	-351.060689
825	-340.536374	-349.280385
3687	-325.793945	-322.050066
3340	-229.879598	-221.140318
3791	-360.491959	-364.551131
2617	-248.151318	-260.820124
2795	-379.572458	-383.910121
3326	-381.616196	-392.877507
3107	-281.504745	-281.491219
2414	-382.803358	-371.635017
3933	-307.569255	-300.667413
2564	-325.789398	-312.347593
297	-325.833945	-319.977031
1408	-379.527030	-382.858113
1733	-322.169100	-315.813582
128	-303.785832	-268.902212
2380	-327.025010	-335.497339
2255	-360.513163	-365.506169
1484	-273.817328	-261.579426
1347	-359.361259	-364.412190
3224	-286.504546	-297.522550
1996	-356.687774	-354.438807
812	-308.509197	-299.216852
2993	-346.825502	-341.485932
2992	-343.202564	-354.071643
1625	-320.776082	-312.471943
389	-271.336957	-279.181063
2685	-344.426408	-339.086220
1365	-361.755045	-345.663170
2189	-325.762375	-335.442134
2142	-324.624987	-324.741717
822	-336.845442	-336.716277
382	-344.494711	-348.449874
1819	-249.292101	-248.151911
3505	-274.983383	-266.604741
1645	-324.477059	-326.232341
2069	-346.855971	-348.225350
365	-361.740208	-363.856566
121	-361.711483	-362.254575
2774	-310.910631	-309.874191
2463	-288.576502	-275.568011
1120	-353.283458	-358.507840
3554	-309.689751	-309.221253
935	-269.154939	-257.330129
2224	-307.568767	-341.883378
366	-324.576206	-329.056937
1604	-347.456674	-351.039125
1090	-272.500426	-259.425309
1567	-356.714706	-356.404564
3263	-285.326726	-286.473984
3255	-345.578846	-352.828023
1967	-288.573475	-276.734147
2242	-362.870426	-377.828918
3069	-346.878430	-343.212315
3102	-310.903589	-319.103835
770	-381.612946	-380.850959
1975	-341.829025	-340.684454
1202	-361.725394	-367.294818
617	-376.521083	-379.575276
2888	-361.704536	-367.267520
1003	-308.516378	-313.414380
234	-308.467880	-314.328506
577	-343.087962	-360.594822
788	-324.467888	-320.053165
3233	-304.691526	-306.674358
724	-320.775720	-315.106852
520	-309.720011	-300.410886
2464	-297.555801	-300.390681
3929	-321.233569	-319.889968
1720	-309.692095	-330.998346
506	-234.516241	-212.679174
3753	-271.652242	-282.041392
3789	-273.762938	-279.203514
682	-302.303791	-305.985581
3955	-323.391458	-325.957381
1519	-352.874613	-347.649825
2042	-232.364952	-215.731459
2197	-309.684327	-316.647331
3317	-269.177232	-287.902132
2447	-323.330261	-322.034908
2512	-346.823548	-345.240810
1614	-325.736331	-309.449628
907	-381.607752	-374.441345
1961	-197.629416	-190.696230
2373	-302.564379	-303.016101
1561	-325.749687	-342.055122
2654	-304.679740	-292.786811
984	-248.443503	-269.380629
3888	-323.359825	-315.190393
2609	-322.351046	-329.688743
3523	-325.728070	-330.480953
77	-348.062001	-355.876890
728	-309.678404	-323.811480
1150	-308.551121	-316.622212
1599	-304.689816	-310.687585
62	-309.677968	-323.197209
618	-308.467888	-312.117885
2199	-377.815601	-365.977836
1248	-304.732336	-305.136767
2805	-272.587161	-273.082379
1074	-304.697680	-322.736163
1493	-335.643923	-334.621730
2118	-324.560961	-323.630685
2722	-344.423318	-355.527703
270	-372.752005	-370.006161
743	-309.719124	-333.316574
891	-325.767721	-342.727392
2014	-371.537915	-364.645509
244	-346.835129	-359.754373
320	-232.333410	-217.975285
2612	-345.627545	-351.277368
3436	-361.762744	-363.737420
2735	-309.690179	-306.317983
3168	-323.614890	-333.398689
1129	-340.618148	-341.706962
3638	-306.320806	-299.389873
2131	-320.777849	-322.081206
1557	-322.456250	-322.702641
1457	-288.573089	-300.484360
3184	-308.439671	-315.104011
2720	-231.102112	-299.231133
721	-185.648533	-155.383895
2439	-324.485913	-328.255997
648	-287.422111	-278.632086
3679	-320.794248	-319.800457
2454	-288.578155	-296.781590
2779	-381.606362	-405.100193
3049	-324.610004	-322.308015
1908	-286.508233	-278.397683
3347	-286.510514	-279.183323
709	-286.134079	-292.554739
2071	-246.029150	-264.248609
3904	-356.716094	-355.242184
1648	-345.660642	-359.170051
2799	-340.702898	-343.314161
201	-308.561649	-318.211432
3799	-291.018995	-296.024421
2003	-324.579943	-327.483400
306	-307.335530	-304.882345
2911	-289.871661	-301.053421
3367	-269.216969	-291.706835
356	-372.741729	-373.877755
1068	-308.470010	-316.267270
3724	-324.573480	-327.261155
2850	-288.580309	-287.639900
265	-236.916125	-188.410076
1527	-271.621836	-275.925131
2115	-266.626759	-268.852850
123	-269.263476	-272.220096
2596	-339.467484	-342.902946
2081	-273.775864	-350.240168
468	-322.150234	-326.531210
1427	-340.646339	-342.135821
2206	-312.126404	-298.249039
3270	-273.788787	-286.711455
516	-312.134532	-317.514153
2489	-250.583259	-260.736162
915	-304.734226	-305.741494
790	-341.836780	-338.100370
3126	-360.523204	-383.871771
3013	-346.883127	-339.671152
364	-117.824798	-185.610120
1842	-362.894239	-357.866948
137	-287.440932	-286.296542
1437	-376.547304	-384.267467
926	-345.680086	-346.210135
1863	-381.631601	-377.892279
720	-381.594735	-381.910487
3616	-225.221461	-204.350258
3573	-325.730390	-327.492416
2763	-272.548325	-292.032006
574	-271.665153	-276.394224
730	-336.821088	-340.489844
1249	-272.543724	-278.536559
2319	-271.316064	-262.149546
2383	-324.593866	-322.184525
1629	-272.526778	-294.065350
148	-345.629933	-334.694566
1564	-288.555332	-291.369981
1992	-325.723538	-325.336415
3959	-305.831035	-306.002063
329	-380.402442	-383.186523
2303	-309.719920	-324.685030
1261	-268.282665	-266.865516
3439	-301.389192	-309.001304
242	-340.623533	-346.876810
1710	-361.726166	-363.751059
3566	-325.830752	-319.142675
3127	-327.010419	-327.537451
3972	-359.339915	-365.639909
1829	-382.804482	-394.831024
1432	-324.522792	-325.987085
3510	-340.674744	-339.853175
44	-309.735489	-322.017614
3416	-320.770681	-321.539788
1640	-304.583737	-315.733797
1238	-360.499088	-361.698456
478	-119.052475	39.095841
3112	-327.021680	-324.626974
2087	-286.484121	-300.785097
3693	-273.779498	-266.288294
427	-382.798099	-378.700930
655	-325.771459	-327.030571
1370	-242.180146	-231.521477
2157	-309.686797	-319.136928
945	-264.243028	-287.542488
2803	-327.013853	-301.303463
1156	-154.972731	-59.589613
1621	-346.884834	-330.740848
1578	-233.217482	-238.548118
2639	-302.580808	-318.002555
1421	-360.526142	-367.591064
2587	-376.609234	-375.132840
1985	-339.481708	-340.740669
2784	-273.803873	-271.205067
2492	-396.477101	-391.717784
1230	-323.396217	-332.095259
2186	-320.782523	-325.409090
3823	-303.527274	-315.730571
2948	-382.790431	-379.516583
1021	-232.328175	-223.674208
1721	-339.479764	-342.131276
3956	-345.698757	-335.643065
1113	-234.484521	-151.319757
3625	-326.948771	-327.274237
3988	-309.707600	-317.797192
1684	-320.783029	-320.664006
1969	-360.529678	-368.021442
3611	-324.577560	-324.731440
2403	-326.955365	-331.909072
1497	-251.731545	-233.238586
2702	-309.685148	-310.246358
1282	-346.860539	-347.228809
695	-345.700085	-391.341914
3742	-271.272557	-268.234229
3455	-270.401061	-294.545587
2355	-336.816043	-349.530827
218	-285.311823	-289.426783
3314	-305.846541	-309.734378
665	-288.571762	-293.063400
1805	-344.380468	-346.377448
778	-324.573162	-326.737308
3911	-345.639354	-335.784664
1206	-342.315546	-339.952624
3499	-309.702237	-308.188670
675	-346.827397	-369.462016
1694	-273.743311	-283.773104
1718	-356.706262	-333.930011
2024	-306.349032	-313.274731
319	-352.845678	-353.610092
1015	-344.454928	-349.373230
747	-359.350089	-360.063037
2294	-341.831947	-336.597599
1062	-324.496997	-332.366015
1700	-320.782427	-319.983638
832	-308.470270	-306.058123
2228	-308.518356	-306.769801
233	-301.382062	-313.020619
1411	-327.023352	-336.034948
3006	-308.470648	-320.505132
140	-309.676929	-318.212150
361	-376.622353	-379.216320
936	-382.773457	-393.773135
80	-392.672883	-398.203476
2039	-360.553317	-365.402137
1143	-367.635675	-377.556650
2098	-327.020807	-338.940782
573	-286.504534	-291.700577
2545	-324.614082	-322.294990
2053	-320.769272	-327.169590
3104	-310.941183	-311.316972
2262	-325.780603	-319.552316
3231	-380.446861	-376.063114
680	-325.806369	-326.121386
3519	-376.604739	-371.696726
554	-340.688787	-340.109800
2415	-340.676441	-342.833544
1443	-346.867442	-351.438658
3624	-324.614194	-327.015489
1332	-209.144909	-230.347199
1223	-324.586663	-323.659176
3372	-309.705858	-317.372274
3431	-323.229212	-321.299210
3848	-324.564634	-316.465646
2918	-271.326117	-300.877988
3694	-338.246643	-331.119334
3610	-360.476593	-361.671064
1891	-323.382399	-336.729583
1008	-248.448467	-241.450363
2910	-307.536915	-308.016163
3193	-320.725883	-323.331025
1077	-326.938562	-331.331495
191	-307.610450	-310.552621
2092	-288.572051	-288.171115
3643	-309.660190	-304.283383
2755	-381.595252	-371.734977
3348	-304.715963	-308.190216
3568	-308.468418	-322.782693
67	-172.006141	-118.214355
3419	-335.590859	-338.029462
3868	-360.526225	-371.171595
1605	-345.703157	-358.233133
279	-306.012858	-311.745671
2231	-346.825174	-349.902991
3412	-335.628480	-335.825297
3548	-79.764152	234.250447
2430	-304.688809	-299.643817
2691	-308.505543	-324.135183
120	-323.345161	-329.512793
1588	-323.678800	-323.335856
266	-308.477155	-311.620626
1110	-325.781398	-314.040107
527	-324.629301	-321.543839
1470	-272.542270	-285.937370
2305	-376.633716	-374.781296
2219	-265.437885	-271.276997
1779	-288.583563	-285.888826
2569	-281.476967	-280.659821
3409	-356.696744	-356.229447
3943	-376.602183	-378.521124
636	-382.818623	-404.817118
3942	-287.507193	-296.161970
395	-234.447743	-281.633334
3539	-324.625415	-334.001013
1188	-306.054267	-299.296772
808	-320.774349	-327.360367
1097	-325.784473	-352.758632
715	-285.275928	-294.964228
901	-270.446915	-269.897953
1675	-271.277972	-274.328810
3864	-288.639421	-299.557420
485	-250.585183	-236.257793
3139	-344.437158	-325.319121
1135	-310.903412	-302.667633
769	-271.361537	-276.752956
3935	-289.875063	-292.997919
1789	-310.905299	-302.990660
2107	-325.766177	-325.354674
49	-396.507540	-397.745100
739	-309.678703	-298.899081
2429	-306.081547	-325.451517
2309	-272.583285	-287.125664
418	-324.565412	-312.383124
3867	-356.726146	-355.216079
1623	-229.615446	-183.402712
257	-324.569867	-331.121069
1490	-309.691591	-311.777675
495	-342.297848	-336.687868
544	-340.643340	-343.959021
1211	-286.498633	-295.913068
3958	-291.015785	-314.696245
3653	-309.763576	-320.139871
38	-309.736982	-312.603090
2223	-288.657055	-294.360280
3290	-341.859618	-329.470477
3359	-325.733758	-338.405744
1906	-324.613156	-322.073335
1714	-132.718150	91.945050
2650	-361.727711	-345.479706
264	-339.450073	-348.031721
258	-371.546126	-374.116107
1186	-359.296697	-313.933603
3907	-291.017966	-298.771518
215	-356.645883	-346.474917
2326	-320.768781	-312.475066
2907	-344.466563	-342.857558
3281	-309.716743	-311.210950
1094	-304.696023	-287.194606
928	-345.665412	-341.981857
3423	-308.555641	-316.550645
338	-272.544500	-292.349056
1878	-346.819711	-352.845779
155	-324.571682	-325.704797
2987	-271.618137	-289.836107
1052	-361.770383	-360.559386
1371	-288.596392	-286.000652
3500	-323.345473	-336.252988
2253	-325.818163	-345.553500
1102	-116.609549	220.039767
1760	-326.940002	-322.702783
2939	-352.864008	-361.908619
1132	-310.938583	-303.479142
1870	-309.686187	-305.199064
941	-340.652570	-350.818234
1553	-323.448965	-324.307566
3494	-324.573795	-329.536714
3485	-324.614459	-333.902089
3302	-324.577047	-323.141979
363	-320.778723	-326.916434
1657	-338.273162	-340.556080
3022	-234.455424	-222.939367
3017	-271.339346	-237.569234
2236	-235.698987	-225.696598
460	-360.488733	-371.254694
3343	-320.735225	-321.862211
3173	-325.791830	-326.882521
1061	-343.531666	-347.186516
2344	-305.915175	-308.582578
3754	-324.570035	-333.382861
3330	-323.360126	-325.821540
2462	-325.752244	-321.114758
3579	-356.677429	-353.016744
36	-344.382282	-347.511752
1918	-319.573117	-324.580994
1938	-341.826148	-324.347447
605	-456.103432	-450.460915
3593	-304.614300	-309.608357
3854	-346.867382	-354.484676
1808	-356.676972	-355.659795
3986	-355.516778	-358.652372
2915	-344.371144	-338.699785
3376	-273.775510	-303.959410
2899	-310.930659	-321.952617
1350	-343.076530	-343.450868
2341	-377.784360	-379.134141
2117	-346.839895	-348.490135
61	-308.462933	-299.722520
3834	-324.589539	-329.156206
2655	-235.723792	-223.535396
483	-309.705795	-308.888537
1087	-324.508933	-334.362121
3803	-287.351460	-276.025293
599	-343.312201	-335.608310
749	-249.280474	-246.517513
767	-346.861463	-344.109292
600	-268.859550	-265.705498
1673	-309.733829	-320.340948
1952	-344.408452	-334.558802
2170	-274.987123	-253.212098
1665	-336.802871	-330.211944
328	-310.911163	-306.918018
1792	-363.504227	-364.166201
3681	-310.914919	-295.592922
1810	-288.653294	-297.314789
3541	-379.527167	-381.506423
3457	-324.559213	-321.674399
1835	-376.631067	-375.047575
2586	-191.810916	-214.978648
894	-338.247875	-325.037186
3381	-309.731402	-314.455479
3750	-346.838572	-352.576588
3156	-362.941094	-371.223037
3808	-345.614760	-345.922038
2981	-327.026688	-328.065735
2113	-344.391557	-334.710325
3278	-298.952950	-268.435289
662	-341.843824	-338.210635
17	-345.612580	-352.039812
3797	-376.587519	-386.388542
1576	-247.184334	-249.457391
1442	-308.465594	-325.231621
2275	-312.122563	-297.685721
1963	-325.761942	-319.193272
2008	-336.802659	-340.774532
3991	-372.765028	-379.114496
2623	-235.700285	-252.599388
488	-346.861837	-336.103381
1092	-360.552974	-366.971390
2035	-249.294409	-242.336045
2215	-289.795079	-290.730130
2754	-309.674575	-311.620613
316	-341.858490	-346.224390
254	-285.284456	-308.638768
849	-360.532987	-368.467764
865	-304.728720	-302.512393
1095	-324.603415	-323.645986
3206	-346.853173	-342.988364
775	-344.469204	-342.429939
450	-235.729507	-252.425715
2471	-288.628801	-290.837614
2695	-346.871133	-357.414392
1200	-346.908492	-362.573987
3189	-324.510378	-335.365639
3397	-356.702115	-357.780424
779	-356.732185	-353.225607
3778	-309.700675	-330.479216
1782	-308.555419	-320.551639
392	-345.637570	-333.372715
2935	-297.516418	-298.203117
613	-309.689486	-316.104730
2579	-273.765811	-265.604657
2177	-346.868453	-363.206713
1767	-285.277900	-290.742057
3809	-310.902628	-316.073470
3070	-281.491976	-275.264145
3852	-361.710525	-364.144292
1533	-309.671865	-306.431273
685	-320.029854	-355.512166
3512	-340.641866	-340.980008
1875	-242.186010	-257.833632
3562	-360.524672	-349.813186
3677	-307.571921	-316.171820
1491	-344.421383	-343.292798
3744	-339.414779	-348.031174
627	-359.304956	-371.398920
239	-270.446608	-281.158170
2352	-288.589622	-304.444097
222	-412.548009	-416.734056
3377	-360.549337	-350.063223
302	-340.632285	-338.745539
2778	-325.711441	-334.857718
1331	-310.941319	-297.785993
2900	-272.554670	-290.285719
3761	-352.866322	-358.074816
1783	-320.761312	-324.673372
2155	-343.243883	-355.340772
3632	-340.612805	-345.685662
1712	-345.612640	-351.905908
166	-325.729970	-321.496369
2361	-304.727460	-316.227338
2610	-309.711468	-313.861609
631	-371.449232	-369.011302
525	-273.812813	-280.444697
1612	-310.902795	-299.714825
1423	-344.413850	-349.340597
3134	-271.319942	-283.088110
2979	-320.767064	-344.350712
1039	-360.575277	-354.645757
145	-310.929561	-313.882628
518	-289.791234	-275.700726
2519	-323.585680	-299.833841
1993	-339.504090	-340.104107
1708	-324.502429	-323.952904
3597	-360.539435	-361.449952
2307	-346.859945	-354.211490
2058	-356.710498	-356.138425
1607	-303.462115	-303.960561
3181	-307.209274	-301.066841
8	-272.545439	-282.144242
1919	-407.364323	-399.124804
3098	-345.658421	-348.366112
1118	-306.032266	-329.205835
2532	-301.405558	-300.376647
1486	-380.373644	-375.755038
3336	-308.477672	-296.666764
1550	-301.345683	-303.238808
3792	-360.525610	-358.885468
1229	-288.582662	-298.420885
2701	-326.942959	-335.888909
911	-356.711832	-361.595776
3876	-304.574737	-311.888596
2670	-326.934805	-327.225744
2835	-362.925466	-362.252894
1366	-345.633122	-342.424515
3289	-270.437636	-260.906808
3026	-250.478855	-246.801105
2841	-360.524422	-357.366116
3054	-269.129580	-268.388235
2193	-383.976576	-393.662504
3600	-325.781571	-318.412707
