no_training:3000	no_test:993file identifier	 training data
10	-344.512001
3374	-324.551244
21	-278.059333
11	-356.688211
2593	-321.252793
1175	-361.742598
1232	-336.811744
3192	-313.554802
2548	-340.654465
3739	-324.566515
1078	-309.738888
3895	-325.808333
3452	-361.758902
643	-345.663386
1822	-344.395150
3249	-325.739818
3285	-247.192524
2273	-324.579188
3710	-308.565933
3112	-327.021680
3911	-345.639354
3227	-348.043668
3074	-272.553250
2145	-346.844016
195	-296.296482
1258	-344.472090
2668	-310.906004
1169	-346.819305
357	-307.245430
410	-325.835955
263	-341.853650
2274	-308.463553
3945	-304.737186
2391	-310.927566
3297	-360.526636
1060	-345.713205
922	-272.844560
341	-273.735711
3951	-326.977685
2800	-287.478272
72	-325.720699
414	-192.762455
1900	-309.689410
2059	-345.674176
351	-345.625747
161	-285.276468
1759	-305.906809
1505	-308.487195
805	-309.658574
346	-307.586014
289	-321.949791
3716	-361.720799
2602	-345.645491
897	-345.659998
827	-303.556664
1210	-340.641282
2910	-307.536915
2659	-324.461004
256	-308.741915
3642	-324.565306
1889	-361.731388
1827	-343.492484
1529	-354.275774
3953	-325.792503
3499	-309.702237
2943	-340.654874
2682	-324.528297
132	-308.469258
373	-379.522177
269	-325.729080
1209	-392.612820
3556	-276.202384
1110	-325.781398
3611	-324.577560
210	-362.938898
2214	-245.994065
2628	-359.341296
3117	-346.824942
3082	-272.586248
303	-375.328197
6	-345.687671
3831	-451.528971
1616	-272.539058
3532	-344.464356
2676	-325.784384
270	-372.752005
2238	-281.495234
297	-325.833945
1761	-376.622507
3360	-382.810709
1071	-360.495618
1378	-346.867789
1003	-308.516378
1950	-232.331230
929	-272.832690
226	-360.556344
2204	-310.904876
1755	-304.686811
2480	-344.385369
3164	-344.379764
3168	-323.614890
3212	-360.575745
2431	-309.684774
1785	-273.751900
1427	-340.646339
2226	-276.206257
1587	-322.133444
905	-360.513668
3646	-305.130313
522	-309.680641
3296	-345.650105
1982	-345.609374
3904	-356.716094
1951	-317.408548
900	-288.561991
3627	-323.347112
2441	-310.909223
1846	-344.370966
2027	-376.585000
2143	-288.628466
3763	-344.416821
1001	-304.724431
236	-325.758113
2815	-324.570906
2803	-327.013853
296	-345.688916
2871	-308.460407
3569	-272.588302
1620	-270.431243
792	-310.898648
3837	-343.468335
2847	-307.566260
1297	-345.621773
24	-345.608180
3332	-376.610619
1007	-235.694216
3858	-308.459001
992	-377.811306
803	-325.789564
3562	-360.524672
856	-324.568212
1623	-229.615446
2561	-325.778234
754	-361.718210
1031	-304.643927
2575	-308.759090
1517	-359.342366
1098	-356.649302
2139	-381.581478
234	-308.467880
40	-344.338878
3465	-324.548021
3184	-308.439671
1942	-382.751274
3964	-336.853985
1915	-361.705669
2763	-272.548325
3629	-359.312853
3210	-336.808333
942	-325.715957
3795	-310.908453
874	-271.611192
694	-344.360007
780	-308.769557
576	-345.655968
2862	-309.693471
1384	-361.755719
3650	-382.756764
1995	-362.946041
2446	-361.740252
734	-233.242250
377	-360.527122
27	-324.573866
3433	-308.465425
3378	-325.831718
1409	-285.282853
1642	-344.345376
1720	-309.692095
2492	-396.477101
936	-382.773457
2626	-305.900638
1543	-323.360471
386	-325.776001
2083	-322.434119
22	-324.575190
352	-288.557016
452	-324.575287
2567	-320.795216
1135	-310.903412
1039	-360.575277
2845	-307.602080
2921	-310.904813
2020	-272.514099
1535	-324.463541
3357	-361.779217
2968	-310.909942
2430	-304.688809
1142	-309.702591
2367	-361.723620
2665	-348.031230
1033	-339.482903
3271	-454.878708
880	-345.648463
3735	-360.522940
2454	-288.578155
1155	-272.838189
667	-360.533083
846	-270.434394
2816	-310.905786
3351	-285.306999
2438	-392.565188
2543	-376.588479
1161	-308.513516
3755	-341.874216
920	-281.489179
193	-307.285557
2880	-346.831172
1106	-231.106310
3215	-320.793270
3940	-308.464824
1837	-381.574917
2305	-376.633716
294	-308.506421
3799	-291.018995
3558	-339.464817
2744	-288.573110
2034	-345.586124
1750	-287.645651
60	-382.768883
1847	-325.753767
108	-345.614707
3155	-376.605641
2340	-310.899612
2362	-305.134491
2415	-340.676441
2883	-308.757991
476	-397.686127
3407	-343.517848
2504	-325.805550
2950	-360.498298
2931	-361.729140
2631	-380.316551
2675	-303.787203
227	-377.805829
1354	-382.790027
3706	-345.687338
1493	-335.643923
3240	-338.234966
1555	-324.529724
3064	-326.983087
1540	-285.217962
2109	-321.219665
2193	-383.976576
2761	-309.696507
1782	-308.555419
3533	-232.036378
3141	-345.651109
941	-340.652570
2747	-301.332569
3609	-269.176442
2471	-288.628801
1914	-288.576123
592	-307.614861
1345	-376.540686
324	-307.534482
3126	-360.523204
1105	-302.306944
152	-306.286325
277	-302.288351
2572	-360.495461
2726	-324.475651
2115	-266.626759
1471	-346.857623
3072	-340.671263
492	-305.904760
2432	-274.987245
3186	-346.829695
2057	-288.540318
2671	-344.377098
2538	-344.417597
1304	-356.679729
2758	-309.696640
558	-344.464151
2777	-336.817321
887	-361.720206
3411	-286.134060
2041	-346.821470
2121	-324.619773
938	-331.411639
2983	-346.833689
988	-341.827199
3779	-308.476903
1567	-356.714706
77	-348.062001
1824	-336.855265
711	-341.849127
1974	-345.655745
1811	-346.855968
1656	-323.352987
3092	-340.610697
2903	-308.505951
3954	-271.611366
3622	-304.726439
2178	-339.455981
2323	-310.954565
3619	-325.779372
554	-340.688787
155	-324.571682
2331	-308.516808
2528	-308.467760
1598	-308.471397
3098	-345.658421
3798	-310.941861
1402	-286.203815
1986	-344.459234
516	-312.134532
1215	-335.566430
1483	-309.723988
1428	-265.391486
3214	-344.426062
705	-362.953848
1764	-304.725676
1896	-326.971392
1327	-320.768458
330	-286.408473
1544	-324.594826
1197	-308.462932
2169	-356.733974
2	-324.551643
136	-343.240623
1036	-340.609236
3853	-271.336383
1107	-267.060326
2411	-193.075202
1549	-340.689515
58	-304.683044
105	-309.727110
3311	-344.433172
3437	-288.585212
466	-382.782183
1723	-307.290176
2131	-320.777849
2074	-285.300440
130	-274.988525
733	-345.660927
752	-324.557693
622	-341.886905
3171	-345.599912
3176	-432.852890
417	-344.440065
2137	-324.588239
765	-317.447668
1074	-304.697680
222	-412.548009
2230	-262.056533
2949	-346.838702
2026	-272.837907
1737	-323.398064
1599	-304.689816
1848	-273.769835
828	-361.684892
399	-304.735224
2582	-320.773768
232	-490.793044
962	-376.587043
3301	-371.491061
986	-347.459586
384	-343.291812
3749	-249.363949
1083	-309.726295
1677	-344.412416
3320	-310.952127
2163	-324.503356
217	-271.648392
2958	-324.580268
2869	-306.113519
3885	-304.728655
3990	-303.459637
3040	-360.506446
1699	-272.541597
1731	-381.565314
3231	-380.446861
1550	-301.345683
3229	-271.614305
3016	-309.730329
3085	-322.130736
3918	-289.794194
2105	-335.635972
66	-337.302324
3762	-351.646368
3621	-346.815715
402	-312.124533
3219	-339.428557
1362	-249.387499
644	-376.595314
2945	-307.281910
2355	-336.816043
894	-338.247875
2248	-377.773452
713	-308.484017
3497	-392.627857
1374	-322.175807
1859	-324.577613
3844	-308.450468
3148	-324.567513
1070	-361.752301
817	-345.619715
3354	-360.529236
1340	-271.616723
3712	-300.148891
3638	-306.320806
3524	-308.455477
785	-273.796695
3109	-324.582824
2203	-310.911529
1797	-194.267232
1612	-310.902795
2070	-114.483613
2206	-312.126404
1282	-346.860539
1497	-251.731545
1542	-370.291993
979	-309.713440
1830	-345.641862
3290	-341.859618
3438	-312.132858
142	-307.594137
2846	-273.780933
2253	-325.818163
770	-381.612946
1614	-325.736331
3383	-360.602876
2039	-360.553317
2787	-324.505365
3097	-309.716094
2468	-307.193849
2259	-361.734611
3687	-325.793945
2729	-323.315925
3907	-291.017966
2977	-310.909944
2062	-303.437471
1522	-324.485746
1212	-304.733723
301	-324.570823
2247	-348.046805
2541	-341.834413
306	-307.335530
1375	-345.645053
514	-309.685045
2799	-340.702898
184	-322.436757
908	-310.911406
2054	-302.588564
3416	-320.770681
1418	-325.725274
1438	-356.728392
2951	-308.569129
1211	-286.498633
2618	-361.768020
1281	-308.457113
1500	-345.609230
2005	-305.155985
3750	-346.838572
834	-346.828689
1028	-360.421732
3781	-274.984614
3174	-272.844804
1880	-346.873992
1089	-344.451793
3139	-344.437158
1253	-312.126356
2343	-325.781464
978	-324.545574
415	-309.692626
2447	-323.330261
3900	-308.465445
2663	-361.722327
2032	-287.663174
3548	-79.764152
3041	-345.692143
566	-303.472917
3408	-287.661454
1901	-362.946498
2009	-273.812948
3373	-271.613890
3058	-247.214450
2844	-301.377995
332	-304.692914
3023	-323.343769
3783	-310.912792
631	-371.449232
2272	-324.528642
1417	-381.586740
1763	-325.799404
2792	-362.944759
1912	-310.915653
2234	-272.580839
533	-287.720383
2389	-361.728546
1167	-309.729139
3443	-346.866543
3633	-380.412093
2722	-344.423318
3925	-325.718488
416	-271.318448
1818	-371.535911
2662	-345.635068
2092	-288.572051
2268	-302.558547
2375	-360.564233
2897	-346.825923
3175	-309.649998
3197	-309.714859
549	-372.785072
1527	-271.621836
2003	-324.579943
2448	-346.833271
3087	-392.563319
2275	-312.122563
2954	-305.915530
3967	-273.758273
1590	-344.415609
910	-270.384937
1289	-344.439723
76	-325.685245
1123	-375.393636
1643	-310.910140
710	-340.625597
1592	-271.616430
3071	-273.789182
2228	-308.518356
2489	-250.583259
2790	-287.732329
3335	-275.020322
1305	-319.621560
1732	-269.170665
3121	-344.419977
3884	-323.333263
604	-320.777491
933	-270.430832
261	-310.905322
2955	-346.822341
2068	-308.471269
3256	-153.459846
54	-195.186228
2904	-302.545112
890	-344.458979
3050	-303.940271
82	-309.701458
1978	-281.485530
3708	-270.397474
192	-310.897684
2225	-324.612179
3984	-344.418857
129	-308.512092
1000	-339.452428
2040	-317.409527
435	-306.309029
3855	-304.746925
2734	-309.719592
2537	-317.434422
628	-325.726991
1660	-274.985107
593	-303.525517
3929	-321.233569
2785	-310.915445
3764	-308.483519
854	-383.971058
2651	-273.744309
3269	-381.624381
3760	-280.314080
3467	-308.494487
1672	-336.831068
1376	-348.053064
3245	-327.024699
2098	-327.020807
2061	-345.638357
1165	-309.706371
421	-288.627624
987	-273.765811
3137	-272.533448
3666	-309.735874
2223	-288.657055
3462	-272.538255
3746	-309.736797
3273	-288.589678
174	-229.928448
2728	-304.742823
959	-492.026657
2322	-355.508682
1077	-326.938562
3528	-233.262752
1512	-346.839595
3971	-360.530885
2058	-356.710498
3179	-270.408713
3636	-324.624318
3680	-305.904722
1734	-359.354596
3239	-361.708121
2030	-273.804223
1311	-288.545722
1275	-310.936083
1413	-247.214861
2125	-310.908354
1262	-356.712023
3048	-381.616883
2289	-325.766945
2969	-286.484904
121	-361.711483
2219	-265.437885
208	-270.399081
2775	-382.812383
1002	-287.689262
307	-302.239101
2544	-381.632480
553	-271.666055
3150	-310.942587
3574	-398.876124
2141	-307.287454
331	-309.734363
3012	-276.205920
3914	-325.805781
393	-323.334482
1593	-335.598739
3196	-297.530335
498	-273.791878
3834	-324.589539
1488	-320.766344
869	-327.026488
2269	-308.452310
967	-372.742461
3785	-348.045948
1538	-348.050463
2060	-362.945811
1791	-272.554824
878	-308.466070
3550	-341.825957
902	-310.940195
557	-312.122696
3282	-362.972786
1768	-289.789940
3054	-269.129580
154	-324.538764
199	-309.673895
3323	-232.335768
3926	-325.748612
528	-288.538806
2473	-324.497671
1575	-334.447259
31	-359.310420
3061	-392.552088
776	-325.781815
1196	-346.840727
3430	-341.828533
3431	-323.229212
407	-287.508781
3199	-273.811544
1435	-193.963318
837	-360.512026
390	-306.070291
3101	-360.503577
931	-361.763293
3932	-360.472117
1584	-251.727102
2506	-307.526911
3235	-339.416290
512	-346.861026
680	-325.806369
1933	-270.396100
138	-362.875317
2402	-235.696227
2914	-270.422403
1647	-343.242553
209	-308.493663
2104	-379.006904
3287	-271.458576
3908	-272.847530
48	-304.689512
3849	-360.531172
2546	-248.018573
677	-324.594116
1437	-376.547304
2051	-325.790442
1977	-312.131398
669	-377.780670
1637	-343.503600
370	-356.698196
1607	-303.462115
2680	-340.664901
3434	-360.560766
381	-341.835557
559	-362.935404
3017	-271.339346
523	-345.565792
2010	-323.385837
2946	-345.649552
2517	-308.462063
1102	-116.609549
2797	-345.646914
1685	-338.273553
3541	-379.527167
1777	-265.408147
2884	-324.471313
2824	-304.720708
3143	-286.432042
1164	-340.611734
2922	-352.890573
1739	-303.454720
1113	-234.484521
3151	-362.873906
2376	-346.840597
3536	-352.836930
3178	-345.605421
2532	-301.405558
51	-283.168740
17	-345.612580
3676	-346.840522
1400	-306.067385
1530	-272.549380
1473	-340.678945
20	-270.370102
2991	-272.841336
3752	-345.686524
1916	-360.557411
3682	-291.017820
2408	-356.708234
3440	-322.135917
1149	-325.796862
2511	-250.500016
1588	-323.678800
1952	-344.408452
3453	-321.254976
2188	-288.690060
167	-310.912077
2466	-325.785959
504	-356.680129
431	-361.712798
708	-306.313133
3345	-312.120708
3941	-231.108368
674	-346.879260
2359	-360.468392
974	-303.468081
2293	-269.216495
2980	-274.983908
547	-360.540793
1260	-270.417842
2557	-273.774103
1898	-360.497612
327	-324.607903
1960	-345.602645
3983	-322.115604
1189	-287.322957
3660	-288.651313
849	-360.532987
812	-308.509197
3221	-308.477915
3459	-346.831382
329	-380.402442
2215	-289.795079
2419	-287.353473
3589	-324.543443
2465	-339.464024
3753	-271.652242
2923	-325.801905
32	-287.509315
2111	-348.048744
3410	-271.316922
2414	-382.803358
3759	-270.393902
819	-276.204532
1766	-270.387395
2507	-291.014750
648	-287.422111
2971	-312.131841
2198	-382.804255
1508	-308.462196
3988	-309.707600
2110	-341.867094
835	-320.740782
3062	-381.573048
861	-360.488871
2493	-346.822460
1055	-345.681183
3689	-308.467642
3637	-309.764115
1949	-340.674935
2150	-324.570860
3704	-348.035847
3557	-344.382663
26	-301.359287
2417	-336.838171
3617	-345.608658
2807	-269.176124
322	-346.832352
1347	-359.361259
3645	-304.681903
251	-265.386781
1323	-289.811983
2470	-309.688189
2721	-271.401725
2436	-308.473229
573	-286.504534
1678	-310.955296
1706	-382.777508
3495	-288.563768
274	-272.539126
2714	-398.878264
1531	-345.640098
3344	-325.748658
2817	-340.641240
3817	-288.554600
2583	-346.859078
1322	-271.619912
1335	-283.156647
2854	-325.810616
626	-288.653249
3405	-269.206920
281	-322.479769
2881	-345.594203
2995	-381.584942
3154	-309.714008
1654	-360.518768
3182	-287.440436
3422	-340.663929
3451	-319.606765
397	-288.630839
2354	-387.558484
1606	-308.462382
1299	-348.043466
2879	-265.401151
2725	-269.218553
3000	-309.688191
1138	-308.444609
1814	-360.537947
2835	-362.925466
750	-344.384630
1615	-287.344000
272	-322.161948
2281	-345.643890
183	-362.962787
1460	-309.684108
2516	-309.661518
2556	-321.958604
3038	-288.542113
2186	-320.782523
831	-346.867207
1749	-302.579654
444	-340.665581
3068	-306.015194
1233	-265.440660
2220	-272.538190
1455	-381.570969
81	-318.390876
3361	-324.558989
1776	-325.785476
1697	-345.613396
3736	-355.517745
658	-307.234503
2540	-211.295796
116	-346.831175
3426	-307.387663
235	-270.375081
1244	-345.616998
2108	-267.944278
3845	-344.454717
1269	-307.563525
1412	-242.195730
2520	-307.284294
439	-288.690999
55	-335.683118
2794	-304.681399
3447	-270.389803
3266	-287.736841
1038	-267.106213
3376	-273.775510
2486	-307.239887
2184	-360.501473
273	-323.312375
3056	-269.180682
1490	-309.691591
2990	-376.661483
732	-327.023478
1633	-247.201165
37	-381.587333
1863	-381.631601
3464	-234.470922
821	-307.566593
418	-324.565412
1700	-320.782427
495	-342.297848
901	-270.446915
3742	-271.272557
3512	-340.641866
1650	-341.836348
3	-346.838279
2501	-232.377706
2383	-324.593866
181	-412.528245
344	-343.305175
601	-324.603558
3081	-302.557878
1795	-356.736238
1501	-288.653529
493	-336.819674
3165	-356.724041
1236	-155.897345
3325	-341.836362
170	-340.667287
3588	-272.549011
2066	-432.401755
1132	-310.938583
722	-310.935212
1653	-157.116735
1247	-325.770105
3009	-307.265383
92	-301.343578
3878	-360.554015
339	-356.705991
1935	-361.677841
1011	-310.942660
2953	-348.047609
3654	-307.541973
3162	-324.546164
1046	-271.618580
362	-289.871990
2403	-326.955365
1405	-361.711854
3337	-286.438448
2864	-340.658990
899	-321.230055
3420	-306.358581
619	-325.787161
2712	-274.985024
1695	-344.411060
3683	-308.510782
3238	-340.667053
347	-309.687405
3024	-251.729571
423	-304.694187
1264	-324.536694
3782	-262.035127
2531	-157.115484
3630	-287.660591
122	-339.419649
1380	-288.625728
1780	-345.606551
3247	-360.531175
2916	-340.655601
3490	-359.315205
3076	-247.198000
1597	-336.805704
3419	-335.590859
2364	-360.507160
1740	-376.599676
3910	-309.703111
3854	-346.867382
3877	-340.623773
1985	-339.481708
1217	-325.773675
388	-340.594424
2947	-355.510313
1062	-324.496997
1636	-233.551389
255	-309.672030
581	-287.683128
3370	-396.486664
1582	-361.735290
3188	-325.807242
3518	-340.655390
2256	-303.503801
1425	-288.648476
49	-396.507540
2649	-381.581036
1239	-356.710448
2200	-344.426799
2079	-363.517297
1158	-268.251114
2640	-398.880824
663	-323.347275
68	-286.519735
990	-309.684377
2021	-346.818246
1923	-287.427777
1845	-302.309526
2366	-286.466852
1591	-249.397368
1343	-310.895432
3119	-301.090914
731	-355.501990
473	-346.828378
2147	-382.781806
1826	-285.242094
2963	-287.651399
1899	-308.478846
998	-302.306196
3510	-340.674744
3590	-340.660106
2553	-302.545562
1479	-309.677142
320	-232.333410
3001	-270.386138
911	-356.711832
2982	-325.722723
2667	-308.455402
2357	-325.754267
2172	-308.472272
691	-361.734668
2960	-271.360631
2559	-319.571638
2666	-303.423742
1486	-380.373644
1202	-361.725394
336	-308.524858
150	-309.732713
53	-285.330157
1673	-309.733829
1655	-338.217210
2393	-324.608961
903	-309.685872
1337	-286.498779
2339	-326.954728
649	-340.685408
3446	-306.044918
2579	-273.765811
1992	-325.723538
2463	-288.576502
1441	-303.469082
1411	-327.023352
2596	-339.467484
1981	-306.313924
1746	-396.470299
3738	-274.982053
2776	-313.573888
2298	-270.396464
632	-361.705069
2077	-309.736028
1231	-324.569596
651	-232.334436
2679	-312.130526
2888	-361.704536
2443	-288.547509
478	-119.052475
934	-345.650323
1489	-266.777425
2229	-319.560814
3257	-308.472221
1079	-287.347000
1934	-341.769746
411	-397.680771
2377	-236.916033
2000	-309.736479
71	-346.864282
3937	-361.713179
389	-271.336957
1280	-356.683566
215	-356.645883
569	-376.620836
271	-361.759779
2723	-324.554067
2707	-310.915408
1748	-288.688929
2831	-356.723059
3185	-348.053386
773	-309.674485
735	-309.716570
3662	-360.469577
2739	-362.946034
1691	-272.595294
3605	-372.755216
3581	-319.540355
2576	-306.418503
118	-352.905052
356	-372.741729
567	-339.489014
3386	-309.684862
2363	-324.610150
2812	-381.619786
1819	-249.292101
2400	-345.592410
1773	-304.696646
2646	-325.800095
3163	-319.610683
957	-360.490486
3326	-381.616196
701	-265.396194
343	-360.502305
1026	-325.765414
595	-340.652012
2346	-310.909551
465	-266.553159
808	-320.774349
507	-309.697879
3397	-356.702115
3233	-304.691526
228	-346.859384
2609	-322.351046
99	-336.813559
475	-304.691568
2905	-307.206439
871	-309.680919
109	-158.340943
1320	-340.656628
19	-309.720734
1872	-272.566631
2759	-393.905418
3935	-289.875063
1701	-344.428649
1336	-334.362330
3169	-310.902849
3031	-270.411205
1256	-312.119596
3449	-297.510804
2978	-340.669862
1682	-269.215705
1226	-195.226072
2458	-361.683558
482	-272.599303
3322	-272.536448
847	-324.608363
1334	-273.765782
2327	-381.624797
3384	-357.949026
862	-361.764434
189	-322.167165
1565	-325.735821
700	-310.938181
1290	-345.660459
2652	-317.377404
989	-272.839582
1277	-309.706892
1586	-272.837559
3843	-309.717869
2842	-308.450204
2752	-381.632242
3632	-340.612805
3474	-309.730988
218	-285.311823
1475	-362.957353
629	-309.712115
483	-309.705795
2372	-322.217569
33	-264.504487
3673	-309.691463
2772	-343.232602
3792	-360.525610
2361	-304.727460
873	-273.763068
2073	-345.600119
2406	-306.386594
230	-271.617434
3506	-320.804155
2941	-340.635024
1559	-380.372123
2001	-346.833365
354	-285.174014
2769	-376.563238
3008	-323.359336
587	-307.283919
1658	-287.337578
160	-309.685140
642	-234.476516
3275	-308.757315
1879	-288.594527
2529	-229.969129
2632	-306.344083
374	-372.796889
2619	-326.939536
2853	-325.794835
173	-396.486463
3856	-306.313590
2381	-346.856604
2852	-274.986857
2313	-312.122262
3450	-382.824468
93	-340.615011
1804	-324.542706
308	-303.428586
3922	-270.394284
1716	-325.784331
1030	-309.683546
1905	-231.145151
1510	-322.425235
582	-325.833302
1082	-310.901659
946	-324.577279
3806	-309.676410
284	-360.500454
2767	-340.635968
1498	-340.654582
635	-324.578381
1778	-305.036659
3897	-324.519277
242	-340.623533
3811	-274.982348
2490	-343.078368
2510	-325.797299
3641	-360.485033
3153	-340.622406
1328	-376.531779
3144	-308.472241
563	-345.644179
2100	-343.199390
41	-345.649146
1240	-310.907666
1163	-397.709232
412	-372.768039
2838	-324.547436
613	-309.689486
1325	-356.758284
1424	-212.438188
2766	-285.279992
3359	-325.733758
2498	-288.539500
3526	-249.285024
3847	-356.693135
1091	-309.678344
3015	-359.362011
3382	-341.145624
1344	-341.767606
1010	-340.666160
952	-325.717725
1907	-346.819476
2326	-320.768781
3820	-340.655117
2547	-323.328581
246	-313.537245
262	-345.647032
741	-344.434318
2338	-268.888303
530	-360.503506
1852	-309.685790
3103	-340.631134
3582	-344.436500
7	-309.722879
2297	-322.412936
2264	-346.831590
1742	-288.583008
3158	-269.271320
1186	-359.296697
764	-233.560626
1938	-341.826148
1767	-285.277900
3208	-288.572843
2271	-310.916474
963	-345.645239
1302	-339.445855
661	-335.635079
1183	-325.750970
3377	-360.549337
2637	-325.687098
3614	-288.627505
824	-310.952875
1513	-306.368494
2132	-377.826580
3306	-361.650084
2388	-309.695742
2478	-339.450173
3924	-270.393737
293	-377.807580
858	-340.661797
2603	-341.863083
2330	-287.681216
1230	-323.396217
3791	-360.491959
2261	-233.260156
3956	-345.698757
617	-376.521083
485	-250.585183
875	-376.554863
822	-336.845442
3652	-361.720088
104	-360.574432
1958	-340.595950
2876	-360.574465
3608	-372.729173
3685	-381.602419
709	-286.134079
2843	-308.509454
3920	-319.574905
2708	-308.512758
2522	-307.545457
3958	-291.015785
499	-340.611683
2257	-307.238509
114	-361.772743
238	-233.253760
321	-324.604397
767	-346.861463
471	-324.532283
425	-289.769718
1205	-304.682331
2046	-286.493052
3190	-232.325947
123	-269.263476
3552	-325.793166
2773	-325.684055
1041	-371.504707
3242	-397.707881
1234	-325.796704
2684	-310.940657
790	-341.836780
3833	-324.559324
1168	-308.454820
196	-341.759398
2509	-344.380267
3084	-325.781161
2911	-289.871661
3643	-309.660190
2926	-320.764569
2126	-270.399529
2191	-359.317050
2036	-309.733888
2877	-324.556404
1794	-325.712420
165	-327.013034
3626	-310.902465
3881	-357.951284
1403	-308.462299
2233	-319.556235
3340	-229.879598
2227	-356.712771
3291	-362.911941
647	-338.268974
16	-273.806874
2457	-382.757134
1188	-306.054267
460	-360.488733
1024	-302.535621
3267	-320.776472
1853	-359.314227
3729	-376.562796
1881	-361.772040
2633	-324.627681
2832	-250.585843
3046	-322.057728
2199	-377.815601
1278	-362.942040
3390	-309.736085
806	-308.768073
3307	-318.647923
239	-270.446608
1702	-251.727632
2942	-325.778444
781	-362.918463
25	-309.712046
3520	-325.752207
1918	-319.573117
2512	-346.823548
3634	-340.646592
2915	-344.371144
1272	-308.486687
2643	-372.711859
1816	-344.357220
3981	-249.257629
2872	-288.581144
2239	-346.823312
1388	-250.583643
1628	-345.637174
884	-276.202586
3264	-307.260972
923	-322.135797
756	-325.798888
1174	-345.614442
3596	-285.328258
1125	-285.292217
70	-346.874234
3423	-308.555641
2112	-304.729640
1474	-340.654517
2821	-308.511516
2428	-309.682996
3549	-323.437779
1385	-309.679840
3393	-359.297522
1975	-341.829025
56	-345.599154
2519	-323.585680
1069	-375.370023
3473	-360.527434
958	-302.599262
151	-270.397623
65	-312.125621
1979	-308.462923
2085	-309.695312
1617	-355.508183
671	-310.897268
2096	-345.661705
3880	-357.942023
1902	-324.615795
1429	-288.579114
201	-308.561649
3404	-309.733988
503	-355.514134
248	-339.489875
2863	-287.423372
2380	-327.025010
1448	-372.747155
1193	-324.550139
820	-326.934229
1563	-376.575382
464	-324.485629
612	-397.697891
1920	-361.714679
1908	-286.508233
2450	-312.124760
1796	-307.536544
2469	-270.392444
2195	-289.873479
3737	-361.714817
1480	-324.584824
1341	-301.373831
1707	-288.590006
1579	-288.589020
1537	-309.692993
1477	-303.462312
3871	-346.859809
413	-301.369263
2130	-271.612772
1476	-308.455419
3252	-340.610842
2080	-325.793131
2696	-353.269456
3728	-234.474951
43	-319.572842
3127	-327.010419
1130	-346.826923
1993	-339.504090
3842	-376.587741
2525	-324.569051
706	-303.481839
3055	-285.313284
84	-345.610574
260	-359.369049
3559	-309.721434
212	-324.605613
1216	-308.465534
1727	-324.606977
3481	-357.941534
3379	-273.761967
1964	-309.726463
3620	-359.351415
3607	-325.801523
3600	-325.781571
2401	-263.280728
1433	-325.729800
2518	-360.566272
1238	-360.499088
490	-231.142581
2865	-342.307696
2144	-324.574829
2944	-309.687280
1864	-312.133063
1245	-310.907810
3432	-297.523580
75	-381.566310
3882	-194.261089
3797	-376.587519
3402	-234.522504
772	-381.599310
2235	-318.409670
1705	-286.218259
1751	-339.469166
3485	-324.614459
2841	-360.524422
2328	-320.732586
718	-392.601894
1868	-326.949224
1909	-345.630398
3260	-345.595084
2176	-345.608670
2908	-271.620997
5	-351.628383
2621	-305.145002
652	-345.620593
660	-271.630416
1589	-324.608694
87	-490.834069
2303	-309.719920
1466	-340.657975
1578	-233.217482
2189	-325.762375
3409	-356.696744
2857	-362.899149
3952	-269.175627
80	-392.672883
1576	-247.184334
2502	-309.685960
3863	-346.804974
930	-346.898838
2171	-359.346839
1648	-345.660642
3309	-274.989422
995	-360.542928
3365	-396.458774
3170	-271.626697
670	-324.618078
148	-345.629933
1850	-323.407987
1040	-268.307873
655	-325.771459
3284	-343.290242
2885	-309.686862
759	-398.888473
2514	-354.197108
1324	-270.399280
1596	-492.022084
15	-288.542593
3772	-356.752251
1248	-304.732336
1162	-309.684472
3861	-234.486176
2156	-346.827596
1064	-276.202311
3418	-308.467120
3129	-361.692023
1539	-382.755486
2868	-270.407057
1808	-356.676972
1787	-325.795649
3822	-309.665941
985	-320.770329
1955	-339.498757
3769	-304.586424
2162	-340.613712
1468	-345.650338
64	-362.945802
2655	-235.723792
1314	-324.460304
3206	-346.853173
385	-305.159206
2146	-310.932540
2899	-310.930659
3648	-324.631468
1570	-325.783642
1799	-346.861635
949	-344.463502
2909	-361.687451
2735	-309.690179
1170	-310.895183
550	-319.568017
2856	-376.586976
3653	-309.763576
3836	-346.833711
3118	-236.917873
3934	-381.630276
1184	-286.506282
3787	-381.580675
1095	-324.603415
1034	-356.732791
2267	-291.016020
2048	-235.699029
3277	-354.254979
1286	-310.906869
1921	-310.904960
1006	-336.843788
3807	-361.706503
2589	-361.718361
2861	-288.654312
429	-288.570364
3060	-270.441145
1009	-266.763445
3674	-309.731169
2855	-268.917900
1116	-356.691214
1035	-284.385189
3502	-376.564063
409	-306.383308
3875	-309.655400
848	-309.744522
44	-309.735489
1075	-325.751822
3341	-291.021228
360	-346.890881
194	-308.496245
2042	-232.364952
1613	-346.890723
3079	-270.401391
348	-196.432825
645	-308.540795
1600	-249.301818
829	-310.909285
1057	-391.518453
1013	-271.300649
3480	-286.460642
769	-271.361537
359	-346.832402
1560	-340.645686
1242	-308.508254
534	-324.575799
1738	-273.759338
1518	-309.683200
3194	-301.367422
1928	-326.927990
598	-193.088340
2183	-339.459869
2301	-324.616647
2007	-308.499105
1179	-343.195060
2814	-325.804528
2099	-288.573876
2304	-286.431160
2472	-209.159302
1451	-348.052763
1523	-340.646229
1436	-375.359407
1369	-392.662003
144	-271.323089
3923	-309.737951
365	-361.740208
1665	-336.802871
1047	-346.836177
3677	-307.571921
811	-304.567859
919	-272.589999
2086	-308.486338
2724	-376.591176
1823	-340.656176
1348	-309.683859
928	-345.665412
2312	-344.416076
3312	-323.647099
2306	-287.354343
1218	-287.431740
1652	-301.316399
982	-307.235414
2379	-361.769162
3723	-345.597175
42	-376.564691
1145	-312.129019
3347	-286.510514
319	-352.845678
2394	-355.446449
3707	-271.620156
1726	-381.506605
912	-323.344400
2743	-234.516409
3931	-288.683173
2299	-280.273691
579	-281.480583
1779	-288.583563
3814	-361.745554
245	-340.656722
214	-348.052027
1257	-346.855622
36	-344.382282
1580	-271.339821
1835	-376.631067
480	-325.760797
3972	-359.339915
1910	-326.978724
976	-382.776658
2076	-274.982287
378	-356.705084
1329	-309.710338
2569	-281.476967
2090	-308.473428
86	-190.624631
2180	-340.665904
2416	-344.406447
1133	-308.517070
695	-345.700085
2075	-345.606444
3511	-324.552260
1191	-360.510716
2409	-324.595526
2720	-231.102112
1086	-272.587059
830	-320.767103
2989	-287.317913
3251	-306.056425
3563	-227.798785
3027	-336.811099
1798	-312.126342
3131	-303.560907
2750	-268.301176
1871	-306.406578
400	-376.570473
1342	-361.712098
120	-323.345161
1283	-345.605635
1585	-360.545832
3007	-319.573727
237	-268.287661
1668	-344.433140
1367	-325.812267
531	-226.107205
584	-309.681686
326	-236.917664
1045	-344.449852
204	-287.353313
1268	-344.411146
62	-309.677968
1300	-324.595031
1390	-340.660793
1625	-320.776082
1679	-288.576381
3475	-321.247305
1609	-210.001565
1143	-367.635675
3218	-325.743746
2898	-310.940190
267	-345.641113
1224	-308.420805
2715	-345.709596
3089	-327.025329
1073	-233.249538
3667	-249.293044
3243	-377.816466
2966	-308.428791
2310	-338.194242
1644	-325.774769
1945	-361.754136
219	-307.221351
1946	-346.841836
3640	-309.692577
541	-325.714161
426	-362.933001
2161	-361.735863
1457	-288.573089
1752	-296.265627
2811	-326.944158
3327	-348.059242
1856	-321.958301
259	-309.735245
779	-356.732185
1747	-360.559076
3248	-322.477268
2745	-322.118085
1431	-344.392695
13	-360.526646
2683	-309.686061
2158	-340.663379
1172	-357.927353
870	-345.646965
278	-397.667072
59	-248.430371
600	-268.859550
2850	-288.580309
3193	-320.725883
34	-306.355655
1675	-271.277972
2460	-345.631797
2483	-322.158791
755	-324.568345
345	-309.704732
3725	-309.710255
3107	-281.504745
2018	-286.492357
2370	-360.496984
318	-310.954514
1968	-324.538807
2089	-308.469081
2962	-309.686114
1571	-470.915515
3522	-309.691414
783	-273.806375
1461	-346.899170
1364	-267.963366
2627	-235.695309
2038	-348.056093
383	-361.702346
3318	-308.513124
3439	-301.389192
1553	-323.448965
3385	-324.583090
369	-361.733362
1838	-356.685238
1696	-320.785074
948	-336.827390
1629	-272.526778
2250	-339.462492
521	-262.065493
3255	-345.578846
50	-357.934562
524	-308.507004
3106	-273.735646
1076	-361.656187
3343	-320.735225
1416	-308.514570
1223	-324.586663
1833	-302.579718
816	-356.748545
3349	-207.916786
1419	-344.350927
540	-346.830523
537	-361.731930
2912	-346.883119
169	-309.688569
3315	-269.176979
954	-324.612244
1115	-325.773014
1292	-323.652284
3543	-287.318584
1626	-345.619567
917	-323.320690
1730	-345.663299
1482	-312.132386
1809	-324.559733
2444	-318.641916
689	-341.818686
1159	-325.779568
3493	-232.333258
2192	-307.232824
2496	-326.954795
3796	-341.875439
1023	-309.663477
3625	-326.948771
800	-324.611571
1862	-319.615129
481	-307.573371
159	-273.773408
877	-359.317823
823	-361.732840
3250	-360.517106
3985	-324.548763
382	-344.494711
883	-340.647778
1891	-323.382399
2124	-345.600825
3124	-308.562031
1150	-308.551121
927	-340.676668
1279	-377.837977
113	-360.478880
1594	-323.433551
394	-344.385642
2820	-308.557865
690	-375.420808
2118	-324.560961
265	-236.916125
141	-287.734664
728	-309.678404
1603	-232.363630
2168	-310.899911
845	-40.478930
2374	-285.279236
287	-307.560718
2251	-430.448052
3254	-287.469473
1712	-345.612640
2788	-345.596027
2523	-344.512144
1817	-339.459612
185	-361.726913
2591	-325.773278
2791	-194.254127
2900	-272.554670
3848	-324.564634
2091	-346.904050
3553	-346.830674
2349	-301.357553
3542	-344.409533
594	-325.809558
743	-309.719124
2669	-309.763785
2697	-360.495788
2097	-345.639692
3268	-324.562156
966	-339.467091
3719	-320.742924
3424	-348.051118
1927	-361.739999
1352	-304.677606
3927	-323.326298
2825	-360.576433
924	-324.528533
3298	-345.599182
1886	-302.286171
1980	-345.680616
2809	-344.506029
3037	-288.567911
2106	-286.476486
2793	-306.384286
1481	-376.634518
638	-345.695868
1407	-235.694798
1610	-196.406419
1371	-288.596392
1372	-381.574124
2813	-232.063900
1745	-264.171923
505	-338.531538
3067	-271.304881
696	-356.709466
3470	-416.814878
3879	-339.483894
748	-324.572987
3801	-310.937414
2678	-285.255563
175	-361.754326
1426	-381.607770
2037	-345.620113
2182	-340.610000
489	-356.745773
3115	-340.620294
3913	-308.551230
740	-344.452972
101	-324.507184
744	-249.332005
945	-264.243028
157	-376.519880
1147	-304.755780
3156	-362.941094
935	-269.154939
3701	-248.211932
3919	-304.721921
3938	-345.645388
450	-235.729507
520	-309.720011
3899	-337.265273
1361	-346.840635
886	-304.728323
786	-307.544728
659	-326.976670
3823	-303.527274
3587	-322.421320
1017	-308.419735
3531	-344.458268
379	-391.337881
2713	-310.904631
1692	-362.862736
2786	-327.009009
3905	-395.515911
143	-302.355005
2319	-271.316064
2008	-336.802659
2283	-231.111403
1897	-197.629387
1843	-362.899677
2314	-345.658870
455	-340.664551
2043	-344.484341
1967	-288.573475
3226	-339.491316
3372	-309.705858
467	-273.793804
3479	-265.289023
3261	-232.025930
3888	-323.359825
405	-273.804251
2564	-325.789398
1988	-312.124451
1854	-382.743932
3693	-273.779498
1733	-322.169100
1027	-360.529992
9	-344.468531
1198	-308.449457
3042	-269.468415
3800	-346.862839
3077	-336.822591
1963	-325.761942
2674	-342.352279
3065	-344.486202
3610	-360.476593
720	-381.594735
3244	-323.320332
860	-397.697425
2645	-362.923114
570	-275.012535
2782	-340.664407
3104	-310.941183
1019	-327.016183
355	-273.761263
3203	-308.459279
1263	-345.642008
1619	-340.600021
420	-362.950092
599	-343.312201
1472	-306.080007
2733	-310.940764
3775	-324.576188
2984	-362.935648
3803	-287.351460
1924	-340.591587
2952	-308.511290
2295	-305.898313
3045	-310.906568
1528	-360.446475
3428	-288.564752
3819	-397.692021
3859	-308.499978
2179	-361.698233
994	-323.428670
434	-338.195462
3004	-288.652346
1496	-268.248371
1813	-307.550360
1581	-345.660520
1177	-325.808092
299	-195.196751
2650	-361.727711
2688	-284.964138
2976	-356.737615
3821	-308.427345
3070	-281.491976
951	-307.548619
2390	-270.097243
904	-345.608456
286	-324.563745
102	-307.230370
3100	-361.716824
3517	-396.475511
1693	-234.474613
3363	-345.658313
2017	-310.940345
2956	-360.528914
1536	-324.492974
926	-345.680086
3138	-345.651520
2413	-345.604177
2279	-309.711101
641	-322.439472
561	-264.226909
953	-392.650949
1810	-288.653294
3644	-345.587398
2285	-340.578657
2350	-341.853951
90	-327.017113
458	-340.699868
2420	-340.625366
1204	-361.704371
712	-294.081616
1966	-302.558699
1310	-307.529289
3825	-93.411888
2386	-352.829520
298	-377.795528
1100	-380.373569
606	-343.235457
3857	-340.686134
2140	-325.715372
2780	-272.545389
2177	-346.868453
3202	-310.908741
532	-344.369744
2917	-267.068488
3090	-287.362939
2196	-338.559964
3352	-272.834623
2789	-340.629283
2935	-297.516418
3035	-344.404557
3469	-356.686540
1206	-342.315546
1332	-209.144909
1627	-301.363590
2133	-323.338627
486	-288.678720
2385	-310.911571
1925	-309.677276
1484	-273.817328
1694	-273.743311
2656	-376.622509
3694	-338.246643
1703	-286.154755
1564	-288.555332
793	-326.950540
3564	-303.533472
1052	-361.770383
335	-361.729115
3804	-324.573632
3491	-361.750275
3979	-345.651111
3444	-289.794376
1999	-233.547877
1131	-324.580815
688	-324.491475
285	-249.362379
3681	-310.914919
2549	-375.410333
551	-382.817123
1601	-345.646864
3628	-272.509064
8	-272.545439
2371	-307.253245
1681	-310.908780
107	-307.580090
3770	-272.544060
972	-341.869909
442	-356.712228
1743	-346.856186
895	-356.728690
2072	-344.431636
233	-301.382062
2216	-308.505718
3201	-346.845480
742	-272.588370
964	-291.014970
276	-380.379743
1207	-324.584396
2830	-325.800699
3963	-271.323381
2867	-361.734339
1622	-346.869712
3832	-346.836423
3973	-356.659922
608	-309.688960
698	-274.985880
1103	-273.764642
3033	-325.785262
2930	-310.906738
2686	-340.697732
500	-308.452306
1243	-323.582949
1634	-324.563073
372	-337.283890
1775	-306.353871
3780	-323.320574
3812	-271.623066
1465	-382.796989
2513	-345.631685
2459	-273.761223
913	-352.855499
1037	-306.397746
2224	-307.568767
3514	-340.654233
3700	-361.717469
1144	-264.255612
1383	-344.398797
1267	-341.841438
637	-360.557419
1803	-270.394458
2896	-356.725069
2425	-322.435505
3114	-309.692389
983	-341.851447
3358	-326.934987
264	-339.450073
1509	-345.612220
682	-302.303791
591	-325.760915
1557	-322.456250
2260	-271.351786
1359	-229.927277
2208	-286.486509
1611	-348.044714
3898	-356.700248
3684	-362.958208
3576	-325.729906
3661	-287.358011
2292	-343.246371
1401	-307.265351
1450	-273.757658
1293	-271.369084
2232	-56.525887
1998	-324.536830
2934	-324.462733
2981	-327.026688
678	-308.506580
23	-304.679494
258	-371.546126
3580	-345.661657
69	-265.441614
1456	-308.496384
2069	-346.855971
1381	-303.795699
2002	-286.504040
334	-245.983375
2347	-308.476587
2063	-344.402806
3331	-233.545899
2600	-307.237880
3399	-307.229313
2890	-309.738198
3671	-326.941692
1885	-345.647670
3463	-304.735360
1446	-319.575102
3496	-302.303890
797	-278.075775
3944	-381.563295
3292	-326.937372
3057	-301.381127
564	-272.569586
993	-317.364547
3545	-310.915918
1313	-324.502042
2291	-286.514923
589	-340.604189
1068	-308.470010
3364	-305.057353
864	-323.337623
3756	-326.943546
135	-301.341304
282	-325.714378
28	-324.630221
1532	-309.731599
3883	-308.516508
657	-270.392759
153	-347.466594
12	-377.816587
496	-377.794221
1463	-362.938449
1686	-288.648208
3457	-324.559213
3205	-341.842686
1671	-309.708282
398	-345.636145
3591	-273.762889
2035	-249.294409
2595	-303.465315
623	-265.457424
571	-339.423497
3380	-345.606939
3270	-273.788787
1887	-361.696319
3258	-324.473847
857	-245.711897
1140	-304.683966
3521	-342.324182
468	-322.150234
881	-234.470813
3527	-309.716030
2138	-340.684371
3788	-361.725962
3665	-323.329494
3030	-324.500475
474	-281.476832
1171	-325.721867
3448	-324.634377
778	-324.573162
172	-282.667163
3688	-322.476720
311	-287.724713
2779	-381.606362
448	-346.831139
2719	-286.477365
2181	-340.656656
3992	-319.576017
775	-344.469204
2087	-286.484121
1109	-333.411326
2886	-324.530742
1926	-273.773955
3618	-309.731536
1894	-360.532510
3321	-251.726162
2384	-281.469893
1758	-271.616401
497	-287.470402
686	-391.370332
616	-345.676243
723	-361.717032
1802	-361.715983
247	-304.688358
1801	-301.335636
241	-309.718177
1096	-309.689595
1199	-377.813742
2689	-309.673807
98	-303.553222
302	-340.632285
3639	-345.680996
1157	-309.691584
3406	-286.459793
1178	-382.751729
3225	-362.875945
112	-340.648166
3747	-324.521162
2740	-360.536920
3784	-344.450127
487	-307.223588
727	-272.562906
2467	-325.805017
3962	-341.865856
3461	-320.776316
1858	-343.238086
3236	-310.912270
3869	-324.525580
1521	-323.665247
2757	-346.855643
1020	-303.566436
1736	-273.764207
618	-308.467888
126	-274.991042
3436	-361.762744
2190	-324.574822
1605	-345.703157
1440	-270.441325
517	-344.434827
1370	-242.180146
1379	-325.731549
2742	-348.048844
2701	-326.942959
472	-273.761356
1056	-271.618179
3773	-345.602641
2348	-285.253877
1857	-307.540766
2028	-346.821466
419	-312.128001
3868	-360.526225
3902	-382.757521
3022	-234.455424
156	-288.654408
380	-307.581989
2764	-195.179738
526	-344.430692
1173	-344.465017
3313	-360.526364
2424	-273.764093
1525	-345.608193
3395	-248.436061
361	-376.622353
2421	-249.395323
3455	-270.401061
3099	-324.530718
1851	-361.717868
1704	-274.984793
844	-324.606050
955	-345.632414
2586	-191.810916
3237	-303.553222
2398	-319.533364
1049	-323.336196
3565	-286.474509
3906	-309.685651
3501	-318.409788
3116	-312.128429
2122	-348.040439
1996	-356.687774
2928	-324.540084
2052	-325.809179
2614	-232.164586
350	-320.793580
3870	-345.605387
3486	-437.484875
1944	-325.796840
2994	-345.597078
1624	-340.670034
3025	-324.573338
1391	-323.317575
2276	-309.679242
865	-304.728720
882	-169.557758
2308	-324.460752
115	-356.682218
2395	-297.523583
353	-197.632222
3429	-274.987297
3519	-376.604739
602	-275.010289
1669	-287.426878
3726	-382.754967
1051	-346.860404
3263	-285.326726
2765	-381.546975
2329	-324.557240
3978	-282.861121
2608	-306.369631
3761	-352.866322
1120	-353.283458
794	-248.143861
2210	-325.710772
3535	-323.235679
3381	-309.731402
203	-340.663148
1595	-309.686571
2462	-325.752244
2542	-326.951186
166	-325.729970
1452	-308.467331
2783	-272.537685
2933	-360.538112
111	-344.470970
753	-361.710299
2503	-345.653983
3507	-376.594067
2236	-235.698987
2429	-306.081547
3852	-361.710525
1227	-322.155306
3597	-360.539435
1630	-323.431776
2452	-344.424745
3274	-196.407957
3160	-362.937857
2837	-325.730097
220	-276.205821
2405	-318.344936
3810	-372.726782
2353	-281.504579
198	-303.934323
3891	-346.821929
1029	-325.751230
3595	-345.600227
2185	-344.343476
970	-310.911364
1261	-268.282665
97	-286.495035
552	-340.639366
252	-305.913756
1965	-288.555445
2071	-246.029150
2244	-414.351653
833	-325.761605
2015	-308.518276
2102	-361.723581
3566	-325.830752
202	-226.160842
2818	-335.618370
1708	-324.502429
707	-381.585428
611	-248.364357
3540	-321.236907
3612	-309.738513
2974	-396.486691
280	-271.324234
704	-235.696677
3136	-340.660061
2369	-273.760271
1991	-285.282532
2217	-344.408081
1552	-346.865957
825	-340.536374
3786	-308.759185
2829	-340.622886
0	-351.615495
843	-308.437835
216	-307.283509
1394	-396.500849
2957	-323.644468
3980	-372.708066
3189	-324.510378
818	-387.475673
1195	-285.287913
3329	-310.909123
1825	-271.656372
2565	-345.591597
3069	-346.878430
975	-357.171724
2013	-343.195410
3389	-309.689740
2167	-309.681554
2221	-308.512137
229	-361.648305
2997	-380.371074
3111	-318.340705
3059	-363.508158
2201	-452.728039
3876	-304.574737
1117	-345.566120
1874	-416.367317
451	-362.932378
3417	-354.292460
1308	-341.814212
2634	-326.927446
676	-272.584377
1888	-276.201993
969	-325.797425
2294	-341.831947
2907	-344.466563
1032	-346.816694
3018	-345.638117
221	-310.917273
3928	-377.799358
2616	-272.542567
1368	-288.584029
3302	-324.577047
1395	-375.348487
907	-381.607752
2685	-344.426408
477	-265.399968
3916	-273.810780
2727	-271.330291
2584	-360.567154
1771	-287.657053
1989	-287.426977
3732	-320.774305
1932	-310.911279
2938	-346.875201
2590	-340.650928
1913	-310.912131
2998	-246.027383
2849	-355.442748
2129	-356.722498
3314	-305.846541
91	-275.011437
2822	-310.902197
1386	-362.967171
3567	-309.693494
1554	-320.728167
2562	-375.357530
2505	-344.440744
2612	-345.627545
2127	-308.519863
2644	-320.786990
479	-77.308427
3217	-306.392828
312	-234.485640
1721	-339.479764
2152	-308.540101
3827	-270.435807
2088	-362.871515
3149	-372.694726
1119	-304.733360
103	-291.024232
3441	-372.686714
3989	-272.542369
1725	-360.495137
914	-361.707841
254	-285.284456
891	-325.767721
968	-308.470667
3110	-236.917458
545	-356.698773
300	-324.602433
3253	-281.476938
3615	-210.071468
2287	-310.905485
2771	-310.910278
2094	-325.812885
2418	-304.734646
2300	-453.655583
79	-324.605178
2019	-340.659620
139	-338.257996
3659	-340.683837
305	-346.859213
1285	-346.860450
1788	-345.646841
940	-325.787515
469	-325.775843
3606	-310.906553
809	-361.738091
3604	-273.812100
1861	-235.696852
2365	-345.689766
250	-360.538828
745	-344.464270
1176	-288.584832
3295	-231.069318
1048	-286.495416
197	-233.549368
3579	-356.677429
1724	-381.594558
401	-325.712603
314	-233.255379
3974	-323.433262
971	-324.624537
149	-380.415966
1353	-359.297643
392	-345.637570
2748	-321.271406
542	-382.793238
956	-230.183076
3425	-324.547564
2533	-265.438520
560	-344.385047
162	-232.324966
3824	-302.288055
1890	-371.608385
3846	-318.393987
2615	-360.501085
1866	-310.940708
1208	-345.608535
3551	-345.646761
3427	-325.793904
2194	-273.757530
729	-343.084333
3102	-310.903589
3758	-272.557350
2887	-345.641890
2101	-361.717364
2335	-346.825562
3508	-309.675176
3241	-319.515995
2047	-286.246880
3020	-287.430903
1718	-356.706262
3664	-269.219315
2756	-153.742562
2173	-304.678340
3789	-273.762938
796	-344.453746
3132	-309.670613
164	-340.675814
1971	-362.906662
1499	-320.779994
2025	-249.363808
3367	-269.216969
3172	-274.982310
746	-273.802095
801	-273.763117
960	-310.940611
2278	-345.650717
2149	-341.878745
3830	-346.817778
717	-380.401348
760	-324.605411
683	-348.060054
1876	-251.732828
3602	-361.683811
3414	-285.313674
1569	-234.503085
510	-234.491176
2687	-377.816463
1519	-352.874613
1807	-344.469516
3166	-326.949535
85	-272.550580
1346	-308.542644
2660	-307.582044
798	-208.842347
2597	-412.494644
1273	-355.513035
577	-343.087962
484	-351.639205
1410	-273.759553
3096	-338.175960
1659	-487.002792
2479	-271.622821
1714	-132.718150
1639	-345.640072
1604	-347.456674
2711	-322.460671
3949	-359.301320
3516	-324.634527
2965	-344.689237
89	-249.259410
1453	-309.720334
2694	-317.396153
2563	-247.215049
2970	-339.501361
1756	-326.935440
1201	-224.944660
2893	-274.985796
3224	-286.504546
1931	-310.900102
1090	-272.500426
2699	-346.864540
681	-312.126544
758	-307.574899
3338	-308.466631
3744	-339.414779
1237	-360.542541
422	-288.692943
2290	-343.224836
984	-248.443503
2455	-344.431301
1487	-345.665813
1470	-272.542270
1333	-270.359564
491	-287.737498
3948	-340.614465
2574	-273.812881
2693	-340.638326
1735	-320.791360
3874	-323.344889
3647	-325.794522
3616	-225.221461
3864	-288.639421
3181	-307.209274
110	-346.869123
965	-323.329385
1661	-322.148261
2451	-359.328735
1662	-377.834156
2320	-362.876210
2456	-345.610758
2159	-324.581067
3692	-281.505078
2920	-326.952797
1355	-361.727678
2959	-289.795007
119	-327.012568
615	-345.676743
1288	-324.635136
1663	-232.351764
1526	-269.267574
440	-307.226474
3342	-153.787612
502	-306.349558
3034	-360.418556
3970	-305.897998
699	-307.243079
1141	-115.679136
3838	-271.318933
2209	-382.781841
1266	-324.582035
2495	-307.596472
3851	-326.998454
96	-375.359188
371	-380.374978
893	-232.317400
2895	-273.764673
3568	-308.468418
2805	-272.587161
2157	-309.686797
501	-345.630685
3120	-309.689111
456	-336.811524
3903	-340.636306
2270	-355.497046
18	-309.719641
3757	-281.482952
2692	-356.663387
2927	-324.500425
3460	-288.678290
565	-356.730212
2045	-324.495988
2029	-380.417684
2736	-310.922181
3026	-250.478855
2698	-344.434438
2464	-297.555801
2858	-346.862070
3145	-324.570872
1373	-324.557383
3324	-345.641848
1382	-360.492675
1990	-281.482892
3715	-381.567301
737	-336.836792
702	-379.000257
1645	-324.477059
3075	-324.616343
1649	-346.868661
981	-303.499320
2487	-361.694757
3130	-270.427802
3396	-273.815873
2476	-346.865438
739	-309.678703
1667	-323.323781
253	-305.838224
703	-340.656580
3818	-308.470796
1363	-355.525451
1562	-309.676327
3177	-287.662612
3703	-287.697316
2243	-340.673964
1190	-377.830859
3921	-343.218379
295	-320.770299
2023	-317.402836
2093	-324.473588
2539	-321.276274
2309	-272.583285
511	-320.778636
428	-324.570042
2875	-344.475122
3656	-310.918831
2606	-323.344105
2578	-324.576080
3515	-346.852204
697	-340.621200
2641	-270.394309
1399	-341.826906
2545	-324.614082
3766	-344.436564
888	-323.328290
1754	-269.221561
1494	-345.654016
2484	-344.359905
1828	-284.993731
859	-308.468407
3073	-309.734862
244	-346.835129
1849	-324.547957
3915	-309.687698
3204	-306.313706
433	-396.498209
1166	-324.576650
3635	-308.475489
2307	-346.859945
715	-285.275928
3593	-304.614300
2828	-232.030352
544	-340.643340
2826	-308.764658
1772	-361.717972
1688	-324.567893
2795	-379.572458
2670	-326.934805
2508	-324.574476
515	-287.727890
1392	-353.321142
325	-345.637577
1449	-308.507220
177	-362.872710
2648	-325.728744
3334	-325.800680
1101	-307.244627
438	-381.565482
2265	-360.469291
543	-310.937295
1326	-266.616319
1137	-271.622539
462	-234.474088
1136	-271.296056
1784	-324.497693
406	-359.295180
1225	-196.409349
1632	-340.673967
337	-312.123120
1664	-310.904974
3537	-346.860694
3159	-324.612512
309	-309.718312
810	-269.144656
1948	-195.158734
2280	-359.345792
2551	-325.792606
180	-360.505528
1790	-345.664882
2333	-338.234590
3950	-270.439135
1228	-345.640969
3603	-326.952955
2081	-273.775864
3959	-305.831035
2554	-345.649886
1831	-323.386306
1063	-265.440996
634	-154.960361
46	-372.766726
3394	-376.613178
3128	-341.867138
662	-341.843824
3049	-324.610004
1877	-287.407788
1657	-338.273162
2746	-247.190194
3187	-272.591906
1936	-360.564423
3691	-352.852117
2318	-348.039301
915	-304.734226
1005	-273.786179
2804	-344.433943
3356	-270.447268
3802	-356.724118
2624	-309.699280
836	-324.606601
2485	-392.676111
2482	-268.321270
2316	-306.361448
3977	-288.552886
145	-310.929561
896	-323.312767
2732	-324.579850
3826	-372.742383
2781	-288.581699
2552	-340.624424
3560	-286.463470
3173	-325.791830
2774	-310.910631
3093	-334.424572
2515	-323.341413
3930	-338.542975
932	-361.764881
1930	-341.835805
2325	-273.732431
168	-325.810050
3982	-324.592116
131	-345.603479
1757	-285.313612
1312	-381.612501
2382	-380.343633
684	-361.753989
2840	-284.048718
3044	-363.519194
3456	-276.206318
3484	-341.890999
2488	-363.508158
3362	-345.632413
3401	-338.175569
3651	-303.463214
3167	-309.688639
178	-188.042067
1869	-269.207716
1911	-272.582516
3793	-381.580932
2754	-309.674575
2288	-345.612787
3353	-324.514429
2706	-345.667357
2891	-308.511094
1836	-268.273739
3299	-325.725069
3718	-195.186772
375	-346.857432
3142	-376.617653
45	-266.615452
784	-377.848074
1349	-286.542391
630	-273.762561
3672	-309.689612
3259	-359.368793
3530	-309.739069
243	-323.389193
3391	-306.403144
3740	-356.684693
3794	-317.361117
2033	-310.919833
446	-305.831164
1467	-345.613895
2570	-324.626187
506	-234.516241
1478	-309.691634
1769	-324.569009
179	-362.928160
316	-341.858490
2889	-341.871347
3002	-269.479234
2155	-343.243883
1583	-345.655509
461	-273.773506
1504	-360.489720
106	-362.952198
1670	-269.230258
3679	-320.794248
1904	-304.752598
1687	-344.407598
2802	-325.804486
3840	-309.681264
944	-320.766684
673	-345.680831
3865	-362.899954
1970	-362.897428
3702	-362.951503
2056	-325.729141
3765	-453.654335
1987	-325.775071
1016	-305.129953
2730	-286.492223
1139	-270.382725
627	-359.304956
2453	-268.273240
3809	-310.902628
2658	-308.461040
1903	-309.678054
766	-312.133805
1765	-285.335887
2445	-324.576679
3140	-284.987905
1961	-197.629416
2399	-308.430606
176	-308.554162
188	-339.406341
1393	-271.647465
2605	-346.869041
2587	-376.609234
2334	-472.135006
3083	-381.591448
2246	-287.318502
2999	-307.237456
1066	-375.344926
403	-272.843742
1983	-320.792773
2936	-324.504178
1301	-309.679190
2924	-348.045292
3146	-289.872162
839	-302.254301
2128	-308.504896
2536	-273.758980
1093	-325.718074
3890	-341.849730
3631	-303.560350
158	-308.540079
2084	-361.708021
2439	-324.485913
2798	-307.259167
3333	-361.709769
1709	-326.941251
2107	-325.766177
1573	-233.255259
2992	-343.202564
328	-310.911163
787	-360.525379
3223	-341.794931
1821	-308.473320
2585	-249.269471
323	-309.647349
519	-309.687078
620	-346.820834
666	-381.593528
1246	-318.406529
3578	-286.432515
445	-319.610687
1514	-320.781098
1338	-320.793141
3835	-309.693085
182	-324.474954
3152	-335.591582
3303	-272.589883
2691	-308.505543
207	-285.281032
39	-340.687222
408	-208.863267
1421	-360.526142
2882	-322.444150

file identifier 	 test data 	 predicted
1185	-324.558175	-296.328523
2851	-356.699504	-347.926092
777	-307.544712	-250.415400
2604	-304.743934	-241.401476
909	-325.789320	-315.355093
3504	-308.561061	-275.062307
3348	-304.715963	-238.914146
3289	-270.437636	-239.174478
826	-248.137789	-215.393720
3375	-324.594534	-307.925371
2435	-229.013797	-199.500615
980	-356.743821	-341.989393
1608	-361.758032	-334.677144
548	-233.555951	-214.023627
3690	-346.829378	-287.992658
2197	-309.684327	-291.081460
2082	-302.567313	-263.556328
437	-309.705971	-277.397785
1200	-346.908492	-290.626433
668	-267.103350	-209.758249
518	-289.791234	-252.523295
1151	-392.620909	-392.572700
147	-345.615452	-285.681865
1469	-324.444698	-296.109669
1939	-242.205627	-214.793193
1430	-361.720960	-334.704529
2906	-340.657508	-300.768070
3300	-344.499155	-280.451206
368	-345.595021	-295.527249
3207	-355.520098	-343.636892
2638	-309.688194	-287.681025
1114	-302.353948	-232.146668
3036	-310.907823	-289.877343
2823	-309.730966	-286.947588
1462	-312.136049	-291.392457
1744	-288.535621	-253.375242
2095	-348.034975	-300.864100
3675	-360.534222	-328.225282
3727	-285.317454	-273.437112
999	-308.512721	-273.973565
3415	-308.495275	-280.554837
2315	-273.793520	-240.486137
1566	-380.438011	-328.898057
1680	-377.842223	-340.321796
2166	-343.239068	-280.362865
2016	-308.569875	-283.584790
605	-456.103432	-460.748895
2277	-383.973315	-336.583706
3968	-287.425634	-259.187160
1081	-310.912796	-288.875882
3697	-312.119261	-285.442560
1919	-407.364323	-392.299575
2613	-338.214346	-300.871729
1180	-306.364186	-244.528892
3585	-308.497008	-286.866020
3572	-322.172641	-299.504369
774	-395.551843	-394.436652
2255	-360.513163	-328.106174
2753	-310.904304	-289.819910
3216	-344.380260	-284.623095
1631	-345.642285	-289.452780
2202	-324.602888	-310.724233
1255	-381.635881	-327.888500
1420	-286.516174	-277.582978
2967	-305.841708	-243.319123
3709	-340.613243	-303.895129
2174	-324.606491	-310.375905
1182	-304.738393	-241.873583
2611	-346.824672	-293.411281
1294	-345.612830	-280.348159
3714	-265.398572	-203.288218
3086	-360.507527	-321.863719
997	-361.688335	-335.232957
692	-362.917261	-337.603058
1358	-340.682075	-304.826536
2497	-325.763216	-326.553677
2592	-308.486071	-277.210616
3458	-345.693035	-286.283088
1878	-346.819711	-288.687934
1515	-360.502298	-330.607623
3011	-310.902708	-276.370775
1976	-346.831692	-293.415931
367	-360.491873	-328.996219
1635	-360.520081	-329.943071
2500	-286.498235	-275.496046
1414	-377.797879	-344.817800
128	-303.785832	-268.027592
885	-324.623780	-299.695868
2242	-362.870426	-342.188929
1356	-271.372094	-238.524399
2103	-346.834331	-290.178049
841	-361.736259	-329.186946
1464	-381.610550	-329.533987
78	-270.472470	-247.929983
1134	-343.068226	-317.849242
1906	-324.613156	-311.539581
2925	-301.394865	-268.118274
1962	-382.756724	-329.778289
1084	-309.711894	-279.278790
2535	-272.835594	-247.996985
3873	-348.051405	-298.169861
853	-76.404702	-51.328114
2961	-348.061993	-288.862536
3947	-382.782251	-334.121068
2859	-362.909074	-337.225011
200	-345.625804	-284.800210
2524	-392.642251	-395.588213
2796	-345.678871	-284.328135
2560	-339.452794	-293.316430
918	-310.917344	-279.059103
2407	-377.829134	-355.767129
1318	-310.897519	-279.125968
1156	-154.972731	-122.254715
3010	-361.720579	-336.559255
3828	-288.650589	-265.418968
3987	-324.506120	-315.588584
1408	-379.527030	-384.031451
146	-377.813815	-343.556450
1008	-248.448467	-230.400649
556	-272.600604	-241.502499
2136	-263.278851	-230.782623
470	-303.460335	-235.575503
3942	-287.507193	-250.761291
3711	-303.469034	-236.786868
457	-380.372151	-329.483843
535	-248.416462	-221.119011
2123	-327.010026	-321.506302
3969	-324.609784	-312.271825
2422	-325.718957	-312.558914
1922	-248.132701	-214.631056
1012	-266.609146	-206.256933
52	-345.627428	-284.474132
1545	-308.468255	-273.309028
2499	-376.539208	-341.464002
799	-310.910909	-289.712218
2623	-235.700285	-202.853075
2642	-324.578146	-319.970722
83	-344.434906	-281.678371
2986	-340.629609	-312.481450
2806	-234.476081	-202.998453
279	-306.012858	-269.469928
124	-271.621961	-254.522855
443	-325.754109	-317.364679
2937	-324.573883	-315.435277
1547	-335.613384	-309.413223
1719	-232.050342	-194.304593
2716	-303.464433	-236.793452
2135	-346.861074	-288.630242
2848	-339.419688	-299.798124
719	-309.693538	-280.283313
3544	-312.133269	-290.105581
2351	-304.614169	-242.003687
2810	-273.763107	-241.270799
3577	-361.716705	-326.227739
716	-325.758431	-329.489191
892	-288.621895	-262.696606
3105	-346.821661	-294.613283
3721	-284.372483	-283.319542
3355	-345.648365	-286.501930
3529	-341.843027	-316.799422
3513	-340.637067	-303.964016
1503	-327.014214	-336.313230
3183	-345.642870	-283.793081
3262	-235.693825	-203.023379
3134	-271.319942	-239.991551
2397	-308.772292	-250.808907
1097	-325.784473	-322.930032
1561	-325.749687	-314.820657
1454	-288.652757	-267.280211
3445	-286.508374	-276.831536
1	-360.499843	-327.591343
3211	-310.908555	-282.137176
1753	-375.351387	-340.550902
223	-339.501781	-292.280258
2702	-309.685148	-277.129753
1085	-231.092208	-202.074289
1287	-355.515622	-337.067214
333	-308.507517	-278.791187
1021	-232.328175	-202.897958
3554	-309.689751	-281.438178
1895	-324.551432	-304.588786
3047	-285.293918	-271.282193
73	-233.293627	-199.584925
1711	-345.611239	-289.240112
125	-228.992613	-196.927427
2440	-317.433049	-311.808120
1194	-381.612648	-331.688587
724	-320.775720	-285.213125
3366	-323.268818	-290.271168
2573	-307.303421	-269.557608
3649	-343.292778	-277.318569
656	-376.605347	-339.184189
2245	-308.434866	-282.974114
721	-185.648533	-131.486944
3658	-309.682445	-282.060184
2434	-377.845502	-343.444911
1640	-304.583737	-239.538261
2526	-340.601771	-302.892417
1296	-345.612257	-284.588883
30	-325.717105	-310.029181
921	-325.682121	-313.007786
94	-362.955075	-336.036466
3003	-325.798735	-327.633550
2571	-309.686348	-280.048316
2449	-341.841190	-305.405147
2918	-271.326117	-239.597161
749	-249.280474	-203.216716
568	-303.458583	-240.483917
842	-360.514766	-329.257233
2153	-309.673226	-281.195780
1219	-306.334850	-250.789352
1181	-323.657279	-299.268806
1126	-270.392715	-239.854355
2286	-309.728265	-277.911010
3731	-310.913156	-280.106926
3943	-376.602183	-343.792290
925	-307.567279	-257.569651
3234	-287.349937	-246.880024
1146	-339.465889	-294.900414
3339	-356.699649	-356.266619
3368	-308.496367	-287.062657
851	-270.117027	-234.421037
3500	-323.345473	-309.481973
761	-312.126820	-292.171627
292	-308.517192	-279.135359
1276	-340.667317	-297.874321
3965	-273.764529	-239.647218
1520	-309.728493	-288.461393
1800	-212.439286	-169.483549
2901	-318.323005	-289.043923
2610	-309.711468	-279.649378
562	-456.105229	-459.863192
2321	-381.536295	-330.309761
633	-325.759393	-315.686742
1676	-296.285473	-272.459364
1396	-346.886411	-298.490864
3466	-325.794624	-327.717004
2635	-323.324700	-306.090476
3094	-324.601619	-306.602953
2164	-304.744503	-242.022185
1834	-381.615289	-334.411233
3813	-340.620847	-298.931836
1220	-325.800532	-322.272388
3505	-274.983383	-241.018264
240	-286.517094	-273.344202
3403	-339.424322	-298.439596
3966	-376.570141	-351.130733
2078	-324.575989	-314.970658
2902	-271.653205	-252.670386
3421	-324.571081	-306.176727
3080	-344.436248	-279.470219
95	-351.666551	-330.400462
2932	-285.320198	-271.546612
2024	-306.349032	-253.118418
342	-323.351196	-311.371226
3125	-308.510840	-281.616194
2630	-282.871678	-266.038774
3483	-308.500974	-272.704530
3066	-345.688382	-287.100589
1351	-309.733696	-276.822238
2352	-288.589622	-259.831997
1148	-284.062954	-266.066440
14	-302.238859	-234.059251
3754	-324.570035	-305.884659
685	-320.029854	-284.320022
3805	-309.680682	-285.958098
1222	-325.805865	-318.860672
2555	-287.427764	-258.396532
876	-325.807685	-327.713100
1221	-344.436348	-279.813442
2396	-307.546144	-241.652011
1728	-362.942862	-339.083785
2022	-344.425164	-290.989875
763	-308.429953	-278.598773
3442	-381.635659	-331.360679
529	-309.725786	-288.140886
597	-309.683901	-280.613380
3209	-346.834502	-285.352943
1108	-341.839596	-316.670608
1556	-340.659506	-297.097258
2461	-269.170508	-235.334662
231	-346.860243	-291.947915
441	-380.414967	-327.957640
1192	-326.947461	-329.341657
1111	-335.656557	-309.681088
3053	-490.831786	-495.835370
2521	-361.728609	-334.455361
3598	-340.671493	-295.833078
1274	-309.686648	-281.464284
872	-309.711438	-279.306866
1254	-325.753541	-321.927145
1153	-325.764669	-308.310777
2939	-352.864008	-330.735198
625	-308.514390	-277.156495
2622	-346.829131	-293.233461
2044	-373.173910	-363.366214
3912	-308.435951	-281.496357
1366	-345.633122	-284.816595
249	-306.347185	-253.223625
815	-285.324641	-273.996826
1789	-310.905299	-287.430803
654	-309.727166	-289.704387
1447	-469.758395	-471.286153
2342	-309.680487	-282.822574
1842	-362.894239	-344.912650
650	-193.034094	-149.246266
3283	-287.404397	-258.811384
1786	-325.785038	-317.118090
453	-375.430225	-329.187384
3032	-360.508895	-334.854188
1459	-306.320451	-247.590210
3887	-242.196351	-214.630751
1666	-289.872246	-266.356872
29	-344.425700	-283.281418
789	-324.581906	-307.491300
2673	-345.652182	-286.839443
736	-325.799293	-317.273957
283	-355.460155	-337.123637
3029	-285.281493	-269.629790
1088	-291.017433	-255.390569
2311	-193.034988	-155.228793
1491	-344.421383	-280.251291
2263	-274.983122	-241.876959
1270	-307.571937	-253.346093
3584	-281.484877	-245.204064
2738	-324.555069	-317.260607
3413	-308.440890	-282.212384
2919	-340.635773	-303.956687
2731	-272.836211	-250.785874
1860	-308.507458	-277.153259
3901	-346.822424	-295.504189
38	-309.736982	-287.538807
1940	-334.429558	-308.536385
838	-361.709679	-333.506708
3472	-340.657197	-296.655291
757	-345.678211	-286.834616
1389	-272.510742	-236.284418
572	-356.752533	-346.358873
1251	-322.482659	-293.292520
1533	-309.671865	-287.312585
2031	-269.170061	-235.518343
1050	-304.643392	-238.442675
2258	-303.453218	-240.206102
795	-246.023231	-219.896750
2006	-339.486095	-297.893776
2760	-155.908941	-114.322039
3222	-344.494043	-279.689306
973	-325.790444	-324.474380
3539	-324.625415	-316.347319
3724	-324.573480	-315.579544
1121	-333.449362	-348.537254
2262	-325.780603	-324.624478
2067	-280.248350	-254.007618
1507	-310.914024	-278.827104
3815	-288.574763	-252.734398
2874	-309.725707	-287.539384
3599	-308.482454	-277.540885
225	-346.842403	-297.049977
2647	-262.017735	-225.586047
290	-348.056024	-293.311781
1022	-310.902683	-276.106060
2491	-381.634033	-331.798188
3669	-285.267165	-259.868172
1434	-344.482088	-279.423298
1502	-340.679724	-295.533553
768	-193.039603	-150.176091
1984	-287.441165	-245.458455
782	-361.678341	-334.412418
1307	-303.460433	-236.415546
2254	-359.388326	-329.246091
3468	-345.710017	-284.478265
454	-265.283843	-201.696764
1099	-231.975652	-188.992112
1118	-306.032266	-269.470901
3523	-325.728070	-325.366530
539	-341.886521	-306.821394
449	-325.753993	-316.985909
1812	-307.275809	-265.978257
2741	-297.520999	-277.797745
2964	-362.945907	-342.784937
751	-361.724921	-338.003335
665	-288.571762	-252.418070
191	-307.610450	-253.821784
2356	-323.346816	-302.061671
3894	-322.469844	-294.653276
1698	-325.800949	-322.956932
2588	-376.538277	-342.677785
1357	-375.307060	-348.032030
3304	-346.843297	-286.403398
2636	-306.112153	-269.220198
1330	-324.575010	-306.878086
3976	-273.765901	-239.751154
140	-309.676929	-278.959261
791	-309.662433	-285.392918
1793	-325.725688	-315.959649
1972	-233.542445	-209.979481
2477	-360.539944	-331.703135
88	-345.655534	-283.439296
3705	-345.665479	-286.779675
2165	-319.567241	-279.209083
2860	-345.600676	-290.156609
1265	-227.324775	-168.458464
1729	-361.740062	-332.754723
3078	-383.966179	-339.755380
3860	-308.505267	-284.727307
2120	-381.630205	-332.608531
2672	-355.556836	-344.530172
977	-285.160699	-262.870453
1577	-355.468067	-337.575600
488	-346.861837	-291.936120
2336	-344.433499	-284.770203
3330	-323.360126	-310.300273
2996	-324.566568	-305.680704
1883	-346.839066	-293.246107
1154	-310.937644	-287.848638
1128	-361.695007	-333.095937
2768	-340.690205	-314.945605
2929	-345.638912	-292.850165
430	-307.543210	-252.345690
2154	-360.512793	-325.221607
3228	-381.648857	-330.888522
3108	-361.653332	-337.633062
675	-346.827397	-294.507670
3939	-317.386479	-315.767692
2755	-381.595252	-328.852044
205	-269.465281	-225.714490
2598	-308.508949	-279.371337
2762	-306.370119	-253.023047
762	-346.863396	-291.495442
585	-229.918003	-199.051768
3771	-309.655144	-285.565376
726	-346.870614	-291.890508
3975	-309.693760	-289.593233
1492	-310.927319	-280.588716
3387	-309.727603	-290.355796
2360	-340.636727	-314.332817
2993	-346.825502	-289.542687
3594	-272.544482	-239.806294
1937	-287.438379	-257.465566
1683	-346.829154	-293.960408
3892	-271.608843	-245.142509
3113	-324.531139	-295.982761
1929	-324.551800	-314.592654
2134	-344.433965	-283.138530
4	-270.439280	-241.804369
134	-308.516376	-272.929635
3498	-381.585231	-328.922218
1534	-340.632075	-303.577862
788	-324.467888	-298.626608
3886	-270.388222	-243.714234
1674	-360.499243	-329.955063
640	-345.616264	-280.808920
3489	-308.508824	-282.241539
1235	-265.447270	-202.486078
2827	-345.615042	-287.718467
1317	-344.393241	-280.935698
1541	-310.912991	-290.367068
2426	-340.650391	-308.024756
3717	-275.014300	-243.866539
2710	-361.773017	-336.269918
1867	-324.583096	-317.160584
802	-359.306313	-327.710880
2014	-371.537915	-369.234137
1893	-344.385273	-284.203809
621	-310.899323	-282.056145
1295	-346.829652	-288.802768
3776	-320.773105	-294.430036
1844	-325.808754	-317.271567
1774	-324.585556	-298.473435
3276	-344.508729	-279.376557
1943	-325.729335	-315.230990
3698	-360.508088	-329.699194
3960	-336.825944	-308.466332
3021	-360.495540	-330.084734
1646	-340.684749	-303.257006
1781	-324.582445	-320.859208
1954	-226.144377	-168.496941
3872	-340.691219	-314.474904
213	-249.281074	-204.457344
1080	-288.570006	-252.260945
2534	-362.960595	-345.913960
3471	-416.384141	-366.062988
879	-303.556846	-231.882384
714	-356.669324	-344.041990
2296	-309.691365	-276.912092
257	-324.569867	-306.202861
889	-272.539307	-239.803852
2948	-382.790431	-332.732229
1558	-270.389386	-241.436481
1259	-288.590804	-253.461230
387	-268.248806	-220.518333
1187	-264.235803	-207.082248
268	-362.957295	-335.633745
1058	-324.585402	-316.162996
1250	-309.686189	-278.873206
3720	-308.561301	-283.886691
1994	-383.983835	-334.908072
1203	-261.802956	-200.079117
2639	-302.580808	-270.193834
1957	-206.721858	-193.998503
288	-355.557059	-342.262774
1422	-361.728608	-336.219551
1548	-306.308471	-247.319482
3808	-345.614760	-282.651390
3936	-326.951067	-329.750786
1112	-287.644079	-265.757051
3841	-371.541704	-373.948760
3538	-271.350701	-239.326902
1689	-336.823026	-312.157562
2749	-340.645995	-307.455182
508	-325.801512	-319.957709
2629	-356.679047	-340.233548
3745	-310.912788	-288.107867
2913	-361.630982	-328.419942
2661	-323.448833	-311.584183
1306	-288.682324	-252.227760
2205	-318.391203	-273.335422
447	-271.627826	-253.923304
2151	-289.802108	-263.335511
3663	-344.446747	-291.943208
1445	-396.491525	-363.827973
906	-383.969892	-340.296404
804	-248.395289	-221.464425
137	-287.440932	-257.704432
1551	-324.575851	-309.713126
1568	-324.555249	-308.513330
996	-307.544316	-243.855891
3751	-339.491316	-292.284187
3371	-286.517424	-280.119418
1574	-245.997884	-223.853070
3435	-361.728293	-338.314854
3476	-304.737418	-244.820794
3748	-376.556657	-346.294721
3336	-308.477672	-280.810828
3135	-272.569212	-240.505857
1442	-308.465594	-284.523750
950	-324.580266	-314.520516
1387	-361.698635	-340.234853
3278	-298.952950	-260.908375
1360	-362.941781	-330.696587
2695	-346.871133	-290.294560
1713	-323.381747	-296.738338
2065	-340.537496	-302.472643
771	-346.903261	-294.312595
1806	-324.610229	-309.556966
2187	-310.904927	-280.824056
3293	-360.535142	-329.217016
2117	-346.839895	-287.825253
3534	-320.785748	-280.610217
1618	-345.629039	-285.757835
1284	-320.761539	-281.322850
2709	-345.632155	-285.620658
1214	-341.865386	-308.517791
2985	-304.745635	-238.679437
338	-272.544500	-240.951808
2839	-362.930315	-336.000843
1319	-308.560759	-284.138257
427	-382.798099	-335.888130
1495	-286.516879	-268.859606
1213	-324.530103	-296.519941
3889	-360.533387	-330.633628
1641	-340.647224	-300.896589
2940	-339.418028	-297.732363
1054	-323.427722	-308.241730
1762	-361.755551	-334.988846
1717	-345.603646	-286.029003
2211	-340.648620	-299.363109
2345	-342.329232	-293.387238
1397	-271.624640	-253.488775
2778	-325.711441	-315.046983
3122	-232.329070	-207.418739
3195	-274.982322	-241.630861
747	-359.350089	-325.280785
1241	-345.608395	-287.402325
2770	-288.588657	-261.126423
1956	-308.461475	-279.962340
3161	-309.678595	-288.132943
2175	-324.545475	-310.742810
624	-312.119017	-285.981846
2392	-272.551442	-240.106037
1406	-375.394844	-348.699461
1303	-345.676156	-285.096715
3525	-340.662316	-309.536361
2657	-308.451299	-275.047728
1969	-360.529678	-332.796055
937	-306.397642	-246.740677
607	-301.373496	-252.695489
3400	-289.799552	-252.592157
850	-271.623957	-254.507382
391	-345.584667	-283.903673
47	-247.225618	-217.435755
1124	-271.651913	-252.986672
3477	-348.046236	-301.687098
163	-319.624414	-284.005501
1884	-307.577822	-249.075973
3743	-325.726182	-320.730678
916	-345.608831	-286.733857
943	-303.497783	-235.780640
586	-376.582598	-345.360422
1840	-360.536972	-332.786992
3200	-265.433051	-200.519501
1953	-308.457242	-281.723188
1316	-361.652250	-337.770135
3220	-273.806349	-242.859791
1129	-340.618148	-313.027120
1339	-285.316421	-269.958904
3696	-308.474441	-273.544096
3286	-361.731914	-330.792649
2681	-308.466840	-278.603375
2620	-324.587670	-309.851615
2213	-287.433999	-258.200564
1087	-324.508933	-305.020219
3494	-324.573795	-317.056781
3317	-269.177232	-240.482886
814	-308.509272	-281.963771
1042	-305.904676	-247.769290
1511	-271.315027	-240.287906
3328	-324.549529	-312.331051
2607	-275.007113	-246.290593
1815	-345.663783	-280.490647
1917	-325.790782	-315.184706
2218	-325.756157	-313.418073
2690	-231.093096	-198.561788
1959	-324.603913	-313.694883
1783	-320.761312	-287.795946
3909	-310.945132	-288.237670
3272	-173.147782	-117.925531
2870	-289.872470	-265.072237
404	-324.595399	-314.323835
313	-361.721849	-331.865841
1638	-344.481904	-278.919666
2282	-375.368783	-338.982196
610	-324.629068	-300.475403
947	-322.454079	-295.649130
3392	-361.774979	-333.257662
3777	-339.431092	-297.624257
3592	-323.367866	-311.803318
1423	-344.413850	-283.240846
1229	-288.582662	-263.464703
898	-305.906901	-246.511856
3305	-310.955141	-287.127830
206	-309.688611	-287.901092
2050	-362.937518	-334.633337
3095	-339.431197	-296.823678
1271	-310.902165	-288.905106
2240	-381.627040	-333.794294
2252	-382.779570	-331.481400
3613	-308.483617	-271.034834
3398	-304.686259	-242.197935
133	-271.642927	-247.106434
275	-344.442225	-282.340880
555	-361.677945	-338.529948
3492	-345.645245	-284.622953
2012	-382.788561	-332.001966
2653	-361.749428	-336.108771
1249	-272.543724	-240.129769
3955	-323.391458	-304.753984
57	-345.635513	-282.567726
639	-270.405973	-246.629852
588	-309.684571	-281.539294
304	-322.464725	-298.572400
3678	-285.255880	-258.462280
186	-340.606711	-303.966077
1072	-272.554773	-239.491664
376	-309.732528	-287.815919
2973	-324.604156	-310.350607
2972	-320.764992	-294.393248
3778	-309.700675	-288.968062
1997	-271.666841	-250.057589
1092	-360.552974	-324.045322
574	-271.665153	-251.094957
63	-287.377993	-246.313501
2718	-382.782995	-332.437485
813	-361.733052	-334.834429
3246	-340.652252	-309.648836
2387	-391.391111	-395.022886
1067	-273.762417	-241.736123
2737	-322.442708	-303.458009
3655	-287.379629	-247.083155
2142	-324.624987	-307.430853
3774	-305.130184	-245.256421
578	-382.825717	-335.402581
3279	-356.732861	-346.609789
3319	-376.604793	-343.767132
1870	-309.686187	-286.123492
807	-340.681309	-299.955635
3051	-192.736096	-153.183512
1044	-304.687053	-241.743086
1104	-287.315479	-247.335006
2404	-323.340989	-309.588658
2625	-291.021574	-254.048955
2987	-271.618137	-252.974149
1760	-326.940002	-319.922571
2558	-472.145935	-474.255338
2654	-304.679740	-240.507111
3668	-309.700336	-276.743699
2834	-325.699665	-312.257291
1432	-324.522792	-303.284262
3768	-227.338075	-174.536578
2212	-346.837271	-286.612835
436	-360.521191	-329.479040
2344	-305.915175	-255.804901
1160	-286.467220	-278.787558
1061	-343.531666	-297.801277
1152	-308.448572	-272.702513
2677	-309.684577	-281.299494
2494	-274.984732	-240.670792
363	-320.778723	-281.469757
1546	-318.321510	-289.095859
171	-361.745138	-337.142492
840	-289.871520	-265.463194
3957	-307.291354	-278.533291
3123	-309.702150	-277.346284
3482	-281.480993	-245.569364
2249	-392.653825	-397.886876
3722	-308.759135	-260.865531
3091	-341.869641	-305.834131
2703	-309.722894	-280.079889
3573	-325.730390	-322.938883
3695	-309.651827	-279.155002
2892	-325.728271	-319.308381
1298	-308.505512	-287.527222
3933	-307.569255	-254.236594
3005	-249.248680	-203.457932
1043	-324.605875	-312.365258
590	-346.857871	-292.396356
672	-345.661057	-286.785544
2894	-309.717750	-291.132769
1805	-344.380468	-282.712762
1829	-382.804482	-331.946449
1690	-339.426816	-302.483609
3213	-339.438949	-306.558934
3986	-355.516778	-340.302539
1875	-242.186010	-223.298061
1973	-340.637231	-298.347227
3713	-325.748400	-314.410483
3670	-286.248451	-249.839154
3019	-301.357437	-263.296236
3288	-348.045786	-297.106560
74	-310.918822	-279.539562
2442	-345.636611	-289.858775
2266	-289.766576	-252.020435
3561	-343.190300	-277.580167
3039	-341.851538	-308.163017
3310	-309.721850	-290.071805
583	-285.016369	-250.230208
2427	-339.474134	-306.301194
653	-344.473681	-281.370724
3478	-343.296547	-278.119415
961	-326.950279	-327.842674
1331	-310.941319	-277.906605
3063	-317.413890	-309.049655
687	-346.841762	-286.316764
2481	-324.614891	-312.493189
224	-324.628594	-311.348166
3699	-355.497878	-346.117521
1792	-363.504227	-345.011619
2979	-320.767064	-284.557438
494	-345.611057	-288.742159
2231	-346.825174	-289.518598
1722	-362.946707	-339.305081
3230	-344.454591	-281.009153
1094	-304.696023	-238.904938
596	-325.754527	-314.029287
3028	-346.861640	-292.719042
1770	-309.719198	-281.734425
2617	-248.151318	-215.089584
3686	-344.462681	-282.975733
3198	-288.680991	-251.400751
1365	-361.755045	-338.025388
536	-323.348544	-305.311666
3014	-269.263802	-240.057124
3546	-233.219124	-196.629736
3917	-274.985822	-243.411480
1415	-338.156727	-305.030929
730	-336.821088	-313.460919
2237	-325.784144	-321.115492
35	-343.197784	-284.954288
2302	-492.008892	-494.589930
2170	-274.987123	-243.368515
2284	-359.298380	-323.611085
2341	-377.784360	-344.074466
546	-306.365166	-251.019505
852	-361.731511	-337.013285
2324	-346.831385	-290.593359
2577	-381.600777	-329.588918
2423	-338.238743	-306.446453
603	-346.867624	-293.357669
3991	-372.765028	-373.847067
3487	-210.101789	-169.406278
2049	-344.463291	-285.374996
1621	-346.884834	-302.084716
1892	-382.805933	-332.262790
1710	-361.726166	-327.055444
1941	-286.206129	-256.645547
3850	-308.528193	-279.236830
2437	-356.692640	-348.396889
3733	-309.678068	-279.903073
2550	-271.628346	-244.632948
3043	-196.405320	-159.790575
1820	-324.522751	-314.820070
1516	-249.358446	-214.194025
463	-309.715058	-277.261966
991	-345.602096	-281.993384
3369	-158.342346	-121.134891
2207	-301.330754	-266.796091
127	-322.216227	-294.573697
3570	-272.514475	-238.494253
2433	-324.552283	-309.085538
432	-344.390227	-277.060370
2222	-340.678668	-301.102339
190	-354.290746	-333.806090
3555	-360.547370	-331.685340
266	-308.477155	-285.713511
1458	-288.648179	-265.895251
3575	-309.736328	-285.946628
2317	-308.503515	-276.373022
1485	-309.731369	-275.426743
1350	-343.076530	-314.248290
868	-312.124574	-285.724457
2751	-273.787799	-242.244603
2530	-345.673444	-292.013998
2337	-324.588418	-319.471809
2475	-381.524347	-328.944966
3624	-324.614194	-314.741945
2836	-345.652670	-282.733721
3147	-338.530072	-323.335229
3767	-324.568597	-305.338705
2148	-309.718089	-282.953392
3829	-323.654114	-302.058933
3896	-307.280331	-278.366760
2568	-325.718022	-314.294655
636	-382.818623	-334.706416
2833	-248.375248	-222.459330
2241	-346.857051	-296.844620
3488	-340.672417	-301.690149
100	-361.702143	-332.314423
3265	-324.569062	-308.026903
340	-273.789697	-239.081802
2113	-344.391557	-276.805226
3862	-271.646263	-246.667430
3583	-325.721011	-307.387067
3961	-308.561152	-284.046178
364	-117.824798	-69.220417
1291	-285.276634	-272.987150
1439	-340.590431	-295.388493
2873	-307.545713	-251.135677
1506	-339.437849	-305.321219
2601	-333.464063	-348.313240
1377	-325.768959	-327.108930
614	-383.982605	-335.161182
3316	-264.261826	-195.832251
310	-308.480308	-281.134295
1947	-303.533559	-244.417215
1309	-287.723848	-270.364334
3790	-286.502445	-274.526475
3601	-308.749822	-266.051370
509	-307.238995	-275.589897
1015	-344.454928	-281.144381
2053	-320.769272	-280.849161
1882	-273.764420	-240.116485
3191	-284.360325	-284.696375
2114	-307.528446	-255.866119
396	-372.782655	-373.138941
580	-360.537290	-332.026698
395	-234.447743	-201.309414
1404	-346.883049	-286.016586
3281	-309.716743	-282.003761
2700	-304.687547	-239.357542
3867	-356.726146	-338.345839
2566	-346.832253	-293.517486
3133	-356.679691	-352.486802
1122	-345.601318	-285.998695
1025	-324.520219	-312.190126
2581	-234.469389	-202.737425
2055	-304.724717	-237.644152
3157	-335.619981	-309.350406
187	-341.842120	-307.709776
3052	-291.017787	-254.987835
2378	-339.490841	-297.678508
2412	-310.904086	-281.658766
3454	-376.600944	-342.507542
527	-324.629301	-315.127313
2580	-309.722373	-290.933423
3346	-318.327053	-288.191211
2878	-285.336744	-272.084472
1841	-325.788368	-325.563364
1524	-272.550818	-238.424579
2119	-323.665987	-295.121402
3816	-272.830720	-250.320199
863	-285.288405	-271.970162
3294	-340.693392	-306.586254
2664	-348.047695	-295.704086
3412	-335.628480	-309.970274
3503	-266.630629	-212.736409
693	-234.520624	-203.443569
1014	-301.385442	-256.533369
1839	-355.496901	-353.365013
2808	-340.646073	-305.995052
3623	-341.892484	-306.922669
1127	-345.659797	-284.124347
2784	-273.803873	-242.476000
609	-377.817369	-342.641200
211	-357.939331	-349.645737
3893	-341.097446	-285.603672
61	-308.462933	-284.709127
1443	-346.867442	-291.821792
2704	-320.786981	-284.964252
738	-324.592221	-311.964988
2116	-340.646768	-303.997474
3280	-344.483775	-281.980134
855	-271.614051	-252.344334
67	-172.006141	-129.497459
2358	-322.169697	-301.508465
3006	-308.470648	-279.348370
1053	-340.610046	-308.444971
2594	-335.586914	-311.385231
3839	-231.155780	-203.580953
939	-344.481802	-282.075722
1004	-355.416555	-334.903179
2801	-310.932716	-278.824676
1855	-360.497728	-330.779647
459	-348.056615	-294.891120
1252	-301.395982	-256.241478
1572	-322.170570	-303.916517
3571	-309.676719	-281.382363
117	-211.295163	-175.134518
2332	-342.335241	-290.116348
2705	-270.384180	-244.358831
2988	-310.923406	-278.032812
3388	-271.606364	-245.328312
1065	-360.485823	-328.823782
3734	-326.940196	-322.963881
3232	-345.686487	-285.375812
1315	-288.533780	-252.032116
2011	-270.099401	-236.901270
3946	-286.438084	-275.009275
1651	-273.809498	-241.143567
2866	-344.431605	-284.053896
366	-324.576206	-314.654864
424	-309.717380	-278.668889
3308	-381.582831	-327.724434
3180	-323.669200	-307.509141
575	-272.582834	-238.990067
3088	-308.459859	-275.535053
2064	-309.687401	-286.124711
538	-324.494520	-290.828168
3730	-291.017996	-254.572980
2599	-355.457663	-339.116380
832	-308.470270	-280.057271
2527	-297.554699	-277.286475
3547	-324.582904	-310.593555
2160	-345.674929	-286.106614
3013	-346.883127	-287.294060
1018	-354.272548	-343.117271
3657	-312.124380	-289.317133
2410	-361.673369	-335.030208
1865	-345.609914	-285.986628
867	-283.179781	-280.918476
1444	-304.691748	-239.459322
646	-323.641347	-303.858813
1832	-309.737802	-286.561703
2819	-360.551444	-328.888241
3350	-339.431591	-304.419956
3741	-169.860788	-165.096499
725	-325.725266	-311.109681
866	-340.620625	-312.007058
525	-273.812813	-241.982054
3866	-341.882531	-304.163554
3509	-288.685117	-260.743300
679	-340.668108	-302.415499
317	-325.797397	-315.828923
1398	-234.469383	-200.898841
2004	-346.839235	-292.090575
2373	-302.564379	-261.489102
1873	-346.842529	-284.998709
3586	-287.506415	-251.154407
1602	-318.339586	-276.483206
1321	-234.472577	-200.549974
315	-302.472397	-261.549991
291	-304.683134	-240.734072
2368	-325.804686	-320.532564
2717	-309.726244	-278.743920
1684	-320.783029	-281.526290
1059	-303.436180	-240.262341
349	-309.687623	-284.202786
358	-272.544323	-240.580816
664	-335.632054	-309.838675
513	-355.518342	-344.490432
2474	-357.944802	-351.747302
1715	-286.486570	-262.537193
2975	-345.579201	-285.639458
1741	-345.629842	-285.177233
