no_training:1500	no_test:2493file identifier	 training data
2994	-345.597078
87	-490.834069
3803	-287.351460
2545	-324.614082
1202	-361.725394
1238	-360.499088
2612	-345.627545
769	-271.361537
26	-301.359287
308	-303.428586
3663	-344.446747
2300	-453.655583
3285	-247.192524
3873	-348.051405
692	-362.917261
2561	-325.778234
1452	-308.467331
302	-340.632285
3809	-310.902628
928	-345.665412
3312	-323.647099
1864	-312.133063
373	-379.522177
1861	-235.696852
353	-197.632222
3021	-360.495540
3980	-372.708066
2474	-357.944802
3944	-381.563295
2881	-345.594203
1074	-304.697680
2141	-307.287454
2176	-345.608670
3691	-352.852117
387	-268.248806
1459	-306.320451
2393	-324.608961
3252	-340.610842
2586	-191.810916
185	-361.726913
2316	-306.361448
1114	-302.353948
797	-278.075775
870	-345.646965
132	-308.469258
358	-272.544323
1154	-310.937644
3551	-345.646761
998	-302.306196
2207	-301.330754
3774	-305.130184
2260	-271.351786
2133	-323.338627
1415	-338.156727
2815	-324.570906
1243	-323.582949
3282	-362.972786
1675	-271.277972
1764	-304.725676
1554	-320.728167
2255	-360.513163
365	-361.740208
716	-325.758431
1413	-247.214861
3066	-345.688382
1170	-310.895183
560	-344.385047
3781	-274.984614
62	-309.677968
391	-345.584667
3785	-348.045948
939	-344.481802
2820	-308.557865
2005	-305.155985
2817	-340.641240
2151	-289.802108
1814	-360.537947
261	-310.905322
3302	-324.577047
2466	-325.785959
1714	-132.718150
3136	-340.660061
366	-324.576206
914	-361.707841
239	-270.446608
1034	-356.732791
1548	-306.308471
1687	-344.407598
1011	-310.942660
2263	-274.983122
1493	-335.643923
2387	-391.391111
3770	-272.544060
758	-307.574899
1145	-312.129019
662	-341.843824
292	-308.517192
609	-377.817369
3843	-309.717869
2218	-325.756157
668	-267.103350
2873	-307.545713
1792	-363.504227
2421	-249.395323
3554	-309.689751
3131	-303.560907
708	-306.313133
959	-492.026657
284	-360.500454
3750	-346.838572
2247	-348.046805
1571	-470.915515
3654	-307.541973
1994	-383.983835
2505	-344.440744
757	-345.678211
595	-340.652012
3122	-232.329070
1705	-286.218259
1683	-346.829154
3612	-309.738513
2891	-308.511094
777	-307.544712
183	-362.962787
742	-272.588370
652	-345.620593
3880	-357.942023
2926	-320.764569
628	-325.726991
3151	-362.873906
1541	-310.912991
544	-340.643340
3645	-304.681903
318	-310.954514
2169	-356.733974
1667	-323.323781
682	-302.303791
2693	-340.638326
1317	-344.393241
2634	-326.927446
2868	-270.407057
93	-340.615011
3304	-346.843297
2322	-355.508682
3174	-272.844804
3639	-345.680996
611	-248.364357
400	-376.570473
921	-325.682121
1550	-301.345683
2800	-287.478272
1475	-362.957353
329	-380.402442
3027	-336.811099
3695	-309.651827
1581	-345.660520
1947	-303.533559
33	-264.504487
1816	-344.357220
1447	-469.758395
2937	-324.573883
1087	-324.508933
926	-345.680086
2126	-270.399529
1953	-308.457242
1616	-272.539058
455	-340.664551
175	-361.754326
2745	-322.118085
122	-339.419649
466	-382.782183
676	-272.584377
1169	-346.819305
1281	-308.457113
1178	-382.751729
566	-303.472917
2673	-345.652182
832	-308.470270
3009	-307.265383
3820	-340.655117
3773	-345.602641
3508	-309.675176
112	-340.648166
663	-323.347275
2029	-380.417684
575	-272.582834
1001	-304.724431
3677	-307.571921
2325	-273.732431
3337	-286.438448
2805	-272.587161
1049	-323.336196
877	-359.317823
3421	-324.571081
1746	-396.470299
1445	-396.491525
3854	-346.867382
1110	-325.781398
1822	-344.395150
2137	-324.588239
3741	-169.860788
1	-360.499843
2982	-325.722723
3889	-360.533387
1253	-312.126356
653	-344.473681
3851	-326.998454
578	-382.825717
3591	-273.762889
2058	-356.710498
2115	-266.626759
3888	-323.359825
2007	-308.499105
1465	-382.796989
1990	-281.482892
2391	-310.927566
1891	-323.382399
867	-283.179781
3070	-281.491976
1303	-345.676156
2888	-361.704536
1439	-340.590431
3522	-309.691414
2449	-341.841190
1277	-309.706892
1883	-346.839066
2734	-309.719592
3720	-308.561301
2508	-324.574476
2915	-344.371144
371	-380.374978
117	-211.295163
140	-309.676929
2414	-382.803358
182	-324.474954
2642	-324.578146
3876	-304.574737
367	-360.491873
533	-287.720383
1594	-323.433551
1984	-287.441165
2297	-322.412936
105	-309.727110
1742	-288.583008
3693	-273.779498
3514	-340.654233
3832	-346.836423
2635	-323.324700
630	-273.762561
1801	-301.335636
3657	-312.124380
1067	-273.762417
3813	-340.620847
3078	-383.966179
1031	-304.643927
1874	-416.367317
101	-324.507184
1685	-338.273553
3589	-324.543443
522	-309.680641
410	-325.835955
1027	-360.529992
1865	-345.609914
545	-356.698773
964	-291.014970
613	-309.689486
1516	-249.358446
3272	-173.147782
3877	-340.623773
405	-273.804251
2711	-322.460671
909	-325.789320
3718	-195.186772
1472	-306.080007
224	-324.628594
3891	-346.821929
3058	-247.214450
2306	-287.354343
518	-289.791234
3342	-153.787612
1076	-361.656187
1188	-306.054267
174	-229.928448
2181	-340.656656
3024	-251.729571
2936	-324.504178
92	-301.343578
1078	-309.738888
3703	-287.697316
3939	-317.386479
3584	-281.484877
1068	-308.470010
2105	-335.635972
2462	-325.752244
3052	-291.017787
1926	-273.773955
2448	-346.833271
3682	-291.017820
170	-340.667287
672	-345.661057
2700	-304.687547
1012	-266.609146
96	-375.359188
166	-325.729970
464	-324.485629
3133	-356.679691
1269	-307.563525
3266	-287.736841
2348	-285.253877
2797	-345.646914
831	-346.867207
1373	-324.557383
2019	-340.659620
3419	-335.590859
1609	-210.001565
840	-289.871520
2239	-346.823312
1327	-320.768458
2103	-346.834331
876	-325.807685
3662	-360.469577
524	-308.507004
2028	-346.821466
3867	-356.726146
1442	-308.465594
3771	-309.655144
3670	-286.248451
1959	-324.603913
77	-348.062001
2920	-326.952797
843	-308.437835
1347	-359.361259
2454	-288.578155
641	-322.439472
2426	-340.650391
491	-287.737498
1642	-344.345376
1884	-307.577822
305	-346.859213
28	-324.630221
1761	-376.622507
2033	-310.919833
3594	-272.544482
3926	-325.748612
2347	-308.476587
883	-340.647778
1852	-309.685790
488	-346.861837
2499	-376.539208
2484	-344.359905
3030	-324.500475
1135	-310.903412
3817	-288.554600
2004	-346.839235
3757	-281.482952
788	-324.467888
2204	-310.904876
1345	-376.540686
2781	-288.581699
3536	-352.836930
1531	-345.640098
2921	-310.904813
3696	-308.474441
186	-340.606711
2651	-273.744309
3245	-327.024699
3211	-310.908555
3561	-343.190300
3932	-360.472117
899	-321.230055
276	-380.379743
1889	-361.731388
738	-324.592221
588	-309.684571
3386	-309.684862
1254	-325.753541
3183	-345.642870
1158	-268.251114
3323	-232.335768
313	-361.721849
2282	-375.368783
469	-325.775843
437	-309.705971
2569	-281.476967
917	-323.320690
2703	-309.722894
3549	-323.437779
2011	-270.099401
508	-325.801512
623	-265.457424
2864	-340.658990
2352	-288.589622
1096	-309.689595
3305	-310.955141
720	-381.594735
3680	-305.904722
1857	-307.540766
2766	-285.279992
1486	-380.373644
539	-341.886521
2042	-232.364952
3740	-356.684693
3371	-286.517424
2697	-360.495788
3365	-396.458774
2707	-310.915408
1233	-265.440660
27	-324.573866
1226	-195.226072
242	-340.623533
3310	-309.721850
2164	-304.744503
3320	-310.952127
2008	-336.802659
715	-285.275928
683	-348.060054
3948	-340.614465
3043	-196.405320
2259	-361.734611
982	-307.235414
1981	-306.313924
730	-336.821088
3834	-324.589539
2828	-232.030352
1217	-325.773675
3231	-380.446861
1423	-344.413850
3361	-324.558989
2305	-376.633716
73	-233.293627
2379	-361.769162
860	-397.697425
2570	-324.626187
1332	-209.144909
2334	-472.135006
165	-327.013034
1523	-340.646229
3866	-341.882531
2153	-309.673226
3638	-306.320806
625	-308.514390
3406	-286.459793
3707	-271.620156
3802	-356.724118
3547	-324.582904
1361	-346.840635
3061	-392.552088
1997	-271.666841
251	-265.386781
3652	-361.720088
2295	-305.898313
247	-304.688358
2159	-324.581067
1977	-312.131398
2853	-325.794835
3348	-304.715963
1280	-356.683566
3338	-308.466631
2136	-263.278851
3838	-271.318933
912	-323.344400
740	-344.452972
1173	-344.465017
922	-272.844560
3669	-285.267165
2928	-324.540084
2615	-360.501085
49	-396.507540
1066	-375.344926
278	-397.667072
709	-286.134079
1837	-381.574917
3756	-326.943546
3732	-320.774305
983	-341.851447
1149	-325.796862
3072	-340.671263
3100	-361.716824
1065	-360.485823
1198	-308.449457
233	-301.382062
1811	-346.855968
1498	-340.654582
2301	-324.616647
502	-306.349558
2645	-362.923114
1525	-345.608193
3349	-207.916786
2341	-377.784360
3492	-345.645245
3542	-344.409533
3959	-305.831035
339	-356.705991
2996	-324.566568
2096	-345.661705
434	-338.195462
3119	-301.090914
2682	-324.528297
1383	-344.398797
2452	-344.424745
2477	-360.539944
2913	-361.630982
866	-340.620625
1091	-309.678344
3768	-227.338075
1701	-344.428649
3787	-381.580675
670	-324.618078
392	-345.637570
598	-193.088340
1636	-233.551389
1653	-157.116735
1329	-309.710338
3351	-285.306999
194	-308.496245
818	-387.475673
1015	-344.454928
594	-325.809558
2020	-272.514099
228	-346.859384
2686	-340.697732
1123	-375.393636
2185	-344.343476
585	-229.918003
1743	-346.856186
2328	-320.732586
3019	-301.357437
1208	-345.608535
473	-346.828378
1092	-360.552974
2067	-280.248350
943	-303.497783
3744	-339.414779
2791	-194.254127
3580	-345.661657
3026	-250.478855
1236	-155.897345
3029	-285.281493
288	-355.557059
1561	-325.749687
1610	-196.406419
1543	-323.360471
3725	-309.710255
1161	-308.513516
3992	-319.576017
297	-325.833945
2973	-324.604156
245	-340.656722
3343	-320.735225
273	-323.312375
2210	-325.710772
3742	-271.272557
3804	-324.573632
2754	-309.674575
260	-359.369049
3350	-339.431591
3453	-321.254976
3559	-309.721434
900	-288.561991
3226	-339.491316
1689	-336.823026
3582	-344.436500
1936	-360.564423
3577	-361.716705
1215	-335.566430
2139	-381.581478
3929	-321.233569
823	-361.732840
3989	-272.542369
2108	-267.944278
2655	-235.723792
3746	-309.736797
2420	-340.625366
1796	-307.536544
2408	-356.708234
1652	-301.316399
516	-312.134532
2641	-270.394309
919	-272.589999
771	-346.903261
3364	-305.057353
3571	-309.676719
2670	-326.934805
1532	-309.731599
2054	-302.588564
295	-320.770299
3467	-308.494487
2376	-346.840597
3933	-307.569255
3411	-286.134060
3857	-340.686134
1055	-345.681183
180	-360.505528
1573	-233.255259
2311	-193.034988
1910	-326.978724
1497	-251.731545
2238	-281.495234
2143	-288.628466
2457	-382.757134
2760	-155.908941
3250	-360.517106
3299	-325.725069
929	-272.832690
2122	-348.040439
1448	-372.747155
2099	-288.573876
3865	-362.899954
3786	-308.759185
202	-226.160842
1900	-309.689410
731	-355.501990
1624	-340.670034
577	-343.087962
2803	-327.013853
2979	-320.767064
204	-287.353313
1109	-333.411326
3815	-288.574763
829	-310.909285
2832	-250.585843
3104	-310.941183
879	-303.556846
2914	-270.422403
2428	-309.682996
2949	-346.838702
512	-346.861026
931	-361.763293
2659	-324.461004
761	-312.126820
1482	-312.132386
503	-355.514134
3425	-324.547564
283	-355.460155
1286	-310.906869
490	-231.142581
2081	-273.775864
970	-310.911364
3339	-356.699649
638	-345.695868
1993	-339.504090
571	-339.423497
2432	-274.987245
2802	-325.804486
1009	-266.763445
3055	-285.313284
425	-289.769718
649	-340.685408
2149	-341.878745
3968	-287.425634
2604	-304.743934
2515	-323.341413
723	-361.717032
3057	-301.381127
2199	-377.815601
2663	-361.722327
2993	-346.825502
206	-309.688611
591	-325.760915
780	-308.769557
3032	-360.508895
523	-345.565792
3958	-291.015785
3829	-323.654114
988	-341.827199
3191	-284.360325
2160	-345.674929
1438	-356.728392
3486	-437.484875
2098	-327.020807
317	-325.797397
2222	-340.678668
1998	-324.536830
1527	-271.621836
1190	-377.830859
16	-273.806874
697	-340.621200
990	-309.684377
864	-323.337623
3139	-344.437158
1118	-306.032266
2476	-346.865438
2851	-356.699504
1222	-325.805865
3637	-309.764115
113	-360.478880
3709	-340.613243
1466	-340.657975
2261	-233.260156
3235	-339.416290
1943	-325.729335
3255	-345.578846
1355	-361.727678
3674	-309.731169
3115	-340.620294
2946	-345.649552
562	-456.105229
323	-309.647349
3986	-355.516778
3400	-289.799552
3766	-344.436564
2278	-345.650717
35	-343.197784
1693	-234.474613
586	-376.582598
2666	-303.423742
3848	-324.564634
3028	-346.861640
2524	-392.642251
1457	-288.573089
2935	-297.516418
51	-283.168740
1249	-272.543724
3588	-272.549011
2894	-309.717750
3830	-346.817778
3117	-346.824942
747	-359.350089
1350	-343.076530
911	-356.711832
420	-362.950092
2883	-308.757991
126	-274.991042
350	-320.793580
1559	-380.372123
2330	-287.681216
212	-324.605613
441	-380.414967
1016	-305.129953
492	-305.904760
3114	-309.692389
1862	-319.615129
1971	-362.906662
1566	-380.438011
1174	-345.614442
3977	-288.552886
2066	-432.401755
196	-341.759398
2610	-309.711468
3148	-324.567513
106	-362.952198
40	-344.338878
1962	-382.756724
1374	-322.175807
3317	-269.177232
694	-344.360007
3034	-360.418556
1297	-345.621773
3074	-272.553250
2557	-273.774103
1316	-361.652250
20	-270.370102
66	-337.302324
2727	-271.330291
86	-190.624631
745	-344.464270
2092	-288.572051
3500	-323.345473
576	-345.655968
34	-306.355655
3973	-356.659922
85	-272.550580
3333	-361.709769
448	-346.831139
1223	-324.586663
2443	-288.547509
3053	-490.831786
3050	-303.940271
3715	-381.567301
952	-325.717725
1751	-339.469166
1480	-324.584824
3502	-376.564063
1478	-309.691634
495	-342.297848
1408	-379.527030
2091	-346.904050
9	-344.468531
1762	-361.755551
2465	-339.464024
3038	-288.542113
1048	-286.495416
2985	-304.745635
2747	-301.332569
830	-320.767103
2771	-310.910278
2959	-289.795007
3132	-309.670613
1196	-346.840727
763	-308.429953
1039	-360.575277
1961	-197.629416
3237	-303.553222
3212	-360.575745
3800	-346.862839
3430	-341.828533
1720	-309.692095
1955	-339.498757
1014	-301.385442
2059	-345.674176
1424	-212.438188
3886	-270.388222
3890	-341.849730
2453	-268.273240
3448	-324.634377
1847	-325.753767
148	-345.629933
3705	-345.665479
2145	-346.844016
1100	-380.373569
1405	-361.711854
1820	-324.522751
3363	-345.658313
195	-296.296482
2456	-345.610758
2899	-310.930659
2370	-360.496984
1266	-324.582035
3795	-310.908453
1564	-288.555332
3035	-344.404557
19	-309.720734
1146	-339.465889
172	-282.667163
3373	-271.613890
815	-285.324641
3008	-323.359336
2807	-269.176124
1320	-340.656628
2017	-310.940345
3978	-282.861121
3868	-360.526225
3483	-308.500974
2964	-362.945907
3649	-343.292778
2535	-272.835594
2728	-304.742823
1407	-235.694798
3175	-309.649998
3907	-291.017966
963	-345.645239
3417	-354.292460
1777	-265.408147
3446	-306.044918
2088	-362.871515
1098	-356.649302
3018	-345.638117
569	-376.620836
123	-269.263476
118	-352.905052
2568	-325.718022
2429	-306.081547
2080	-325.793131
1815	-345.663783
2647	-262.017735
658	-307.234503
3585	-308.497008
616	-345.676243
2267	-291.016020
3690	-346.829378
796	-344.453746
695	-345.700085
1182	-304.738393
3896	-307.280331
1744	-288.535621
162	-232.324966
3037	-288.567911
3603	-326.952955
1047	-346.836177
37	-381.587333
1897	-197.629387
1708	-324.502429
3286	-361.731914
535	-248.416462
3141	-345.651109
1134	-343.068226
315	-302.472397
2929	-345.638912
1301	-309.679190
2040	-317.409527
878	-308.466070
2184	-360.501473
2902	-271.653205
1553	-323.448965
2823	-309.730966
2821	-308.511516
532	-344.369744
2241	-346.857051
1544	-324.594826
3487	-210.101789
3692	-281.505078
253	-305.838224
1200	-346.908492
3610	-360.476593
2590	-340.650928
1724	-381.594558
1754	-269.221561
3614	-288.627505
178	-188.042067
58	-304.683044
3391	-306.403144
2624	-309.699280
1807	-344.469516
2285	-340.578657
2187	-310.904927
424	-309.717380
2743	-234.516409
2363	-324.610150
1982	-345.609374
3915	-309.687698
568	-303.458583
237	-268.287661
2842	-308.450204
1752	-296.265627
3856	-306.313590
357	-307.245430
2233	-319.556235
719	-309.693538
3164	-344.379764
2425	-322.435505
3892	-271.608843
1949	-340.674935
1844	-325.808754
2482	-268.321270
2775	-382.812383
1323	-289.811983
3701	-248.211932
2335	-346.825562
1443	-346.867442
597	-309.683901
802	-359.306313
713	-308.484017
762	-346.863396
2102	-361.723581
1474	-340.654517
2349	-301.357553
2365	-345.689766
475	-304.691568
1333	-270.359564
327	-324.607903
444	-340.665581
291	-304.683134
168	-325.810050
2585	-249.269471
2512	-346.823548
2157	-309.686797
2310	-338.194242
1846	-344.370966
3085	-322.130736
972	-341.869909
3917	-274.985822
1321	-234.472577
1420	-286.516174
3469	-356.686540
1371	-288.596392
2710	-361.773017
3130	-270.427802
3356	-270.447268
678	-308.506580
2552	-340.624424
3196	-297.530335
256	-308.741915
3157	-335.619981
639	-270.405973
1515	-360.502298
975	-357.171724
156	-288.654408
128	-303.785832
2492	-396.477101
1795	-356.736238
3928	-377.799358
2976	-356.737615
2235	-318.409670
1279	-377.837977
859	-308.468407
1136	-271.296056
220	-276.205821
2589	-361.718361
1159	-325.779568
2319	-271.316064
1821	-308.473320
888	-323.328290
2202	-324.602888
1575	-334.447259
567	-339.489014
2844	-301.377995
3225	-362.875945
1679	-288.576381
3982	-324.592116
1061	-343.531666
2834	-325.699665
1194	-381.612648
330	-286.408473
2596	-339.467484
1989	-287.426977
160	-309.685140
871	-309.680919
3352	-272.834623
3389	-309.689740
565	-356.730212
344	-343.305175
748	-324.572987
2721	-271.401725
3850	-308.528193
2849	-355.442748
915	-304.734226
2622	-346.829131
3306	-361.650084
841	-361.736259
2051	-325.790442
689	-341.818686
2156	-346.827596
3531	-344.458268
889	-272.539307
505	-338.531538
852	-361.731511
3791	-360.491959
1641	-340.647224
349	-309.687623
3213	-339.438949
2748	-321.271406
104	-360.574432
1941	-286.206129
1440	-270.441325
3784	-344.450127
379	-391.337881
1086	-272.587059
3069	-346.878430
946	-324.577279
3227	-348.043668
3490	-359.315205
3022	-234.455424
1165	-309.706371
1938	-341.826148
1819	-249.292101
3793	-381.580932
684	-361.753989
845	-40.478930
3574	-398.876124
2514	-354.197108
1070	-361.752301
52	-345.627428
509	-307.238995
2755	-381.595252
2724	-376.591176
3481	-357.941534
2632	-306.344083
3635	-308.475489
3256	-153.459846
147	-345.615452
791	-309.662433
2415	-340.676441
3152	-335.591582
1000	-339.452428
1250	-309.686189
1535	-324.463541
1963	-325.761942
3905	-395.515911
2424	-273.764093
3775	-324.576188
3801	-310.937414
18	-309.719641
3665	-323.329494
2980	-274.983908
2551	-325.792606
3195	-274.982322
2684	-310.940657
2217	-344.408081
3618	-309.731536
3334	-325.800680
937	-306.397642
1748	-288.688929
1290	-345.660459
2461	-269.170508
3495	-288.563768
1759	-305.906809
3778	-309.700675
3482	-281.480993
352	-288.557016
332	-304.692914
1992	-325.723538
1782	-308.555419
1041	-371.504707
2702	-309.685148
2309	-272.583285
2598	-308.508949
699	-307.243079
2086	-308.486338
2078	-324.575989
3488	-340.672417
1494	-345.654016
3621	-346.815715
2434	-377.845502
286	-324.563745
2486	-307.239887
669	-377.780670
3438	-312.132858
311	-287.724713
3878	-360.554015
271	-361.759779
820	-326.934229
1051	-346.860404
1866	-310.940708
1574	-245.997884
2689	-309.673807
2675	-303.787203
3825	-93.411888
701	-265.396194
248	-339.489875
419	-312.128001
2071	-246.029150
3049	-324.610004
3753	-271.652242
3109	-324.582824
3689	-308.467642
2272	-324.528642
1300	-324.595031
244	-346.835129
1072	-272.554773
2242	-362.870426
2889	-341.871347
3240	-338.234966
2271	-310.916474
552	-340.639366
133	-271.642927
472	-273.761356
1084	-309.711894
3274	-196.407957
3279	-356.732861
2636	-306.112153
3498	-381.585231
3331	-233.545899
1533	-309.671865
2903	-308.505951
3961	-308.561152
2968	-310.909942
2857	-362.899149
3313	-360.526364
2503	-345.653983
3353	-324.514429
1291	-285.276634
3831	-451.528971
3051	-192.736096
525	-273.812813
1583	-345.655509
2419	-287.353473
362	-289.871990
526	-344.430692
3782	-262.035127
1044	-304.687053
2999	-307.237456
3077	-336.822591
2085	-309.695312
553	-271.666055
2438	-392.565188
322	-346.832352
2683	-309.686061
2896	-356.725069
739	-309.678703
826	-248.137789
457	-380.372151
806	-308.768073
428	-324.570042
56	-345.599154
1930	-341.835805
2395	-297.523583
583	-285.016369
882	-169.557758
2518	-360.566272
404	-324.595399
3653	-309.763576
2332	-342.335241
2256	-303.503801
80	-392.672883
2750	-268.301176
865	-304.728720
2068	-308.471269
804	-248.395289
139	-338.257996
3501	-318.409788
1023	-309.663477
2516	-309.661518
2814	-325.804528
2392	-272.551442
2275	-312.122563
679	-340.668108
1534	-340.632075
2227	-356.712771
197	-233.549368
1380	-288.625728
442	-356.712228
2751	-273.787799
1093	-325.718074
958	-302.599262
1511	-271.315027
1206	-342.315546
1999	-233.547877
2307	-346.859945
79	-324.605178
1643	-310.910140
3454	-376.600944
642	-234.476516
2972	-320.764992
335	-361.729115
2948	-382.790431
3912	-308.435951
215	-356.645883
360	-346.890881
411	-397.680771
2404	-323.340989
499	-340.611683
705	-362.953848
3751	-339.491316
2501	-232.377706
299	-195.196751
3288	-348.045786
2132	-377.826580
1294	-345.612830
3586	-287.506415
324	-307.534482
530	-360.503506
2567	-320.795216
3407	-343.517848
3004	-288.652346
3631	-303.560350
2254	-359.388326
1588	-323.678800
809	-361.738091
280	-271.324234
1166	-324.576650
3630	-287.660591
2517	-308.462063
1242	-308.508254
3403	-339.424322
3108	-361.653332
2350	-341.853951
2846	-273.780933
3395	-248.436061
887	-361.720206
504	-356.680129
468	-322.150234
2230	-262.056533
3640	-309.692577
3450	-382.824468
1377	-325.768959
3229	-271.614305
2774	-310.910631
3335	-275.020322
3172	-274.982310
944	-320.766684
3445	-286.508374
3729	-376.562796
1657	-338.273162
2962	-309.686114
1221	-344.436348
1824	-336.855265
2050	-362.937518
1160	-286.467220
1916	-360.557411
2172	-308.472272
3633	-380.412093
3221	-308.477915
303	-375.328197
2468	-307.193849
130	-274.988525
2266	-289.766576
39	-340.687222
3601	-308.749822
2831	-356.723059
124	-271.621961
2657	-308.451299
1853	-359.314227
2983	-346.833689
2224	-307.568767
1399	-341.826906
2112	-304.729640
1736	-273.764207
3166	-326.949535
2874	-309.725707
3936	-326.951067
3258	-324.473847
2847	-307.566260
3597	-360.539435
3527	-309.716030
2100	-343.199390
1406	-375.394844
110	-346.869123
2685	-344.426408
2431	-309.684774
2193	-383.976576
572	-356.752533
1387	-361.698635
789	-324.581906
2662	-345.635068
3824	-302.288055
1584	-251.727102
1555	-324.529724
3358	-326.934987
1375	-345.645053
15	-288.542593
3468	-345.710017
3805	-309.680682
1563	-376.575382
496	-377.794221
1773	-304.696646
1038	-267.106213
2186	-320.782523
1839	-355.496901
3273	-288.589678
2984	-362.935648
3952	-269.175627
2769	-376.563238
646	-323.641347
2394	-355.446449
12	-377.816587
1546	-318.321510
436	-360.521191
3950	-270.439135
2252	-382.779570
446	-305.831164
262	-345.647032
2788	-345.596027
433	-396.498209
582	-325.833302
1489	-266.777425
1859	-324.577613
1071	-360.495618
484	-351.639205
640	-345.616264
137	-287.440932
993	-317.364547
836	-324.606601
1410	-273.759553
2009	-273.812948
1602	-318.339586
2025	-249.363808
1330	-324.575010
2542	-326.951186
3513	-340.637067
2536	-273.758980
2591	-325.773278
342	-323.351196
1411	-327.023352
3738	-274.982053
431	-361.712798
1734	-359.354596
599	-343.312201
2463	-288.576502
1416	-308.514570
1105	-302.306944
2114	-307.528446
886	-304.728323
3013	-346.883127
869	-327.026488
3215	-320.793270
1664	-310.904974
1810	-288.653294
3146	-289.872162
3920	-319.574905
1934	-341.769746
2371	-307.253245
2125	-310.908354
2356	-323.346816
1690	-339.426816
807	-340.681309
53	-285.330157
3988	-309.707600
2808	-340.646073
811	-304.567859
3362	-345.632413
2258	-303.453218
1367	-325.812267
3261	-232.025930
3208	-288.572843
3405	-269.206920
3808	-345.614760
1823	-340.656176
72	-325.720699
2196	-338.559964
1463	-362.938449
479	-77.308427
2893	-274.985796
1951	-317.408548
848	-309.744522
2758	-309.696640
1426	-381.607770
2951	-308.569129
2496	-326.954795
3045	-310.906568
954	-324.612244
1176	-288.584832
2954	-305.915530
440	-307.226474
1551	-324.575851
805	-309.658574
1171	-325.721867
3769	-304.586424
610	-324.629068
2923	-325.801905
2637	-325.687098
3397	-356.702115
3128	-341.867138
2884	-324.471313
2500	-286.498235
1125	-285.292217
2869	-306.113519
1151	-392.620909
116	-346.831175
2030	-273.804223
2571	-309.686348
1381	-303.795699
501	-345.630685
3329	-310.909123
790	-341.836780
3033	-325.785262
3480	-286.460642
3134	-271.319942
827	-303.556664
1787	-325.795649
3881	-357.951284
1779	-288.583563
1075	-325.751822
1104	-287.315479
1119	-304.733360
824	-310.952875
1366	-345.633122
3798	-310.941861
3918	-289.794194
136	-343.240623
822	-336.845442
3897	-324.519277
1308	-341.814212
3002	-269.479234
463	-309.715058
3079	-270.401391
2966	-308.428791
416	-271.318448
872	-309.711438
1556	-340.659506
2049	-344.463291
1692	-362.862736
236	-325.758113
1391	-323.317575
1139	-270.382725
2861	-288.654312
3062	-381.573048
1927	-361.739999
1220	-325.800532
2614	-232.164586
2107	-325.766177
3187	-272.591906
223	-339.501781
2024	-306.349032
3659	-340.683837
2701	-326.942959
1595	-309.686571
3384	-357.949026
1542	-370.291993
3765	-453.654335
3262	-235.693825
2989	-287.317913
3520	-325.752207
636	-382.818623
3383	-360.602876
726	-346.870614
1425	-288.648476
3721	-284.372483
906	-383.969892
3901	-346.822424
808	-320.774349
1937	-287.438379
2183	-339.459869
2625	-291.021574
2487	-361.694757
3439	-301.389192
3248	-322.477268
3717	-275.014300
3792	-360.525610
1267	-341.841438
2380	-327.025010
2410	-361.673369
839	-302.254301
2543	-376.588479
1875	-242.186010
531	-226.107205
467	-273.793804
2698	-344.434438
1127	-345.659797
2940	-339.418028
374	-372.796889
1970	-362.897428
2257	-307.238509
1890	-371.608385
3441	-372.686714
3120	-309.689111
847	-324.608363
3496	-302.303890
1481	-376.634518
3593	-304.614300
1040	-268.307873

file identifier 	 test data 	 predicted
447	-271.627826	-279.003621
1318	-310.897519	-314.822364
3161	-309.678595	-313.525744
3550	-341.825957	-345.950658
1765	-285.335887	-1048.243946
1887	-361.696319	-366.158783
3596	-285.328258	-1063.367462
1008	-248.448467	-279.175931
59	-248.430371	-283.060592
90	-327.017113	-329.116842
733	-345.660927	-348.746019
3204	-306.313706	-362.815983
2245	-308.434866	-313.368453
301	-324.570823	-330.410808
2587	-376.609234	-1216.416651
1606	-308.462382	-312.692779
894	-338.247875	-353.887556
3684	-362.958208	-365.414999
837	-360.512026	-386.456489
3435	-361.728293	-365.542049
674	-346.879260	-349.563434
1735	-320.791360	-327.249262
2694	-317.396153	-331.223225
287	-307.560718	-312.505514
833	-325.761605	-330.315282
647	-338.268974	-351.010293
3216	-344.380260	-349.891156
2205	-318.391203	-350.098086
3789	-273.762938	-281.053127
3855	-304.746925	-308.589158
1721	-339.479764	-1160.915432
3562	-360.524672	-397.659379
1240	-310.907666	-315.231803
1461	-346.899170	-349.090574
698	-274.985880	-281.981691
1193	-324.550139	-331.051217
2584	-360.567154	-382.763961
660	-271.630416	-279.234348
2369	-273.760271	-280.374174
3103	-340.631134	-354.793273
2340	-310.899612	-315.216354
2618	-361.768020	-366.194134
978	-324.545574	-330.013659
88	-345.655534	-348.958863
2236	-235.698987	-243.090496
1638	-344.481904	-351.224756
243	-323.389193	-358.625734
536	-323.348544	-348.012182
2384	-281.469893	-1049.215940
2407	-377.829134	-378.474889
493	-336.819674	-343.460993
528	-288.538806	-295.640464
1409	-285.282853	-1030.929491
1905	-231.145151	-809.239123
2714	-398.878264	-401.012993
456	-336.811524	-343.679931
84	-345.610574	-349.430863
304	-322.464725	-1146.030175
2234	-272.580839	-278.580852
3073	-309.734862	-313.466616
2464	-297.555801	-318.339912
1487	-345.665813	-349.201412
3471	-416.384141	-419.989696
2215	-289.795079	-293.457478
1069	-375.370023	-383.005345
1629	-272.526778	-278.427122
3704	-348.035847	-350.310415
1960	-345.602645	-349.006574
2677	-309.684577	-313.721673
2223	-288.657055	-296.005441
1433	-325.729800	-329.981432
1227	-322.155306	-350.806866
2845	-307.602080	-314.020681
2327	-381.624797	-390.240396
2939	-352.864008	-371.288511
3036	-310.907823	-315.318315
1722	-362.946707	-365.521216
3510	-340.674744	-346.327717
54	-195.186228	-223.585551
940	-325.787515	-330.438451
2498	-288.539500	-295.606292
2742	-348.048844	-350.561118
249	-306.347185	-344.602673
3556	-276.202384	-280.467837
3611	-324.577560	-330.399705
3303	-272.589883	-278.843472
1501	-288.653529	-296.103097
257	-324.569867	-331.915271
1384	-361.755719	-365.950223
1674	-360.499243	-385.915337
1129	-340.618148	-354.576762
3664	-269.219315	-311.488790
1513	-306.368494	-336.651967
3290	-341.859618	-344.969225
2822	-310.902197	-315.328365
429	-288.570364	-296.025366
3646	-305.130313	-334.536041
1697	-345.613396	-348.919642
2606	-323.344105	-375.513072
1655	-338.217210	-352.679532
1336	-334.362330	-347.535164
3568	-308.468418	-314.246443
364	-117.824798	-160.711233
890	-344.458979	-350.393756
1388	-250.583643	-259.561822
2269	-308.452310	-311.863659
2532	-301.405558	-325.812525
2958	-324.580268	-332.353773
1260	-270.417842	-279.390108
1274	-309.686648	-314.029695
2002	-286.504040	-307.136392
645	-308.540795	-312.842882
2345	-342.329232	-358.806406
2026	-272.837907	-278.192348
3694	-338.246643	-352.354935
1725	-360.495137	-388.285940
2887	-345.641890	-350.037990
1567	-356.714706	-372.985751
3493	-232.333258	-251.794401
3723	-345.597175	-349.639154
633	-325.759393	-330.237073
396	-372.782655	-1215.400452
626	-288.653249	-296.088854
2527	-297.554699	-319.817980
772	-381.599310	-388.732197
1948	-195.158734	-218.712471
264	-339.450073	-1186.059202
2134	-344.433965	-353.323183
590	-346.857871	-349.218959
3340	-229.879598	-260.538639
1192	-326.947461	-329.185638
83	-344.434906	-352.084094
3203	-308.459279	-312.743763
3259	-359.368793	-377.357443
1397	-271.624640	-279.211873
1340	-271.616723	-279.450541
3387	-309.727603	-314.084853
3173	-325.791830	-331.166997
418	-324.565412	-332.412839
752	-324.557693	-329.175823
2558	-472.145935	-480.311535
712	-294.081616	-287.573573
617	-376.521083	-1202.613311
907	-381.607752	-389.331456
1141	-115.679136	-136.945750
2283	-231.111403	-807.470106
1002	-287.689262	-292.237451
1603	-232.363630	-254.773931
2502	-309.685960	-313.362714
2021	-346.818246	-349.549555
3849	-360.531172	-387.451225
2865	-342.307696	-361.916032
23	-304.679494	-310.705072
1349	-286.542391	-300.622616
2549	-375.410333	-382.631560
2664	-348.047695	-350.845325
3426	-307.387663	-322.508402
29	-344.425700	-351.672744
2579	-273.765811	-280.909392
2142	-324.624987	-330.982878
91	-275.011437	-282.097291
3110	-236.917458	-289.145853
3084	-325.781161	-330.138420
121	-361.711483	-368.533632
1094	-304.696023	-310.182359
3818	-308.470796	-312.164388
1392	-353.321142	-355.440857
2016	-308.569875	-313.213740
1204	-361.704371	-365.793752
3902	-382.757521	-385.465066
398	-345.636145	-347.894404
3650	-382.756764	-385.157056
1315	-288.533780	-295.447233
290	-348.056024	-350.539734
2623	-235.700285	-243.017198
2835	-362.925466	-365.443375
2722	-344.423318	-363.082761
2212	-346.837271	-349.534628
3553	-346.830674	-349.500480
2031	-269.170061	-306.203013
986	-347.459586	-1165.138617
1187	-264.235803	-315.647643
3223	-341.794931	-345.715649
3755	-341.874216	-345.116549
1790	-345.664882	-349.195937
494	-345.611057	-348.739779
216	-307.283509	-323.253843
1209	-392.612820	-395.788525
3869	-324.525580	-332.114357
1669	-287.426878	-297.612680
155	-324.571682	-332.775215
149	-380.415966	-1214.654173
1470	-272.542270	-279.532496
3412	-335.628480	-1178.850638
150	-309.732713	-313.439955
838	-361.709679	-365.526079
2970	-339.501361	-1186.008396
1676	-296.285473	-301.335370
2563	-247.215049	-282.238430
3241	-319.515995	-339.852030
614	-383.982605	-386.212189
449	-325.753993	-330.435966
3071	-273.789182	-280.400138
556	-272.600604	-279.145111
1696	-320.785074	-328.293463
3020	-287.430903	-297.779150
1143	-367.635675	-374.614862
89	-249.259410	-264.015479
2388	-309.695742	-314.341169
1021	-232.328175	-249.817223
3184	-308.439671	-312.420401
2975	-345.579201	-348.915226
2106	-286.476486	-298.876991
685	-320.029854	-313.699164
1296	-345.612257	-348.159116
1767	-285.277900	-1001.077692
979	-309.713440	-313.406970
3537	-346.860694	-349.309674
3730	-291.017996	-295.226577
1732	-269.170665	-309.690165
3903	-340.636306	-354.293872
1818	-371.535911	-378.903981
158	-308.540079	-313.554251
1519	-352.874613	-370.482725
3636	-324.624318	-331.194650
2494	-274.984732	-282.588545
971	-324.624537	-330.801982
2324	-346.831385	-349.440650
753	-361.710299	-364.551180
2521	-361.728609	-366.018838
3090	-287.362939	-297.931194
1730	-345.663299	-347.239713
3981	-249.257629	-264.016084
3806	-309.676410	-313.451279
602	-275.010289	-281.973472
1578	-233.217482	-249.111662
644	-376.595314	-1200.667102
1869	-269.207716	-313.021578
2226	-276.206257	-278.109231
1710	-361.726166	-366.058442
3560	-286.463470	-299.719767
880	-345.648463	-348.881619
2383	-324.593866	-329.699919
1450	-273.757658	-280.416714
2165	-319.567241	-345.543962
3415	-308.495275	-313.122493
3916	-273.810780	-280.617793
1917	-325.790782	-330.116457
1312	-381.612501	-386.630056
3408	-287.661454	-292.636594
2018	-286.492357	-297.949244
2495	-307.596472	-314.508276
3275	-308.757315	-313.481764
759	-398.888473	-399.463686
3816	-272.830720	-277.563039
1035	-284.385189	-308.572723
3676	-346.840522	-349.215554
2047	-286.246880	-322.058062
651	-232.334436	-253.661071
2573	-307.303421	-317.599369
1207	-324.584396	-330.802303
3966	-376.570141	-1208.476564
1986	-344.459234	-354.694362
901	-270.446915	-280.968646
724	-320.775720	-327.174840
2782	-340.664407	-350.629234
3238	-340.667053	-346.302447
3003	-325.798735	-330.339526
275	-344.442225	-349.513744
1133	-308.517070	-312.629833
3154	-309.714008	-313.482835
300	-324.602433	-330.319323
2195	-289.873479	-294.229868
2777	-336.817321	-343.405695
3065	-344.486202	-352.310109
3919	-304.721921	-309.127698
193	-307.285557	-324.371573
1901	-362.946498	-365.508281
2320	-362.876210	-365.642922
1225	-196.409349	-208.293936
1264	-324.536694	-332.902176
3336	-308.477672	-312.876417
1299	-348.043466	-350.602271
2440	-317.433049	-331.209959
2538	-344.417597	-360.252974
1547	-335.613384	-1178.408972
1107	-267.060326	-289.107521
1210	-340.641282	-345.159856
2609	-322.351046	-1108.333090
3218	-325.743746	-329.740401
200	-345.625804	-348.626571
589	-340.604189	-346.977668
2546	-248.018573	-909.054700
1060	-345.713205	-347.917840
2761	-309.696507	-313.521058
933	-270.430832	-279.592813
1502	-340.679724	-346.121101
2947	-355.510313	-367.632105
756	-325.798888	-330.116808
2613	-338.214346	-351.764419
2460	-345.631797	-347.702176
1749	-302.579654	-333.650035
1670	-269.230258	-312.049810
439	-288.690999	-295.513666
238	-233.253760	-250.095979
3733	-309.678068	-313.569407
2638	-309.688194	-314.492279
3347	-286.510514	-300.283757
383	-361.702346	-367.288203
1600	-249.301818	-270.550850
3291	-362.911941	-365.562343
2043	-344.484341	-355.462366
2478	-339.450173	-1147.628422
47	-247.225618	-291.089101
3099	-324.530718	-333.301026
2290	-343.224836	-1158.298924
1152	-308.448572	-311.910948
1868	-326.949224	-329.369144
1565	-325.735821	-330.375602
2057	-288.540318	-295.570303
1203	-261.802956	-252.973876
3206	-346.853173	-350.047708
3925	-325.718488	-330.346116
969	-325.797425	-330.177143
1402	-286.203815	-325.076597
817	-345.619715	-348.485181
282	-325.714378	-330.060067
1747	-360.559076	-381.255251
2189	-325.762375	-330.266630
173	-396.486463	-410.882510
2547	-323.328581	-363.287694
834	-346.828689	-349.734096
1898	-360.497612	-379.752661
2668	-310.906004	-315.390403
2173	-304.678340	-310.164371
2170	-274.987123	-282.046760
923	-322.135797	-347.917691
2599	-355.457663	-364.026544
500	-308.452306	-312.239131
1613	-346.890723	-349.443785
2757	-346.855643	-349.816056
2987	-271.618137	-279.104880
3023	-323.343769	-360.879554
3006	-308.470648	-314.045903
2950	-360.498298	-383.926735
3017	-271.339346	-281.251932
1382	-360.492675	-381.722599
3702	-362.951503	-365.495630
2444	-318.641916	-1137.291065
903	-309.685872	-314.484048
1356	-271.372094	-279.170771
691	-361.734668	-366.052933
1180	-306.364186	-335.736213
97	-286.495035	-301.734863
2783	-272.537685	-278.640527
2862	-309.693471	-313.385623
3112	-327.021680	-328.978798
2679	-312.130526	-317.604519
2909	-361.687451	-366.006959
546	-306.365166	-335.225182
2872	-288.581144	-296.221982
3710	-308.565933	-311.772919
2593	-321.252793	-334.348401
226	-360.556344	-387.828217
2089	-308.469081	-313.927412
2197	-309.684327	-314.535993
994	-323.428670	-357.713952
3094	-324.601619	-330.915385
1492	-310.927319	-314.808414
629	-309.712115	-313.299525
1599	-304.689816	-310.422237
2877	-324.556404	-331.622337
1115	-325.773014	-330.288529
3054	-269.129580	-294.439476
241	-309.718177	-313.883819
985	-320.770329	-326.754135
267	-345.641113	-349.482897
1479	-309.677142	-314.021302
3088	-308.459859	-312.389321
862	-361.764434	-365.246740
1733	-322.169100	-365.820481
1647	-343.242553	-1179.854767
227	-377.805829	-382.747980
593	-303.525517	-325.874050
1931	-310.900102	-315.217798
3177	-287.662612	-292.764931
2944	-309.687280	-313.307859
134	-308.516376	-311.091860
2041	-346.821470	-349.417972
2250	-339.462492	-1150.521001
3138	-345.651520	-347.384296
1506	-339.437849	-1171.191689
3354	-360.529236	-382.264334
272	-322.161948	-354.890590
3644	-345.587398	-348.424322
78	-270.472470	-280.415485
2907	-344.466563	-352.221688
10	-344.512001	-352.356871
529	-309.725786	-314.201670
2858	-346.862070	-350.000565
2595	-303.465315	-321.756603
1484	-273.817328	-280.714238
3247	-360.531175	-380.776530
2291	-286.514923	-298.303617
2116	-340.646768	-346.264700
2087	-286.484121	-297.758502
2417	-336.838171	-343.777809
64	-362.945802	-365.609033
2405	-318.344936	-340.796673
2534	-362.960595	-365.539003
3381	-309.731402	-313.517208
2560	-339.452794	-1182.142584
3127	-327.010419	-329.222813
2619	-326.939536	-329.221316
3093	-334.424572	-348.233208
1064	-276.202311	-273.479863
801	-273.763117	-280.426835
564	-272.569586	-278.694121
1155	-272.838189	-277.745170
3864	-288.639421	-295.427418
3242	-397.707881	-419.154805
2848	-339.419688	-1160.129824
2810	-273.763107	-281.480393
1436	-375.359407	-382.467838
974	-303.468081	-325.354721
1372	-381.574124	-390.158437
2723	-324.554067	-329.985943
513	-355.518342	-378.023492
612	-397.697891	-421.944675
3126	-360.523204	-393.172178
3125	-308.510840	-312.922643
2580	-309.722373	-314.248310
2600	-307.237880	-328.124363
3615	-210.071468	-277.059115
208	-270.399081	-283.081250
102	-307.230370	-318.705329
2375	-360.564233	-376.467969
2981	-327.026688	-329.400030
855	-271.614051	-279.385736
3294	-340.693392	-347.345010
2562	-375.357530	-382.535890
1969	-360.529678	-386.721549
1137	-271.622539	-279.181071
2416	-344.406447	-354.479474
3552	-325.793166	-330.735051
2158	-340.663379	-348.063401
3278	-298.952950	-281.707163
760	-324.605411	-330.952020
3509	-288.685117	-295.449368
2062	-303.437471	-313.436199
497	-287.470402	-299.319064
3827	-270.435807	-279.710494
152	-306.286325	-332.953633
2027	-376.585000	-1217.332009
1913	-310.912131	-315.239733
1080	-288.570006	-296.097831
2073	-345.600119	-348.671546
3083	-381.591448	-386.685123
2064	-309.687401	-313.691281
2787	-324.505365	-333.139043
3731	-310.913156	-314.903811
1270	-307.571937	-315.393953
1873	-346.842529	-349.240645
55	-335.683118	-1179.932143
1585	-360.545832	-398.902056
3629	-359.312853	-382.597462
1365	-361.755045	-366.960203
1640	-304.583737	-308.949660
1871	-306.406578	-339.396670
2219	-265.437885	-293.179155
393	-323.334482	-351.097155
1338	-320.793141	-327.363415
3040	-360.506446	-374.368044
1863	-381.631601	-386.737923
2366	-286.466852	-303.770529
688	-324.491475	-328.577088
1364	-267.963366	-324.405618
2708	-308.512758	-312.438365
3685	-381.602419	-393.289150
677	-324.594116	-331.289423
3546	-233.219124	-247.963000
1358	-340.682075	-352.684961
773	-309.674485	-314.173590
3162	-324.546164	-329.959062
1156	-154.972731	-196.145573
1326	-266.616319	-279.544728
812	-308.509197	-312.455911
1666	-289.872246	-294.600759
2390	-270.097243	-292.864049
3942	-287.507193	-297.999411
2537	-317.434422	-331.226171
1589	-324.608694	-329.931862
2886	-324.530742	-329.267635
1549	-340.689515	-349.940390
3871	-346.859809	-350.028009
1906	-324.613156	-331.469610
3761	-352.866322	-369.688211
2201	-452.728039	-457.847955
2346	-310.909551	-315.001235
548	-233.555951	-240.731287
414	-192.762455	-234.633048
2229	-319.560814	-371.627604
2875	-344.475122	-355.305013
1739	-303.454720	-317.999730
1763	-325.799404	-330.698837
3913	-308.551230	-312.306429
1784	-324.497693	-328.359509
3943	-376.602183	-1214.935399
1728	-362.942862	-365.340715
1282	-346.860539	-349.543912
445	-319.610687	-345.072413
94	-362.955075	-365.631430
3609	-269.176442	-301.399253
3144	-308.472241	-311.420211
3193	-320.725883	-329.574954
2479	-271.622821	-279.421628
1650	-341.836348	-345.568465
2991	-272.841336	-277.323380
1972	-233.542445	-241.931245
2930	-310.906738	-314.890931
2281	-345.643890	-349.390636
3617	-345.608658	-348.966790
2529	-229.969129	-257.935329
1753	-375.351387	-383.216301
21	-278.059333	-281.854500
1726	-381.506605	-387.431375
3947	-382.782251	-384.269696
3063	-317.413890	-331.279446
2373	-302.564379	-337.402061
2354	-387.558484	-387.021180
3382	-341.145624	-341.515931
2826	-308.764658	-313.838042
2299	-280.273691	-304.647671
3666	-309.735874	-313.864618
1562	-309.676327	-313.543003
3249	-325.739818	-329.990291
2364	-360.507160	-382.912993
3014	-269.263802	-304.634569
2597	-412.494644	-415.267700
3845	-344.454717	-352.590051
3197	-309.714859	-313.709422
1116	-356.691214	-376.614617
2588	-376.538277	-1210.065869
369	-361.733362	-365.590492
2130	-271.612772	-278.763926
1671	-309.708282	-313.512510
1185	-324.558175	-330.507177
2402	-235.696227	-243.039337
934	-345.650323	-348.843000
2531	-157.115484	-194.683274
1504	-360.489720	-384.140192
945	-264.243028	-322.872037
388	-340.594424	-348.942355
507	-309.697879	-314.367898
2705	-270.384180	-281.488035
2934	-324.462733	-329.189558
1958	-340.595950	-350.048634
3540	-321.236907	-333.876816
415	-309.692626	-313.969037
2971	-312.131841	-317.412316
2179	-361.698233	-366.160476
2333	-338.234590	-351.355291
2400	-345.592410	-347.971116
3147	-338.530072	-355.649289
2988	-310.923406	-314.726106
3507	-376.594067	-1224.949024
1013	-271.300649	-279.650565
368	-345.595021	-349.818931
401	-325.712603	-330.026750
1633	-247.201165	-285.073332
2650	-361.727711	-365.409483
346	-307.586014	-315.446015
1289	-344.439723	-356.347428
372	-337.283890	-340.453882
1213	-324.530103	-329.459810
413	-301.369263	-329.168945
520	-309.720011	-313.462977
2163	-324.503356	-332.421642
2837	-325.730097	-330.293063
2120	-381.630205	-389.967331
2150	-324.570860	-330.417402
2094	-325.812885	-330.019921
1024	-302.535621	-327.858015
3424	-348.051118	-350.379219
1339	-285.316421	-1038.420277
3979	-345.651111	-349.098038
2719	-286.477365	-299.912819
188	-339.406341	-1178.642927
214	-348.052027	-350.648328
1907	-346.819476	-349.342957
1591	-249.397368	-269.434614
957	-360.490486	-382.038089
2472	-209.159302	-243.104435
1276	-340.667317	-349.495633
3010	-361.720579	-364.516754
30	-325.717105	-330.009932
2123	-327.010026	-329.061585
142	-307.594137	-315.150836
2342	-309.680487	-314.063988
2594	-335.586914	-1178.157689
1645	-324.477059	-329.840475
184	-322.436757	-1143.820670
3466	-325.794624	-330.634830
2654	-304.679740	-310.006541
1287	-355.515622	-372.946819
3852	-361.710525	-366.045272
661	-335.635079	-1177.193107
2827	-345.615042	-349.203156
3747	-324.521162	-328.419716
2749	-340.645995	-348.591537
1460	-309.684108	-313.324822
268	-362.957295	-365.551758
2933	-360.538112	-387.153190
3376	-273.775510	-281.243912
3324	-345.641848	-348.133903
587	-307.283919	-325.989256
655	-325.771459	-330.302111
2296	-309.691365	-313.472579
3641	-360.485033	-389.315376
1826	-285.242094	-1035.790147
3861	-234.486176	-245.670373
2101	-361.717364	-364.342891
1456	-308.496384	-314.220367
1369	-392.662003	-403.851838
430	-307.543210	-314.112240
2075	-345.606444	-348.925648
1428	-265.391486	-304.695733
2669	-309.763785	-313.799663
3105	-346.821661	-349.991200
1037	-306.397746	-329.896443
2109	-321.219665	-334.488060
1058	-324.585402	-329.486703
2038	-348.056093	-350.653844
905	-360.513668	-387.773288
2232	-56.525887	-83.521232
3754	-324.570035	-331.938314
1045	-344.449852	-355.166134
3796	-341.875439	-345.155355
312	-234.485640	-245.858269
2548	-340.654465	-348.034322
767	-346.861463	-349.764648
2756	-153.742562	-170.949516
744	-249.332005	-267.653403
736	-325.799293	-330.156789
1979	-308.462923	-313.093074
1322	-271.619912	-279.422143
211	-357.939331	-362.422221
2639	-302.580808	-333.919372
3369	-158.342346	-133.774286
3402	-234.522504	-245.477504
3111	-318.340705	-348.664622
331	-309.734363	-313.517377
3321	-251.726162	-258.556095
3001	-270.386138	-281.567631
1858	-343.238086	-1187.448762
3860	-308.505267	-313.459948
2581	-234.469389	-246.095951
2451	-359.328735	-380.567717
601	-324.603558	-333.292966
2146	-310.932540	-315.210426
1634	-324.563073	-329.938223
1421	-360.526142	-383.696254
1488	-320.766344	-326.900548
395	-234.447743	-245.231373
1855	-360.497728	-381.836118
1933	-270.396100	-282.599867
1085	-231.092208	-829.704021
2489	-250.583259	-258.678034
3393	-359.297522	-377.213421
159	-273.773408	-281.479199
1644	-325.774769	-330.386545
3087	-392.563319	-399.412806
406	-359.295180	-370.820308
3388	-271.606364	-279.072771
1467	-345.613895	-349.787311
1081	-310.912796	-315.141299
3519	-376.604739	-1222.932285
3092	-340.610697	-351.761324
3524	-308.455477	-312.716723
2168	-310.899911	-314.943828
3217	-306.392828	-341.356396
3530	-309.739069	-313.804817
3931	-288.683173	-295.447442
1771	-287.657053	-292.139650
3214	-344.426062	-359.894759
3330	-323.360126	-356.063433
3311	-344.433172	-356.244386
3005	-249.248680	-261.211308
412	-372.768039	-1211.704920
2795	-379.572458	-386.283481
3624	-324.614194	-331.231468
2214	-245.994065	-253.245788
203	-340.663148	-351.135523
3042	-269.468415	-290.953612
2752	-381.632242	-387.885013
543	-310.937295	-314.933936
1579	-288.589020	-296.061380
519	-309.687078	-314.256795
1727	-324.606977	-331.489323
3011	-310.902708	-314.982650
2455	-344.431301	-359.079342
25	-309.712046	-313.560958
2855	-268.917900	-896.663668
3667	-249.293044	-269.257311
2167	-309.681554	-313.612650
3046	-322.057728	-349.790894
1261	-268.282665	-922.895283
2577	-381.600777	-393.200009
1757	-285.313612	-1061.781975
596	-325.754527	-330.117943
3434	-360.560766	-378.386475
667	-360.533083	-381.442270
729	-343.084333	-345.900063
962	-376.587043	-1210.697472
1510	-322.425235	-1127.049951
1925	-309.677276	-313.411443
3442	-381.635659	-387.533077
1473	-340.678945	-346.691198
38	-309.736982	-313.772379
3456	-276.206318	-272.438467
2191	-359.317050	-380.439668
296	-345.688916	-348.919574
3844	-308.450468	-311.969182
3107	-281.504745	-1049.518370
265	-236.916125	-289.577198
2361	-304.727460	-309.126252
1257	-346.855622	-349.448385
221	-310.917273	-314.969102
2111	-348.048744	-350.124004
1800	-212.439286	-229.563318
1713	-323.381747	-348.130162
1577	-355.468067	-369.013896
2022	-344.425164	-363.128254
1509	-345.612220	-348.434818
2442	-345.636611	-349.364414
3712	-300.148891	-305.076382
1003	-308.516378	-312.084582
1558	-270.389386	-280.074933
2961	-348.061993	-350.264118
551	-382.817123	-385.893079
1462	-312.136049	-317.447559
3724	-324.573480	-332.746011
281	-322.479769	-1136.670682
3059	-363.508158	-377.735837
3548	-79.764152	-97.008615
3451	-319.606765	-345.752686
2709	-345.632155	-348.078519
1216	-308.465534	-311.454968
3975	-309.693760	-314.777183
2995	-381.584942	-395.068052
656	-376.605347	-1214.797207
462	-234.474088	-245.782285
1812	-307.275809	-321.374510
1357	-375.307060	-382.964258
1545	-308.468255	-312.335445
2177	-346.868453	-349.652694
3344	-325.748658	-329.748502
378	-356.705084	-376.590790
1368	-288.584029	-296.028071
81	-318.390876	-351.005111
482	-272.599303	-278.673727
2294	-341.831947	-344.731385
537	-361.731930	-365.424448
686	-391.370332	-392.564194
1271	-310.902165	-315.250658
270	-372.752005	-1222.585299
320	-232.333410	-252.177450
1882	-273.764420	-280.361057
3518	-340.655390	-350.938565
321	-324.604397	-330.955622
1586	-272.837559	-277.830207
3472	-340.657197	-347.230979
2916	-340.655601	-351.471560
3772	-356.752251	-381.325144
2493	-346.822460	-349.758869
1834	-381.615289	-394.301024
932	-361.764881	-365.280729
3000	-309.688191	-313.730191
1128	-361.695007	-366.170023
728	-309.678404	-313.449786
3180	-323.669200	-332.940656
3142	-376.617653	-1220.915050
3289	-270.437636	-280.585690
225	-346.842403	-349.232654
1836	-268.273739	-1001.937559
1469	-324.444698	-327.647410
956	-230.183076	-286.432468
987	-273.765811	-280.294806
2240	-381.627040	-389.387849
1395	-375.348487	-382.973856
3790	-286.502445	-309.062889
3727	-285.317454	-1029.064076
550	-319.568017	-354.576693
635	-324.578381	-331.612536
1508	-308.462196	-313.758158
3	-346.838279	-349.348970
1393	-271.647465	-279.287676
345	-309.704732	-313.191123
3167	-309.688639	-313.262653
3140	-284.987905	-339.608191
3428	-288.564752	-295.318955
606	-343.235457	-1082.494644
3960	-336.825944	-345.496389
664	-335.632054	-1150.740540
2576	-306.418503	-330.328935
563	-345.644179	-349.493933
2572	-360.495461	-395.117337
3233	-304.691526	-310.431966
3459	-346.831382	-349.724331
1036	-340.609236	-355.264787
702	-379.000257	-382.983592
60	-382.768883	-386.093332
2644	-320.786990	-327.038112
2427	-339.474134	-1178.892058
1537	-309.692993	-313.607958
3764	-308.483519	-311.573111
2469	-270.392444	-280.036705
2209	-382.781841	-383.983872
2095	-348.034975	-350.016397
1597	-336.805704	-344.021190
2880	-346.831172	-349.397785
3777	-339.431092	-1157.442517
2382	-380.343633	-1222.899903
3879	-339.483894	-1153.242693
3499	-309.702237	-313.264752
2152	-308.540101	-313.424028
621	-310.899323	-314.970161
2796	-345.678871	-348.713921
1881	-361.772040	-366.614230
3015	-359.362011	-370.989770
3927	-323.326298	-354.240433
2292	-343.246371	-1169.696100
3366	-323.268818	-342.145244
910	-270.384937	-279.770057
2753	-310.904304	-315.309274
1263	-345.642008	-348.393889
2401	-263.280728	-287.129213
2359	-360.468392	-381.955060
3564	-303.533472	-327.640830
2770	-288.588657	-296.403594
252	-305.913756	-310.587703
69	-265.441614	-295.512822
3598	-340.671493	-347.261975
835	-320.740782	-330.190283
1568	-324.555249	-330.779767
3859	-308.499978	-312.095604
2084	-361.708021	-365.569545
3990	-303.459637	-316.259943
3858	-308.459001	-313.760327
3086	-360.507527	-386.281513
3264	-307.260972	-327.280914
3884	-323.333263	-350.599154
821	-307.566593	-313.780155
1122	-345.601318	-348.795717
3622	-304.726439	-308.687367
1838	-356.685238	-376.441576
924	-324.528533	-328.404458
2303	-309.719920	-314.207852
2082	-302.567313	-337.202771
3368	-308.496367	-314.598961
3503	-266.630629	-280.394569
1230	-323.396217	-358.397382
2513	-345.631685	-348.508510
2554	-345.649886	-349.069429
2083	-322.434119	-1154.392937
1348	-309.683859	-313.723419
784	-377.848074	-383.039250
2906	-340.657508	-349.875089
844	-324.606050	-330.720286
1218	-287.431740	-301.851079
2575	-308.759090	-313.797506
145	-310.929561	-314.787070
2161	-361.735863	-366.320615
3267	-320.776472	-327.818907
3627	-323.347112	-350.067026
707	-381.585428	-392.635169
3420	-306.358581	-338.895077
3113	-324.531139	-329.113116
3935	-289.875063	-294.174136
1422	-361.728608	-365.700669
3460	-288.678290	-296.057054
2885	-309.686862	-314.090278
3528	-233.262752	-249.551065
2773	-325.684055	-330.515198
743	-309.719124	-314.441027
2671	-344.377098	-347.798014
792	-310.898648	-314.991895
2329	-324.557240	-330.141742
3277	-354.254979	-357.064607
65	-312.125621	-317.143548
24	-345.608180	-348.125397
46	-372.766726	-1212.363071
1328	-376.531779	-1201.971290
1144	-264.255612	-298.838407
1825	-271.656372	-279.048078
1099	-231.975652	-258.080109
1892	-382.805933	-386.254244
3726	-382.754967	-385.084894
2922	-352.890573	-373.231338
161	-285.276468	-1010.242499
3461	-320.776316	-328.929554
1334	-273.765782	-280.347625
1628	-345.637174	-348.385381
3567	-309.693494	-314.767514
13	-360.526646	-384.971535
1005	-273.786179	-280.138062
1177	-325.808092	-330.542341
2279	-309.711101	-313.402634
1319	-308.560759	-313.388999
3984	-344.418857	-352.344136
207	-285.281032	-1031.360465
540	-346.830523	-349.656449
1928	-326.927990	-329.045696
1707	-288.590006	-295.332686
1718	-356.706262	-380.781912
984	-248.443503	-279.936338
1521	-323.665247	-336.034811
3341	-291.021228	-295.748765
1569	-234.503085	-245.990436
3463	-304.735360	-309.444850
941	-340.652570	-346.571218
107	-307.580090	-315.443547
3822	-309.665941	-313.404748
1768	-289.789940	-293.593568
1658	-287.337578	-296.122366
2854	-325.810616	-330.160869
3661	-287.358011	-297.607236
1976	-346.831692	-349.624320
3423	-308.555641	-311.949647
129	-308.512092	-312.915115
2450	-312.124760	-317.936258
1028	-360.421732	-389.521075
423	-304.694187	-309.947679
3863	-346.804974	-349.226237
450	-235.729507	-242.802917
1649	-346.868661	-348.708988
1033	-339.482903	-1178.452070
2200	-344.426799	-360.225238
1435	-193.963318	-650.531484
1273	-355.513035	-371.835913
2397	-308.772292	-313.649074
98	-303.553222	-317.499750
3811	-274.982348	-282.698386
229	-361.648305	-364.042156
50	-357.934562	-362.072882
1344	-341.767606	-345.401312
3987	-324.506120	-332.760538
1454	-288.652757	-296.668565
1331	-310.941319	-314.910707
1944	-325.796840	-330.755477
3497	-392.627857	-396.369409
881	-234.470813	-245.628601
3188	-325.807242	-330.306270
2439	-324.485913	-328.432988
3135	-272.569212	-279.413017
2155	-343.243883	-1105.815116
2288	-345.612787	-348.460331
1630	-323.431776	-353.569074
3882	-194.261089	-237.594884
2481	-324.614891	-330.697423
2767	-340.635968	-346.654608
1922	-248.132701	-871.664132
1082	-310.901659	-314.854709
3444	-289.794376	-293.462735
167	-310.912077	-315.245653
2611	-346.824672	-349.158783
511	-320.778636	-328.600414
1390	-340.660793	-347.466066
858	-340.661797	-347.212546
2927	-324.500425	-328.956978
3194	-301.367422	-318.156689
2759	-393.905418	-416.880767
109	-158.340943	-147.130086
1090	-272.500426	-279.009309
2672	-355.556836	-370.805610
2006	-339.486095	-1159.100839
902	-310.940195	-315.474809
3377	-360.549337	-383.390608
1284	-320.761539	-326.573996
2963	-287.651399	-292.700204
825	-340.536374	-349.248376
2331	-308.516808	-312.952374
2497	-325.763216	-330.571967
3201	-346.845480	-349.250399
3887	-242.196351	-250.998224
3846	-318.393987	-352.234245
925	-307.567279	-314.108400
3044	-363.519194	-375.874953
2014	-371.537915	-379.878844
319	-352.845678	-369.249589
800	-324.611571	-331.196813
1988	-312.124451	-317.822557
3558	-339.464817	-1168.635537
1140	-304.683966	-309.807068
438	-381.565482	-391.887655
370	-356.698196	-378.562862
3714	-265.398572	-305.729271
671	-310.897268	-315.024518
673	-345.680831	-348.278760
779	-356.732185	-380.127494
1805	-344.380468	-356.081391
1231	-324.569596	-330.618770
3713	-325.748400	-330.202166
2135	-346.861074	-349.265292
458	-340.699868	-349.733138
3875	-309.655400	-313.270510
1842	-362.894239	-365.096419
3606	-310.906553	-315.022789
989	-272.839582	-276.938585
1833	-302.579718	-336.768572
2626	-305.900638	-310.910763
2819	-360.551444	-380.339372
45	-266.615452	-279.387991
961	-326.950279	-329.047380
2520	-307.284294	-316.176760
1124	-271.651913	-279.432161
2070	-114.483613	-101.729969
31	-359.310420	-379.763277
3625	-326.948771	-329.320227
3623	-341.892484	-344.415476
2895	-273.764673	-280.459373
2323	-310.954565	-315.301332
2646	-325.800095	-330.184607
3922	-270.394284	-279.494962
1831	-323.386306	-354.419890
778	-324.573162	-331.161341
1895	-324.551432	-329.905436
389	-271.336957	-276.433985
1255	-381.635881	-385.268464
1646	-340.684749	-352.947111
2799	-340.702898	-347.683983
3374	-324.551244	-331.404526
2607	-275.007113	-281.983223
3836	-346.833711	-349.289008
3700	-361.717469	-365.179408
3576	-325.729906	-330.454282
2843	-308.509454	-313.408627
266	-308.477155	-313.653521
3516	-324.634527	-330.903903
1050	-304.643392	-308.884577
498	-273.791878	-280.454781
1095	-324.603415	-333.386464
3150	-310.942587	-314.778541
2941	-340.635024	-359.157900
1298	-308.505512	-314.683304
2836	-345.652670	-348.834565
2856	-376.586976	-1225.636833
138	-362.875317	-365.389519
384	-343.291812	-1182.635765
3328	-324.549529	-333.029820
1539	-382.755486	-384.824592
3894	-322.469844	-1109.101616
6	-345.687671	-348.921198
3432	-297.523580	-312.746823
3921	-343.218379	-1180.258324
3945	-304.737186	-309.132938
2620	-324.587670	-330.882354
2746	-247.190194	-296.782387
435	-306.309029	-332.947178
1293	-271.369084	-277.787776
1598	-308.471397	-312.640111
1491	-344.421383	-356.346477
1704	-274.984793	-282.212824
2829	-340.622886	-354.018623
1101	-307.244627	-325.268445
2583	-346.859078	-349.414661
3207	-355.520098	-368.125737
2045	-324.495988	-328.695527
3545	-310.915918	-314.939422
3672	-309.689612	-313.400941
143	-302.355005	-1061.618296
2605	-346.869041	-349.490087
561	-264.226909	-294.643901
2890	-309.738198	-313.756622
1503	-327.014214	-329.342589
2530	-345.673444	-349.637168
3322	-272.536448	-278.683766
918	-310.917344	-315.024341
2386	-352.829520	-368.387180
3634	-340.646592	-349.779245
219	-307.221351	-324.476158
1605	-345.703157	-348.064915
3287	-271.458576	-278.087097
3557	-344.382663	-353.715423
3533	-232.036378	-289.358514
3308	-381.582831	-390.110087
1662	-377.834156	-386.083906
853	-76.404702	-101.431834
1715	-286.486570	-300.706386
2908	-271.620997	-279.037014
2840	-284.048718	-306.871292
2203	-310.911529	-315.142561
2182	-340.610000	-355.451046
164	-340.675814	-347.164821
3039	-341.851538	-344.671156
2965	-344.689237	-350.836994
2519	-323.585680	-335.303564
2690	-231.093096	-860.399860
1528	-360.446475	-385.289577
3232	-345.686487	-349.124529
476	-397.686127	-420.565648
1877	-287.407788	-296.801479
3096	-338.175960	-350.703584
2628	-359.341296	-374.359538
2396	-307.546144	-314.645304
3898	-356.700248	-371.582572
1378	-346.867789	-350.051014
749	-249.280474	-263.956548
2093	-324.473588	-329.472312
3228	-381.648857	-385.515130
2483	-322.158791	-366.236563
1077	-326.938562	-329.212121
2813	-232.063900	-291.045055
754	-361.718210	-367.685445
996	-307.544316	-314.630646
426	-362.933001	-365.512423
1130	-346.826923	-349.658171
1631	-345.642285	-348.948640
3464	-234.470922	-245.280639
1612	-310.902795	-315.126237
3224	-286.504546	-300.137207
936	-382.773457	-385.982782
2368	-325.804686	-330.332750
3544	-312.133269	-317.770008
8	-272.545439	-279.348514
213	-249.281074	-267.771157
908	-310.911406	-315.180081
76	-325.685245	-330.338211
1935	-361.677841	-364.700389
3862	-271.646263	-278.955064
3759	-270.393902	-283.102506
1639	-345.640072	-349.453104
1626	-345.619567	-348.349567
2138	-340.684371	-347.971114
2280	-359.345792	-376.930920
2942	-325.778444	-330.127435
2726	-324.475651	-329.777711
1526	-269.267574	-292.303589
868	-312.124574	-317.361934
340	-273.789697	-280.402163
3137	-272.533448	-278.572421
3176	-432.852890	-436.481854
3129	-361.692023	-364.598788
1661	-322.148261	-354.005939
3491	-361.750275	-365.448488
2244	-414.351653	-420.328385
3095	-339.431197	-1172.397666
2039	-360.553317	-378.420337
605	-456.103432	-462.135782
1022	-310.902683	-314.999778
1832	-309.737802	-313.911246
2314	-345.658870	-349.071187
293	-377.807580	-383.442100
3565	-286.474509	-302.661651
3484	-341.890999	-344.232306
61	-308.462933	-313.974956
1908	-286.508233	-299.872725
1702	-251.727632	-258.847650
3239	-361.708121	-366.164189
2732	-324.579850	-332.478344
1772	-361.717972	-365.078649
1590	-344.415609	-353.975929
1878	-346.819711	-349.332592
2556	-321.958604	-327.362850
706	-303.481839	-311.873244
348	-196.432825	-208.908696
3651	-303.463214	-316.106383
36	-344.382282	-346.537685
885	-324.623780	-330.705153
1132	-310.938583	-315.024129
2110	-341.867094	-344.650839
2510	-325.797299	-330.309839
2206	-312.126404	-317.428760
2792	-362.944759	-365.589666
2786	-327.009009	-329.315529
1468	-345.650338	-349.252765
1843	-362.899677	-365.592183
289	-321.949791	-327.518412
2969	-286.484904	-300.346094
1678	-310.955296	-315.271596
2032	-287.663174	-292.825986
2696	-353.269456	-353.796125
1668	-344.433140	-355.555136
3735	-360.522940	-397.997958
700	-310.938181	-314.780054
592	-307.614861	-314.515720
43	-319.572842	-343.119927
3814	-361.745554	-366.034054
99	-336.813559	-342.594662
1950	-232.331230	-251.207372
1709	-326.941251	-329.174167
1654	-360.518768	-376.390122
785	-273.796695	-280.264111
927	-340.676668	-356.720558
157	-376.519880	-1196.598146
2918	-271.326117	-280.048877
765	-317.447668	-331.041874
2353	-281.504579	-1044.786071
3763	-344.416821	-361.789945
1444	-304.691748	-310.194606
714	-356.669324	-375.956881
477	-265.399968	-304.029538
3924	-270.393737	-279.245454
1856	-321.958301	-327.454771
1248	-304.732336	-309.550564
3743	-325.726182	-330.200523
2228	-308.518356	-313.869439
1886	-302.286171	-1087.182803
3370	-396.486664	-402.253967
2511	-250.500016	-257.992584
1403	-308.462299	-313.198965
1809	-324.559733	-330.733162
336	-308.524858	-312.303517
1827	-343.492484	-374.072607
1680	-377.842223	-380.582201
347	-309.687405	-313.725186
1964	-309.726463	-313.636278
3655	-287.379629	-296.785447
2372	-322.217569	-354.048557
2776	-313.573888	-327.961079
1711	-345.611239	-348.714547
3581	-319.540355	-337.955781
624	-312.119017	-316.888003
68	-286.519735	-299.903136
2262	-325.780603	-330.811587
1212	-304.733723	-308.938554
1813	-307.550360	-314.678606
3485	-324.614459	-330.571855
2312	-344.416076	-353.997108
3837	-343.468335	-363.057158
2967	-305.841708	-310.349029
541	-325.714161	-330.189193
935	-269.154939	-292.176430
607	-301.373496	-320.496803
1860	-308.507458	-312.661478
1353	-359.297643	-381.256385
1879	-288.594527	-296.213464
2603	-341.863083	-345.333094
737	-336.836792	-343.774666
1234	-325.796704	-330.823044
828	-361.684892	-365.945433
3205	-341.842686	-344.949249
2712	-274.985024	-282.442524
1973	-340.637231	-347.829162
1835	-376.631067	-1216.159135
1251	-322.482659	-1139.290963
1593	-335.598739	-1178.416733
356	-372.741729	-1222.116255
1604	-347.456674	-1176.448623
999	-308.512721	-311.455381
718	-392.601894	-398.871790
3872	-340.691219	-354.588851
1010	-340.666160	-347.414157
1760	-326.940002	-329.120401
2778	-325.711441	-330.155498
2467	-325.805017	-330.041986
766	-312.133805	-317.510095
2739	-362.946034	-365.678299
1239	-356.710448	-376.531485
2237	-325.784144	-330.688474
1342	-361.712098	-365.706611
3971	-360.530885	-392.210591
842	-360.514766	-380.412800
3607	-325.801523	-330.484276
3427	-325.793904	-330.822878
1499	-320.779994	-327.843300
3280	-344.483775	-352.521589
3199	-273.811544	-280.613044
2785	-310.915445	-315.137749
2905	-307.206439	-316.008605
1398	-234.469383	-246.136343
471	-324.532283	-329.869508
3433	-308.465425	-313.247980
774	-395.551843	-396.893079
1830	-345.641862	-348.086929
904	-345.608456	-349.958336
2879	-265.401151	-306.026847
1557	-322.456250	-1093.676320
2243	-340.673964	-348.343662
1019	-327.016183	-329.214031
3728	-234.474951	-245.419015
2003	-324.579943	-330.300620
3458	-345.693035	-348.175442
2876	-360.574465	-378.870776
1849	-324.547957	-330.124598
3297	-360.526636	-378.382829
3075	-324.616343	-330.786851
2653	-361.749428	-365.939549
1359	-229.927277	-261.904830
2695	-346.871133	-349.596739
721	-185.648533	-100.831052
1601	-345.646864	-348.908223
3697	-312.119261	-317.259188
1485	-309.731369	-313.299382
1201	-224.944660	-235.395991
603	-346.867624	-349.463246
938	-331.411639	-360.073862
3699	-355.497878	-375.734817
2198	-382.804255	-385.401737
2000	-309.736479	-313.760820
2793	-306.384286	-361.565668
3327	-348.059242	-350.505666
2437	-356.692640	-375.877237
1446	-319.575102	-351.746994
3209	-346.834502	-349.483910
966	-339.467091	-1140.776283
1449	-308.507220	-313.395768
3555	-360.547370	-386.203307
1451	-348.052763	-350.743759
1656	-323.352987	-345.835221
394	-344.385642	-358.336481
1648	-345.660642	-349.295716
1083	-309.726295	-313.699077
1876	-251.732828	-258.368511
666	-381.593528	-394.245550
1712	-345.612640	-348.359181
3089	-327.025329	-329.339774
3573	-325.730390	-330.455600
3823	-303.527274	-321.646564
3007	-319.573727	-365.386795
3941	-231.108368	-835.286737
1902	-324.615795	-331.132104
1694	-273.743311	-280.225349
2898	-310.940190	-314.661705
2932	-285.320198	-1049.293347
3455	-270.401061	-283.062949
3068	-306.015194	-1088.779902
627	-359.304956	-370.592357
3179	-270.408713	-283.500371
3940	-308.464824	-312.941683
48	-304.689512	-310.171993
555	-361.677945	-364.448838
2997	-380.371074	-1207.597832
893	-232.317400	-248.000812
3422	-340.663929	-347.099339
1737	-323.398064	-364.880451
1995	-362.946041	-365.610520
1867	-324.583096	-333.375835
3812	-271.623066	-279.116845
359	-346.832402	-349.707547
1965	-288.555445	-295.601508
2565	-345.591597	-349.061186
2124	-345.600825	-348.892165
2418	-304.734646	-308.919164
3325	-341.836362	-345.029754
1079	-287.347000	-295.871537
3091	-341.869641	-345.152262
254	-285.284456	-1023.017850
1785	-273.751900	-280.277302
127	-322.216227	-349.190044
1803	-270.394458	-280.112289
3047	-285.293918	-1061.569075
680	-325.806369	-330.441655
1138	-308.444609	-312.099171
2526	-340.601771	-349.312684
1346	-308.542644	-312.879704
41	-345.649146	-348.538544
1283	-345.605635	-348.076155
417	-344.440065	-359.749175
1106	-231.106310	-801.550436
1915	-361.705669	-367.134122
1806	-324.610229	-331.227433
1026	-325.765414	-330.691478
1245	-310.907810	-315.233948
2859	-362.909074	-365.392450
1030	-309.683546	-313.783830
960	-310.940611	-315.478121
1716	-325.784331	-330.311671
2550	-271.628346	-279.217523
222	-412.548009	-416.813381
3392	-361.774979	-365.735567
3719	-320.742924	-330.258854
1817	-339.459612	-1170.631312
3080	-344.436248	-354.421404
2798	-307.259167	-330.503161
2317	-308.503515	-312.272090
328	-310.911163	-315.067113
3900	-308.465445	-313.222348
3153	-340.622406	-346.846878
1241	-345.608395	-348.644579
1592	-271.616430	-279.001166
787	-360.525379	-376.600647
3106	-273.735646	-280.196665
3648	-324.631468	-331.073485
1848	-273.769835	-280.387930
1507	-310.914024	-314.910386
2912	-346.883119	-349.478759
570	-275.012535	-282.084320
1112	-287.644079	-292.644150
1954	-226.144377	-255.717041
3409	-356.696744	-374.062022
1745	-264.171923	-311.448494
650	-193.034094	-242.191701
913	-352.855499	-371.891325
3318	-308.513124	-312.306498
1417	-381.586740	-392.715746
3687	-325.793945	-330.159109
2716	-303.464433	-317.221958
3668	-309.700336	-313.344101
1059	-303.436180	-313.745402
2582	-320.773768	-326.908777
2945	-307.281910	-317.214407
376	-309.732528	-313.801906
734	-233.242250	-247.817236
1172	-357.927353	-362.090533
3722	-308.759135	-313.452539
2001	-346.833365	-349.324561
1295	-346.829652	-349.702944
3632	-340.612805	-352.542129
2658	-308.461040	-313.568384
3165	-356.724041	-375.409989
896	-323.312767	-354.109882
3012	-276.205920	-281.904946
2629	-356.679047	-376.027048
2917	-267.068488	-288.442430
1120	-353.283458	-354.757512
1186	-359.296697	-374.499036
1841	-325.788368	-330.424605
768	-193.039603	-245.945038
1476	-308.455419	-313.100796
42	-376.564691	-1211.159369
2540	-211.295796	-257.049059
951	-307.548619	-314.661074
230	-271.617434	-279.567004
1458	-288.648179	-296.525773
1924	-340.591587	-346.745892
3219	-339.428557	-1163.869560
2010	-323.385837	-364.285947
950	-324.580266	-330.131743
1147	-304.755780	-308.635724
2065	-340.537496	-348.934160
631	-371.449232	-378.723723
2435	-229.013797	-238.597184
3401	-338.175569	-350.591740
2343	-325.781464	-330.627271
1379	-325.731549	-330.407211
2216	-308.505718	-312.722768
1781	-324.582445	-333.729152
1471	-346.857623	-349.438712
851	-270.117027	-293.000422
3698	-360.508088	-388.201674
3964	-336.853985	-342.484308
3449	-297.510804	-314.924215
1945	-361.754136	-366.333360
3192	-313.554802	-327.961797
1940	-334.429558	-348.211170
3899	-337.265273	-337.566653
421	-288.627624	-295.630869
3506	-320.804155	-327.770126
2338	-268.888303	-901.543137
3345	-312.120708	-316.999782
2360	-340.636727	-346.834790
2491	-381.634033	-386.686908
3908	-272.847530	-277.282493
741	-344.434318	-351.693479
22	-324.575190	-332.890781
1400	-306.067385	-1075.282157
2850	-288.580309	-295.328468
2652	-317.377404	-331.077084
486	-288.678720	-295.340296
2251	-430.448052	-212.128224
1617	-355.508183	-368.613119
2458	-361.683558	-365.987413
746	-273.802095	-280.746699
3819	-397.692021	-420.395386
717	-380.401348	-1214.911369
3515	-346.852204	-349.437829
704	-235.696677	-242.957572
2413	-345.604177	-347.924997
1121	-333.449362	-337.078549
2699	-346.864540	-349.561904
218	-285.311823	-1059.138355
234	-308.467880	-313.285527
427	-382.798099	-385.160270
351	-345.625747	-348.286288
2681	-308.466840	-312.892359
314	-233.255379	-248.707789
2533	-265.438520	-298.082849
176	-308.554162	-313.072253
506	-234.516241	-246.018851
343	-360.502305	-379.053430
3745	-310.912788	-315.163540
554	-340.688787	-349.019666
3839	-231.155780	-840.629110
478	-119.052475	-381.878128
2276	-309.679242	-313.989761
1529	-354.275774	-357.977750
1046	-271.618580	-279.662671
1706	-382.777508	-386.410554
1148	-284.062954	-307.272822
399	-304.735224	-309.133651
190	-354.290746	-356.052718
3671	-326.941692	-329.217639
2433	-324.552283	-330.957780
2336	-344.433499	-359.373299
32	-287.509315	-298.849100
1386	-362.967171	-365.570259
1923	-287.427777	-300.969078
2422	-325.718957	-330.165716
259	-309.735245	-313.991520
1268	-344.411146	-359.592397
2592	-308.486071	-312.475718
3951	-326.977685	-329.343232
1006	-336.843788	-342.844830
1635	-360.520081	-381.460265
3934	-381.630276	-386.030593
1903	-309.678054	-313.931229
1496	-268.248371	-972.100743
3954	-271.611366	-278.702334
2270	-355.497046	-372.868494
453	-375.430225	-385.600396
1621	-346.884834	-349.672120
1401	-307.265351	-329.538204
1582	-361.735290	-365.640218
547	-360.540793	-377.643844
1089	-344.451793	-351.752619
2665	-348.031230	-349.910670
2	-324.551643	-330.268390
326	-236.917664	-289.295047
3983	-322.115604	-345.203291
1888	-276.201993	-280.345963
1113	-234.484521	-245.746785
153	-347.466594	-1186.625113
1952	-344.408452	-354.140937
1191	-360.510716	-390.257755
2740	-360.536920	-378.330780
2956	-360.528914	-384.615286
3124	-308.562031	-312.373275
980	-356.743821	-390.655492
3360	-382.810709	-385.581235
3779	-308.476903	-313.463053
727	-272.562906	-278.972613
1164	-340.611734	-350.113218
2780	-272.545389	-279.457607
3512	-340.641866	-345.318102
3048	-381.616883	-390.094865
154	-324.538764	-329.398926
2878	-285.336744	-1050.206646
3251	-306.056425	-1080.744535
657	-270.392759	-281.641832
2446	-361.740252	-365.057449
432	-344.390227	-356.396311
1686	-288.648208	-296.195082
2661	-323.448833	-350.269097
1522	-324.485746	-328.277655
385	-305.159206	-325.991739
258	-371.546126	-379.709778
2079	-363.517297	-380.502393
3253	-281.476938	-1049.031526
3314	-305.846541	-310.301164
2480	-344.385369	-352.918031
1983	-320.792773	-327.521389
2892	-325.728271	-330.484650
2385	-310.911571	-315.125824
1967	-288.573475	-295.278737
1181	-323.657279	-338.803372
2825	-360.576433	-378.883892
1695	-344.411060	-356.611847
390	-306.070291	-1018.807745
549	-372.785072	-1214.612249
1441	-303.469082	-324.375426
57	-345.635513	-347.697624
250	-360.538828	-390.305921
2357	-325.754267	-330.060326
3937	-361.713179	-365.276271
1252	-301.395982	-330.351571
307	-302.239101	-1060.753941
1310	-307.529289	-313.479903
3155	-376.605641	-1216.334104
1362	-249.387499	-267.548328
947	-322.454079	-1138.321772
799	-310.910909	-315.156458
2253	-325.818163	-330.000885
3673	-309.691463	-313.627184
487	-307.223588	-325.960716
3965	-273.764529	-280.474495
2381	-346.856604	-349.262347
1682	-269.215705	-296.821953
2735	-309.690179	-314.627331
2528	-308.467760	-313.449317
3234	-287.349937	-295.519390
1614	-325.736331	-330.161845
2117	-346.839895	-349.390215
2302	-492.008892	-487.198101
3974	-323.433262	-354.574100
3529	-341.843027	-345.992584
1376	-348.053064	-350.333412
3436	-361.762744	-365.650882
2423	-338.238743	-351.351311
620	-346.820834	-349.475414
850	-271.623957	-279.210188
1620	-270.431243	-280.493214
783	-273.806375	-280.515473
3202	-310.908741	-315.333530
2953	-348.047609	-350.750729
1776	-325.785476	-330.524301
846	-270.434394	-280.665900
1199	-377.813742	-386.281321
1272	-308.486687	-312.460076
973	-325.790444	-330.890748
3281	-309.716743	-313.598357
2144	-324.574829	-329.406775
3716	-361.720799	-364.743044
863	-285.288405	-1059.882118
1404	-346.883049	-349.462024
294	-308.506421	-314.628346
3319	-376.604793	-1213.233575
3447	-270.389803	-279.085012
3526	-249.285024	-267.828787
100	-361.702143	-367.189198
3535	-323.235679	-347.505649
2804	-344.433943	-351.016899
1987	-325.775071	-330.271727
997	-361.688335	-366.856624
2704	-320.786981	-326.743139
1464	-381.610550	-389.465823
3595	-345.600227	-349.187265
1665	-336.802871	-343.907665
2485	-392.676111	-403.960213
3780	-323.320574	-354.323118
1434	-344.482088	-351.543374
1314	-324.460304	-328.232790
1311	-288.545722	-295.854733
3198	-288.680991	-295.265968
3243	-377.816466	-383.147652
3985	-324.548763	-332.513601
2128	-308.504896	-313.144126
2867	-361.734339	-365.752045
3678	-285.255880	-1023.192195
163	-319.624414	-342.225155
3658	-309.682445	-313.611338
1418	-325.725274	-330.255238
2069	-346.855971	-349.545265
3904	-356.716094	-374.242934
3385	-324.583090	-329.795424
3378	-325.831718	-330.249194
3307	-318.647923	-1123.050042
2559	-319.571638	-341.360065
1738	-273.759338	-280.699353
255	-309.672030	-313.575583
3842	-376.587741	-1212.757187
2680	-340.664901	-347.518883
2830	-325.800699	-330.453249
1490	-309.691591	-313.541727
1205	-304.682331	-309.602606
135	-301.341304	-325.791590
3309	-274.989422	-282.053172
2013	-343.195410	-1163.951096
2289	-325.766945	-330.340416
171	-361.745138	-364.547147
3874	-323.344889	-354.108922
819	-276.204532	-278.380874
177	-362.872710	-365.782256
2174	-324.606491	-333.574081
2023	-317.402836	-331.333973
2211	-340.648620	-347.085750
643	-345.663386	-348.571368
210	-362.938898	-365.391294
3579	-356.677429	-374.710341
2960	-271.360631	-278.831556
1414	-377.797879	-383.366575
1854	-382.743932	-384.262738
3097	-309.716094	-313.429906
3190	-232.325947	-249.051515
2794	-304.681399	-310.899558
1053	-340.610046	-353.319186
2692	-356.663387	-373.709269
1370	-242.180146	-250.449237
2729	-323.315925	-360.698785
151	-270.397623	-280.159106
1660	-274.985107	-282.015583
1672	-336.831068	-344.364118
2648	-325.728744	-330.215023
580	-360.537290	-383.887882
1305	-319.621560	-345.763112
3265	-324.569062	-330.963409
3970	-305.897998	-310.370049
1063	-265.440996	-291.341257
3587	-322.421320	-1107.587953
2063	-344.402806	-357.724467
3220	-273.806349	-280.476326
341	-273.735711	-280.282242
1431	-344.392695	-350.732363
786	-307.544728	-313.682512
3359	-325.733758	-330.830845
3346	-318.327053	-342.889151
1985	-339.481708	-1154.758846
2447	-323.330261	-349.614893
443	-325.754109	-330.040155
3160	-362.937857	-365.653761
1018	-354.272548	-357.234085
3821	-308.427345	-312.126140
1622	-346.869712	-349.535600
3619	-325.779372	-330.444370
2298	-270.396464	-279.840044
337	-312.123120	-317.018994
3675	-360.534222	-381.819641
363	-320.778723	-328.039725
3296	-345.650105	-348.967309
1808	-356.676972	-373.457607
2490	-343.078368	-345.703475
1791	-272.554824	-278.809066
3578	-286.432515	-297.902031
1304	-356.679729	-374.987164
3076	-247.198000	-302.295943
2053	-320.769272	-327.029256
3572	-322.172641	-342.302707
542	-382.793238	-386.002164
942	-325.715957	-330.347214
3457	-324.559213	-331.031537
3230	-344.454591	-357.756932
3608	-372.729173	-1218.539545
141	-287.734664	-291.961484
2308	-324.460752	-329.098854
1719	-232.050342	-290.179452
2720	-231.102112	-856.861942
2035	-249.294409	-270.874856
1302	-339.445855	-1169.343174
240	-286.517094	-300.480164
2809	-344.506029	-355.531018
1073	-233.249538	-249.258778
232	-490.793044	-494.186962
279	-306.012858	-1091.889627
2194	-273.757530	-280.363880
451	-362.932378	-365.698418
1619	-340.600021	-349.077519
2154	-360.512793	-379.119993
2162	-340.613712	-351.992433
521	-262.065493	-266.101902
274	-272.539126	-279.988799
1957	-206.721858	-187.356996
454	-265.283843	-292.624638
2367	-361.723620	-364.326270
2736	-310.922181	-314.921236
2633	-324.627681	-330.920872
1729	-361.740062	-365.286884
3355	-345.648365	-348.106311
1974	-345.655745	-349.141032
3149	-372.694726	-1212.645738
246	-313.537245	-326.302340
3271	-454.878708	-461.370318
2852	-274.986857	-281.968176
3949	-359.301320	-377.902446
3210	-336.808333	-342.576523
849	-360.532987	-386.479836
3158	-269.271320	-304.289363
1717	-345.603646	-348.552529
1802	-361.715983	-365.048111
465	-266.553159	-276.582985
285	-249.362379	-270.272493
3967	-273.758273	-280.713875
3413	-308.440890	-312.395931
3911	-345.639354	-348.203502
1262	-356.712023	-373.929861
3628	-272.509064	-278.161396
976	-382.776658	-385.049266
3404	-309.733988	-313.734674
3642	-324.565306	-329.565216
2838	-324.547436	-330.695545
632	-361.705069	-365.185007
1184	-286.506282	-302.991575
810	-269.144656	-296.014712
1062	-324.496997	-327.947262
2938	-346.875201	-349.673985
1793	-325.725688	-330.475647
1596	-492.022084	-483.455135
1538	-348.050463	-350.150238
2398	-319.533364	-350.875490
2860	-345.600676	-349.342605
2048	-235.699029	-242.898876
1520	-309.728493	-313.860445
408	-208.863267	-223.542728
2430	-304.688809	-309.986446
3752	-345.686524	-348.588904
1731	-381.565314	-388.210759
3399	-307.229313	-319.872322
2441	-310.909223	-315.210094
2118	-324.560961	-332.023251
1097	-325.784473	-330.242671
209	-308.493663	-312.142862
1518	-309.683200	-313.505619
895	-356.728690	-379.485955
604	-320.777491	-327.838385
600	-268.859550	-936.881631
3541	-379.527167	-386.107508
3222	-344.494043	-355.855507
884	-276.202586	-281.066075
3443	-346.866543	-349.976122
2504	-325.805550	-330.396391
857	-245.711897	-253.703747
2231	-346.825174	-349.289876
3067	-271.304881	-277.075458
637	-360.557419	-389.130558
687	-346.841762	-349.410426
517	-344.434827	-355.214568
1880	-346.873992	-349.734597
2119	-323.665987	-335.223208
1625	-320.776082	-330.523476
1956	-308.461475	-314.111267
965	-323.329385	-347.162572
3737	-361.714817	-368.640076
615	-345.676743	-349.065379
735	-309.716570	-314.828819
2801	-310.932716	-314.746698
2717	-309.726244	-313.566594
3957	-307.291354	-322.644424
3600	-325.781571	-330.056653
515	-287.727890	-292.189469
3592	-323.367866	-351.632688
803	-325.789564	-330.404663
67	-172.006141	-214.573444
1228	-345.640969	-348.491200
3465	-324.548021	-330.995266
2284	-359.298380	-372.818221
581	-287.683128	-292.392232
1978	-281.485530	-1041.526052
17	-345.612580	-348.915693
1247	-325.770105	-330.326222
2718	-382.782995	-384.228645
3082	-272.586248	-278.923609
1632	-340.673967	-346.106391
3566	-325.830752	-330.148029
2925	-301.394865	-338.320800
2129	-356.722498	-377.269668
534	-324.575799	-332.837778
916	-345.608831	-349.510962
1840	-360.536972	-386.842724
948	-336.827390	-343.621042
659	-326.976670	-329.199805
3254	-287.469473	-299.308402
114	-361.772743	-364.768913
1150	-308.551121	-313.232248
3268	-324.562156	-331.470590
681	-312.126544	-317.146451
3833	-324.559324	-330.047691
3853	-271.336383	-280.694708
3511	-324.552260	-328.886830
2790	-287.732329	-291.652578
3570	-272.514475	-278.783247
3494	-324.573795	-333.522249
3534	-320.785748	-327.765778
333	-308.507517	-312.232580
1102	-116.609549	-131.936583
861	-360.488871	-389.081347
3762	-351.646368	-363.705399
1029	-325.751230	-330.086354
2555	-287.427764	-301.004571
1980	-345.680616	-348.633372
1237	-360.542541	-382.034521
3532	-344.464356	-357.832072
2957	-323.644468	-336.544377
1309	-287.723848	-291.801816
875	-376.554863	-1218.725843
2037	-345.620113	-348.097418
1911	-272.582516	-279.170459
892	-288.621895	-295.688442
3478	-343.296547	-1165.288840
3102	-310.903589	-315.430586
2616	-272.542567	-278.454621
169	-309.688569	-313.380397
1872	-272.566631	-278.557555
361	-376.622353	-1216.784874
231	-346.860243	-349.192931
3081	-302.557878	-332.752431
3523	-325.728070	-330.652541
3041	-345.692143	-348.322903
2882	-322.444150	-1156.773561
1052	-361.770383	-364.971901
3963	-271.323381	-277.919744
120	-323.345161	-360.595547
310	-308.480308	-313.076760
2687	-377.816463	-383.144365
2409	-324.595526	-329.476273
1677	-344.412416	-349.761856
2056	-325.729141	-330.324338
2012	-382.788561	-386.332208
991	-345.602096	-349.250135
2293	-269.216495	-323.293336
3599	-308.482454	-312.659589
3171	-345.599912	-348.633594
2406	-306.386594	-336.998386
3025	-324.573338	-329.975492
1929	-324.551800	-330.240447
2337	-324.588418	-334.305058
1175	-361.742598	-365.303725
3315	-269.176979	-301.905937
2863	-287.423372	-300.581043
3799	-291.018995	-295.975361
1919	-407.364323	-399.971505
7	-309.722879	-314.367489
1681	-310.908780	-315.249492
3276	-344.508729	-351.512553
930	-346.898838	-349.351870
3060	-270.441145	-281.193130
2362	-305.134491	-336.038719
108	-345.614707	-348.701367
981	-303.499320	-312.404102
298	-377.795528	-385.201645
2046	-286.493052	-301.354744
574	-271.665153	-279.165112
2992	-343.202564	-1177.119328
2213	-287.433999	-301.435906
2539	-321.276274	-333.884915
2955	-346.822341	-349.541547
1769	-324.569009	-332.976112
3953	-325.792503	-331.028527
1904	-304.752598	-308.612032
816	-356.748545	-377.510090
3479	-265.289023	-293.917783
1788	-345.646841	-349.031832
2998	-246.027383	-255.099670
634	-154.960361	-195.042933
558	-344.464151	-354.021202
3476	-304.737418	-309.019413
1723	-307.290176	-323.413038
2866	-344.431605	-359.563925
2286	-309.728265	-313.411696
776	-325.781815	-330.562407
2471	-288.628801	-295.636960
3706	-345.687338	-349.238192
3170	-271.626697	-278.816496
402	-312.124533	-317.515375
1292	-323.652284	-335.196033
977	-285.160699	-1017.466903
1804	-324.542706	-329.576919
2630	-282.871678	-277.591806
187	-341.842120	-345.203288
198	-303.934323	-309.351385
119	-327.012568	-328.788249
3885	-304.728655	-308.727189
74	-310.918822	-315.019922
1007	-235.694216	-243.356717
3505	-274.983383	-282.752511
1265	-227.324775	-789.823188
3181	-307.209274	-315.886877
3163	-319.610683	-345.072990
3826	-372.742383	-1210.312231
1427	-340.646339	-347.879857
277	-302.288351	-1084.263533
1396	-346.886411	-349.563061
2339	-326.954728	-329.199556
397	-288.630839	-295.575083
1611	-348.044714	-350.108780
1111	-335.656557	-1179.440944
3575	-309.736328	-313.695849
3168	-323.614890	-338.721622
2900	-272.554670	-279.326979
1899	-308.478846	-311.945783
557	-312.122696	-317.077785
2121	-324.619773	-333.499546
2459	-273.761223	-280.474511
750	-344.384630	-355.413707
751	-361.724921	-365.467134
2715	-345.709596	-348.460109
2931	-361.729140	-365.208749
1285	-346.860450	-349.202279
2351	-304.614169	-309.656804
2566	-346.832253	-349.596393
1032	-346.816694	-349.519202
2171	-359.346839	-380.293121
2221	-308.512137	-312.836422
3098	-345.658421	-348.581226
3590	-340.660106	-344.472964
1343	-310.895432	-315.107542
2602	-345.645491	-349.154291
354	-285.174014	-1037.266953
1942	-382.751274	-385.777615
192	-310.897684	-314.961421
1232	-336.811744	-344.119349
2924	-348.045292	-350.576949
3930	-338.542975	-362.466313
3182	-287.440436	-301.971760
2523	-344.512144	-352.231552
3101	-360.503577	-379.830995
2812	-381.619786	-391.717229
2640	-398.880824	-401.111322
3956	-345.698757	-348.668607
309	-309.718312	-313.649339
3123	-309.702150	-313.332106
3923	-309.737951	-314.005860
71	-346.864282	-349.052761
1637	-343.503600	-374.005101
205	-269.465281	-285.203456
1684	-320.783029	-328.139170
480	-325.760797	-329.919871
2355	-336.816043	-341.315119
3938	-345.645388	-348.888923
1966	-302.558699	-329.255851
263	-341.853650	-345.363827
1437	-376.547304	-1216.140634
2178	-339.455981	-1185.427906
485	-250.585183	-258.950929
1536	-324.492974	-328.549088
2691	-308.505543	-313.039854
573	-286.504534	-306.091142
2904	-302.545112	-343.503092
115	-356.682218	-373.129453
2175	-324.545475	-330.587373
1829	-382.804482	-386.346485
1794	-325.712420	-330.162832
2741	-297.520999	-322.699947
3602	-361.683811	-366.463627
1043	-324.605875	-334.298058
3186	-346.829695	-349.247613
2304	-286.431160	-295.331963
2706	-345.667357	-349.097851
3236	-310.912270	-315.162186
217	-271.648392	-279.240089
1608	-361.758032	-366.389344
3962	-341.865856	-345.364039
1103	-273.764642	-280.246174
3909	-310.945132	-315.114545
2358	-322.169697	-340.157288
2676	-325.784384	-330.489544
3284	-343.290242	-1150.936898
3517	-396.475511	-412.200647
2374	-285.279236	-1043.133672
2713	-310.904631	-315.270343
1477	-303.462312	-317.593523
3563	-227.798785	-232.440943
3257	-308.472221	-313.360427
538	-324.494520	-328.663637
579	-281.480583	-1038.004115
1850	-323.407987	-345.916253
1211	-286.498633	-301.749080
2273	-324.579188	-330.057498
1219	-306.334850	-325.149947
3159	-324.612512	-331.124873
201	-308.561649	-312.993761
1570	-325.783642	-330.644745
1017	-308.419735	-312.452716
654	-309.727166	-314.154139
191	-307.610450	-314.672103
2015	-308.518276	-314.054363
3398	-304.686259	-309.879515
1168	-308.454820	-312.218208
3538	-271.350701	-276.905135
125	-228.992613	-239.085370
510	-234.491176	-245.594871
1607	-303.462115	-317.141547
675	-346.827397	-349.373747
2649	-381.581036	-388.882470
199	-309.673895	-313.527777
3489	-308.508824	-312.477444
618	-308.467888	-312.455824
3380	-345.606939	-348.543774
2910	-307.536915	-314.615319
3883	-308.516508	-310.704932
795	-246.023231	-256.129474
1324	-270.399280	-283.241181
3681	-310.914919	-315.088135
1307	-303.460433	-316.799499
527	-324.629301	-331.011442
1432	-324.522792	-328.520491
2052	-325.809179	-330.407109
2779	-381.606362	-391.171754
2660	-307.582044	-314.711371
1560	-340.645686	-347.079420
1278	-362.942040	-365.360355
1025	-324.520219	-329.988403
3613	-308.483617	-311.407096
1419	-344.350927	-350.216461
1259	-288.590804	-295.377214
1514	-320.781098	-328.763048
3475	-321.247305	-336.549415
3895	-325.808333	-330.300746
722	-310.935212	-314.719927
2818	-335.618370	-1179.401634
2764	-195.179738	-217.644952
1975	-341.829025	-346.087959
2072	-344.431636	-353.680631
3189	-324.510378	-328.836703
2377	-236.916033	-289.651125
2399	-308.430606	-312.021571
770	-381.612946	-387.331560
3396	-273.815873	-280.583644
70	-346.874234	-349.591947
1885	-345.647670	-348.502057
3569	-272.588302	-278.848160
1363	-355.525451	-375.383434
3263	-285.326726	-1061.372656
3647	-325.794522	-330.200810
3543	-287.318584	-296.472472
3300	-344.499155	-353.854355
3972	-359.339915	-375.859359
897	-345.659998	-348.761179
1699	-272.541597	-279.646588
2318	-348.039301	-350.324628
1483	-309.723988	-313.855965
3429	-274.987297	-282.216110
325	-345.637577	-348.819605
3156	-362.941094	-365.619409
2656	-376.622509	-1213.649544
1455	-381.570969	-387.926052
3906	-309.685651	-313.785764
2678	-285.255563	-1054.841860
2044	-373.173910	-275.930377
1740	-376.599676	-1225.699689
483	-309.705795	-313.144510
1530	-272.549380	-278.886632
461	-273.773506	-281.291692
2617	-248.151318	-842.239567
1703	-286.154755	-339.474190
3686	-344.462681	-351.555774
2188	-288.690060	-295.596585
3847	-356.693135	-377.599089
181	-412.528245	-414.853576
1360	-362.941781	-365.655584
2180	-340.665904	-354.162562
3379	-273.761967	-281.049716
1430	-361.720960	-363.954664
1912	-310.915653	-315.127035
306	-307.335530	-319.527135
1313	-324.502042	-332.551637
3357	-361.779217	-365.520857
3056	-269.180682	-311.434860
235	-270.375081	-279.266685
798	-208.842347	-225.615624
1828	-284.993731	-339.776864
3410	-271.316922	-278.929382
1770	-309.719198	-313.762838
1189	-287.322957	-296.789646
992	-377.811306	-386.248507
1004	-355.416555	-368.158293
2475	-381.524347	-386.912010
856	-324.568212	-331.610343
1224	-308.420805	-312.466046
380	-307.581989	-315.233637
2977	-310.909944	-315.063409
1042	-305.904676	-310.751951
648	-287.422111	-301.148059
103	-291.024232	-296.029068
2315	-273.793520	-280.306071
460	-360.488733	-383.989791
316	-341.858490	-345.039233
82	-309.701458	-313.269919
1700	-320.782427	-327.513622
3269	-381.624381	-387.333289
2147	-382.781806	-386.313230
338	-272.544500	-279.122817
1505	-308.487195	-312.931217
814	-308.509272	-312.547053
3760	-280.314080	-300.427156
764	-233.560626	-241.320745
1909	-345.630398	-349.580247
1162	-309.684472	-313.381080
1131	-324.580815	-330.193121
1108	-341.839596	-346.066940
3893	-341.097446	-342.299286
3367	-269.216969	-303.479516
63	-287.377993	-296.285179
1020	-303.566436	-318.848143
2564	-325.789398	-330.708658
2034	-345.586124	-348.323903
2525	-324.569051	-332.723346
1946	-346.841836	-349.245794
2113	-344.391557	-357.283558
3797	-376.587519	-1224.155274
44	-309.735489	-314.046833
1572	-322.170570	-345.378911
95	-351.666551	-362.719529
409	-306.383308	-348.612436
111	-344.470970	-354.344788
1354	-382.790027	-385.936809
1845	-302.309526	-1048.052931
2344	-305.915175	-311.155078
1893	-344.385273	-356.842013
3145	-324.570872	-331.365262
1587	-322.133444	-347.702267
1352	-304.677606	-310.091748
874	-271.611192	-279.418480
1389	-272.510742	-278.160788
2541	-341.834413	-346.305070
179	-362.928160	-365.101781
2412	-310.904086	-314.935780
3583	-325.721011	-330.029828
3474	-309.730988	-313.487595
2076	-274.982287	-283.667444
3452	-361.758902	-365.510264
2131	-320.777849	-327.051582
1351	-309.733696	-313.281393
2436	-308.473229	-312.238548
1918	-319.573117	-341.305491
3016	-309.730329	-313.453654
2674	-342.352279	-348.548833
968	-308.470667	-313.575568
2631	-380.316551	-1220.177939
355	-273.761263	-280.256689
3991	-372.765028	-1215.275044
3292	-326.937372	-329.161916
2097	-345.639692	-348.283192
3326	-381.616196	-387.625784
782	-361.678341	-365.426615
1088	-291.017433	-295.155934
474	-281.476832	-1048.350540
3440	-322.135917	-344.453955
1651	-273.809498	-280.654278
3525	-340.662316	-349.420925
608	-309.688960	-313.666128
1789	-310.905299	-315.218729
1412	-242.195730	-252.692542
794	-248.143861	-845.926148
2733	-310.940764	-314.975613
2208	-286.486509	-299.290878
2824	-304.720708	-309.246699
2074	-285.300440	-1028.287370
375	-346.857432	-349.894064
2772	-343.232602	-1166.105860
1153	-325.764669	-330.284022
2911	-289.871661	-294.611927
1429	-288.579114	-295.617319
1517	-359.342366	-378.022655
2811	-326.944158	-329.217241
725	-325.725266	-330.216715
514	-309.685045	-313.406747
3121	-344.419977	-358.615778
1325	-356.758284	-380.323052
2737	-322.442708	-1126.666282
1500	-345.609230	-348.565287
1780	-345.606551	-348.517673
269	-325.729080	-330.249253
481	-307.573371	-313.242237
3462	-272.538255	-278.643321
377	-360.527122	-380.060362
1698	-325.800949	-330.028164
1615	-287.344000	-296.379825
2974	-396.486691	-409.481843
1932	-310.911279	-315.187993
2488	-363.508158	-377.735838
2574	-273.812881	-280.621657
3031	-270.411205	-280.259095
2762	-306.370119	-337.058144
3178	-345.605421	-348.576677
1540	-285.217962	-1030.310526
1337	-286.498779	-299.622632
489	-356.745773	-379.871228
1275	-310.936083	-314.909834
1778	-305.036659	-331.754843
3783	-310.912792	-315.051940
2104	-379.006904	-383.113668
2127	-308.519863	-313.629531
3143	-286.432042	-297.495020
3688	-322.476720	-1157.060128
793	-326.950540	-329.107545
1798	-312.126342	-318.670005
1921	-310.904960	-315.264492
2544	-381.632480	-389.779420
403	-272.843742	-277.273215
1126	-270.392715	-278.986254
2763	-272.548325	-279.441457
775	-344.469204	-349.045728
3244	-323.320332	-346.989963
3283	-287.404397	-296.630936
1627	-301.363590	-330.354323
2522	-307.545457	-313.598313
2841	-360.524422	-386.231961
381	-341.835557	-345.293746
1799	-346.861635	-349.683200
1117	-345.566120	-349.115914
3169	-310.902849	-314.804993
2378	-339.490841	-1166.216267
470	-303.460335	-315.593007
3605	-372.755216	-1212.640104
3946	-286.438084	-299.867572
2060	-362.945811	-365.401305
3810	-372.726782	-1202.951120
1385	-309.679840	-313.426047
3260	-345.595084	-348.612871
2473	-324.497671	-328.488992
2744	-288.573110	-295.969043
189	-322.167165	-349.779042
2901	-318.323005	-344.359066
382	-344.494711	-353.768847
1758	-271.616401	-279.133906
3807	-361.706503	-365.789844
3711	-303.469034	-317.132898
1394	-396.500849	-404.551107
949	-344.463502	-352.058110
854	-383.971058	-385.290754
2725	-269.218553	-323.354552
2265	-360.469291	-380.049927
3794	-317.361117	-330.095145
2839	-362.930315	-365.443674
665	-288.571762	-295.509183
2784	-273.803873	-280.527991
2765	-381.546975	-388.243996
1453	-309.720334	-314.058423
1235	-265.447270	-292.696257
1552	-346.865957	-349.500495
2411	-193.075202	-258.408430
3604	-273.812100	-280.638972
2140	-325.715372	-330.091145
3316	-264.261826	-296.047641
1939	-242.205627	-250.664967
3776	-320.773105	-327.690831
2248	-377.773452	-381.810571
3828	-288.650589	-296.051089
2166	-343.239068	-1165.533831
1996	-356.687774	-376.050749
459	-348.056615	-350.963850
407	-287.508781	-298.338177
334	-245.983375	-253.603823
2731	-272.836211	-277.267154
559	-362.935404	-365.343388
696	-356.709466	-380.604939
1774	-324.585556	-330.002949
1741	-345.629842	-347.619323
1968	-324.538807	-330.074739
3416	-320.770681	-327.033273
1750	-287.645651	-292.599543
1495	-286.516879	-298.985300
2608	-306.369631	-344.180668
2321	-381.536295	-388.623594
1244	-345.616998	-348.954803
2553	-302.545562	-338.425857
1056	-271.618179	-278.712306
2264	-346.831590	-349.595446
1179	-343.195060	-1172.683127
14	-302.238859	-1066.697517
1786	-325.785038	-330.611074
3539	-324.625415	-331.185794
2287	-310.905485	-315.210958
2246	-287.318502	-296.492693
3870	-345.605387	-349.551935
3767	-324.568597	-330.048743
2806	-234.476081	-246.042313
1663	-232.351764	-250.044969
4	-270.439280	-280.048345
920	-281.489179	-1043.915532
1851	-361.717868	-365.254687
3840	-309.681264	-314.213213
3788	-361.725962	-364.691672
1914	-288.576123	-296.006177
2738	-324.555069	-331.204749
11	-356.688211	-383.070593
2277	-383.973315	-385.932593
2190	-324.574822	-331.277385
2870	-289.872470	-294.329383
2445	-324.576679	-332.656065
3758	-272.557350	-278.613480
1576	-247.184334	-299.347603
3116	-312.128429	-317.195629
5	-351.628383	-362.793489
2192	-307.232824	-312.683407
1195	-285.287913	-1036.257154
2326	-320.768781	-326.915299
2952	-308.511290	-313.835228
2990	-376.661483	-1210.312053
2249	-392.653825	-399.928533
2274	-308.463553	-312.832088
898	-305.906901	-310.778848
2077	-309.736028	-313.836139
3679	-320.794248	-326.987744
3270	-273.788787	-280.256049
967	-372.742461	-1222.037717
1797	-194.267232	-230.572383
2833	-248.375248	-281.481608
1896	-326.971392	-329.231831
891	-325.767721	-330.228061
3656	-310.918831	-315.058150
3521	-342.324182	-367.574274
3626	-310.902465	-315.293199
3064	-326.983087	-329.127342
1775	-306.353871	-336.769223
703	-340.656580	-349.929563
3620	-359.351415	-369.422842
1258	-344.472090	-354.745453
1524	-272.550818	-278.328719
2897	-346.825923	-349.986597
2090	-308.473428	-313.012047
1306	-288.682324	-295.427077
2730	-286.492223	-304.035278
690	-375.420808	-382.722724
3477	-348.046236	-350.472146
1659	-487.002792	-492.109702
2768	-340.690205	-351.529570
1197	-308.462932	-312.495636
1341	-301.373831	-324.590822
1214	-341.865386	-345.430779
3473	-360.527434	-381.516528
3643	-309.660190	-313.368113
1256	-312.119596	-316.884908
3118	-236.917873	-289.061202
873	-273.763068	-281.206447
3660	-288.651313	-296.001038
2919	-340.635773	-347.365742
3293	-360.535142	-388.046181
3372	-309.705858	-313.468620
1756	-326.935440	-329.401826
2943	-340.654874	-346.825027
146	-377.813815	-386.316662
3375	-324.594534	-330.344490
3749	-249.363949	-270.855873
3301	-371.491061	-379.327974
1512	-346.839595	-349.244956
1870	-309.686187	-313.845000
2061	-345.638357	-348.839069
1054	-323.427722	-359.199329
584	-309.681686	-314.621836
3841	-371.541704	-378.706303
2148	-309.718089	-313.753747
0	-351.615495	-361.453927
2036	-309.733888	-313.713743
3332	-376.610619	-1224.886880
710	-340.625597	-347.197745
1894	-360.532510	-384.466874
2507	-291.014750	-295.895154
2643	-372.711859	-1217.350724
2313	-312.122262	-316.882563
3298	-345.599182	-348.798134
2268	-302.558547	-338.232406
813	-361.733052	-364.437362
1920	-361.714679	-364.753591
3736	-355.517745	-369.071859
619	-325.787161	-330.342729
3955	-323.391458	-357.848764
3734	-326.940196	-328.784048
1229	-288.582662	-296.162035
3616	-225.221461	-237.312921
2667	-308.455402	-311.680919
1766	-270.387395	-281.471021
732	-327.023478	-329.278461
1335	-283.156647	-288.469382
2688	-284.964138	-327.792707
2789	-340.629283	-346.456993
2816	-310.905786	-315.090451
3295	-231.069318	-858.298318
75	-381.566310	-390.681572
3431	-323.229212	-341.648057
1288	-324.635136	-331.406212
2601	-333.464063	-337.465792
3504	-308.561061	-312.144775
995	-360.542928	-390.048433
1246	-318.406529	-347.328193
1618	-345.629039	-348.534793
422	-288.692943	-295.455220
2055	-304.724717	-308.164495
3748	-376.556657	-1221.885966
3437	-288.585212	-296.176934
2470	-309.688189	-314.664472
2578	-324.576080	-330.024671
1673	-309.733829	-313.428070
1691	-272.595294	-278.586954
1142	-309.702591	-313.346731
1163	-397.709232	-417.228191
452	-324.575287	-329.613565
1991	-285.282532	-1044.553053
2621	-305.145002	-334.891145
3683	-308.510782	-312.940140
3835	-309.693085	-313.370292
3418	-308.467120	-313.360669
3910	-309.703111	-313.640610
2627	-235.695309	-243.091990
2220	-272.538190	-278.634636
3739	-324.566515	-330.182452
1623	-229.615446	-244.062390
3976	-273.765901	-280.381001
3470	-416.814878	-1164.560053
3414	-285.313674	-963.876532
1167	-309.729139	-314.101455
1783	-320.761312	-326.549302
2509	-344.380267	-351.157357
2506	-307.526911	-312.278824
2389	-361.728546	-365.613137
2978	-340.669862	-345.089974
144	-271.323089	-278.672212
2871	-308.460407	-313.314320
386	-325.776001	-330.377421
2403	-326.955365	-329.086292
1057	-391.518453	-377.285092
3390	-309.736085	-314.004312
3969	-324.609784	-331.496096
3200	-265.433051	-289.702389
3914	-325.805781	-330.332613
955	-345.632414	-347.822395
131	-345.603479	-349.389266
3185	-348.053386	-350.885303
3394	-376.613178	-1214.892921
693	-234.520624	-244.873764
1688	-324.567893	-330.179304
953	-392.650949	-403.910561
3246	-340.652252	-348.316949
2225	-324.612179	-331.020538
711	-341.849127	-344.461661
1157	-309.691584	-313.730545
2986	-340.629609	-346.470751
1755	-304.686811	-310.140513
781	-362.918463	-365.546219
755	-324.568345	-331.374614
1580	-271.339821	-281.004260
3708	-270.397474	-282.699663
622	-341.886905	-344.455062
1183	-325.750970	-330.207563
