no_training:3000	no_test:993file identifier	 training data
1728	-362.942862
640	-345.616264
2252	-382.779570
3284	-343.290242
1712	-345.612640
1288	-324.635136
3984	-344.418857
3218	-325.743746
3	-346.838279
3785	-348.045948
775	-344.469204
3886	-270.388222
3075	-324.616343
647	-338.268974
3499	-309.702237
255	-309.672030
1897	-197.629387
3931	-288.683173
2957	-323.644468
1287	-355.515622
505	-338.531538
2221	-308.512137
1065	-360.485823
3875	-309.655400
650	-193.034094
380	-307.581989
593	-303.525517
3317	-269.177232
3355	-345.648365
3311	-344.433172
2111	-348.048744
753	-361.710299
1357	-375.307060
2664	-348.047695
2614	-232.164586
3411	-286.134060
3910	-309.703111
2187	-310.904927
21	-278.059333
265	-236.916125
661	-335.635079
3142	-376.617653
195	-296.296482
2752	-381.632242
2760	-155.908941
3458	-345.693035
3167	-309.688639
1295	-346.829652
2991	-272.841336
3050	-303.940271
297	-325.833945
409	-306.383308
19	-309.720734
249	-306.347185
3671	-326.941692
2452	-344.424745
3867	-356.726146
1151	-392.620909
651	-232.334436
3635	-308.475489
112	-340.648166
1789	-310.905299
937	-306.397642
1450	-273.757658
356	-372.741729
312	-234.485640
1080	-288.570006
3481	-357.941534
2358	-322.169697
233	-301.382062
2731	-272.836211
2672	-355.556836
3987	-324.506120
2644	-320.786990
1177	-325.808092
2777	-336.817321
2438	-392.565188
2103	-346.834331
3529	-341.843027
2576	-306.418503
3034	-360.418556
106	-362.952198
3147	-338.530072
2698	-344.434438
3787	-381.580675
3097	-309.716094
3557	-344.382663
1334	-273.765782
508	-325.801512
288	-355.557059
1476	-308.455419
1984	-287.441165
1530	-272.549380
3461	-320.776316
1612	-310.902795
169	-309.688569
1583	-345.655509
3055	-285.313284
806	-308.768073
1782	-308.555419
486	-288.678720
3703	-287.697316
576	-345.655968
3466	-325.794624
872	-309.711438
1981	-306.313924
2662	-345.635068
3750	-346.838572
1041	-371.504707
1232	-336.811744
2670	-326.934805
2893	-274.985796
2062	-303.437471
1625	-320.776082
548	-233.555951
3530	-309.739069
173	-396.486463
2393	-324.608961
1721	-339.479764
1482	-312.132386
274	-272.539126
3699	-355.497878
3212	-360.575745
3619	-325.779372
1543	-323.360471
706	-303.481839
983	-341.851447
2464	-297.555801
2519	-323.585680
1896	-326.971392
3660	-288.651313
681	-312.126544
2873	-307.545713
1759	-305.906809
1350	-343.076530
1274	-309.686648
268	-362.957295
3086	-360.507527
1545	-308.468255
3136	-340.660061
3017	-271.339346
3106	-273.735646
945	-264.243028
1085	-231.092208
744	-249.332005
1491	-344.421383
1943	-325.729335
3105	-346.821661
942	-325.715957
2275	-312.122563
504	-356.680129
1118	-306.032266
948	-336.827390
94	-362.955075
1307	-303.460433
3161	-309.678595
984	-248.443503
53	-285.330157
3663	-344.446747
3525	-340.662316
2872	-288.581144
3069	-346.878430
710	-340.625597
2840	-284.048718
3009	-307.265383
213	-249.281074
1449	-308.507220
3197	-309.714859
1512	-346.839595
610	-324.629068
227	-377.805829
2401	-263.280728
2319	-271.316064
1885	-345.647670
1747	-360.559076
1399	-341.826906
2703	-309.722894
2469	-270.392444
3669	-285.267165
2095	-348.034975
2414	-382.803358
3610	-360.476593
1823	-340.656176
1641	-340.647224
3865	-362.899954
3883	-308.516508
2811	-326.944158
545	-356.698773
2693	-340.638326
1595	-309.686571
31	-359.310420
390	-306.070291
110	-346.869123
2005	-305.155985
3634	-340.646592
259	-309.735245
3980	-372.708066
1638	-344.481904
1248	-304.732336
1246	-318.406529
1649	-346.868661
286	-324.563745
1451	-348.052763
2650	-361.727711
1197	-308.462932
2920	-326.952797
3512	-340.641866
1599	-304.689816
2878	-285.336744
1996	-356.687774
976	-382.776658
3385	-324.583090
3438	-312.132858
1596	-492.022084
3594	-272.544482
3849	-360.531172
1958	-340.595950
3935	-289.875063
2516	-309.661518
1138	-308.444609
2421	-249.395323
2293	-269.216495
2768	-340.690205
160	-309.685140
1560	-340.645686
594	-325.809558
2603	-341.863083
481	-307.573371
3917	-274.985822
2173	-304.678340
2797	-345.646914
639	-270.405973
1514	-320.781098
2546	-248.018573
3879	-339.483894
2472	-209.159302
2340	-310.899612
1156	-154.972731
2143	-288.628466
1857	-307.540766
831	-346.867207
3162	-324.546164
990	-309.684377
373	-379.522177
995	-360.542928
1566	-380.438011
1916	-360.557411
497	-287.470402
3650	-382.756764
825	-340.536374
1557	-322.456250
1617	-355.508183
3900	-308.465445
308	-303.428586
2567	-320.795216
2506	-307.526911
150	-309.732713
1083	-309.726295
2604	-304.743934
1570	-325.783642
3361	-324.558989
2628	-359.341296
2311	-193.034988
137	-287.440932
1388	-250.583643
2748	-321.271406
292	-308.517192
922	-272.844560
1398	-234.469383
1210	-340.641282
3638	-306.320806
127	-322.216227
438	-381.565482
803	-325.789564
3957	-307.291354
2266	-289.766576
3507	-376.594067
391	-345.584667
1931	-310.900102
2903	-308.505951
2891	-308.511094
2332	-342.335241
2013	-343.195410
1690	-339.426816
429	-288.570364
2842	-308.450204
1765	-285.335887
839	-302.254301
2876	-360.574465
467	-273.793804
3757	-281.482952
1615	-287.344000
1472	-306.080007
3906	-309.685651
3412	-335.628480
1618	-345.629039
3243	-377.816466
3188	-325.807242
1660	-274.985107
3155	-376.605641
3927	-323.326298
3811	-274.982348
2152	-308.540101
3978	-282.861121
3775	-324.576188
3137	-272.533448
3880	-357.942023
1229	-288.582662
417	-344.440065
3913	-308.551230
369	-361.733362
427	-382.798099
3571	-309.676719
1614	-325.736331
1168	-308.454820
2764	-195.179738
3959	-305.831035
2651	-273.744309
3565	-286.474509
3535	-323.235679
2262	-325.780603
121	-361.711483
683	-348.060054
28	-324.630221
1868	-326.949224
2894	-309.717750
1921	-310.904960
2676	-325.784384
3450	-382.824468
84	-345.610574
2135	-346.861074
426	-362.933001
1233	-265.440660
3483	-308.500974
3821	-308.427345
3356	-270.447268
3713	-325.748400
82	-309.701458
1029	-325.751230
3939	-317.386479
2110	-341.867094
1706	-382.777508
1798	-312.126342
2889	-341.871347
979	-309.713440
1761	-376.622507
3914	-325.805781
2057	-288.540318
1323	-289.811983
2214	-245.994065
3626	-310.902465
142	-307.594137
188	-339.406341
737	-336.836792
3813	-340.620847
2950	-360.498298
1465	-382.796989
858	-340.661797
1067	-273.762417
2363	-324.610150
3060	-270.441145
3203	-308.459279
3276	-344.508729
1075	-325.751822
1427	-340.646339
313	-361.721849
1346	-308.542644
3217	-306.392828
1975	-341.829025
1658	-287.337578
1881	-361.772040
1647	-343.242553
1188	-306.054267
2167	-309.681554
981	-303.499320
657	-270.392759
1814	-360.537947
2954	-305.915530
71	-346.864282
1090	-272.500426
1832	-309.737802
517	-344.434827
3941	-231.108368
2206	-312.126404
3421	-324.571081
799	-310.910909
226	-360.556344
1028	-360.421732
3670	-286.248451
2144	-324.574829
1880	-346.873992
1698	-325.800949
3465	-324.548021
2493	-346.822460
2075	-345.606444
1852	-309.685790
37	-381.587333
387	-268.248806
3855	-304.746925
3265	-324.569062
295	-320.770299
2192	-307.232824
243	-323.389193
1244	-345.616998
276	-380.379743
15	-288.542593
1230	-323.396217
2348	-285.253877
1007	-235.694216
993	-317.364547
1109	-333.411326
344	-343.305175
3644	-345.587398
568	-303.458583
1582	-361.735290
833	-325.761605
2164	-304.744503
281	-322.479769
2879	-265.401151
1883	-346.839066
2347	-308.476587
802	-359.306313
1982	-345.609374
1114	-302.353948
805	-309.658574
490	-231.142581
3688	-322.476720
251	-265.386781
1853	-359.314227
569	-376.620836
2956	-360.528914
2849	-355.442748
3432	-297.523580
2073	-345.600119
3329	-310.909123
1378	-346.867789
1979	-308.462923
2737	-322.442708
2520	-307.284294
931	-361.763293
3092	-340.610697
306	-307.335530
2875	-344.475122
482	-272.599303
818	-387.475673
1205	-304.682331
1603	-232.363630
2965	-344.689237
54	-195.186228
952	-325.717725
2197	-309.684327
1718	-356.706262
614	-383.982605
239	-270.446608
919	-272.589999
1550	-301.345683
2431	-309.684774
3515	-346.852204
3792	-360.525610
2596	-339.467484
570	-275.012535
3327	-348.059242
711	-341.849127
3299	-325.725069
3422	-340.663929
3560	-286.463470
3947	-382.782251
1120	-353.283458
1723	-307.290176
1101	-307.244627
404	-324.595399
3681	-310.914919
1368	-288.584029
655	-325.771459
1633	-247.201165
2859	-362.909074
3406	-286.459793
2805	-272.587161
1267	-341.841438
358	-272.544323
2826	-308.764658
2747	-301.332569
2802	-325.804486
2216	-308.505718
1740	-376.599676
766	-312.133805
749	-249.280474
2051	-325.790442
1089	-344.451793
3588	-272.549011
3395	-248.436061
1050	-304.643392
400	-376.570473
2716	-303.464433
804	-248.395289
2227	-356.712771
3991	-372.765028
2523	-344.512144
947	-322.454079
3076	-247.198000
170	-340.667287
1419	-344.350927
1064	-276.202311
367	-360.491873
2190	-324.574822
2551	-325.792606
3091	-341.869641
2364	-360.507160
1709	-326.941251
679	-340.668108
1010	-340.666160
385	-305.159206
2382	-380.343633
3498	-381.585231
1202	-361.725394
3396	-273.815873
3129	-361.692023
83	-344.434906
1796	-307.536544
3338	-308.466631
3801	-310.937414
692	-362.917261
220	-276.205821
1234	-325.796704
2822	-310.902197
72	-325.720699
2521	-361.728609
3693	-273.779498
1240	-310.907666
174	-229.928448
3229	-271.614305
91	-275.011437
1551	-324.575851
2655	-235.723792
2834	-325.699665
2761	-309.696507
2307	-346.859945
2558	-472.145935
732	-327.023478
3184	-308.439671
1339	-285.316421
3379	-273.761967
3003	-325.798735
3745	-310.912788
2817	-340.641240
1169	-346.819305
3124	-308.562031
2750	-268.301176
2276	-309.679242
2865	-342.307696
1471	-346.857623
2430	-304.688809
5	-351.628383
1655	-338.217210
2153	-309.673226
40	-344.338878
1013	-271.300649
3213	-339.438949
1685	-338.273553
1756	-326.935440
250	-360.538828
3208	-288.572843
936	-382.773457
310	-308.480308
1539	-382.755486
1024	-302.535621
3844	-308.450468
3078	-383.966179
2137	-324.588239
176	-308.554162
2538	-344.417597
1515	-360.502298
1590	-344.415609
2800	-287.478272
130	-274.988525
2616	-272.542567
3982	-324.592116
2237	-325.784144
2046	-286.493052
1146	-339.465889
3441	-372.686714
3353	-324.514429
1489	-266.777425
567	-339.489014
3426	-307.387663
2260	-271.351786
845	-40.478930
205	-269.465281
2273	-324.579188
1890	-371.608385
2739	-362.946034
1804	-324.542706
397	-288.630839
447	-271.627826
3972	-359.339915
478	-119.052475
3949	-359.301320
3235	-339.416290
965	-323.329385
1541	-310.912991
1783	-320.761312
2449	-341.841190
1949	-340.674935
1056	-271.618179
2032	-287.663174
439	-288.690999
1324	-270.399280
2478	-339.450173
895	-356.728690
820	-326.934229
885	-324.623780
1527	-271.621836
2202	-324.602888
1558	-270.389386
2579	-273.765811
855	-271.614051
2486	-307.239887
2171	-359.346839
1733	-322.169100
1899	-308.478846
1425	-288.648476
2066	-432.401755
2303	-309.719920
3641	-360.485033
3165	-356.724041
3720	-308.561301
2325	-273.732431
2028	-346.821466
231	-346.860243
491	-287.737498
2754	-309.674575
2261	-233.260156
3210	-336.808333
998	-302.306196
771	-346.903261
2653	-361.749428
2014	-371.537915
1129	-340.618148
1696	-320.785074
1390	-340.660793
2259	-361.734611
3176	-432.852890
1607	-303.462115
3384	-357.949026
1999	-233.547877
592	-307.614861
2280	-359.345792
2186	-320.782523
1360	-362.941781
1987	-325.775071
1150	-308.551121
242	-340.623533
3633	-380.412093
2838	-324.547436
3971	-360.530885
2113	-344.391557
2099	-288.573876
1947	-303.533559
3346	-318.327053
620	-346.820834
1960	-345.602645
530	-360.503506
2374	-285.279236
2178	-339.455981
1035	-284.385189
980	-356.743821
1105	-302.306944
2742	-348.048844
959	-492.026657
3362	-345.632413
1656	-323.352987
925	-307.567279
745	-344.464270
273	-323.312375
991	-345.602096
2191	-359.317050
1801	-301.335636
3834	-324.589539
3885	-304.728655
2367	-361.723620
3954	-271.611366
3369	-158.342346
2804	-344.433943
1494	-345.654016
1648	-345.660642
1964	-309.726463
912	-323.344400
3884	-323.333263
3695	-309.651827
3261	-232.025930
2236	-235.698987
2316	-306.361448
916	-345.608831
2841	-360.524422
3373	-271.613890
1688	-324.567893
3747	-324.521162
924	-324.528533
1454	-288.652757
2040	-317.409527
3107	-281.504745
12	-377.816587
3724	-324.573480
415	-309.692626
1716	-325.784331
2990	-376.661483
718	-392.601894
141	-287.734664
3831	-451.528971
2794	-304.681399
60	-382.768883
911	-356.711832
1178	-382.751729
1855	-360.497728
343	-360.502305
346	-307.586014
1251	-322.482659
3493	-232.333258
1222	-325.805865
3255	-345.578846
379	-391.337881
2981	-327.026688
1302	-339.445855
408	-208.863267
477	-265.399968
2165	-319.567241
2829	-340.622886
910	-270.384937
2844	-301.377995
3737	-361.714817
1219	-306.334850
1110	-325.781398
905	-360.513668
3553	-346.830674
2504	-325.805550
3321	-251.726162
1132	-310.938583
3768	-227.338075
3940	-308.464824
3365	-396.458774
2494	-274.984732
713	-308.484017
1259	-288.590804
3342	-153.787612
2241	-346.857051
846	-270.434394
1963	-325.761942
1521	-323.665247
656	-376.605347
1439	-340.590431
2092	-288.572051
3526	-249.285024
2096	-345.661705
2933	-360.538112
459	-348.056615
1086	-272.587059
522	-309.680641
3814	-361.745554
3417	-354.292460
2658	-308.461040
906	-383.969892
2649	-381.581036
3578	-286.432515
1152	-308.448572
1372	-381.574124
2654	-304.679740
1569	-234.503085
2940	-339.418028
3008	-323.359336
2423	-338.238743
1835	-376.631067
3164	-344.379764
2578	-324.576080
913	-352.855499
2246	-287.318502
2985	-304.745635
1033	-339.482903
2947	-355.510313
3367	-269.216969
2235	-318.409670
2	-324.551643
3041	-345.692143
339	-356.705991
3157	-335.619981
1600	-249.301818
3684	-362.958208
2158	-340.663379
386	-325.776001
3891	-346.821929
453	-375.430225
3708	-270.397474
1	-360.499843
1436	-375.359407
3348	-304.715963
3202	-310.908741
1074	-304.697680
2679	-312.130526
1662	-377.834156
1241	-345.608395
1624	-340.670034
2398	-319.533364
3715	-381.567301
3590	-340.660106
3043	-196.405320
3297	-360.526636
2669	-309.763785
2705	-270.384180
1830	-345.641862
879	-303.556846
27	-324.573866
92	-301.343578
1955	-339.498757
2313	-312.122262
3486	-437.484875
533	-287.720383
2375	-360.564233
2941	-340.635024
2305	-376.633716
2007	-308.499105
3858	-308.459001
1352	-304.677606
393	-323.334482
3030	-324.500475
1242	-308.508254
1547	-335.613384
3333	-361.709769
3325	-341.836362
2692	-356.663387
3039	-341.851538
0	-351.615495
3140	-284.987905
3230	-344.454591
1506	-339.437849
1051	-346.860404
405	-273.804251
3087	-392.563319
716	-325.758431
3938	-345.645388
362	-289.871990
878	-308.466070
1601	-345.646864
1062	-324.496997
2863	-287.423372
3911	-345.639354
3698	-360.508088
406	-359.295180
2623	-235.700285
2924	-348.045292
2681	-308.466840
1387	-361.698635
1836	-268.273739
2970	-339.501361
660	-271.630416
185	-361.726913
553	-271.666055
1492	-310.927319
1846	-344.370966
3393	-359.297522
1194	-381.612648
2685	-344.426408
1980	-345.680616
3929	-321.233569
1015	-344.454928
1321	-234.472577
673	-345.680831
3196	-297.530335
3816	-272.830720
1122	-345.601318
596	-325.754527
468	-322.150234
327	-324.607903
1888	-276.201993
33	-264.504487
962	-376.587043
894	-338.247875
3859	-308.499978
2927	-324.500425
2943	-340.654874
1370	-242.180146
3667	-249.293044
1992	-325.723538
1593	-335.598739
1432	-324.522792
1228	-345.640969
472	-273.761356
3852	-361.710525
3527	-309.716030
2556	-321.958604
2775	-382.812383
1630	-323.431776
2751	-273.787799
116	-346.831175
2097	-345.639692
1215	-335.566430
3899	-337.265273
2422	-325.718957
960	-310.940611
2509	-344.380267
1184	-286.506282
3350	-339.431591
1456	-308.496384
1564	-288.555332
2281	-345.643890
3453	-321.254976
108	-345.614707
2824	-304.720708
3631	-303.560350
1529	-354.275774
3334	-325.800680
17	-345.612580
2627	-235.695309
3942	-287.507193
2166	-343.239068
1579	-288.589020
3729	-376.562796
792	-310.898648
943	-303.497783
487	-307.223588
541	-325.714161
1559	-380.372123
1142	-309.702591
1276	-340.667317
98	-303.553222
1453	-309.720334
3497	-392.627857
3236	-310.912270
2932	-285.320198
2625	-291.021574
2168	-310.899911
702	-379.000257
1063	-265.440996
2869	-306.113519
1366	-345.633122
779	-356.732185
1910	-326.978724
2138	-340.684371
638	-345.695868
412	-372.768039
1070	-361.752301
446	-305.831164
1469	-324.444698
3601	-308.749822
1201	-224.944660
659	-326.976670
3211	-310.908555
3268	-324.562156
2582	-320.773768
789	-324.581906
3214	-344.426062
172	-282.667163
3961	-308.561152
3351	-285.306999
335	-361.729115
493	-336.819674
2392	-272.551442
370	-356.698196
199	-309.673895
3871	-346.859809
3815	-288.574763
2406	-306.386594
3246	-340.652252
1605	-345.703157
3701	-248.211932
171	-361.745138
684	-361.753989
2204	-310.904876
2858	-346.862070
2827	-345.615042
1343	-310.895432
688	-324.491475
2463	-288.576502
1186	-359.296697
3471	-416.384141
1932	-310.911279
3898	-356.700248
1011	-310.942660
2127	-308.519863
371	-380.374978
1711	-345.611239
342	-323.351196
1421	-360.526142
3851	-326.998454
2407	-377.829134
3207	-355.520098
2302	-492.008892
3882	-194.261089
2925	-301.394865
3244	-323.320332
2874	-309.725707
816	-356.748545
3625	-326.948771
520	-309.720011
1167	-309.729139
555	-361.677945
2474	-357.944802
2257	-307.238509
2146	-310.932540
881	-234.470813
2975	-345.579201
14	-302.238859
3455	-270.401061
2109	-321.219665
743	-309.719124
1936	-360.564423
3183	-345.642870
1154	-310.937644
3270	-273.788787
536	-323.348544
287	-307.560718
3776	-320.773105
1780	-345.606551
1358	-340.682075
2300	-453.655583
76	-325.685245
89	-249.259410
2682	-324.528297
225	-346.842403
822	-336.845442
3281	-309.716743
3868	-360.526225
1054	-323.427722
1218	-287.431740
2388	-309.695742
2065	-340.537496
2597	-412.494644
2686	-340.697732
764	-233.560626
158	-308.540079
2157	-309.686797
2453	-268.273240
2661	-323.448833
907	-381.607752
7	-309.722879
316	-341.858490
3428	-288.564752
932	-361.764881
1459	-306.320451
2317	-308.503515
3420	-306.358581
3427	-325.793904
360	-346.890881
1182	-304.738393
2807	-269.176124
48	-304.689512
3496	-302.303890
1727	-324.606977
2299	-280.273691
2861	-288.654312
3975	-309.693760
3589	-324.543443
3463	-304.735360
433	-396.498209
2660	-307.582044
2195	-289.873479
709	-286.134079
1772	-361.717972
1153	-325.764669
256	-308.741915
3074	-272.553250
102	-307.230370
148	-345.629933
1227	-322.155306
2963	-287.651399
3514	-340.654233
1014	-301.385442
3524	-308.455477
87	-490.834069
1304	-356.679729
3912	-308.435951
975	-357.171724
3694	-338.246643
1611	-348.044714
3456	-276.206318
363	-320.778723
3200	-265.433051
848	-309.744522
808	-320.774349
311	-287.724713
2708	-308.512758
2156	-346.827596
956	-230.183076
1710	-361.726166
2978	-340.669862
1036	-340.609236
3228	-381.648857
1757	-285.313612
2974	-396.486691
875	-376.554863
2816	-310.905786
1249	-272.543724
2067	-280.248350
2147	-382.781806
64	-362.945802
1739	-303.454720
3479	-265.289023
3979	-345.651111
1217	-325.773675
3786	-308.759185
2825	-360.576433
2678	-285.255563
1147	-304.755780
193	-307.285557
1386	-362.967171
1803	-270.394458
3258	-324.473847
1294	-345.612830
1808	-356.676972
1876	-251.732828
1668	-344.433140
3475	-321.247305
3389	-309.689740
1098	-356.649302
2533	-265.438520
3887	-242.196351
1131	-324.580815
781	-362.918463
2176	-345.608670
365	-361.740208
3623	-341.892484
401	-325.712603
2024	-306.349032
776	-325.781815
3762	-351.646368
2359	-360.468392
3630	-287.660591
1544	-324.594826
1663	-232.351764
215	-356.645883
3290	-341.859618
3576	-325.729906
1815	-345.663783
3716	-361.720799
994	-323.428670
3826	-372.742383
3490	-359.315205
1347	-359.361259
484	-351.639205
3448	-324.634377
3754	-324.570035
1313	-324.502042
3657	-312.124380
337	-312.123120
2813	-232.063900
3726	-382.754967
3803	-287.351460
2606	-323.344105
3612	-309.738513
1838	-356.685238
2362	-305.134491
720	-381.594735
814	-308.509272
632	-361.705069
282	-325.714378
891	-325.767721
2101	-361.717364
20	-270.370102
1430	-361.720960
3628	-272.509064
859	-308.468407
1724	-381.594558
817	-345.619715
2612	-345.627545
131	-345.603479
3038	-288.542113
1470	-272.542270
2145	-346.844016
1411	-327.023352
1626	-345.619567
1096	-309.689595
3409	-356.696744
3119	-301.090914
61	-308.462933
3332	-376.610619
3401	-338.175569
2573	-307.303421
893	-232.317400
644	-376.595314
2819	-360.551444
3818	-308.470796
3952	-269.175627
521	-262.065493
1524	-272.550818
2387	-391.391111
1383	-344.398797
3691	-352.852117
2020	-272.514099
3005	-249.248680
1929	-324.551800
2931	-361.729140
759	-398.888473
3862	-271.646263
1634	-324.563073
3023	-323.343769
863	-285.288405
1310	-307.529289
2563	-247.215049
3547	-324.582904
1887	-361.696319
2989	-287.317913
2212	-346.837271
3825	-93.411888
2734	-309.719592
3256	-153.459846
752	-324.557693
3108	-361.653332
1781	-324.582445
3037	-288.567911
1373	-324.557383
584	-309.681686
3063	-317.413890
3613	-308.483617
3561	-343.190300
3094	-324.601619
319	-352.845678
272	-322.161948
1181	-323.657279
3919	-304.721921
3759	-270.393902
1306	-288.682324
3199	-273.811544
59	-248.430371
1027	-360.529992
2884	-324.471313
1072	-272.554773
1565	-325.735821
724	-320.775720
512	-346.861026
2391	-310.927566
325	-345.637577
1076	-361.656187
934	-345.650323
2610	-309.711468
1865	-345.609914
3300	-344.499155
3419	-335.590859
2377	-236.916033
1160	-286.467220
1097	-325.784473
971	-324.624537
2771	-310.910278
2163	-324.503356
2885	-309.686862
742	-272.588370
2848	-339.419688
2231	-346.825174
1008	-248.448467
1966	-302.558699
821	-307.566593
3552	-325.793166
3607	-325.801523
1776	-325.785476
238	-233.253760
1962	-382.756724
1622	-346.869712
3257	-308.472221
2405	-318.344936
3004	-288.652346
2926	-320.764569
2077	-309.736028
3774	-305.130184
1741	-345.629842
1680	-377.842223
2223	-288.657055
2334	-472.135006
1997	-271.666841
642	-234.476516
3712	-300.148891
2336	-344.433499
1308	-341.814212
1586	-272.837559
1683	-346.829154
585	-229.918003
2743	-234.516409
3749	-249.363949
1481	-376.634518
1548	-306.308471
3006	-308.470648
3970	-305.897998
2468	-307.193849
1945	-361.754136
2728	-304.742823
3736	-355.517745
1886	-302.286171
949	-344.463502
262	-345.647032
1522	-324.485746
2899	-310.930659
402	-312.124533
847	-324.608363
2123	-327.010026
2030	-273.804223
41	-345.649146
3586	-287.506415
2647	-262.017735
756	-325.798888
2411	-193.075202
2787	-324.505365
1381	-303.795699
1428	-265.391486
1297	-345.621773
2588	-376.538277
2993	-346.825502
1574	-245.997884
3837	-343.468335
1293	-271.369084
3020	-287.430903
3053	-490.831786
2960	-271.360631
2945	-307.281910
2645	-362.923114
1066	-375.344926
2451	-359.328735
1441	-303.469082
874	-271.611192
3109	-324.582824
3178	-345.605421
2019	-340.659620
263	-341.853650
3347	-286.510514
1462	-312.136049
1265	-227.324775
940	-325.787515
1193	-324.550139
1681	-310.908780
525	-273.812813
1954	-226.144377
3685	-381.602419
2862	-309.693471
1737	-323.398064
1095	-324.603415
145	-310.929561
2484	-344.359905
3848	-324.564634
3784	-344.450127
23	-304.679494
2368	-325.804686
964	-291.014970
161	-285.276468
2897	-346.825923
2485	-392.676111
2290	-343.224836
2056	-325.729141
1518	-309.683200
3282	-362.972786
1686	-288.648208
3710	-308.565933
45	-266.615452
191	-307.610450
2529	-229.969129
2177	-346.868453
796	-344.453746
3439	-301.389192
3795	-310.908453
2955	-346.822341
3152	-335.591582
938	-331.411639
279	-306.012858
2124	-345.600825
1531	-345.640098
1431	-344.392695
192	-310.897684
413	-301.369263
3510	-340.674744
1795	-356.736238
2887	-345.641890
452	-324.575287
2470	-309.688189
1397	-271.624640
516	-312.134532
2086	-308.486338
946	-324.577279
1209	-392.612820
2756	-153.742562
2725	-269.218553
1561	-325.749687
3077	-336.822591
2379	-361.769162
2532	-301.405558
3824	-302.288055
2969	-286.484904
2059	-345.674176
3036	-310.907823
253	-305.838224
2683	-309.686061
3566	-325.830752
2577	-381.600777
3603	-326.952955
2850	-288.580309
2524	-392.642251
1023	-309.663477
473	-346.828378
658	-307.234503
1758	-271.616401
2496	-326.954795
3540	-321.236907
3431	-323.229212
3308	-381.582831
2711	-322.460671
93	-340.615011
293	-377.807580
2055	-304.724717
1137	-271.622539
2254	-359.388326
2475	-381.524347
3195	-274.982322
2646	-325.800095
375	-346.857432
2085	-309.695312
777	-307.544712
852	-361.731511
3051	-192.736096
621	-310.899323
3194	-301.367422
2480	-344.385369
3429	-274.987297
3048	-381.616883
2881	-345.594203
3492	-345.645245
908	-310.911406
2792	-362.944759
1112	-287.644079
2053	-320.769272
1879	-288.594527
1691	-272.595294
1354	-382.790027
1892	-382.805933
691	-361.734668
3046	-322.057728
901	-270.446915
2172	-308.472272
1901	-362.946498
309	-309.718312
2247	-348.046805
3767	-324.568597
786	-307.544728
1898	-360.497612
3032	-360.508895
1084	-309.711894
624	-312.119017
928	-345.665412
1335	-283.156647
1012	-266.609146
1312	-381.612501
540	-346.830523
1858	-343.238086
1214	-341.865386
2513	-345.631685
1329	-309.710338
2385	-310.911571
2928	-324.540084
2248	-377.773452
351	-345.625747
442	-356.712228
165	-327.013034
3434	-360.560766
3546	-233.219124
1620	-270.431243
318	-310.954514
843	-308.437835
1498	-340.654582
3907	-291.017966
1503	-327.014214
1043	-324.605875
232	-490.793044
2121	-324.619773
675	-346.827397
575	-272.582834
662	-341.843824
3893	-341.097446
866	-340.620625
999	-308.512721
2341	-377.784360
2820	-308.557865
1692	-362.862736
1135	-310.903412
382	-344.494711
1030	-309.683546
3416	-320.770681
2249	-392.653825
1134	-343.068226
214	-348.052027
3806	-309.676410
1767	-285.277900
2741	-297.520999
180	-360.505528
1211	-286.498633
3735	-360.522940
2641	-270.394309
3545	-310.915918
2357	-325.754267
383	-361.702346
2580	-309.722373
1206	-342.315546
3260	-345.595084
3100	-361.716824
2229	-319.560814
3344	-325.748658
882	-169.557758
2821	-308.511516
602	-275.010289
3233	-304.691526
3870	-345.605387
1646	-340.684749
3822	-309.665941
794	-248.143861
454	-265.283843
3418	-308.467120
46	-372.766726
1207	-324.584396
2565	-345.591597
2070	-114.483613
3096	-338.175960
99	-336.813559
322	-346.832352
1501	-288.653529
977	-285.160699
3896	-307.280331
2350	-341.853951
1969	-360.529678
3958	-291.015785
3156	-362.941094
2727	-271.330291
224	-324.628594
1787	-325.795649
1108	-341.839596
1361	-346.840635
2459	-273.761223
1567	-356.714706
574	-271.665153
2853	-325.794835
2701	-326.942959
715	-285.275928
1998	-324.536830
285	-249.362379
1077	-326.938562
2366	-286.466852
3227	-348.043668
1322	-271.619912
1340	-271.616723
1580	-271.339821
44	-309.735489
3234	-287.349937
2106	-286.476486
3159	-324.612512
2512	-346.823548
844	-324.606050
1496	-268.248371
2094	-325.812885
1078	-309.738888
1538	-348.050463
1371	-288.596392
1914	-288.576123
1446	-319.575102
531	-226.107205
2530	-345.673444
3340	-229.879598
3044	-363.519194
3780	-323.320574
1068	-308.470010
153	-347.466594
3191	-284.360325
3904	-356.716094
3951	-326.977685
1157	-309.691584
2333	-338.234590
3569	-272.588302
152	-306.286325
1702	-251.727632
1250	-309.686189
1460	-309.684108
3722	-308.759135
350	-320.793580
3579	-356.677429
3323	-232.335768
2149	-341.878745
1950	-232.331230
3548	-79.764152
3272	-173.147782
1908	-286.508233
1636	-233.551389
124	-271.621961
3370	-396.486664
2331	-308.516808
1861	-235.696852
2118	-324.560961
230	-271.617434
1123	-375.393636
1689	-336.823026
3823	-303.527274
1410	-273.759553
144	-271.323089
1367	-325.812267
3201	-346.845480
1938	-341.826148
1474	-340.654517
1099	-231.975652
3841	-371.541704
801	-273.763117
3180	-323.669200
2369	-273.760271
2389	-361.728546
3278	-298.952950
2466	-325.785959
2585	-249.269471
1195	-285.287913
850	-271.623957
1185	-324.558175
2830	-325.800699
2914	-270.422403
2208	-286.486509
2351	-304.614169
3473	-360.527434
86	-190.624631
2619	-326.939536
1380	-288.625728
2390	-270.097243
3955	-323.391458
748	-324.572987
2560	-339.452794
3025	-324.573338
972	-341.869909
1175	-361.742598
1158	-268.251114
528	-288.538806
3926	-325.748612
985	-320.770329
3174	-272.844804
1395	-375.348487
773	-309.674485
1951	-317.408548
558	-344.464151
2330	-287.681216
2632	-306.344083
1983	-320.792773
3574	-398.876124
324	-307.534482
860	-397.697425
2476	-346.865438
2271	-310.916474
2780	-272.545389
3205	-341.842686
3435	-361.728293
2699	-346.864540
3169	-310.902849
887	-361.720206
1828	-284.993731
3442	-381.635659
3345	-312.120708
3130	-270.427802
842	-360.514766
835	-320.740782
1280	-356.683566
3413	-308.440890
2079	-363.517297
2084	-361.708021
1478	-309.691634
1768	-289.789940
1256	-312.119596
1995	-362.946041
1610	-196.406419
3241	-319.515995
723	-361.717032
3263	-285.326726
96	-375.359188
1260	-270.417842
3138	-345.651520
2995	-381.584942
923	-322.135797
119	-327.012568
103	-291.024232
2412	-310.904086
355	-273.761263
1985	-339.481708
3861	-234.486176
2621	-305.145002
85	-272.550580
2593	-321.252793
712	-294.081616
762	-346.863396
3314	-305.846541
2798	-307.259167
1145	-312.129019
1163	-397.709232
2386	-352.829520
1272	-308.486687
3295	-231.069318
340	-273.789697
3843	-309.717869
1578	-233.217482
1119	-304.733360
3029	-285.281493
3661	-287.358011
2461	-269.170508
645	-308.540795
2119	-323.665987
3381	-309.731402
2372	-322.217569
3371	-286.517424
1628	-345.637174
2434	-377.845502
3070	-281.491976
3364	-305.057353
535	-248.416462
2081	-273.775864
1923	-287.427777
1889	-361.731388
3793	-381.580932
750	-344.384630
1455	-381.570969
1315	-288.533780
1433	-325.729800
2250	-339.462492
3542	-344.409533
1338	-320.793141
2082	-302.567313
1961	-197.629416
758	-307.574899
3790	-286.502445
432	-344.390227
873	-273.763068
1790	-345.664882
2179	-361.698233
1245	-310.907810
2435	-229.013797
1631	-345.642285
1635	-360.520081
1204	-361.704371
3018	-345.638117
2883	-308.757991
3288	-348.045786
3386	-309.684862
3223	-341.794931
2753	-310.904304
149	-380.415966
1807	-344.469516
2072	-344.431636
3773	-345.602641
997	-361.688335
2967	-305.841708
927	-340.676668
903	-309.685872
479	-77.308427
2306	-287.354343
1735	-320.791360
3335	-275.020322
3856	-306.313590
3403	-339.424322
3853	-271.336383
510	-234.491176
3820	-340.655117
2285	-340.578657
3415	-308.495275
3083	-381.591448
2537	-317.434422
2987	-271.618137
212	-324.605613
1693	-234.474613
1289	-344.439723
1609	-210.001565
3110	-236.917458
1394	-396.500849
2025	-249.363808
738	-324.592221
2088	-362.871515
2952	-308.511290
519	-309.687078
1128	-361.695007
2680	-340.664901
2483	-322.158791
896	-323.312767
1374	-322.175807
502	-306.349558
3659	-340.683837
129	-308.512092
974	-303.468081
836	-324.606601
440	-307.226474
2860	-345.600676
3615	-210.071468
1760	-326.940002
3457	-324.559213
834	-346.828689
2169	-356.733974
2618	-361.768020
3158	-269.271320
582	-325.833302
1231	-324.569596
1172	-357.927353
3608	-372.729173
813	-361.733052
3392	-361.774979
3067	-271.304881
1079	-287.347000
1825	-271.656372
3654	-307.541973
69	-265.441614
2688	-284.964138
3808	-345.614760
1900	-309.689410
1376	-348.053064
3580	-345.661657
2328	-320.732586
3095	-339.431197
3279	-356.732861
3271	-454.878708
1517	-359.342366
2312	-344.416076
1894	-360.532510
1520	-309.728493
321	-324.604397
2882	-322.444150
580	-360.537290
1850	-323.407987
270	-372.752005
3123	-309.702150
2499	-376.539208
538	-324.494520
1187	-264.235803
1577	-355.468067
2107	-325.766177
1393	-271.647465
1784	-324.497693
3352	-272.834623
926	-345.680086
2609	-322.351046
3506	-320.804155
2656	-376.622509
181	-412.528245
2033	-310.919833
2919	-340.635773
634	-154.960361
2909	-361.687451
2689	-309.673807
3781	-274.984614
1552	-346.865957
2349	-301.357553
3723	-345.597175
1643	-310.910140
42	-376.564691
471	-324.532283
2666	-303.423742
204	-287.353313
2116	-340.646768
603	-346.867624
1019	-327.016183
578	-382.825717
2346	-310.909551
1179	-343.195060
767	-346.861463
2639	-302.580808
2511	-250.500016
2230	-262.056533
2913	-361.630982
2930	-310.906738
915	-304.734226
248	-339.489875
3564	-303.533472
24	-345.608180
198	-303.934323
864	-323.337623
2714	-398.878264
2356	-323.346816
3752	-345.686524
1336	-334.362330
1467	-345.613895
2278	-345.650717
95	-351.666551
2093	-324.473588
703	-340.656580
1190	-377.830859
2210	-325.710772
2953	-348.047609
3304	-346.843297
2806	-234.476081
534	-324.575799
677	-324.594116
338	-272.544500
2720	-231.102112
2380	-327.025010
1403	-308.462299
2674	-342.352279
1871	-306.406578
3474	-309.730988
3878	-360.554015
3024	-251.729571
2886	-324.530742
539	-341.886521
559	-362.935404
1771	-287.657053
2131	-320.777849
3828	-288.650589
223	-339.501781
851	-270.117027
1833	-302.579718
3267	-320.776472
2500	-286.498235
2376	-346.840597
1575	-334.447259
2198	-382.804255
1749	-302.579654
2001	-346.833365
1130	-346.826923
200	-345.625804
3127	-327.010419
1189	-287.322957
1009	-266.763445
1463	-362.938449
868	-312.124574
348	-196.432825
2946	-345.649552
2039	-360.553317
1859	-324.577613
1203	-261.802956
500	-308.452306
1714	-132.718150
3584	-281.484877
3604	-273.812100
3872	-340.691219
3652	-361.720088
3274	-196.407957
854	-383.971058
966	-339.467091
1417	-381.586740
3269	-381.624381
1621	-346.884834
3042	-269.468415
1266	-324.582035
2279	-309.711101
392	-345.637570
3150	-310.942587
930	-346.898838
2175	-324.545475
2373	-302.564379
2018	-286.492357
3400	-289.799552
3922	-270.394284
3522	-309.691414
1713	-323.381747
2629	-356.679047
2335	-346.825562
2553	-302.545562
3920	-319.574905
3705	-345.665479
2992	-343.202564
1581	-345.660520
450	-235.729507
68	-286.519735
3179	-270.408713
1003	-308.516378
2620	-324.587670
1263	-345.642008
1092	-360.552974
1526	-269.267574
1705	-286.218259
126	-274.991042
3116	-312.128429
3122	-232.329070
1941	-286.206129
1750	-287.645651
2922	-352.890573
3877	-340.623773
389	-271.336957
3550	-341.825957
58	-304.683044
2148	-309.718089
1872	-272.566631
3198	-288.680991
1953	-308.457242
3597	-360.539435
138	-362.875317
2700	-304.687547
2880	-346.831172
1213	-324.530103
1976	-346.831692
366	-324.576206
727	-272.562906
3061	-392.552088
1769	-324.569009
3830	-346.817778
1264	-324.536694
3012	-276.205920
3292	-326.937372
3779	-308.476903
1420	-286.516174
1700	-320.782427
1563	-376.575382
2433	-324.552283
2343	-325.781464
1986	-344.459234
2835	-362.925466
109	-158.340943
826	-248.137789
2908	-271.620997
2064	-309.687401
597	-309.683901
2460	-345.631797
2491	-381.634033
1675	-271.277972
3551	-345.646761
2942	-325.778444
2322	-355.508682
554	-340.688787
2352	-288.589622
3049	-324.610004
75	-381.566310
1107	-267.060326
3916	-273.810780
849	-360.532987
3541	-379.527167
411	-397.680771
1792	-363.504227
1652	-301.316399
2448	-346.833271
1220	-325.800532
1748	-288.688929
1018	-354.272548
2921	-310.904813
3249	-325.739818
3903	-340.636306
275	-344.442225
1413	-247.214861
1928	-326.927990
414	-192.762455
3592	-323.367866
3966	-376.570141
518	-289.791234
2810	-273.763107
240	-286.517094
187	-341.842120
3378	-325.831718
3595	-345.600227
3022	-234.455424
3001	-270.386138
2404	-323.340989
2907	-344.466563
3190	-232.325947
1606	-308.462382
2327	-381.624797
2209	-382.781841
2220	-272.538190
705	-362.953848
1862	-319.615129
769	-271.361537
1645	-324.477059
3239	-361.708121
2765	-381.546975
222	-412.548009
3536	-352.836930
3732	-320.774305
797	-278.075775
430	-307.543210
2690	-231.093096
3930	-338.542975
3890	-341.849730
1345	-376.540686
1704	-274.984793
1917	-325.790782
3383	-360.602876
1773	-304.696646
2048	-235.699029
1049	-323.336196
2232	-56.525887
101	-324.507184
2758	-309.696640
3144	-308.472241
3443	-346.866543
2892	-325.728271
1281	-308.457113
1052	-361.770383
3177	-287.662612
3771	-309.655144
2783	-272.537685
951	-307.548619
1678	-310.955296
2555	-287.427764
1155	-272.838189
2226	-276.206257
785	-273.796695
326	-236.917664
3033	-325.785262
2269	-308.452310
622	-341.886905
3714	-265.398572
3102	-310.903589
2832	-250.585843
3407	-343.517848
3518	-340.655390
3093	-334.424572
2602	-345.645491
1327	-320.768458
628	-325.726991
2983	-346.833689
812	-308.509197
2522	-307.545457
3275	-308.757315
3647	-325.794522
443	-325.754109
1882	-273.764420
2495	-307.596472
1292	-323.652284
950	-324.580266
2217	-344.408081
1365	-361.755045
726	-346.870614
1348	-309.683859
39	-340.687222
3568	-308.468418
2997	-380.371074
3289	-270.437636
3981	-249.257629
2444	-318.641916
1216	-308.465534
1464	-381.610550
194	-308.496245
1922	-248.132701
3587	-322.421320
2130	-271.612772
2426	-340.650391
3687	-325.793945
2552	-340.624424
3840	-309.681264
2600	-307.237880
1588	-323.678800
62	-309.677968
190	-354.290746
696	-356.709466
2575	-308.759090
740	-344.452972
2315	-273.793520
3232	-345.686487
2089	-308.469081
3449	-297.510804
280	-271.324234
345	-309.704732
606	-343.235457
1720	-309.692095
1247	-325.770105
2779	-381.606362
920	-281.489179
754	-361.718210
641	-322.439472
3430	-341.828533
3171	-345.599912
719	-309.693538
398	-345.636145
763	-308.429953
252	-305.913756
1616	-272.539058
1673	-309.733829
2213	-287.433999
3511	-324.552260
2041	-346.821470
3632	-340.612805
2112	-304.729640
2215	-289.795079
3248	-322.477268
629	-309.712115
1480	-324.584824
3502	-376.564063
449	-325.753993
441	-380.414967
3145	-324.570872
1726	-381.506605
2634	-326.927446
2704	-320.786981
2648	-325.728744
6	-345.687671
2896	-356.725069
3925	-325.718488
2837	-325.730097
546	-306.365166
1271	-310.902165
1055	-345.681183
3637	-309.764115
2961	-348.061993
1751	-339.469166
1424	-212.438188
3948	-340.614465
70	-346.874234
1919	-407.364323
757	-345.678211
3602	-361.683811
2915	-344.371144
1942	-382.751274
3932	-360.472117
853	-76.404702
2823	-309.730966
3731	-310.913156
600	-268.859550
2895	-273.764673
1719	-232.050342
3470	-416.814878
3221	-308.477915
2738	-324.555069
880	-345.648463
1667	-323.323781
3052	-291.017787
1212	-304.733723
625	-308.514390
1412	-242.195730
1734	-359.354596
384	-343.291812
695	-345.700085
3316	-264.261826
933	-270.430832
2979	-320.767064
3585	-308.497008
619	-325.787161
2791	-194.254127
1666	-289.872246
1934	-341.769746
1445	-396.491525
3796	-341.875439
3219	-339.428557
1379	-325.731549
778	-324.573162
2294	-341.831947
982	-307.235414
469	-325.775843
3988	-309.707600
2011	-270.099401
2301	-324.616647
1333	-270.359564
3600	-325.781571
1937	-287.438379
2267	-291.016020
2188	-288.690060
3090	-287.362939
3410	-271.316922
3805	-309.680682
3953	-325.792503
2828	-232.030352
3646	-305.130313
1697	-345.613396
566	-303.472917
2935	-297.516418
488	-346.861837
3751	-339.491316
1311	-288.545722
3238	-340.667053
3544	-312.133269
166	-325.729970
2591	-325.773278
2615	-360.501085
3472	-340.657197
3976	-273.765901
179	-362.928160
1226	-195.226072
1989	-287.426977
1854	-382.743932
3696	-308.474441
1318	-310.897519
897	-345.659998
3064	-326.983087
236	-325.758113
3836	-346.833711
544	-340.643340
2219	-265.437885
2607	-275.007113
2877	-324.556404
2378	-339.490841
2868	-270.407057
3753	-271.652242
2709	-345.632155
3620	-359.351415
134	-308.516376
2778	-325.711441
495	-342.297848
1257	-346.855622
1534	-340.632075
2846	-273.780933
1774	-324.585556
2617	-248.151318
234	-308.467880
3011	-310.902708
2029	-380.417684
2071	-246.029150
90	-327.017113
2205	-318.391203
563	-345.644179
2594	-335.586914
1613	-346.890723
291	-304.683134
3901	-346.822424
3772	-356.752251
867	-283.179781
3322	-272.536448
809	-361.738091
1034	-356.732791
2550	-271.628346
617	-376.521083
3405	-269.206920
388	-340.594424
811	-304.567859
100	-361.702143
3126	-360.523204
120	-323.345161
2774	-310.910631
3596	-285.328258
1816	-344.357220
2120	-381.630205
3686	-344.462681
2793	-306.384286
3889	-360.533387
1341	-301.373831
579	-281.480583
3132	-309.670613
3740	-356.684693
258	-371.546126
564	-272.569586
3556	-276.202384
1005	-273.786179
381	-341.835557
1487	-345.665813
1159	-325.779568
2547	-323.328581
1679	-288.576381
2320	-362.876210
465	-266.553159
3791	-360.491959
3247	-360.531175
560	-344.385047
1025	-324.520219
2667	-308.455402
1822	-344.395150
3532	-344.464356
626	-288.653249
2964	-362.945907
436	-360.521191
1755	-304.686811
886	-304.728323
3495	-288.563768
1736	-273.764207
917	-323.320690
267	-345.641113
2410	-361.673369
284	-360.500454
1225	-196.409349
2489	-250.583259
3645	-304.681903
1406	-375.394844
3444	-289.794376
1407	-235.694798
476	-397.686127
828	-361.684892
957	-360.490486
3467	-308.494487
2189	-325.762375
1788	-345.646841
3503	-266.630629
2535	-272.835594
182	-324.474954
3131	-303.560907
1174	-345.614442
2211	-340.648620
1191	-360.510716
1166	-324.576650
3240	-338.234966
2497	-325.763216
883	-340.647778
3783	-310.912792
780	-308.769557
3618	-309.731536
1533	-309.671865
3563	-227.798785
3577	-361.716705
1915	-361.705669
1296	-345.612257
2972	-320.764992
892	-288.621895
2898	-310.940190
611	-248.364357
2083	-322.434119
2702	-309.685148
1793	-325.725688
1314	-324.460304
1664	-310.904974
3656	-310.918831
1764	-304.725676
3662	-360.469577
1100	-380.373569
2339	-326.954728
2766	-285.279992
700	-310.938181
3286	-361.731914
1093	-325.718074
1493	-335.643923
3357	-361.779217
751	-361.724921
3331	-233.545899
1573	-233.255259
649	-340.685408
403	-272.843742
2776	-313.573888
425	-289.769718
694	-344.360007
2548	-340.654465
3484	-341.890999
1320	-340.656628
175	-361.754326
2181	-340.656656
1965	-288.555445
1818	-371.535911
3945	-304.737186
156	-288.654408
869	-327.026488
3943	-376.602183
3593	-304.614300
2749	-340.645995
2234	-272.580839
3336	-308.477672
728	-309.678404
2589	-361.718361
1355	-361.727678
1770	-309.719198
735	-309.716570
395	-234.447743
1895	-324.551432
3390	-309.736085
3319	-376.604793
1104	-287.315479
3501	-318.409788
1864	-312.133063
1913	-310.912131
3057	-301.381127
3531	-344.458268
3072	-340.671263
184	-322.436757
302	-340.632285
2344	-305.915175
3491	-361.750275
1422	-361.728608
1141	-115.679136
3310	-309.721850
1926	-273.773955
1328	-376.531779
1800	-212.439286
3251	-306.056425
3559	-309.721434
331	-309.734363
3583	-325.721011
607	-301.373496
3489	-308.508824
2795	-379.572458
2487	-361.694757
2781	-288.581699
1002	-287.689262
35	-343.197784
125	-228.992613
2814	-325.804528
3704	-348.035847
2906	-340.657508
3112	-327.021680
507	-309.697879
1902	-324.615795
2803	-327.013853
1290	-345.660459
2087	-286.484121
3798	-310.941861
1116	-356.691214
2663	-361.722327
2769	-376.563238
1504	-360.489720
1797	-194.267232
3143	-286.432042
1730	-345.663299
1299	-348.043466
2572	-360.495461
2471	-288.628801
3639	-345.680996
2289	-325.766945
1389	-272.510742
2429	-306.081547
2370	-360.496984
107	-307.580090
210	-362.938898
2126	-270.399529
3059	-363.508158
552	-340.639366
2078	-324.575989
1004	-355.416555
65	-312.125621
3360	-382.810709
1568	-324.555249
1047	-346.836177
2342	-309.680487
2712	-274.985024
1851	-361.717868
678	-308.506580
2355	-336.816043
2988	-310.923406
244	-346.835129
1584	-251.727102
2427	-339.474134
3115	-340.620294
51	-283.168740
1475	-362.957353
682	-302.303791
793	-326.950540
2772	-343.232602
1402	-286.203815
1133	-308.517070
3433	-308.465425
2129	-356.722498
1754	-269.221561
2657	-308.451299
3888	-323.359825
513	-355.518342
1331	-310.941319
3148	-324.567513
2108	-267.944278
2125	-310.908354
562	-456.105229
3678	-285.255880
2076	-274.982287
2691	-308.505543
1253	-312.126356
1993	-339.504090
2161	-361.735863
3291	-362.911941
899	-321.230055
2696	-353.269456
2450	-312.124760
698	-274.985880
1802	-361.715983
3965	-273.764529
2445	-324.576679
1701	-344.428649
755	-324.568345
3755	-341.874216
2310	-338.194242
2715	-345.709596
1300	-324.595031
1353	-359.297643
1143	-367.635675
2012	-382.788561
368	-345.595021
229	-361.648305
3985	-324.548763
598	-193.088340
1275	-310.936083
113	-360.478880
2845	-307.602080
3073	-309.734862
2531	-157.115484
671	-310.897268
283	-355.460155
3967	-273.758273
3766	-344.436564
1659	-487.002792
1447	-469.758395
581	-287.683128
189	-322.167165
2100	-343.199390
2959	-289.795007
2527	-297.554699
1094	-304.696023
2002	-286.504040
648	-287.422111
2054	-302.588564
2268	-302.558547
1644	-325.774769
1677	-344.412416
1715	-286.486570
1684	-320.783029
954	-324.612244
1909	-345.630398
2490	-343.078368
2151	-289.802108
1224	-308.420805
1382	-360.492675
3616	-225.221461
511	-320.778636
612	-397.697891
3216	-344.380260
3682	-291.017820
3718	-195.186772
3266	-287.736841
2912	-346.883119
3408	-287.661454
3946	-286.438084
2199	-377.815601
693	-234.520624
3974	-323.433262
221	-310.917273
3707	-271.620156
3224	-286.504546
52	-345.627428
1528	-360.446475
3866	-341.882531
364	-117.824798
3301	-371.491061
3111	-318.340705
3425	-324.547564
3245	-327.024699
787	-360.525379
996	-307.544316
334	-245.983375
2697	-360.495788
496	-377.794221
2633	-324.627681
2049	-344.463291
958	-302.599262
2295	-305.898313
2568	-325.718022
2455	-344.431301
2238	-281.495234
2498	-288.539500
986	-347.459586
2193	-383.976576
3307	-318.647923
2936	-324.504178
3835	-309.693085
736	-325.799293
1817	-339.459612
2403	-326.955365
1434	-344.482088
2207	-301.330754
261	-310.905322
1592	-271.616430
798	-208.842347
216	-307.283509
707	-381.585428
1162	-309.684472
1766	-270.387395
747	-359.350089
3394	-376.613178
865	-304.728720
3533	-232.036378
3016	-309.730329
3081	-302.557878
1831	-323.386306
1176	-288.584832
2631	-380.316551
3986	-355.516778
470	-303.460335
795	-246.023231
132	-308.469258
2122	-348.040439
2251	-430.448052
2949	-346.838702
428	-324.570042
3027	-336.811099
2291	-286.514923
526	-344.430692
458	-340.699868
2809	-344.506029
1400	-306.067385
3066	-345.688382
29	-344.425700
1001	-304.724431
1103	-273.764642
3611	-324.577560
3462	-272.538255
725	-325.725266
2590	-340.650928
3863	-346.804974
1199	-377.813742
501	-345.630685
13	-360.526646
2525	-324.569051
2284	-359.298380
807	-340.681309
1000	-339.452428
667	-360.533083
3558	-339.464817
3956	-345.698757
115	-356.682218
22	-324.575190
1037	-306.397746
2329	-324.557240
2222	-340.678668
1468	-345.650338
3337	-286.438448
1608	-361.758032
1426	-381.607770
857	-245.711897
832	-308.470270
1860	-308.507458
3944	-381.563295
448	-346.831139
3802	-356.724118
3002	-269.479234
1038	-267.106213
1629	-272.526778
2587	-376.609234
1239	-356.710448
3380	-345.606939
80	-392.672883
3733	-309.678068
2581	-234.469389
3675	-360.534222
3839	-231.155780
157	-376.519880
2999	-307.237456
1775	-306.353871
1060	-345.713205
898	-305.906901
2442	-345.636611
1405	-361.711854
123	-269.263476
3280	-344.483775
2566	-346.832253
3741	-169.860788
2063	-344.402806
1180	-306.364186
1670	-269.230258
2910	-307.536915
3173	-325.791830
3014	-269.263802
3769	-304.586424
3679	-320.794248
565	-356.730212
1429	-288.579114
870	-345.646965
1408	-379.527030
3451	-319.606765
2419	-287.353473
2102	-361.723581
3318	-308.513124
1591	-249.397368
2104	-379.006904
2719	-286.477365
1273	-355.513035
1699	-272.541597
788	-324.467888
1594	-323.433551
970	-310.911364
1298	-308.505512
1309	-287.723848
3915	-309.687698
2973	-324.604156
768	-193.039603
3172	-274.982310
1988	-312.124451
421	-288.627624
2036	-309.733888
2559	-319.571638
2282	-375.368783
399	-304.735224
3388	-271.606364
3085	-322.130736
3019	-301.357437
299	-195.196751
73	-233.293627
672	-345.661057
686	-391.370332
3294	-340.693392
2439	-324.485913
3756	-326.943546
929	-272.832690
717	-380.401348
128	-303.785832
1556	-340.659506
3582	-344.436500
1026	-325.765414
3624	-324.614194
3809	-310.902628
1164	-340.611734
217	-271.648392
3153	-340.622406
1519	-352.874613
475	-304.691568
2354	-387.558484
1676	-296.285473
2010	-323.385837
104	-360.574432
2638	-309.688194
1444	-304.691748
2871	-308.460407
2170	-274.987123
3537	-346.860694
3876	-304.574737
3721	-284.372483
2034	-345.586124
3375	-324.594534
2058	-356.710498
1301	-309.679190
1778	-305.036659
499	-340.611683
2272	-324.528642
2074	-285.300440
2917	-267.068488
2571	-309.686348
3909	-310.945132
2601	-333.464063
1650	-341.836348
2503	-345.653983
3121	-344.419977
3572	-322.172641
1173	-344.465017
2142	-324.624987
3857	-340.686134
837	-360.512026
1920	-361.714679
967	-372.742461
1891	-323.382399
2162	-340.613712
1924	-340.591587
1946	-346.841836
3088	-308.459859
2934	-324.462733
2721	-271.401725
1278	-362.942040
613	-309.689486
2446	-361.740252
1672	-336.831068
3363	-345.658313
1316	-361.652250
332	-304.692914
1342	-361.712098
3936	-326.951067
2337	-324.588418
1032	-346.816694
3928	-377.799358
557	-312.122696
2287	-310.905485
3640	-309.692577
3777	-339.431092
989	-272.839582
1843	-362.899677
1893	-344.385273
1810	-288.653294
3842	-376.587741
1466	-340.657975
2184	-360.501473
3960	-336.825944
159	-273.773408
78	-270.472470
460	-360.488733
2554	-345.649886
167	-310.912077
524	-308.507004
1731	-381.565314
3089	-327.025329
3062	-381.573048
1956	-308.461475
921	-325.682121
3963	-271.323381
2436	-308.473229
3517	-396.475511
547	-360.540793
3222	-344.494043
49	-396.507540
2473	-324.497671
1046	-271.618580
3226	-339.491316
2901	-318.323005
2038	-348.056093
2706	-345.667357
257	-324.569867
2021	-346.818246
791	-309.662433
2505	-344.440744
3149	-372.694726
1785	-273.751900
2514	-354.197108
1091	-309.678344
1806	-324.610229
2671	-344.377098
396	-372.782655
498	-273.791878
3189	-324.510378
2296	-309.691365
2857	-362.899149
3832	-346.836423
1258	-344.472090
211	-357.939331
1794	-325.712420
2456	-345.610758
423	-304.694187
2253	-325.818163
3973	-356.659922
3146	-289.872162
3313	-360.526364
1604	-347.456674
290	-348.056024
3598	-340.671493
3838	-271.318933
3581	-319.540355
1974	-345.655745
2394	-355.446449
1671	-309.708282
3636	-324.624318
1809	-324.559733
2477	-360.539944
3354	-360.529236
2815	-324.570906
3846	-318.393987
543	-310.937295
3807	-361.706503
457	-380.372151
3760	-280.314080
2016	-308.569875
2971	-312.131841
3359	-325.733758
271	-361.759779
3414	-285.313674
1874	-416.367317
2570	-324.626187
298	-377.795528
2544	-381.632480
988	-341.827199
2996	-324.566568
1031	-304.643927
3819	-397.692021
3717	-275.014300
466	-382.782183
549	-372.785072
2397	-308.772292
376	-309.732528
1623	-229.615446
1906	-324.613156
669	-377.780670
815	-285.324641
1562	-309.676327
1139	-270.382725
2180	-340.665904
1261	-268.282665
3114	-309.692389
1144	-264.255612
1059	-303.436180
50	-357.934562
637	-360.557419
2929	-345.638912
3231	-380.446861
2482	-268.321270
2718	-382.782995
2624	-309.699280
2409	-324.595526
2536	-273.758980
264	-339.450073
1269	-307.563525
3464	-234.470922
3989	-272.542369
3476	-304.737418
2911	-289.871661
697	-340.621200
18	-309.719641
2784	-273.803873
3895	-325.808333
1423	-344.413850
207	-285.281032
1243	-323.582949
1930	-341.835805
3469	-356.686540
2687	-377.816463
2818	-335.618370
1497	-251.731545
699	-307.243079
2003	-324.579943
2233	-319.556235
3683	-308.510782
3711	-303.469034
2855	-268.917900
1262	-356.712023
3026	-250.478855
2361	-304.727460
877	-359.317823
1171	-325.721867
435	-306.309029
1473	-340.678945
3399	-307.229313
550	-319.568017
2154	-360.512793
3206	-346.853173
3609	-269.176442
2643	-372.711859
178	-188.042067
1952	-344.408452
3508	-309.675176
3013	-346.883127
3084	-325.781161
66	-337.302324
652	-345.620593
2264	-346.831590
3730	-291.017996
3141	-345.651109
34	-306.355655
643	-345.663386
464	-324.485629
3827	-270.435807
3209	-346.834502
2098	-327.020807
3193	-320.725883
884	-276.202586
2022	-344.425164
978	-324.545574
631	-371.449232
3668	-309.700336
1824	-336.855265
861	-360.488871
1485	-309.731369
3894	-322.469844
315	-302.472397
353	-197.632222
483	-309.705795
11	-356.688211
2224	-307.568767
2458	-361.683558

file identifier 	 test data 	 predicted
1045	-344.449852	-146.008173
1088	-291.017433	-274.616172
3538	-271.350701	-260.137533
1651	-273.809498	-254.784413
3398	-304.686259	-291.354353
1827	-343.492484	-280.258491
2080	-325.793131	-316.873750
760	-324.605411	-296.367672
2726	-324.475651	-302.016685
2851	-356.699504	-309.300878
235	-270.375081	-240.527386
2185	-344.343476	-159.137165
1284	-320.761539	-295.200515
2353	-281.504579	75.501728
3397	-356.702115	-307.339218
1435	-193.963318	96.325741
3120	-309.689111	-298.872145
3799	-291.018995	-274.933039
3763	-344.416821	-139.542209
2767	-340.635968	-146.215702
1255	-381.635881	-190.479181
556	-272.600604	-256.250107
2722	-344.423318	-144.908193
3562	-360.524672	-290.853384
1061	-343.531666	-288.746585
3761	-352.866322	-309.900933
529	-309.725786	-295.467610
2004	-346.839235	-336.883119
1957	-206.721858	-146.884991
2360	-340.636727	-146.632917
2980	-274.983908	-255.194320
1440	-270.441325	-237.592629
2117	-346.839895	-338.598296
601	-324.603558	-287.984623
1484	-273.817328	-255.415476
583	-285.016369	-217.266204
1870	-309.686187	-297.279817
1717	-345.603646	-331.945642
1483	-309.723988	-296.576964
2000	-309.736479	-297.349772
1525	-345.608193	-330.941044
2139	-381.581478	-182.424687
2986	-340.629609	-146.836040
1532	-309.731599	-296.163732
3950	-270.439135	-238.544394
666	-381.593528	-178.381248
303	-375.328197	-355.207122
2640	-398.880824	-376.965107
3125	-308.510840	-295.523240
1039	-360.575277	-313.641752
289	-321.949791	-310.601122
155	-324.571682	-291.037605
2642	-324.578146	-296.470043
140	-309.676929	-298.426461
587	-307.283919	-115.613566
3287	-271.458576	-259.409782
2723	-324.554067	-301.380207
418	-324.565412	-300.112272
359	-346.832402	-338.291467
2418	-304.734646	-293.144977
2027	-376.585000	-18.849058
3445	-286.508374	-95.796748
1513	-306.368494	-241.735777
3372	-309.705858	-299.620356
918	-310.917344	-297.919192
2424	-273.764093	-253.732921
3118	-236.917873	-210.726707
1555	-324.529724	-295.877255
1392	-353.321142	-344.601362
3543	-287.318584	-263.767260
615	-345.676743	-331.117697
3500	-323.345473	-231.313613
889	-272.539307	-254.843571
2939	-352.864008	-306.117895
97	-286.495035	-95.911340
3964	-336.853985	-144.030056
914	-361.707841	-338.725344
424	-309.717380	-298.862146
2114	-307.528446	-282.660984
317	-325.797397	-316.871267
3788	-361.725962	-341.259008
3599	-308.482454	-296.201968
904	-345.608456	-329.247644
2948	-382.790431	-365.458062
196	-341.759398	-326.426529
1536	-324.492974	-302.276592
1742	-288.583008	-273.017748
294	-308.506421	-293.657240
329	-380.402442	-28.651337
2440	-317.433049	-293.069326
3653	-309.763576	-296.666410
1020	-303.566436	-110.546915
378	-356.705084	-307.949479
1351	-309.733696	-298.183283
3575	-309.736328	-297.975773
1016	-305.129953	-245.666908
25	-309.712046	-297.094730
609	-377.817369	-182.023684
3204	-306.313706	-215.897826
3056	-269.180682	-190.350802
2479	-271.622821	-256.497547
492	-305.904760	-292.315103
2526	-340.601771	-148.339747
2420	-340.625366	-149.125800
1821	-308.473320	-296.878214
3330	-323.360126	-257.724168
840	-289.871520	-272.682463
2918	-271.326117	-255.008322
1977	-312.131398	-298.614186
714	-356.669324	-310.480985
599	-343.312201	21.764071
1415	-338.156727	-314.716142
935	-269.154939	-214.218648
2951	-308.569129	-295.991145
746	-273.802095	-254.710681
2736	-310.922181	-298.457418
1848	-273.769835	-255.739466
1863	-381.631601	-186.124633
1540	-285.217962	71.702853
3864	-288.639421	-273.422308
1762	-361.755551	-340.283762
685	-320.029854	-312.704521
2630	-282.871678	-262.463043
506	-234.516241	-212.096752
1384	-361.755719	-333.243785
3139	-344.437158	-162.304082
2545	-324.614082	-292.366300
2622	-346.829131	-336.686201
770	-381.612946	-185.748238
987	-273.765811	-255.607961
1443	-346.867442	-339.177559
890	-344.458979	-152.420317
2400	-345.592410	-330.774795
2263	-274.983122	-254.712795
3424	-348.051118	-338.344803
1148	-284.062954	-250.886312
1732	-269.170665	-192.122209
437	-309.705971	-298.915698
1042	-305.904676	-293.379260
668	-267.103350	-234.023449
1654	-360.518768	-318.862554
2321	-381.536295	-186.705302
2659	-324.461004	-304.245919
3358	-326.934987	-315.584144
2557	-273.774103	-252.895508
1140	-304.683966	-291.665056
3128	-341.867138	-327.019709
3881	-357.951284	-334.270921
1576	-247.184334	-180.118904
2730	-286.492223	-95.547949
2425	-322.435505	42.693989
2740	-360.536920	-316.963603
3873	-348.051405	-338.275428
819	-276.204532	-255.115344
3104	-310.941183	-296.310812
1970	-362.897428	-357.458431
3764	-308.483519	-297.385524
1752	-296.265627	-278.934727
3829	-323.654114	-123.342336
968	-308.470667	-294.475080
3242	-397.707881	-352.480507
1813	-307.550360	-282.530241
1627	-301.363590	-247.328390
969	-325.797425	-316.641303
3182	-287.440436	-241.452045
3163	-319.610683	-261.600458
2562	-375.357530	-356.018844
143	-302.355005	57.741595
1572	-322.170570	-270.509049
1589	-324.608694	-300.506129
3328	-324.549529	-296.492880
2115	-266.626759	-227.846367
1279	-377.837977	-182.407734
1111	-335.656557	29.406573
3689	-308.467642	-295.571133
3672	-309.689612	-298.712988
463	-309.715058	-298.822192
1113	-234.484521	-213.122302
3447	-270.389803	-240.753845
3897	-324.519277	-292.840101
1479	-309.677142	-296.651776
301	-324.570823	-305.126927
2136	-263.278851	-229.692412
1994	-383.983835	-375.777473
1973	-340.637231	-148.808143
3454	-376.600944	-20.766221
784	-377.848074	-183.336814
3968	-287.425634	-253.320243
3567	-309.693494	-295.537383
245	-340.656722	-144.313159
2540	-211.295796	-124.770266
197	-233.549368	-220.929734
1642	-344.345376	-155.903616
1452	-308.467331	-297.100857
2492	-396.477101	-364.536793
3324	-345.641848	-332.834484
1509	-345.612220	-330.167072
164	-340.675814	-145.510038
354	-285.174014	70.452350
1777	-265.408147	-189.372976
2023	-317.402836	-292.619052
856	-324.568212	-299.228371
3478	-343.296547	22.720585
3664	-269.219315	-189.693698
1442	-308.465594	-293.802062
81	-318.390876	-264.780745
333	-308.507517	-296.153441
3549	-323.437779	-259.783935
314	-233.255379	-192.638103
3000	-309.688191	-296.880766
2982	-325.722723	-316.528634
2402	-235.696227	-212.071546
162	-232.324966	-64.962066
177	-362.872710	-356.210067
456	-336.811524	-144.950260
1805	-344.380468	-144.813524
3617	-345.608658	-329.802051
1842	-362.894239	-357.895057
1695	-344.411060	-143.863133
1414	-377.797879	-182.070652
3007	-319.573727	-238.635017
3285	-247.192524	-181.285269
734	-233.242250	-200.342000
3368	-308.496367	-293.739577
2808	-340.646073	-148.757394
146	-377.813815	-180.167016
1912	-310.915653	-297.413723
36	-344.382282	-161.563733
1812	-307.275809	-114.197991
3283	-287.404397	-254.027136
151	-270.397623	-240.868317
419	-312.128001	-297.952265
3606	-310.906553	-297.539705
1639	-345.640072	-330.840385
3277	-354.254979	-341.487259
1837	-381.574917	-182.347694
1959	-324.603913	-283.733605
783	-273.806375	-255.440210
1911	-272.582516	-254.487877
77	-348.062001	-338.208791
1017	-308.419735	-295.850017
810	-269.144656	-210.244071
800	-324.611571	-301.557825
3854	-346.867382	-336.733199
2457	-382.757134	-365.356921
3850	-308.528193	-295.652281
3845	-344.454717	-150.509182
2090	-308.473428	-295.646890
2864	-340.658990	-141.418847
3658	-309.682445	-297.704496
2288	-345.612787	-331.324772
1968	-324.538807	-303.245359
3666	-309.735874	-298.399525
3296	-345.650105	-330.227090
2984	-362.935648	-356.945096
1877	-287.407788	-254.376390
2605	-346.869041	-337.359772
2675	-303.787203	-279.846308
2413	-345.604177	-331.259176
527	-324.629301	-298.843521
328	-310.911163	-297.302791
627	-359.304956	-314.071543
1277	-309.706892	-298.140021
2592	-308.486071	-296.863023
2365	-345.689766	-332.137633
2228	-308.518356	-294.142520
3908	-272.847530	-255.935038
888	-323.328290	-257.875961
1991	-285.282532	66.727871
206	-309.688611	-295.480551
2196	-338.559964	-291.410682
2694	-317.396153	-293.660808
2068	-308.471269	-294.512788
1319	-308.560759	-295.660703
2854	-325.810616	-316.194000
670	-324.618078	-303.562806
2763	-272.548325	-253.955903
2542	-326.951186	-314.590639
2017	-310.940345	-296.072243
3237	-303.553222	-111.198457
605	-456.103432	-441.048719
1866	-310.940708	-295.316267
2773	-325.684055	-315.722139
2785	-310.915445	-297.486492
733	-345.660927	-330.659448
2239	-346.823312	-337.639511
1940	-334.429558	-309.686539
1385	-309.679840	-298.122505
3264	-307.260972	-113.633035
2574	-273.812881	-255.120053
589	-340.604189	-149.427439
1303	-345.676156	-331.063565
1829	-382.804482	-365.055819
2133	-323.338627	-264.128903
1401	-307.265351	-111.469555
2801	-310.932716	-298.345305
1743	-346.856186	-338.768085
2937	-324.573883	-294.694945
939	-344.481802	-146.725453
3649	-343.292778	23.158082
2598	-308.508949	-295.731972
2240	-381.627040	-183.929076
1344	-341.767606	-326.360283
3113	-324.531139	-298.208433
1161	-308.513516	-296.960253
1488	-320.766344	-301.253073
3341	-291.021228	-274.887743
1495	-286.516879	-98.370627
1746	-396.470299	-359.668275
3744	-339.414779	24.122747
410	-325.835955	-316.689192
3516	-324.634527	-298.483535
689	-341.818686	-328.444272
3079	-270.401391	-244.737411
3082	-272.586248	-255.397533
3794	-317.361117	-294.835758
1325	-356.758284	-304.768866
43	-319.572842	-264.375642
708	-306.313133	-252.922439
3192	-313.554802	-288.905290
2159	-324.581067	-303.347861
3509	-288.685117	-274.259700
2836	-345.652670	-331.274686
2140	-325.715372	-316.685702
824	-310.952875	-297.880535
1523	-340.646229	-145.229675
3446	-306.044918	50.938497
3789	-273.762938	-254.171005
2746	-247.190194	-180.149776
374	-372.796889	-14.397320
2009	-273.812948	-256.069132
474	-281.476832	74.002033
586	-376.582598	-24.035294
422	-288.692943	-274.213289
154	-324.538764	-298.669571
3778	-309.700675	-295.161850
3065	-344.486202	-149.226988
2047	-286.246880	-215.126664
1703	-286.154755	-197.137755
2134	-344.433965	-149.396599
2061	-345.638357	-331.362876
3098	-345.658421	-329.878833
183	-362.962787	-357.015023
1326	-266.616319	-226.369096
729	-343.084333	-332.459381
1053	-340.610046	-139.823425
3519	-376.604739	-22.917134
2441	-310.909223	-297.166231
1364	-267.963366	-199.247157
3627	-323.347112	-264.545754
296	-345.688916	-330.427227
2707	-310.915408	-297.547281
537	-361.731930	-342.133687
3833	-324.559324	-300.965380
168	-325.810050	-316.464786
3437	-288.585212	-273.258709
3175	-309.649998	-298.542923
3934	-381.630276	-190.244450
2717	-309.726244	-298.928424
2026	-272.837907	-253.638572
1744	-288.535621	-273.222394
2256	-303.503801	-112.231812
3436	-361.762744	-333.947896
2225	-324.612179	-298.193817
2286	-309.728265	-298.208617
1875	-242.186010	-216.967627
2867	-361.734339	-337.216360
3680	-305.904722	-292.024000
2866	-344.431605	-139.602887
3643	-309.660190	-298.562850
63	-287.377993	-265.390627
2684	-310.940657	-296.752130
1121	-333.449362	-319.404224
2309	-272.583285	-255.290595
3734	-326.940196	-315.221441
674	-346.879260	-335.572435
3015	-359.362011	-315.722327
3905	-395.515911	-388.317354
3253	-281.476938	73.203111
304	-322.464725	44.157342
3758	-272.557350	-254.890533
2194	-273.757530	-255.432203
444	-340.665581	-146.071533
3382	-341.145624	-328.712502
2454	-288.578155	-273.626944
209	-308.493663	-296.951252
3306	-361.650084	-337.544917
114	-361.772743	-338.689990
1418	-325.725274	-316.266669
3168	-323.614890	-124.636537
3068	-306.015194	48.606648
2710	-361.773017	-344.300237
573	-286.504534	-95.035346
3254	-287.469473	-249.796277
1006	-336.843788	-143.851433
2326	-320.768781	-299.890335
3133	-356.679691	-308.272804
955	-345.632414	-332.651724
701	-265.396194	-180.086427
577	-343.087962	-332.947054
9	-344.468531	-152.344890
1847	-325.753767	-316.254368
3058	-247.214450	-176.209832
3488	-340.672417	-145.376053
1362	-249.387499	-74.048325
1708	-324.502429	-297.516701
654	-309.727166	-295.504355
277	-302.288351	59.256320
1753	-375.351387	-354.806902
1918	-319.573117	-266.420262
3117	-346.824942	-336.000582
201	-308.561649	-296.197330
3250	-360.517106	-307.201453
2035	-249.294409	-71.619913
1903	-309.678054	-296.896893
1826	-285.242094	70.319103
136	-343.240623	22.997973
1598	-308.471397	-295.280433
3186	-346.829695	-339.045790
1820	-324.522751	-301.753639
590	-346.857871	-338.907069
2652	-317.377404	-293.420621
1944	-325.796840	-314.927903
3765	-453.654335	-437.401832
2502	-309.685960	-298.575227
909	-325.789320	-317.249019
3021	-360.495540	-314.384321
721	-185.648533	-234.778697
111	-344.470970	-149.701885
663	-323.347275	-248.391158
3293	-360.535142	-303.855661
3573	-325.730390	-315.758483
2069	-346.855971	-337.396316
1499	-320.779994	-300.301564
1082	-310.901659	-298.062517
3440	-322.135917	-271.238792
67	-172.006141	-120.539876
3040	-360.506446	-321.516595
838	-361.709679	-342.432740
1332	-209.144909	-167.913811
2037	-345.620113	-330.312633
1554	-320.728167	-292.836739
3923	-309.737951	-296.324985
2042	-232.364952	-62.020147
961	-326.950279	-314.643297
1254	-325.753541	-317.113551
3374	-324.551244	-303.553972
963	-345.645239	-330.200913
3655	-287.379629	-265.053032
3349	-207.916786	-168.797484
246	-313.537245	-289.631383
2583	-346.859078	-337.186900
2923	-325.801905	-316.193567
514	-309.685045	-298.644970
1779	-288.583563	-273.697380
1729	-361.740062	-346.447447
3185	-348.053386	-337.183503
247	-304.688358	-290.726459
2759	-393.905418	-349.865972
2218	-325.756157	-316.817224
2757	-346.855643	-337.358582
604	-320.777491	-297.273528
1845	-302.309526	50.589059
3534	-320.785748	-297.013388
1237	-360.542541	-309.675721
8	-272.545439	-254.843444
1416	-308.514570	-296.817343
1549	-340.689515	-143.771085
2060	-362.945811	-357.416806
1458	-288.648179	-274.276083
1511	-271.315027	-255.480582
1661	-322.148261	-264.185949
88	-345.655534	-331.606347
1192	-326.947461	-314.657585
3151	-362.873906	-356.771567
485	-250.585183	-235.810590
3892	-271.608843	-257.194119
2437	-356.692640	-310.706098
3459	-346.831382	-335.517205
2015	-308.518276	-293.671887
1282	-346.860539	-336.719684
3166	-326.949535	-314.919945
503	-355.514134	-313.018292
1834	-381.615289	-182.453536
1507	-310.914024	-298.295513
55	-335.683118	28.813929
10	-344.512001	-147.644126
147	-345.615452	-331.371933
462	-234.474088	-212.206726
3298	-345.599182	-330.701606
3103	-340.631134	-138.605115
455	-340.664551	-148.065945
1270	-307.571937	-269.189013
2510	-325.797299	-316.307107
722	-310.935212	-298.304456
2994	-345.597078	-330.496369
1044	-304.687053	-290.065813
1745	-264.171923	-194.596859
1040	-268.307873	85.091269
2105	-335.635972	27.745422
523	-345.565792	-329.663086
3170	-271.626697	-256.263541
320	-232.333410	-60.318424
1786	-325.785038	-315.470962
2938	-346.875201	-336.486941
3677	-307.571921	-280.077614
2831	-356.723059	-310.173234
1535	-324.463541	-302.089441
3160	-362.937857	-357.293756
2338	-268.888303	62.345884
616	-345.676243	-331.294222
3485	-324.614459	-302.181829
1873	-346.842529	-337.333856
2786	-327.009009	-314.987992
2314	-345.658870	-331.268598
2160	-345.674929	-331.376129
1124	-271.651913	-257.102669
307	-302.239101	52.054513
3800	-346.862839	-339.086569
2518	-360.566272	-309.214221
2371	-307.253245	-124.988705
26	-301.359287	-249.850301
3376	-273.775510	-253.692952
3725	-309.710255	-298.468255
3614	-288.627505	-273.476557
941	-340.652570	-146.943092
3101	-360.503577	-312.275638
2856	-376.586976	-22.869010
254	-285.284456	69.541538
2155	-343.243883	15.258978
2381	-346.856604	-338.225598
2852	-274.986857	-255.838834
3262	-235.693825	-211.272600
56	-345.599154	-330.935460
3962	-341.865856	-326.764294
2611	-346.824672	-338.207138
1409	-285.282853	68.722428
3482	-281.480993	71.789990
3605	-372.755216	-17.869196
420	-362.950092	-356.877579
228	-346.859384	-336.431251
1935	-361.677841	-338.946878
1978	-281.485530	75.740581
2517	-308.462063	-295.179616
1844	-325.808754	-316.546989
3252	-340.610842	-141.002084
3933	-307.569255	-287.661739
1022	-310.902683	-297.577557
3513	-340.637067	-143.740377
2201	-452.728039	-439.140861
1884	-307.577822	-273.827029
730	-336.821088	-145.396344
3225	-362.875945	-356.200045
2790	-287.732329	-276.558839
480	-325.760797	-316.832967
3812	-271.623066	-256.832153
1396	-346.886411	-337.469610
1448	-372.747155	-18.252625
2745	-322.118085	-267.132887
2515	-323.341413	-260.440598
3220	-273.806349	-255.469822
1516	-249.358446	-74.961216
953	-392.650949	-357.829352
3621	-346.815715	-337.018125
3770	-272.544060	-256.267474
377	-360.527122	-314.559393
323	-309.647349	-297.603767
38	-309.736982	-296.763858
202	-226.160842	-189.929010
2732	-324.579850	-296.833321
2384	-281.469893	73.959372
30	-325.717105	-316.333696
3728	-234.474951	-212.015577
2586	-191.810916	-154.942305
1508	-308.462196	-295.013839
588	-309.684571	-296.732803
2283	-231.111403	91.250641
352	-288.557016	-273.476621
3719	-320.742924	-289.770524
690	-375.420808	-356.193668
1238	-360.499088	-314.726679
300	-324.602433	-299.180790
3700	-361.717469	-341.689219
1252	-301.395982	-246.884169
3315	-269.176979	-200.035529
944	-320.766684	-300.498501
1510	-322.425235	38.504467
3869	-324.525580	-295.461144
973	-325.790444	-315.874434
3273	-288.589678	-271.882884
1505	-308.487195	-295.656311
636	-382.818623	-364.756940
3480	-286.460642	-102.155986
3924	-270.393737	-244.161679
1927	-361.739999	-334.773465
361	-376.622353	-16.554144
862	-361.764434	-347.124291
3706	-345.687338	-330.453922
489	-356.745773	-305.438620
782	-361.678341	-339.646353
2561	-325.778234	-315.912299
2735	-309.690179	-294.904820
2595	-303.465315	-108.227078
2244	-414.351653	-413.336362
79	-324.605178	-294.223367
2541	-341.834413	-325.783888
241	-309.718177	-297.122280
2481	-324.614891	-297.338759
1198	-308.449457	-296.102708
3651	-303.463214	-116.105631
1115	-325.773014	-315.848427
2292	-343.246371	21.001290
1602	-318.339586	-260.077618
608	-309.688960	-298.039472
1183	-325.750970	-316.915529
347	-309.687405	-297.399413
1291	-285.276634	69.834011
1391	-323.317575	-267.570630
3302	-324.577047	-296.600368
1285	-346.860450	-337.501774
3847	-356.693135	-308.517419
1738	-273.759338	-254.584690
357	-307.245430	-107.692417
2543	-376.588479	-16.581099
2613	-338.214346	-313.288603
3709	-340.613243	-148.084826
1674	-360.499243	-306.994781
2608	-306.369631	-234.520564
2396	-307.546144	-279.477322
1849	-324.547957	-301.673286
1117	-345.566120	-329.885953
2045	-324.495988	-298.527223
2789	-340.629283	-146.243169
2958	-324.580268	-293.929011
902	-310.940195	-296.165745
1170	-310.895183	-296.662785
1553	-323.448965	-263.606085
3099	-324.530718	-288.829482
1542	-370.291993	-349.496583
1694	-273.743311	-255.923911
2635	-323.324700	-258.939025
2132	-377.826580	-181.285023
3674	-309.731169	-297.192554
2128	-308.504896	-295.369768
3487	-210.101789	-137.735911
133	-271.642927	-257.183178
2966	-308.428791	-296.753439
2668	-310.906004	-296.326944
1073	-233.249538	-189.011000
32	-287.509315	-254.831865
2465	-339.464024	25.775521
827	-303.556664	-110.433298
117	-211.295163	-117.051446
3921	-343.218379	22.094792
349	-309.687623	-298.034986
2843	-308.509454	-294.786717
3468	-345.710017	-332.323329
3391	-306.403144	-249.329800
3010	-361.720579	-339.145767
2415	-340.676441	-147.059557
2998	-246.027383	-218.518902
3477	-348.046236	-336.174074
1200	-346.908492	-337.465611
2345	-342.329232	-296.277834
1375	-345.645053	-331.616376
494	-345.611057	-330.568070
2770	-288.588657	-273.619064
3673	-309.691463	-296.744798
687	-346.841762	-338.263422
2888	-361.704536	-339.759232
122	-339.419649	21.010633
1933	-270.396100	-232.469025
74	-310.918822	-297.826544
330	-286.408473	-107.142226
341	-273.735711	-255.794643
2677	-309.684577	-297.260801
2297	-322.412936	42.707698
1305	-319.621560	-261.296777
336	-308.524858	-295.853394
1967	-288.573475	-273.702021
2258	-303.453218	-105.592626
1878	-346.819711	-337.743719
2569	-281.476967	70.661363
1763	-325.799404	-315.735270
2962	-309.686114	-297.800342
3320	-310.952127	-297.181710
269	-325.729080	-316.297005
1356	-271.372094	-257.597358
2782	-340.664407	-145.104416
3665	-323.329494	-267.901737
3742	-271.272557	-259.412631
1791	-272.554824	-255.412776
3977	-288.552886	-273.702979
876	-325.807685	-315.952289
2008	-336.802659	-147.547965
407	-287.508781	-258.440235
515	-287.727890	-276.283756
434	-338.195462	-315.288788
1081	-310.912796	-297.307713
2534	-362.960595	-357.323988
823	-361.732840	-345.202778
208	-270.399081	-236.311416
3554	-309.689751	-298.490129
260	-359.369049	-317.690199
653	-344.473681	-149.343937
118	-352.905052	-305.462128
1856	-321.958301	-310.259488
2755	-381.595252	-186.686116
2416	-344.406447	-150.485031
3366	-323.268818	-278.079381
3937	-361.713179	-335.833499
1337	-286.498779	-100.984389
2242	-362.870426	-357.273820
1102	-116.609549	-148.649988
3312	-323.647099	-125.447580
2006	-339.486095	26.709664
3504	-308.561061	-296.973039
3702	-362.951503	-357.232577
1587	-322.133444	-271.201613
2904	-302.545112	-225.406027
2713	-310.904631	-296.267520
2183	-339.459869	27.054132
2977	-310.909944	-297.659898
830	-320.767103	-295.725778
1687	-344.407598	-150.097010
2539	-321.276274	-297.935928
3523	-325.728070	-315.461974
2395	-297.523583	-243.121165
2323	-310.954565	-297.229009
4	-270.439280	-241.556163
1869	-269.207716	-187.337987
431	-361.712798	-338.336406
3134	-271.319942	-255.690306
2417	-336.838171	-143.385727
1235	-265.447270	-203.702195
2462	-325.752244	-316.561424
186	-340.606711	-138.449723
646	-323.641347	-126.358190
571	-339.423497	22.431268
219	-307.221351	-109.784091
1369	-392.662003	-358.043192
2695	-346.871133	-336.048799
2673	-345.652182	-329.986581
1069	-375.370023	-355.459810
1136	-271.296056	-256.400272
1632	-340.673967	-148.228439
2833	-248.375248	-178.463889
2637	-325.687098	-315.897078
1637	-343.503600	-280.525243
633	-325.759393	-316.418608
2245	-308.434866	-294.911853
2270	-355.497046	-312.517697
3748	-376.556657	-21.133316
3505	-274.983383	-254.709049
16	-273.806874	-254.928268
3817	-288.554600	-273.697679
3570	-272.514475	-255.902926
2324	-346.831385	-339.186479
2762	-306.370119	-241.894867
451	-362.932378	-357.366951
2150	-324.570860	-301.062739
3494	-324.573795	-296.116058
1907	-346.819476	-337.339158
3739	-324.566515	-303.653730
1208	-345.608535	-330.939165
618	-308.467888	-296.000270
2788	-345.596027	-330.627349
1799	-346.861635	-336.550417
623	-265.457424	-203.611083
2044	-373.173910	-382.365964
1811	-346.855968	-339.422745
3727	-285.317454	68.598520
2428	-309.682996	-295.402167
445	-319.610687	-261.601088
2243	-340.673964	-144.645620
1990	-281.482892	75.272058
1905	-231.145151	93.613160
2812	-381.619786	-183.142272
1021	-232.328175	-64.477920
1925	-309.677276	-296.693057
1707	-288.590006	-273.288567
2839	-362.930315	-357.814608
3860	-308.505267	-294.747982
3309	-274.989422	-255.795079
2050	-362.937518	-357.770491
1223	-324.586663	-304.176272
1546	-318.321510	-265.924505
218	-285.311823	70.935876
2890	-309.738198	-295.329378
2744	-288.573110	-273.415342
2255	-360.513163	-309.494263
1486	-380.373644	-27.223755
3423	-308.555641	-296.975609
680	-325.806369	-316.088995
1221	-344.436348	-148.536333
790	-341.836780	-328.543869
1972	-233.542445	-221.523717
3387	-309.727603	-296.007534
2043	-344.484341	-143.831303
3690	-346.829378	-336.206949
1653	-157.116735	-79.378516
3259	-359.368793	-317.732775
739	-309.678703	-295.474506
1057	-391.518453	-387.149597
2900	-272.554670	-254.332371
2274	-308.463553	-295.549852
2507	-291.014750	-274.268035
3404	-309.733988	-295.820836
1619	-340.600021	-145.418128
1317	-344.393241	-160.862389
2870	-289.872470	-272.651480
3080	-344.436248	-147.561547
1404	-346.883049	-336.960538
3918	-289.794194	-273.732623
1867	-324.583096	-294.043047
3992	-319.576017	-256.292910
2467	-325.805017	-316.690919
163	-319.624414	-265.035895
772	-381.599310	-183.618729
665	-288.571762	-273.657296
1268	-344.411146	-148.157293
2265	-360.469291	-313.068818
2298	-270.396464	-240.060037
2277	-383.973315	-376.731592
3797	-376.587519	-16.493723
2847	-307.566260	-282.774727
2729	-323.315925	-251.338962
2626	-305.900638	-291.025669
1438	-356.728392	-308.280678
591	-325.760915	-316.274662
2447	-323.330261	-263.589839
3031	-270.411205	-244.372653
3528	-233.262752	-188.739212
900	-288.561991	-273.481747
1196	-346.840727	-336.482419
3054	-269.129580	-213.349780
2584	-360.567154	-309.674318
1537	-309.692993	-297.466389
3521	-342.324182	-294.995763
237	-268.287661	82.860228
2200	-344.426799	-146.897872
3402	-234.522504	-212.455630
3460	-288.678290	-273.329924
1585	-360.545832	-290.508522
2724	-376.591176	-25.027773
635	-324.578381	-298.144644
542	-382.793238	-365.492878
1722	-362.946707	-356.961146
2141	-307.287454	-116.213218
1461	-346.899170	-339.359466
3377	-360.549337	-308.265159
1500	-345.609230	-329.942693
1669	-287.426878	-254.180528
3622	-304.726439	-293.253122
2796	-345.678871	-331.754643
3874	-323.344889	-260.475749
1725	-360.495137	-304.249850
1971	-362.906662	-357.290558
630	-273.762561	-255.788628
2944	-309.687280	-298.475255
2733	-310.940764	-297.111492
532	-344.369744	-158.871955
1126	-270.392715	-238.702554
3782	-262.035127	-242.746284
394	-344.385642	-148.209129
3738	-274.982053	-255.683725
2549	-375.410333	-356.018916
871	-309.680919	-298.644647
3326	-381.616196	-187.313374
1904	-304.752598	-293.311381
3692	-281.505078	72.944007
3676	-346.840522	-337.738572
2318	-348.039301	-336.908494
3902	-382.757521	-365.942318
1502	-340.679724	-148.454493
2091	-346.904050	-337.864184
3697	-312.119261	-297.010808
3135	-272.569212	-254.297725
3642	-324.565306	-301.553902
2052	-325.809179	-316.106720
1071	-360.495618	-304.620652
1665	-336.802871	-144.504063
731	-355.501990	-312.215509
2636	-306.112153	57.230363
1377	-325.768959	-316.572264
1330	-324.575010	-303.732858
1597	-336.805704	-144.236546
2968	-310.909942	-296.912256
1841	-325.788368	-315.487224
461	-273.773506	-253.734123
3343	-320.735225	-292.491322
1236	-155.897345	-70.291460
3181	-307.209274	-119.769512
2399	-308.430606	-296.773182
3629	-359.312853	-316.348477
2308	-324.460752	-305.640161
1106	-231.106310	90.074281
3047	-285.293918	69.511015
2432	-274.987245	-255.844997
203	-340.663148	-141.523191
1125	-285.292217	71.811380
3746	-309.736797	-296.379908
3983	-322.115604	-267.079685
1682	-269.215705	-207.568377
2905	-307.206439	-120.893054
2508	-324.574476	-301.486414
2976	-356.737615	-311.616979
1165	-309.706371	-296.444462
829	-310.909285	-297.391724
992	-377.811306	-178.789864
3452	-361.758902	-342.380665
2304	-286.431160	-106.049045
741	-344.434318	-153.104306
765	-317.447668	-292.890581
704	-235.696677	-211.728668
2902	-271.653205	-256.974251
2665	-348.031230	-337.688434
3539	-324.625415	-299.496965
305	-346.859213	-336.850346
3305	-310.955141	-296.694544
841	-361.736259	-341.076642
774	-395.551843	-388.802505
2599	-355.457663	-313.040903
1437	-376.547304	-25.358811
3071	-273.789182	-255.245269
139	-338.257996	-310.787683
1657	-338.273162	-314.160087
135	-301.341304	-248.175682
3045	-310.906568	-296.934254
1477	-303.462312	-114.355481
1283	-345.605635	-330.823126
509	-307.238995	-110.606347
3028	-346.861640	-336.882331
2501	-232.377706	-58.691508
372	-337.283890	-323.922462
3969	-324.609784	-301.814631
1640	-304.583737	-292.370627
676	-272.584377	-255.150590
3810	-372.726782	-16.811606
278	-397.667072	-349.732634
2799	-340.702898	-145.924732
572	-356.752533	-303.902302
3990	-303.459637	-116.513021
1048	-286.495416	-99.260716
1087	-324.508933	-306.093982
1571	-470.915515	-159.950579
1939	-242.205627	-216.916213
595	-340.652012	-143.707560
3555	-360.547370	-306.045927
2182	-340.610000	-138.804623
664	-335.632054	28.016216
3215	-320.793270	-295.232728
561	-264.226909	-200.311239
3187	-272.591906	-255.888931
416	-271.318448	-257.824987
1127	-345.659797	-332.238637
2031	-269.170061	-196.160420
1349	-286.542391	-96.981916
3804	-324.573632	-296.990057
2488	-363.508158	-322.689966
47	-247.225618	-181.003697
3303	-272.589883	-255.293527
2528	-308.467760	-295.024057
2916	-340.655601	-145.465681
1359	-229.927277	-191.719763
3591	-273.762889	-253.327085
761	-312.126820	-296.643895
3035	-344.404557	-143.173010
1363	-355.525451	-313.135199
2383	-324.593866	-301.162646
1819	-249.292101	-78.514681
551	-382.817123	-365.744736
3648	-324.631468	-299.254189
3339	-356.699649	-309.288123
2408	-356.708234	-290.690030
1286	-310.906869	-296.926410
57	-345.635513	-333.204174
2174	-324.606491	-296.138120
1948	-195.158734	-47.162907
1058	-324.585402	-303.009222
105	-309.727110	-298.316315
3154	-309.714008	-297.964124
2443	-288.547509	-272.178976
3743	-325.726182	-316.532837
1149	-325.796862	-316.662047
1839	-355.496901	-311.928798
1457	-288.573089	-273.510266
2564	-325.789398	-316.111840
2203	-310.911529	-297.344326
1840	-360.536972	-305.843244
266	-308.477155	-294.819881
3520	-325.752207	-316.891705
1490	-309.691591	-298.549893
