no_training:3000	no_test:993file identifier	 training data
1466	-340.657975
3060	-270.441145
2941	-340.635024
3640	-309.692577
3927	-323.326298
1336	-334.362330
3039	-341.851538
2678	-285.255563
1514	-320.781098
2953	-348.047609
312	-234.485640
2088	-362.871515
2286	-309.728265
1133	-308.517070
200	-345.625804
3693	-273.779498
3691	-352.852117
108	-345.614707
2518	-360.566272
3743	-325.726182
2055	-304.724717
309	-309.718312
3700	-361.717469
330	-286.408473
1500	-345.609230
2075	-345.606444
746	-273.802095
3520	-325.752207
1207	-324.584396
862	-361.764434
3828	-288.650589
976	-382.776658
3018	-345.638117
3850	-308.528193
2625	-291.021574
2124	-345.600825
729	-343.084333
3697	-312.119261
2423	-338.238743
1988	-312.124451
3119	-301.090914
1953	-308.457242
1847	-325.753767
2495	-307.596472
2576	-306.418503
2634	-326.927446
3874	-323.344889
2390	-270.097243
837	-360.512026
362	-289.871990
1149	-325.796862
3750	-346.838572
1753	-375.351387
3379	-273.761967
275	-344.442225
581	-287.683128
2731	-272.836211
1955	-339.498757
2094	-325.812885
3410	-271.316922
2060	-362.945811
3438	-312.132858
3512	-340.641866
3732	-320.774305
2937	-324.573883
3720	-308.561301
1433	-325.729800
1898	-360.497612
783	-273.806375
1552	-346.865957
1251	-322.482659
1776	-325.785476
6	-345.687671
3589	-324.543443
2829	-340.622886
2433	-324.552283
3358	-326.934987
3841	-371.541704
471	-324.532283
1655	-338.217210
1294	-345.612830
2730	-286.492223
3400	-289.799552
643	-345.663386
1290	-345.660459
2010	-323.385837
1613	-346.890723
998	-302.306196
1497	-251.731545
2080	-325.793131
3621	-346.815715
447	-271.627826
2958	-324.580268
1653	-157.116735
1714	-132.718150
253	-305.838224
1117	-345.566120
803	-325.789564
1494	-345.654016
971	-324.624537
3207	-355.520098
3780	-323.320574
3480	-286.460642
3394	-376.613178
1015	-344.454928
3499	-309.702237
153	-347.466594
1028	-360.421732
2255	-360.513163
1725	-360.495137
2136	-263.278851
3147	-338.530072
3141	-345.651109
2145	-346.844016
1261	-268.282665
2674	-342.352279
1959	-324.603913
1359	-229.927277
2406	-306.386594
3940	-308.464824
1247	-325.770105
127	-322.216227
3614	-288.627505
1769	-324.569009
2141	-307.287454
2041	-346.821470
2704	-320.786981
2140	-325.715372
2968	-310.909942
933	-270.430832
271	-361.759779
3355	-345.648365
2874	-309.725707
347	-309.687405
2535	-272.835594
3493	-232.333258
1244	-345.616998
2785	-310.915445
649	-340.685408
3772	-356.752251
3933	-307.569255
3840	-309.681264
1556	-340.659506
3089	-327.025329
2099	-288.573876
2592	-308.486071
1843	-362.899677
1943	-325.729335
1706	-382.777508
3521	-342.324182
3889	-360.533387
1206	-342.315546
3219	-339.428557
826	-248.137789
2512	-346.823548
2334	-472.135006
1829	-382.804482
3055	-285.313284
1431	-344.392695
3768	-227.338075
2311	-193.034988
3797	-376.587519
70	-346.874234
409	-306.383308
2370	-360.496984
2685	-344.426408
3144	-308.472241
355	-273.761263
3454	-376.600944
215	-356.645883
1434	-344.482088
433	-396.498209
1363	-355.525451
2801	-310.932716
787	-360.525379
3554	-309.689751
1762	-361.755551
1654	-360.518768
895	-356.728690
3885	-304.728655
3872	-340.691219
391	-345.584667
1083	-309.726295
418	-324.565412
154	-324.538764
785	-273.796695
1870	-309.686187
3301	-371.491061
2714	-398.878264
2626	-305.900638
711	-341.849127
684	-361.753989
1163	-397.709232
1744	-288.535621
2173	-304.678340
3233	-304.691526
2229	-319.560814
101	-324.507184
2074	-285.300440
3013	-346.883127
3282	-362.972786
67	-172.006141
2004	-346.839235
2096	-345.661705
3813	-340.620847
3344	-325.748658
2616	-272.542567
1347	-359.361259
2432	-274.987245
1983	-320.792773
601	-324.603558
3739	-324.566515
2488	-363.508158
1271	-310.902165
3182	-287.440436
2823	-309.730966
3619	-325.779372
403	-272.843742
1822	-344.395150
3015	-359.362011
2460	-345.631797
1074	-304.697680
3975	-309.693760
346	-307.586014
3734	-326.940196
129	-308.512092
1080	-288.570006
2993	-346.825502
268	-362.957295
2192	-307.232824
1900	-309.689410
1606	-308.462382
3504	-308.561061
1693	-234.474613
345	-309.704732
2536	-273.758980
1865	-345.609914
80	-392.672883
807	-340.681309
2790	-287.732329
1662	-377.834156
426	-362.933001
295	-320.770299
1368	-288.584029
1824	-336.855265
671	-310.897268
1630	-323.431776
1383	-344.398797
2923	-325.801905
46	-372.766726
3486	-437.484875
3733	-309.678068
1304	-356.679729
1560	-340.645686
2355	-336.816043
1003	-308.516378
1918	-319.573117
1235	-265.447270
248	-339.489875
1486	-380.373644
669	-377.780670
1027	-360.529992
3550	-341.825957
1273	-355.513035
1585	-360.545832
3636	-324.624318
2646	-325.800095
3230	-344.454591
3420	-306.358581
3402	-234.522504
866	-340.620625
3871	-346.859809
306	-307.335530
889	-272.539307
3964	-336.853985
2421	-249.395323
3298	-345.599182
1429	-288.579114
2487	-361.694757
1995	-362.946041
3149	-372.694726
2966	-308.428791
3001	-270.386138
831	-346.867207
3963	-271.323381
2191	-359.317050
2387	-391.391111
1638	-344.481904
3532	-344.464356
1190	-377.830859
2367	-361.723620
3447	-270.389803
859	-308.468407
3455	-270.401061
645	-308.540795
3553	-346.830674
12	-377.816587
2156	-346.827596
1338	-320.793141
3754	-324.570035
598	-193.088340
744	-249.332005
3156	-362.941094
412	-372.768039
3106	-273.735646
3561	-343.190300
1806	-324.610229
473	-346.828378
2253	-325.818163
165	-327.013034
1532	-309.731599
1390	-340.660793
1230	-323.396217
710	-340.625597
2539	-321.276274
223	-339.501781
2344	-305.915175
2150	-324.570860
2419	-287.353473
974	-303.468081
3075	-324.616343
23	-304.679494
1339	-285.316421
861	-360.488871
180	-360.505528
2234	-272.580839
3014	-269.263802
2972	-320.764992
272	-322.161948
1973	-340.637231
1391	-323.317575
1903	-309.678054
478	-119.052475
3356	-270.447268
3121	-344.419977
2570	-324.626187
3851	-326.998454
3475	-321.247305
3822	-309.665941
951	-307.548619
440	-307.226474
2509	-344.380267
1863	-381.631601
1568	-324.555249
3016	-309.730329
3483	-308.500974
10	-344.512001
65	-312.125621
1034	-356.732791
1335	-283.156647
641	-322.439472
2945	-307.281910
2372	-322.217569
2567	-320.795216
2079	-363.517297
1068	-308.470010
1964	-309.726463
453	-375.430225
2175	-324.545475
825	-340.536374
136	-343.240623
2415	-340.676441
1733	-322.169100
2455	-344.431301
3616	-225.221461
423	-304.694187
143	-302.355005
2208	-286.486509
1875	-242.186010
3072	-340.671263
644	-376.595314
968	-308.470667
2950	-360.498298
1839	-355.496901
2577	-381.600777
499	-340.611683
1701	-344.428649
1408	-379.527030
3225	-362.875945
2857	-362.899149
2598	-308.508949
2364	-360.507160
3228	-381.648857
1528	-360.446475
3161	-309.678595
2292	-343.246371
2201	-452.728039
2087	-286.484121
2285	-340.578657
1809	-324.559733
1724	-381.594558
435	-306.309029
2740	-360.536920
1046	-271.618580
1076	-361.656187
2303	-309.719920
1533	-309.671865
2486	-307.239887
984	-248.443503
2426	-340.650391
1933	-270.396100
3718	-195.186772
618	-308.467888
724	-320.775720
1866	-310.940708
1208	-345.608535
1938	-341.826148
664	-335.632054
1229	-288.582662
1354	-382.790027
3492	-345.645245
3748	-376.556657
1784	-324.497693
2675	-303.787203
3092	-340.610697
2352	-288.589622
2876	-360.574465
3542	-344.409533
1381	-303.795699
1561	-325.749687
164	-340.675814
2354	-387.558484
615	-345.676743
929	-272.832690
1041	-371.504707
360	-346.890881
3887	-242.196351
1477	-303.462312
2844	-301.377995
3866	-341.882531
994	-323.428670
765	-317.447668
147	-345.615452
1664	-310.904974
1011	-310.942660
1025	-324.520219
3178	-345.605421
2907	-344.466563
3353	-324.514429
2855	-268.917900
3371	-286.517424
1657	-338.273162
2034	-345.586124
805	-309.658574
1637	-343.503600
3646	-305.130313
3654	-307.541973
2259	-361.734611
2089	-308.469081
2394	-355.446449
2385	-310.911571
516	-312.134532
2694	-317.396153
3185	-348.053386
2931	-361.729140
60	-382.768883
2547	-323.328581
2883	-308.757991
3466	-325.794624
214	-348.052027
2802	-325.804486
1141	-115.679136
3661	-287.358011
2836	-345.652670
227	-377.805829
1922	-248.132701
3645	-304.681903
3216	-344.380260
3664	-269.219315
2713	-310.904631
3719	-320.742924
2601	-333.464063
3381	-309.731402
2619	-326.939536
1495	-286.516879
564	-272.569586
1460	-309.684108
3783	-310.912792
3281	-309.716743
1226	-195.226072
419	-312.128001
1091	-309.678344
538	-324.494520
2146	-310.932540
1902	-324.615795
3509	-288.685117
82	-309.701458
2469	-270.392444
1785	-273.751900
2889	-341.871347
2789	-340.629283
2351	-304.614169
140	-309.676929
2538	-344.417597
2727	-271.330291
3116	-312.128429
1228	-345.640969
3214	-344.426062
210	-362.938898
2431	-309.684774
1021	-232.328175
2123	-327.010026
3712	-300.148891
3061	-392.552088
1026	-325.765414
2093	-324.473588
3032	-360.508895
133	-271.642927
2466	-325.785959
3002	-269.479234
3631	-303.560350
3397	-356.702115
1816	-344.357220
2595	-303.465315
1474	-340.654517
2516	-309.661518
1416	-308.514570
650	-193.034094
3897	-324.519277
1471	-346.857623
1400	-306.067385
1272	-308.486687
2437	-356.692640
3307	-318.647923
1981	-306.313924
1944	-325.796840
1201	-224.944660
1909	-345.630398
609	-377.817369
3680	-305.904722
3511	-324.552260
348	-196.432825
1152	-308.448572
161	-285.276468
2736	-310.922181
555	-361.677945
2586	-191.810916
3682	-291.017820
324	-307.534482
2651	-273.744309
199	-309.673895
3945	-304.737186
2664	-348.047695
867	-283.179781
2002	-286.504040
2794	-304.681399
1418	-325.725274
3491	-361.750275
1559	-380.372123
2135	-346.861074
2225	-324.612179
2520	-307.284294
303	-375.328197
3867	-356.726146
3366	-323.268818
735	-309.716570
808	-320.774349
343	-360.502305
2921	-310.904813
3896	-307.280331
2294	-341.831947
2064	-309.687401
1643	-310.910140
3628	-272.509064
959	-492.026657
3041	-345.692143
743	-309.719124
5	-351.628383
2033	-310.919833
114	-361.772743
317	-325.797397
1487	-345.665813
3698	-360.508088
728	-309.678404
2777	-336.817321
467	-273.793804
2200	-344.426799
2111	-348.048744
1113	-234.484521
2525	-324.569051
3737	-361.714817
1413	-247.214861
883	-340.647778
1565	-325.735821
2868	-270.407057
2782	-340.664407
675	-346.827397
3753	-271.652242
917	-323.320690
398	-345.636145
2164	-304.744503
1452	-308.467331
3563	-227.798785
3584	-281.484877
2847	-307.566260
2172	-308.472272
1173	-344.465017
660	-271.630416
0	-351.615495
1224	-308.420805
941	-340.652570
2059	-345.674176
3132	-309.670613
1830	-345.641862
456	-336.811524
3083	-381.591448
1217	-325.773675
156	-288.654408
3102	-310.903589
468	-322.150234
3206	-346.853173
1150	-308.551121
366	-324.576206
1980	-345.680616
1137	-271.622539
294	-308.506421
333	-308.507517
739	-309.678703
2078	-324.575989
21	-278.059333
1440	-270.441325
1442	-308.465594
377	-360.527122
2973	-324.604156
3694	-338.246643
2000	-309.736479
1191	-360.510716
2228	-308.518356
408	-208.863267
2624	-309.699280
3163	-319.610683
128	-303.785832
2994	-345.597078
751	-361.724921
2117	-346.839895
678	-308.506580
1204	-361.704371
1684	-320.783029
1880	-346.873992
2019	-340.659620
3568	-308.468418
3113	-324.531139
3264	-307.260972
3522	-309.691414
381	-341.835557
699	-307.243079
2243	-340.673964
703	-340.656580
3773	-345.602641
1852	-309.685790
1633	-247.201165
902	-310.940195
838	-361.709679
2422	-325.718957
73	-233.293627
3744	-339.414779
2478	-339.450173
2933	-360.538112
1187	-264.235803
2269	-308.452310
1541	-310.912991
916	-345.608831
3906	-309.685651
2158	-340.663379
3180	-323.669200
690	-375.420808
487	-307.223588
3721	-284.372483
3538	-271.350701
3345	-312.120708
1167	-309.729139
2368	-325.804686
3745	-310.912788
42	-376.564691
2854	-325.810616
1906	-324.613156
2803	-327.013853
72	-325.720699
209	-308.493663
3669	-285.267165
2644	-320.786990
2276	-309.679242
212	-324.605613
2833	-248.375248
3143	-286.432042
1203	-261.802956
1656	-323.352987
1040	-268.307873
2195	-289.873479
190	-354.290746
432	-344.390227
2533	-265.438520
854	-383.971058
817	-345.619715
2023	-317.402836
281	-322.479769
2475	-381.524347
1671	-309.708282
3289	-270.437636
3186	-346.829695
2989	-287.317913
2278	-345.650717
2061	-345.638357
904	-345.608456
1459	-306.320451
1505	-308.487195
1591	-249.397368
2062	-303.437471
1479	-309.677142
3938	-345.645388
3009	-307.265383
2693	-340.638326
3886	-270.388222
1065	-360.485823
1200	-346.908492
325	-345.637577
3955	-323.391458
2963	-287.651399
2982	-325.722723
3865	-362.899954
2591	-325.773278
2284	-359.298380
444	-340.665581
1439	-340.590431
522	-309.680641
3949	-359.301320
3558	-339.464817
3256	-153.459846
1327	-320.768458
1169	-346.819305
292	-308.517192
3508	-309.675176
3986	-355.516778
3543	-287.318584
311	-287.724713
3257	-308.472221
2851	-356.699504
2056	-325.729141
2102	-361.723581
897	-345.659998
2735	-309.690179
1834	-381.615289
243	-323.389193
1000	-339.452428
3079	-270.401391
1975	-341.829025
1436	-375.359407
3852	-361.710525
374	-372.796889
2265	-360.469291
2223	-288.657055
2767	-340.635968
3309	-274.989422
853	-76.404702
1717	-345.603646
35	-343.197784
1175	-361.742598
3332	-376.610619
1984	-287.441165
3064	-326.983087
2413	-345.604177
2447	-323.330261
2699	-346.864540
1019	-327.016183
1647	-343.242553
1181	-323.657279
3702	-362.951503
3407	-343.517848
3814	-361.745554
2308	-324.460752
3678	-285.255880
3603	-326.952955
3218	-325.743746
567	-339.489014
2816	-310.905786
427	-382.798099
3110	-236.917458
907	-381.607752
3124	-308.562031
220	-276.205821
1689	-336.823026
692	-362.917261
2162	-340.613712
3931	-288.683173
3145	-324.570872
1402	-286.203815
906	-383.969892
1887	-361.696319
2291	-286.514923
2655	-235.723792
3277	-354.254979
104	-360.574432
2180	-340.665904
2128	-308.504896
1534	-340.632075
319	-352.845678
40	-344.338878
3930	-338.542975
1610	-196.406419
510	-234.491176
3536	-352.836930
3189	-324.510378
2402	-235.696227
2309	-272.583285
463	-309.715058
953	-392.650949
1679	-288.576381
3795	-310.908453
2507	-291.014750
2103	-346.834331
2853	-325.794835
3457	-324.559213
3135	-272.569212
1845	-302.309526
778	-324.573162
3665	-323.329494
234	-308.467880
3634	-340.646592
3031	-270.411205
720	-381.594735
3500	-323.345473
176	-308.554162
2039	-360.553317
1846	-344.370966
2448	-346.833271
3974	-323.433262
925	-307.567279
3516	-324.634527
1189	-287.322957
186	-340.606711
3098	-345.658421
2320	-362.876210
2219	-265.437885
2181	-340.656656
2768	-340.690205
1360	-362.941781
2545	-324.614082
2746	-247.190194
3764	-308.483519
3058	-247.214450
68	-286.519735
3057	-301.381127
2647	-262.017735
240	-286.517094
3862	-271.646263
2574	-273.812881
3034	-360.418556
3713	-325.748400
3128	-341.867138
2456	-345.610758
3823	-303.527274
425	-289.769718
2522	-307.545457
387	-268.248806
647	-338.268974
1680	-377.842223
3473	-360.527434
3037	-288.567911
1602	-318.339586
480	-325.760797
1488	-320.766344
297	-325.833945
3799	-291.018995
1443	-346.867442
3212	-360.575745
3604	-273.812100
1209	-392.612820
3273	-288.589678
1481	-376.634518
3151	-362.873906
2092	-288.572051
399	-304.735224
2310	-338.194242
2645	-362.923114
2288	-345.612787
3097	-309.716094
673	-345.680831
1521	-323.665247
3525	-340.662316
3349	-207.916786
1119	-304.733360
2925	-301.394865
2345	-342.329232
1170	-310.895183
775	-344.469204
2161	-361.735863
414	-192.762455
289	-321.949791
2416	-344.406447
198	-303.934323
2274	-308.463553
2214	-245.994065
3590	-340.660106
2787	-324.505365
3223	-341.794931
1093	-325.718074
3670	-286.248451
3465	-324.548021
24	-345.608180
2673	-345.652182
1265	-227.324775
187	-341.842120
2928	-324.540084
2544	-381.632480
813	-361.733052
2585	-249.269471
3987	-324.506120
3421	-324.571081
17	-345.612580
736	-325.799293
465	-266.553159
2582	-320.773768
2967	-305.841708
878	-308.466070
915	-304.734226
2005	-305.155985
2410	-361.673369
3714	-265.398572
2245	-308.434866
2153	-309.673226
832	-308.470270
2819	-360.551444
1171	-325.721867
863	-285.288405
1589	-324.608694
2873	-307.545713
3597	-360.539435
1341	-301.373831
332	-304.692914
2612	-345.627545
561	-264.226909
2371	-307.253245
1522	-324.485746
2268	-302.558547
2221	-308.512137
1962	-382.756724
3602	-361.683811
205	-269.465281
1677	-344.412416
3274	-196.407957
1800	-212.439286
3322	-272.536448
572	-356.752533
2639	-302.580808
2810	-273.763107
3776	-320.773105
2744	-288.573110
2434	-377.845502
3983	-322.115604
53	-285.330157
2300	-453.655583
3860	-308.505267
1122	-345.601318
1480	-324.584824
3210	-336.808333
3184	-308.439671
2205	-318.391203
1788	-345.646841
3172	-274.982310
2550	-271.628346
830	-320.767103
285	-249.362379
359	-346.832402
3472	-340.657197
3736	-355.517745
3319	-376.604793
3442	-381.635659
1269	-307.563525
2209	-382.781841
721	-185.648533
1172	-357.927353
1159	-325.779568
3501	-318.409788
2444	-318.641916
1082	-310.901659
1061	-343.531666
270	-372.752005
738	-324.592221
3970	-305.897998
1517	-359.342366
772	-381.599310
222	-412.548009
3855	-304.746925
2834	-325.699665
2198	-382.804255
280	-271.324234
2605	-346.869041
1614	-325.736331
1543	-323.360471
2872	-288.581144
1264	-324.536694
196	-341.759398
2176	-345.608670
3731	-310.913156
402	-312.124533
3787	-381.580675
1448	-372.747155
1766	-270.387395
1388	-250.583643
2827	-345.615042
3150	-310.942587
3470	-416.814878
2356	-323.346816
1176	-288.584832
2893	-274.985796
3269	-381.624381
2359	-360.468392
230	-271.617434
1743	-346.856186
2531	-157.115484
2716	-303.464433
1094	-304.696023
3779	-308.476903
1915	-361.705669
225	-346.842403
2775	-382.812383
2436	-308.473229
2035	-249.294409
192	-310.897684
2045	-324.495988
1736	-273.764207
2709	-345.632155
913	-352.855499
1886	-302.286171
3760	-280.314080
665	-288.571762
3441	-372.686714
1867	-324.583096
2788	-345.596027
1148	-284.062954
3556	-276.202384
791	-309.662433
1020	-303.566436
1991	-285.282532
3579	-356.677429
2215	-289.795079
640	-345.616264
896	-323.312767
1069	-375.370023
1723	-307.290176
2070	-114.483613
503	-355.514134
1478	-309.691634
1940	-334.429558
2760	-155.908941
760	-324.605411
2733	-310.940764
2629	-356.679047
88	-345.655534
250	-360.538828
3884	-323.333263
3276	-344.508729
1759	-305.906809
868	-312.124574
646	-323.641347
410	-325.835955
1268	-344.411146
3977	-288.552886
216	-307.283509
512	-346.861026
3334	-325.800680
776	-325.781815
2443	-288.547509
1249	-272.543724
3308	-381.582831
429	-288.570364
2628	-359.341296
2665	-348.031230
1607	-303.462115
1484	-273.817328
2667	-308.455402
2932	-285.320198
159	-273.773408
2743	-234.516409
1966	-302.558699
2258	-303.453218
3364	-305.057353
300	-324.602433
3564	-303.533472
310	-308.480308
1199	-377.813742
842	-360.514766
3825	-93.411888
2513	-345.631685
436	-360.521191
3045	-310.906568
2327	-381.624797
718	-392.601894
1925	-309.677276
2190	-324.574822
1810	-288.653294
3592	-323.367866
1594	-323.433551
1411	-327.023352
726	-346.870614
637	-360.557419
709	-286.134079
1917	-325.790782
173	-396.486463
2365	-345.689766
3159	-324.612512
1242	-308.508254
1032	-346.816694
1330	-324.575010
1781	-324.582445
1302	-339.445855
1130	-346.826923
1165	-309.706371
217	-271.648392
103	-291.024232
2940	-339.418028
1506	-339.437849
2575	-308.759090
1577	-355.468067
1644	-325.774769
1899	-308.478846
3203	-308.459279
742	-272.588370
1882	-273.764420
2754	-309.674575
3460	-288.678290
2263	-274.983122
3245	-327.024699
1773	-304.696646
2126	-270.399529
3377	-360.549337
1447	-469.758395
2934	-324.462733
2030	-273.804223
3946	-286.438084
3084	-325.781161
1384	-361.755719
2314	-345.658870
2916	-340.655601
1617	-355.508183
579	-281.480583
2799	-340.702898
1340	-271.616723
3537	-346.860694
3577	-361.716705
1014	-301.385442
1540	-285.217962
570	-275.012535
89	-249.259410
1221	-344.436348
3876	-304.574737
2588	-376.538277
2049	-344.463291
676	-272.584377
3427	-325.793904
1198	-308.449457
25	-309.712046
1774	-324.585556
3837	-343.468335
1616	-272.539058
235	-270.375081
2077	-309.736028
1510	-322.425235
2007	-308.499105
2821	-308.511516
2409	-324.595526
77	-348.062001
3310	-309.721850
3788	-361.725962
3258	-324.473847
2764	-195.179738
603	-346.867624
1295	-346.829652
552	-340.639366
3827	-270.435807
3222	-344.494043
1254	-325.753541
580	-360.537290
3341	-291.021228
168	-325.810050
3513	-340.637067
3932	-360.472117
3003	-325.798735
2783	-272.537685
2395	-297.523583
3122	-232.329070
2642	-324.578146
1658	-287.337578
1859	-324.577613
61	-308.462933
3770	-272.544060
845	-40.478930
123	-269.263476
2452	-344.424745
1549	-340.689515
1667	-323.323781
3105	-346.821661
1179	-343.195060
574	-271.665153
752	-324.557693
2806	-234.476081
3036	-310.907823
1642	-344.345376
1702	-251.727632
1582	-361.735290
3452	-361.758902
3411	-286.134060
1282	-346.860539
2026	-272.837907
1023	-309.663477
3320	-310.952127
2220	-272.538190
3187	-272.591906
395	-234.447743
2147	-382.781806
3094	-324.601619
1398	-234.469383
368	-345.595021
591	-325.760915
1325	-356.758284
1823	-340.656176
472	-273.761356
636	-382.818623
3569	-272.588302
3007	-319.573727
2845	-307.602080
2707	-310.915408
1358	-340.682075
3909	-310.945132
3848	-324.564634
2562	-375.357530
2052	-325.809179
553	-271.666055
1177	-325.808092
2980	-274.983908
338	-272.544500
1166	-324.576650
1289	-344.439723
3316	-264.261826
158	-308.540079
2924	-348.045292
2189	-325.762375
3557	-344.382663
2084	-361.708021
1519	-352.874613
1793	-325.725688
504	-356.680129
3417	-354.292460
962	-376.587043
233	-301.382062
3757	-281.482952
856	-324.568212
2237	-325.784144
1777	-265.408147
1554	-320.728167
2046	-286.493052
3487	-210.101789
822	-336.845442
1619	-340.600021
978	-324.545574
318	-310.954514
1210	-340.641282
1372	-381.574124
3539	-324.625415
1963	-325.761942
2517	-308.462063
3830	-346.817778
207	-285.281032
2902	-271.653205
928	-345.665412
3346	-318.327053
2178	-339.455981
882	-169.557758
13	-360.526646
1111	-335.656557
2571	-309.686348
2670	-326.934805
1651	-273.809498
3046	-322.057728
1692	-362.862736
593	-303.525517
3641	-360.485033
2560	-339.452794
1275	-310.936083
754	-361.718210
2620	-324.587670
3378	-325.831718
1070	-361.752301
267	-345.641113
1047	-346.836177
1276	-340.667317
2170	-274.987123
1713	-323.381747
3489	-308.508824
1045	-344.449852
2737	-322.442708
2346	-310.909551
2904	-302.545112
1086	-272.587059
3635	-308.475489
3832	-346.836423
1690	-339.426816
3958	-291.015785
3651	-303.463214
2462	-325.752244
3266	-287.736841
2892	-325.728271
668	-267.103350
1750	-287.645651
3913	-308.551230
3168	-323.614890
71	-346.864282
3125	-308.510840
3947	-382.782251
1681	-310.908780
496	-377.794221
3166	-326.949535
1916	-360.557411
1316	-361.652250
3717	-275.014300
2157	-309.686797
3655	-287.379629
900	-288.561991
476	-397.686127
987	-273.765811
1090	-272.500426
1628	-345.637174
106	-362.952198
2846	-273.780933
926	-345.680086
231	-346.860243
2786	-327.009009
2281	-345.643890
393	-323.334482
1546	-318.321510
39	-340.687222
1164	-340.611734
2510	-325.797299
337	-312.123120
3088	-308.459859
2261	-233.260156
256	-308.741915
1136	-271.296056
3878	-360.554015
1071	-360.495618
2230	-262.056533
1218	-287.431740
1764	-304.725676
2425	-322.435505
1737	-323.398064
1349	-286.542391
1099	-231.975652
1683	-346.829154
1612	-310.902795
1237	-360.542541
961	-326.950279
3762	-351.646368
3325	-341.836362
1986	-344.459234
86	-190.624631
2454	-288.578155
1828	-284.993731
2427	-339.474134
869	-327.026488
973	-325.790444
2717	-309.726244
3306	-361.650084
2861	-288.654312
2083	-322.434119
1297	-345.621773
1537	-309.692993
3439	-301.389192
2203	-310.911529
612	-397.697891
2690	-231.093096
518	-289.791234
2780	-272.545389
3005	-249.248680
2521	-361.728609
1563	-376.575382
513	-355.518342
1707	-288.590006
1352	-304.677606
911	-356.711832
2424	-273.764093
3177	-287.662612
1969	-360.529678
2839	-362.930315
1144	-264.255612
488	-346.861837
1143	-367.635675
1378	-346.867789
3220	-273.806349
3633	-380.412093
2590	-340.650928
554	-340.688787
1184	-286.506282
457	-380.372151
2097	-345.639692
2820	-308.557865
3254	-287.469473
3595	-345.600227
1379	-325.731549
1869	-269.207716
1571	-470.915515
167	-310.912077
3157	-335.619981
2116	-340.646768
937	-306.397642
3555	-360.547370
3696	-308.474441
3422	-340.663929
3123	-309.702150
1990	-281.482892
2483	-322.158791
597	-309.683901
3663	-344.446747
3042	-269.468415
3030	-324.500475
2066	-432.401755
1124	-271.651913
1748	-288.688929
836	-324.606601
2998	-246.027383
2119	-323.665987
901	-270.446915
2662	-345.635068
2695	-346.871133
3969	-324.609784
2404	-323.340989
2473	-324.497671
3026	-250.478855
1885	-345.647670
475	-304.691568
3576	-325.729906
3406	-286.459793
3451	-319.606765
2815	-324.570906
693	-234.520624
3791	-360.491959
2392	-272.551442
890	-344.458979
3425	-324.547564
2779	-381.606362
3468	-345.710017
3435	-361.728293
442	-356.712228
800	-324.611571
376	-309.732528
2171	-359.346839
1465	-382.796989
1691	-272.595294
3701	-248.211932
3928	-377.799358
3785	-348.045948
1151	-392.620909
2758	-309.696640
3528	-233.262752
490	-231.142581
2393	-324.608961
3249	-325.739818
537	-361.731930
1005	-273.786179
1134	-343.068226
1231	-324.569596
888	-323.328290
2879	-265.401151
3296	-345.650105
2555	-287.427764
963	-345.645239
576	-345.655968
2572	-360.495461
532	-344.369744
672	-345.661057
3624	-324.614194
43	-319.572842
3907	-291.017966
698	-274.985880
3856	-306.313590
970	-310.911364
1939	-242.205627
821	-307.566593
64	-362.945802
3139	-344.437158
3881	-357.951284
632	-361.705069
3934	-381.630276
2960	-271.360631
2048	-235.699029
3336	-308.477672
3582	-344.436500
2374	-285.279236
459	-348.056615
424	-309.717380
2698	-344.434438
2467	-325.805017
1997	-271.666841
3205	-341.842686
3348	-304.715963
3966	-376.570141
3638	-306.320806
2313	-312.122262
1795	-356.736238
2636	-306.112153
2659	-324.461004
535	-248.416462
305	-346.859213
2445	-324.576679
1050	-304.643392
2905	-307.206439
213	-249.281074
1889	-361.731388
585	-229.918003
1574	-245.997884
1976	-346.831692
2686	-340.697732
1732	-269.170665
656	-376.605347
2769	-376.563238
2338	-268.888303
1513	-306.368494
818	-387.475673
3338	-308.466631
2197	-309.684327
3333	-361.709769
3467	-308.494487
2036	-309.733888
3120	-309.689111
59	-248.430371
3372	-309.705858
930	-346.898838
2519	-323.585680
1031	-304.643927
2330	-287.681216
1820	-324.522751
3389	-309.689740
596	-325.754527
33	-264.504487
2830	-325.800699
1740	-376.599676
1652	-301.316399
1222	-325.805865
3967	-273.758273
946	-324.577279
1890	-371.608385
2211	-340.648620
287	-307.560718
2044	-373.173910
2098	-327.020807
1507	-310.914024
1493	-335.643923
32	-287.509315
3742	-271.272557
3133	-356.679691
696	-356.709466
1719	-232.050342
3580	-345.661657
1686	-288.648208
523	-345.565792
958	-302.599262
557	-312.122696
3681	-310.914919
2918	-271.326117
365	-361.740208
3908	-272.847530
1919	-407.364323
406	-359.295180
1106	-231.106310
401	-325.712603
2920	-326.952797
3091	-341.869641
2112	-304.729640
1835	-376.631067
777	-307.544712
2006	-339.486095
3437	-288.585212
1989	-287.426977
2239	-346.823312
3019	-301.357437
2623	-235.700285
1450	-273.757658
2277	-383.973315
2637	-325.687098
1485	-309.731369
2732	-324.579850
3024	-251.729571
228	-346.859384
146	-377.813815
2908	-271.620997
1293	-271.369084
2337	-324.588418
1250	-309.686189
2179	-361.698233
887	-361.720206
1974	-345.655745
1627	-301.363590
1942	-382.751274
2009	-273.812948
3988	-309.707600
1837	-381.574917
2315	-273.793520
2828	-232.030352
265	-236.916125
2384	-281.469893
1615	-287.344000
291	-304.683134
2671	-344.377098
296	-345.688916
2316	-306.361448
2814	-325.804528
891	-325.767721
1992	-325.723538
3775	-324.576188
3155	-376.605641
3864	-288.639421
2558	-472.145935
1854	-382.743932
1928	-326.927990
3208	-288.572843
2983	-346.833689
364	-117.824798
614	-383.982605
1464	-381.610550
3049	-324.610004
1712	-345.612640
2479	-271.622821
1318	-310.897519
3070	-281.491976
3935	-289.875063
1313	-324.502042
2238	-281.495234
2613	-338.214346
2377	-236.916033
1147	-304.755780
2001	-346.833365
2593	-321.252793
1808	-356.676972
2028	-346.821466
3924	-270.393737
621	-310.899323
947	-322.454079
1742	-288.583008
3109	-324.582824
2684	-310.940657
3062	-381.573048
3514	-340.654233
659	-326.976670
824	-310.952875
1438	-356.728392
3241	-319.515995
2129	-356.722498
914	-361.707841
151	-270.397623
1283	-345.605635
1722	-362.946707
2441	-310.909223
2341	-377.784360
1977	-312.131398
2144	-324.574829
466	-382.782183
2887	-345.641890
1142	-309.702591
99	-336.813559
1739	-303.454720
3419	-335.590859
1496	-268.248371
918	-310.917344
413	-301.369263
3052	-291.017787
2389	-361.728546
2457	-382.757134
1096	-309.689595
258	-371.546126
455	-340.664551
2086	-308.486338
1024	-302.535621
3939	-317.386479
1624	-340.670034
3200	-265.433051
1586	-272.837559
31	-359.310420
1245	-310.907810
497	-287.470402
428	-324.570042
1350	-343.076530
2884	-324.471313
1604	-347.456674
2378	-339.490841
3844	-308.450468
3989	-272.542369
3363	-345.658313
922	-272.844560
623	-265.457424
3085	-322.130736
3937	-361.713179
183	-362.962787
2658	-308.461040
2358	-322.169697
1146	-339.465889
1216	-308.465534
1423	-344.413850
3751	-339.491316
1127	-345.659797
1073	-233.249538
2888	-361.704536
1174	-345.614442
2981	-327.026688
384	-343.291812
3630	-287.660591
1033	-339.482903
1516	-249.358446
3686	-344.462681
2708	-308.512758
3740	-356.684693
2343	-325.781464
1366	-345.633122
2952	-308.511290
2687	-377.816463
352	-288.557016
3314	-305.846541
3115	-340.620294
3540	-321.236907
1518	-309.683200
3868	-360.526225
1920	-361.714679
411	-397.680771
2778	-325.711441
2154	-360.512793
3450	-382.824468
3667	-249.293044
3875	-309.655400
245	-340.656722
2622	-346.829131
2329	-324.557240
3357	-361.779217
3888	-323.359825
1236	-155.897345
110	-346.869123
1754	-269.221561
464	-324.485629
484	-351.639205
983	-341.851447
2082	-302.567313
1751	-339.469166
1238	-360.499088
3082	-272.586248
1811	-346.855968
2302	-492.008892
370	-356.698196
1155	-272.838189
3252	-340.610842
1064	-276.202311
939	-344.481802
3443	-346.866543
3140	-284.987905
3248	-322.477268
3405	-269.206920
1923	-287.427777
3081	-302.557878
195	-296.296482
2729	-323.315925
3368	-308.496367
3095	-339.431197
573	-286.504534
3925	-325.718488
3076	-247.198000
3134	-271.319942
935	-269.154939
761	-312.126820
3763	-344.416821
1016	-305.129953
2160	-345.674929
3510	-340.674744
2532	-301.405558
3572	-322.172641
194	-308.496245
3959	-305.831035
566	-303.472917
2793	-306.384286
1749	-302.579654
1157	-309.691584
592	-307.614861
3250	-360.517106
3236	-310.912270
683	-348.060054
3853	-271.336383
2632	-306.344083
798	-208.842347
3981	-249.257629
988	-341.827199
2899	-310.930659
1631	-345.642285
2715	-345.709596
556	-272.600604
1182	-304.738393
1583	-345.655509
2762	-306.370119
2523	-344.512144
1097	-325.784473
3386	-309.684862
2927	-324.500425
2753	-310.904304
1908	-286.508233
3565	-286.474509
1291	-285.276634
634	-154.960361
2057	-288.540318
142	-307.594137
247	-304.688358
949	-344.463502
1761	-376.622507
2388	-309.695742
1752	-296.265627
753	-361.710299
616	-345.676243
3413	-308.440890
2563	-247.215049
2609	-322.351046
2408	-356.708234
2750	-268.301176
3529	-341.843027
3286	-361.731914
1547	-335.613384
1072	-272.554773
3952	-269.175627
2165	-319.567241
3080	-344.436248
3432	-297.523580
2649	-381.581036
3247	-360.531175
2439	-324.485913
1970	-362.897428
1320	-340.656628
1059	-303.436180
2071	-246.029150
2514	-354.197108
820	-326.934229
843	-308.437835
3570	-272.514475
1901	-362.946498
3660	-288.651313
2838	-324.547436
1342	-361.712098
3824	-302.288055
2773	-325.684055
3618	-309.731536
764	-233.560626
1931	-310.900102
3611	-324.577560
3395	-248.436061
1044	-304.687053
3380	-345.606939
2719	-286.477365
2012	-382.788561
3506	-320.804155
3020	-287.430903
1523	-340.646229
2703	-309.722894
1125	-285.292217
2870	-289.872470
1576	-247.184334
571	-339.423497
2551	-325.792606
2114	-307.528446
3497	-392.627857
3073	-309.734862
51	-283.168740
956	-230.183076
2992	-343.202564
38	-309.736982
520	-309.720011
558	-344.464151
98	-303.553222
982	-307.235414
3027	-336.811099
3199	-273.811544
1897	-197.629387
3978	-282.861121
1066	-375.344926
3882	-194.261089
847	-324.608363
716	-325.758431
263	-341.853650
706	-303.481839
3029	-285.281493
1362	-249.387499
249	-306.347185
1298	-308.505512
2965	-344.689237
94	-362.955075
2726	-324.475651
1475	-362.957353
781	-362.918463
1101	-307.244627
1812	-307.275809
2321	-381.536295
1798	-312.126342
2246	-287.318502
16	-273.806874
420	-362.950092
936	-382.773457
3730	-291.017996
3012	-276.205920
2776	-313.573888
2090	-308.473428
3463	-304.735360
1905	-231.145151
2863	-287.423372
2739	-362.946034
2470	-309.688189
3293	-360.535142
2073	-345.600119
1310	-307.529289
812	-308.509197
1458	-288.648179
1779	-288.583563
1825	-271.656372
79	-324.605178
2317	-308.503515
315	-302.472397
152	-306.286325
3482	-281.480993
1220	-325.800532
905	-360.513668
2474	-357.944802
920	-281.489179
2104	-379.006904
757	-345.678211
3283	-287.404397
2877	-324.556404
356	-372.741729
1508	-308.462196
3444	-289.794376
97	-286.495035
2463	-288.576502
1123	-375.393636
1284	-320.761539
1036	-340.609236
118	-352.905052
438	-381.565482
3839	-231.155780
3010	-361.720579
674	-346.879260
986	-347.459586
1592	-271.616430
3863	-346.804974
2911	-289.871661
2184	-360.501473
653	-344.473681
3778	-309.700675
2689	-309.673807
2915	-344.371144
3490	-359.315205
771	-346.903261
1893	-344.385273
1639	-345.640072
3158	-269.271320
2482	-268.321270
1305	-319.621560
680	-325.806369
3329	-310.909123
2307	-346.859945
1799	-346.861635
1467	-345.613895
28	-324.630221
3596	-285.328258
2653	-361.749428
642	-234.476516
1832	-309.737802
3668	-309.700336
1196	-346.840727
630	-273.762561
1473	-340.678945
1548	-306.308471
7	-309.722879
3272	-173.147782
767	-346.861463
3188	-325.807242
2679	-312.130526
3578	-286.432515
1618	-345.629039
3833	-324.559324
2167	-309.681554
3707	-271.620156
1110	-325.781398
66	-337.302324
2798	-307.259167
2242	-362.870426
3431	-323.229212
1058	-324.585402
1672	-336.831068
2446	-361.740252
255	-309.672030
846	-270.434394
107	-307.580090
3677	-307.571921
3131	-303.560907
260	-359.369049
1659	-487.002792
1227	-322.155306
870	-345.646965
689	-341.818686
458	-340.699868
1581	-345.660520
3519	-376.604739
1463	-362.938449
3496	-302.303890
2597	-412.494644
450	-235.729507
849	-360.532987
3547	-324.582904
745	-344.464270
1550	-301.345683
1312	-381.612501
259	-309.735245
96	-375.359188
69	-265.441614
482	-272.599303
3782	-262.035127
3929	-321.233569
1367	-325.812267
3726	-382.754967
679	-340.668108
1608	-361.758032
827	-303.556664
1446	-319.575102
148	-345.629933
2549	-375.410333
1858	-343.238086
519	-309.687078
2168	-310.899911
3546	-233.219124
2652	-317.377404
1629	-272.526778
2499	-376.539208
2183	-339.459869
3838	-271.318933
1778	-305.036659
3069	-346.878430
1444	-304.691748
3793	-381.580932
91	-275.011437
1389	-272.510742
834	-346.828689
2991	-272.841336
1801	-301.335636
3043	-196.405320
3398	-304.686259
41	-345.649146
1987	-325.775071
3846	-318.393987
662	-341.843824
541	-325.714161
1640	-304.583737
3239	-361.708121
3608	-372.729173
1087	-324.508933
1813	-307.550360
34	-306.355655
1539	-382.755486
792	-310.898648
3142	-376.617653
3195	-274.982322
1279	-377.837977
3803	-287.351460
1914	-288.576123
3911	-345.639354
568	-303.458583
2995	-381.584942
1193	-324.550139
2792	-362.944759
2376	-346.840597
3103	-340.631134
2256	-303.503801
1365	-361.755045
540	-346.830523
1394	-396.500849
2272	-324.528642
166	-325.729970
2121	-324.619773
1569	-234.503085
3347	-286.510514
1156	-154.972731
1309	-287.723848
100	-361.702143
50	-357.934562
3629	-359.312853
1457	-288.573089
3197	-309.714859
3623	-341.892484
2101	-361.717364
218	-285.311823
599	-343.312201
1407	-235.694798
1700	-320.782427
1322	-271.619912
313	-361.721849
3873	-348.051405
1958	-340.595950
1727	-324.606977
44	-309.735489
3716	-361.720799
549	-372.785072
1849	-324.547957
1002	-287.689262
2142	-324.624987
237	-268.287661
105	-309.727110
3903	-340.636306
2069	-346.855971
3894	-322.469844
3385	-324.583090
1241	-345.608395
969	-325.797425
2682	-324.528297
1926	-273.773955
2430	-304.688809
658	-307.234503
3812	-271.623066
1296	-345.612257
3096	-338.175960
269	-325.729080
90	-327.017113
474	-281.476832
327	-324.607903
307	-302.239101
18	-309.719641
361	-376.622353
1022	-310.902683
3343	-320.735225
2241	-346.857051
1323	-289.811983
350	-320.793580
3610	-360.476593
3279	-356.732861
1056	-271.618179
382	-344.494711
1827	-343.492484
489	-356.745773
1904	-304.752598
713	-308.484017
443	-325.754109
1730	-345.663299
2458	-361.683558
375	-346.857432
3905	-395.515911
2301	-324.616647
2186	-320.782523
1558	-270.389386
1315	-288.533780
2118	-324.560961
2914	-270.422403
3078	-383.966179
517	-344.434827
560	-344.385047
3100	-361.716824
719	-309.693538
58	-304.683044
2635	-323.324700
1259	-288.590804
2143	-288.628466
3312	-323.647099
3086	-360.507527
3991	-372.765028
2822	-310.902197
1934	-341.769746
451	-362.932378
2037	-345.620113
2515	-323.341413
3477	-348.046236
1515	-360.502298
2396	-307.546144
1324	-270.399280
160	-309.685140
236	-325.758113
394	-344.385642
1960	-345.602645
3728	-234.474951
3173	-325.791830
1260	-270.417842
3972	-359.339915
1328	-376.531779
2095	-348.034975
3643	-309.660190
979	-309.713440
3950	-270.439135
702	-379.000257
1029	-325.751230
2942	-325.778444
2298	-270.396464
1553	-323.448965
2856	-376.586976
2951	-308.569129
648	-287.422111
3607	-325.801523
3445	-286.508374
3478	-343.296547
1721	-339.479764
2166	-343.239068
431	-361.712798
975	-357.171724
172	-282.667163
371	-380.374978
2978	-340.669862
1930	-341.835805
1483	-309.723988
562	-456.105229
1907	-346.819476
336	-308.524858
595	-340.652012
75	-381.566310
1430	-361.720960
117	-211.295163
1757	-285.313612
2109	-321.219665
1104	-287.315479
221	-310.917273
605	-456.103432
3727	-285.317454
3458	-345.693035
1399	-341.826906
1878	-346.819711
2603	-341.863083
2068	-308.471269
2468	-307.193849
2711	-322.460671
1300	-324.595031
323	-309.647349
1343	-310.895432
3598	-340.671493
2289	-325.766945
1188	-306.054267
3130	-270.427802
2615	-360.501085
3675	-360.534222
2244	-414.351653
1332	-209.144909
3918	-289.794194
331	-309.734363
1233	-265.440660
1780	-345.606551
1831	-323.386306
2366	-286.466852
1860	-308.507458
1687	-344.407598
1782	-308.555419
1635	-360.520081
2199	-377.815601
2804	-344.433943
2680	-340.664901
3169	-310.902849
1054	-323.427722
2481	-324.614891
502	-306.349558
3591	-273.762889
3890	-341.849730
3271	-454.878708
965	-323.329385
2641	-270.394309
2287	-310.905485
3235	-339.416290
1998	-324.536830
3111	-318.340705
3374	-324.551244
1551	-324.575851
3505	-274.983383
2542	-326.951186
2784	-273.803873
2559	-319.571638
1802	-361.715983
1100	-380.373569
995	-360.542928
1982	-345.609374
3552	-325.793166
2333	-338.234590
1545	-308.468255
1978	-281.485530
657	-270.392759
3288	-348.045786
3692	-281.505078
3146	-289.872162
93	-340.615011
2240	-381.627040
1996	-356.687774
3581	-319.540355
1745	-264.171923
3769	-304.586424
81	-318.390876
498	-273.791878
405	-273.804251
1162	-309.684472
2331	-308.516808
241	-309.718177
3808	-345.614760
2979	-320.767064
2305	-376.633716
1967	-288.573475
1088	-291.017433
858	-340.661797
3898	-356.700248
707	-381.585428
3313	-360.526364
446	-305.831164
1625	-320.776082
2954	-305.915530
3305	-310.955141
2565	-345.591597
45	-266.615452
1393	-271.647465
2380	-327.025010
734	-233.242250
508	-325.801512
1331	-310.941319
3758	-272.557350
613	-309.689486
2850	-288.580309
3194	-301.367422
3533	-232.036378
2692	-356.663387
942	-325.715957
3047	-285.293918
1767	-285.277900
308	-303.428586
157	-376.519880
335	-361.729115
873	-273.763068
378	-356.705084
677	-324.594116
3923	-309.737951
3612	-309.738513
3784	-344.450127
2938	-346.875201
989	-272.839582
697	-340.621200
2132	-377.826580
3585	-308.497008
733	-345.660927
2065	-340.537496
134	-308.516376
3461	-320.776316
3025	-324.573338
3170	-271.626697
1611	-348.044714
3360	-382.810709
2723	-324.554067
219	-307.221351
2493	-346.822460
3666	-309.735874
1833	-302.579718
2988	-310.923406
3642	-324.565306
2398	-319.533364
1851	-361.717868
815	-285.324641
700	-310.938181
2485	-392.676111
1132	-310.938583
1755	-304.686811
441	-380.414967
1588	-323.678800
1807	-344.469516
2137	-324.588239
2085	-309.695312
2959	-289.795007
1872	-272.566631
1153	-325.764669
3941	-231.108368
78	-270.472470
2566	-346.832253
1729	-361.740062
3237	-303.553222
3588	-272.549011
1004	-355.416555
1888	-276.201993
790	-341.836780
655	-325.771459
582	-325.833302
48	-304.689512
3625	-326.948771
2962	-309.686114
2283	-231.111403
1425	-288.648476
2987	-271.618137
3659	-340.683837
2552	-340.624424
1135	-310.903412
2797	-345.646914
3870	-345.605387
3059	-363.508158
3879	-339.483894
1879	-288.594527
2508	-324.574476
1792	-363.504227
3434	-360.560766
3902	-382.757521
2222	-340.678668
3440	-322.135917
511	-320.778636
1935	-361.677841
547	-360.540793
3311	-344.433172
1557	-322.456250
3649	-343.292778
1185	-324.558175
1789	-310.905299
855	-271.614051
416	-271.318448
2749	-340.645995
663	-323.347275
551	-382.817123
1371	-288.596392
909	-325.789320
2207	-301.330754
1377	-325.768959
1572	-322.170570
932	-361.764881
876	-325.807685
1818	-371.535911
238	-233.253760
1063	-265.440996
1819	-249.292101
809	-361.738091
1292	-323.652284
1787	-325.795649
1355	-361.727678
169	-309.688569
705	-362.953848
109	-158.340943
392	-345.637570
2618	-361.768020
2506	-307.526911
2021	-346.818246
2407	-377.829134
2349	-301.357553
495	-342.297848
2489	-250.583259
2528	-308.467760
2722	-344.423318
3609	-269.176442
1715	-286.486570
126	-274.991042
1255	-381.635881
1392	-353.321142
505	-338.531538
865	-304.728720
430	-307.543210
1453	-309.720334
651	-232.334436
1735	-320.791360
3409	-356.696744
885	-324.623780
2633	-324.627681
3829	-323.654114
2476	-346.865438
3229	-271.614305
1936	-360.564423
3747	-324.521162
3620	-359.351415
652	-345.620593
3724	-324.573480
3653	-309.763576
606	-343.235457
1855	-360.497728
3327	-348.059242
3960	-336.825944
1098	-356.649302
3562	-360.524672
3234	-287.349937
3800	-346.862839
948	-336.827390
2611	-346.824672
491	-287.737498
2202	-324.602888
2008	-336.802659
3415	-308.495275
1126	-270.392715
1838	-356.685238
74	-310.918822
1311	-288.545722
748	-324.572987
3674	-309.731169
3709	-340.613243
2759	-393.905418
3213	-339.438949
3331	-233.545899
1287	-355.515622
493	-336.819674
1593	-335.598739
2578	-324.576080
1168	-308.454820
386	-325.776001
2213	-287.433999
1376	-348.053064
3794	-317.361117
804	-248.395289
2417	-336.838171
3190	-232.325947
1603	-232.363630
122	-339.419649
2403	-326.955365
1726	-381.506605
839	-302.254301
1043	-324.605875
3167	-309.688639
1535	-324.463541
304	-322.464725
3023	-323.343769
1601	-345.646864
3738	-274.982053
880	-345.648463
2745	-322.118085
2296	-309.691365
95	-351.666551
3202	-310.908741
1397	-271.624640
3429	-274.987297
2999	-307.237456
2451	-359.328735
2375	-360.564233
3373	-271.613890
2382	-380.343633
774	-395.551843
934	-345.650323
2631	-380.316551
1008	-248.448467
2024	-306.349032
3290	-341.859618
3647	-325.794522
852	-361.731511
2249	-392.653825
1079	-287.347000
1468	-345.650338
251	-265.386781
2581	-234.469389
4	-270.439280
3567	-309.693494
3613	-308.483617
1708	-324.502429
3302	-324.577047
923	-322.135797
3240	-338.234966
695	-345.700085
3101	-360.503577
2657	-308.451299
353	-197.632222
3685	-381.602419
3387	-309.727603
1432	-324.522792
2110	-341.867094
2897	-346.825923
1734	-359.354596
3416	-320.770681
30	-325.717105
3759	-270.393902
1121	-333.449362
3246	-340.652252
2912	-346.883119
3263	-285.326726
3530	-309.739069
3809	-310.902628
784	-377.848074
2666	-303.423742
3476	-304.737418
1412	-242.195730
141	-287.734664
755	-324.568345
1682	-269.215705
2018	-286.492357
262	-345.647032
1010	-340.666160
529	-309.725786
1039	-360.575277
1999	-233.547877
2837	-325.730097
2260	-271.351786
796	-344.453746
2503	-345.653983
1634	-324.563073
191	-307.610450
2270	-355.497046
1728	-362.942862
3270	-273.788787
1646	-340.684749
3408	-287.661454
125	-228.992613
3507	-376.594067
2688	-284.964138
189	-322.167165
685	-320.029854
588	-309.684571
3626	-310.902465
2901	-318.323005
3835	-309.693085
261	-310.905322
841	-361.736259
2511	-250.500016
2472	-209.159302
2800	-287.478272
3242	-397.707881
2054	-302.588564
1645	-324.477059
2053	-320.769272
2505	-344.440744
3065	-344.486202
3725	-309.710255
116	-346.831175
3375	-324.594534
2961	-348.061993
2835	-362.925466
282	-325.714378
1053	-340.610046
2465	-339.464024
1385	-309.679840
569	-376.620836
3859	-308.499978
150	-309.732713
3774	-305.130184
2428	-309.682996
1489	-266.777425
342	-323.351196
1386	-362.967171
3917	-274.985822
740	-344.452972
981	-303.499320
15	-288.542593
3942	-287.507193
3464	-234.470922
2449	-341.841190
3160	-362.937857
545	-356.698773
1498	-340.654582
2350	-341.853951
2826	-308.764658
1502	-340.679724
358	-272.544323
3632	-340.612805
1346	-308.542644
3035	-344.404557
526	-344.430692
3087	-392.563319
1710	-361.726166
2420	-340.625366
462	-234.474088
389	-271.336957
3891	-346.821929
1107	-267.060326
3749	-249.363949
47	-247.225618
2781	-288.581699
2700	-304.687547
3559	-309.721434
3004	-288.652346
3077	-336.822591
3921	-343.218379
1308	-341.814212
2553	-302.545562
1067	-273.762417
3359	-325.733758
340	-273.789697
977	-285.160699
1952	-344.408452
3162	-324.546164
3418	-308.467120
1307	-303.460433
2561	-325.778234
3798	-310.941861
528	-288.538806
2761	-309.696507
2504	-325.805550
2943	-340.654874
628	-325.726991
3268	-324.562156
1239	-356.710448
3384	-357.949026
1317	-344.393241
246	-313.537245
2681	-308.466840
3951	-326.977685
2936	-324.504178
1482	-312.132386
3148	-324.567513
274	-272.539126
1950	-232.331230
1504	-360.489720
2896	-356.725069
3291	-362.911941
3648	-324.631468
3365	-396.458774
3484	-341.890999
2929	-345.638912
19	-309.720734
1873	-346.842529
2852	-274.986857
396	-372.782655
84	-345.610574
445	-319.610687
124	-271.621961
1716	-325.784331
1215	-335.566430
756	-325.798888
437	-309.705971
1115	-325.773014
872	-309.711438
2608	-306.369631
3583	-325.721011
3639	-345.680996
2328	-320.732586
704	-235.696677
2817	-340.641240
750	-344.384630
3658	-309.682445
2139	-381.581478
2677	-309.684577
1414	-377.797879
208	-270.399081
1636	-233.551389
226	-360.556344
1035	-284.385189
2193	-383.976576
3426	-307.387663
2813	-232.063900
1947	-303.533559
1670	-269.230258
2323	-310.954565
3790	-286.502445
3299	-325.725069
1694	-273.743311
3811	-274.982348
3657	-312.124380
2832	-250.585843
723	-361.717032
1883	-346.839066
1968	-324.538807
3706	-345.687338
810	-269.144656
3854	-346.867382
2906	-340.657508
1116	-356.691214
119	-327.012568
460	-360.488733
1971	-362.906662
36	-344.382282
2917	-267.068488
388	-340.594424
1103	-273.764642
1531	-345.640098
875	-376.554863
1661	-322.148261
257	-324.569867
3198	-288.680991
3315	-269.176979
3175	-309.649998
927	-340.676668
2648	-325.728744
3093	-334.424572
2040	-317.409527
2252	-382.779570
1674	-360.499243
2691	-308.505543
3328	-324.549529
3756	-326.943546
1409	-285.282853
1620	-270.431243
2955	-346.822341
1632	-340.673967
1937	-287.438379
997	-361.688335
3560	-286.463470
3126	-360.523204
780	-308.769557
174	-229.928448
940	-325.787515
3771	-309.655144
2589	-361.718361
2748	-321.271406
3448	-324.634377
115	-356.682218
1856	-321.958301
3845	-344.454717
3656	-310.918831
3261	-232.025930
1270	-307.571937
1042	-305.904676
1817	-339.459612
2091	-346.904050
881	-234.470813
363	-320.778723
379	-391.337881
372	-337.283890
3391	-306.403144
3900	-308.465445
1912	-310.915653
2841	-360.524422
1351	-309.733696
2340	-310.899612
1910	-326.978724
1555	-324.529724
2526	-340.601771
2869	-306.113519
3992	-319.576017
1526	-269.267574
1826	-285.242094
3056	-269.180682
766	-312.133805
3171	-345.599912
1731	-381.565314
494	-345.611057
1419	-344.350927
171	-361.745138
3209	-346.834502
2020	-272.514099
2543	-376.588479
577	-343.087962
2772	-343.232602
1821	-308.473320
2411	-193.075202
2971	-312.131841
884	-276.202586
1649	-346.868661
768	-193.039603
326	-236.917664
3971	-360.530885
2134	-344.433965
1301	-309.679190
1570	-325.783642
3342	-153.787612
2227	-356.712771
886	-304.728323
439	-288.690999
3324	-345.641848
990	-309.684377
2306	-287.354343
3196	-297.530335
3817	-288.554600
1012	-266.609146
544	-340.643340
145	-310.929561
2922	-352.890573
3518	-340.655390
3183	-345.642870
3063	-317.413890
1924	-340.591587
2710	-361.773017
3605	-372.755216
1469	-324.444698
608	-309.688960
912	-323.344400
1017	-308.419735
3318	-308.513124
3244	-323.320332
857	-245.711897
758	-307.574899
3601	-308.749822
277	-302.288351
3459	-346.831382
1075	-325.751822
1212	-304.733723
1675	-271.277972
2807	-269.176124
137	-287.440932
1815	-345.663783
1703	-286.154755
2974	-396.486691
3836	-346.833711
589	-340.604189
2373	-302.564379
731	-355.501990
2643	-372.711859
321	-324.604397
624	-312.119017
1566	-380.438011
1763	-325.799404
2282	-375.368783
688	-324.491475
2275	-312.122563
3883	-308.516508
1334	-273.765782
206	-309.688611
2381	-346.856604
1957	-206.721858
635	-324.578381
3099	-324.530718
2108	-267.944278
964	-291.014970
3297	-360.526636
789	-324.581906
972	-341.869909
3847	-356.693135
2891	-308.511094
2718	-382.782995
828	-361.684892
2304	-286.431160
899	-321.230055
1057	-391.518453
1848	-273.769835
1345	-376.540686
1697	-345.613396
9	-344.468531
708	-306.313133
3017	-271.339346
2131	-320.777849
188	-339.406341
2027	-376.585000
2650	-361.727711
1303	-345.676156
3796	-341.875439
85	-272.550580
144	-271.323089
691	-361.734668
2741	-297.520999
1509	-345.612220
3217	-306.392828
367	-360.491873
3028	-346.861640
3	-346.838279
3399	-307.229313
1299	-348.043466
298	-377.795528
2997	-380.371074
1451	-348.052763
1840	-360.536972
600	-268.859550
461	-273.773506
1663	-232.351764
3204	-306.313706
3495	-288.563768
1013	-271.300649
1180	-306.364186
3973	-356.659922
202	-226.160842
525	-273.812813
3224	-286.504546
2984	-362.935648
1326	-266.616319
1596	-492.022084
3231	-380.446861
2042	-232.364952
1705	-286.218259
181	-412.528245
2860	-345.600676
1051	-346.860404
3050	-303.940271
2946	-345.649552
3575	-309.736328
1018	-354.272548
3498	-381.585231
2498	-288.539500
3765	-453.654335
1536	-324.492974
2022	-344.425164
3673	-309.691463
2442	-345.636611
3688	-322.476720
1877	-287.407788
722	-310.935212
3033	-325.785262
3914	-325.805781
1421	-360.526142
1853	-359.314227
501	-345.630685
2944	-309.687280
3587	-322.421320
1946	-346.841836
3294	-340.693392
1306	-288.682324
3471	-416.384141
1262	-356.712023
1356	-271.372094
1462	-312.136049
27	-324.573866
3816	-272.830720
3181	-307.209274
1595	-309.686571
1380	-288.625728
794	-248.143861
2546	-248.018573
3006	-308.470648
924	-324.528533
2765	-381.546975
113	-360.478880
3573	-325.730390
1896	-326.971392
2280	-359.345792
177	-362.872710
741	-344.434318
2497	-325.763216
2	-324.551643
2013	-343.195410
3433	-308.465425
3262	-235.693825
2894	-309.717750
3627	-323.347112
3526	-249.285024
2290	-343.224836
132	-308.469258
3469	-356.686540
806	-308.768073
2930	-310.906738
1112	-287.644079
565	-356.730212
3044	-363.519194
1081	-310.912796
2412	-310.904086
1281	-308.457113
1544	-324.594826

file identifier 	 test data 	 predicted
1424	-212.438188	-308.965491
770	-381.612946	-348.798016
3127	-327.010419	-286.155007
1765	-285.335887	-343.861985
1797	-194.267232	-273.081729
3807	-361.706503	-351.236333
1666	-289.872246	-252.843944
404	-324.595399	-186.516271
1746	-396.470299	-98.407193
782	-361.678341	-198.339887
3011	-310.902708	-307.028353
2324	-346.831385	-325.331009
2825	-360.576433	-368.079929
421	-288.627624	-267.003230
3893	-341.097446	-524.772180
135	-301.341304	-122.314702
3600	-325.781571	-310.159775
2297	-322.412936	-280.148872
3689	-308.467642	-353.368782
1435	-193.963318	-289.729816
1037	-306.397746	-435.000484
966	-339.467091	-320.753578
286	-324.563745	-267.720312
3104	-310.941183	-289.007683
1876	-251.732828	-252.904699
2774	-310.910631	-287.527785
184	-322.436757	-277.507327
1956	-308.461475	-367.396620
2224	-307.568767	-252.351027
1844	-325.808754	-338.489062
1641	-340.647224	-253.738926
1001	-304.724431	-344.570603
1490	-309.691591	-301.045397
2557	-273.774103	-238.412582
3392	-361.774979	-523.566704
2299	-280.273691	-259.110608
3260	-345.595084	-299.454254
3916	-273.810780	-247.580898
1375	-345.645053	-327.819630
2471	-288.628801	-285.821885
2076	-274.982287	-264.206950
3708	-270.397474	-229.348764
2964	-362.945907	-410.965800
2638	-309.688194	-294.502456
2831	-356.723059	-357.882894
1864	-312.133063	-300.698412
3494	-324.573795	-46.354468
2187	-310.904927	-297.055155
2660	-307.582044	-317.426152
1874	-416.367317	-342.442706
1192	-326.947461	-283.992683
3326	-381.616196	-272.826260
1197	-308.462932	-323.971724
3781	-274.984614	-258.987826
3152	-335.591582	-379.170906
1741	-345.629842	-329.936660
2527	-297.554699	-116.685629
1428	-265.391486	-201.042230
1049	-323.336196	-251.445993
2312	-344.416076	-301.254792
3108	-361.653332	-363.956331
1161	-308.513516	-360.309476
732	-327.023478	-290.117672
607	-301.373496	-108.042259
1138	-308.444609	-319.327320
819	-276.204532	-272.822288
3424	-348.051118	-342.523637
3000	-309.688191	-306.280752
2011	-270.099401	-274.472830
3138	-345.651520	-371.177252
3976	-273.765901	-258.161621
2602	-345.645491	-324.720013
1194	-381.612648	-310.629695
3317	-269.177232	-342.274465
2266	-289.766576	-284.609146
2948	-382.790431	-306.811578
1234	-325.796704	-355.286503
3367	-269.216969	-415.436174
610	-324.629068	-207.851764
2461	-269.170508	-174.301856
2579	-273.765811	-248.443022
1357	-375.307060	-244.554317
3690	-346.829378	-353.868115
1048	-286.495416	-445.340649
3957	-307.291354	-352.503497
3118	-236.917873	-210.172759
452	-324.575287	-217.347848
666	-381.593528	-272.738263
860	-397.697425	-445.288987
1688	-324.567893	-258.626668
2606	-323.344105	-482.600353
1804	-324.542706	-259.092525
3810	-372.726782	-251.896157
2496	-326.954795	-304.383294
1913	-310.912131	-299.109616
3684	-362.958208	-375.274458
2233	-319.556235	-454.861747
1353	-359.297643	-107.245563
92	-301.343578	-116.632541
3676	-346.840522	-361.153482
2250	-339.462492	-310.827972
2886	-324.530742	-218.811473
2363	-324.610150	-163.681680
550	-319.568017	-292.355429
2996	-324.566568	-290.555587
2400	-345.592410	-376.952081
2751	-273.787799	-253.227156
244	-346.835129	-339.978038
954	-324.612244	-293.940338
1006	-336.843788	-266.008799
1511	-271.315027	-320.218941
1622	-346.869712	-327.072422
3382	-341.145624	-490.833561
2849	-355.442748	-102.406506
527	-324.629301	-314.509846
2438	-392.565188	-118.938170
1314	-324.460304	-225.393330
2890	-309.738198	-312.826328
3479	-265.289023	-6.828562
2580	-309.722373	-301.656396
2848	-339.419688	-335.582862
985	-320.770329	-334.072851
11	-356.688211	-308.840194
211	-357.939331	-373.280252
1278	-362.942040	-376.554176
3404	-309.733988	-313.751285
1277	-309.706892	-305.916562
617	-376.521083	-264.244964
3067	-271.304881	-287.704615
2262	-325.780603	-319.186716
449	-325.753993	-287.251379
620	-346.820834	-346.975745
944	-320.766684	-256.536668
1364	-267.963366	-155.433210
2734	-309.719592	-311.595339
155	-324.571682	-161.595458
397	-288.630839	-282.999599
2530	-345.673444	-266.198651
848	-309.744522	-315.035293
149	-380.415966	-247.316954
1248	-304.732336	-361.120115
3755	-341.874216	-353.931968
851	-270.117027	-433.062800
2293	-269.216495	-368.065194
2811	-326.944158	-297.664700
290	-348.056024	-340.870354
3287	-271.458576	-262.128375
622	-341.886905	-308.235545
2326	-320.768781	-232.040897
2319	-271.316064	-301.048925
1186	-359.296697	-103.985862
894	-338.247875	-327.651902
2185	-344.343476	-303.508553
2155	-343.243883	-302.055419
586	-376.582598	-269.705613
2491	-381.634033	-350.109764
3284	-343.290242	-308.273122
2540	-211.295796	-195.176075
531	-226.107205	-139.907903
2738	-324.555069	-369.807503
584	-309.681686	-300.143192
3255	-345.578846	-353.371797
2556	-321.958604	-354.098363
3548	-79.764152	49.335105
83	-344.434906	-339.063133
2957	-323.644468	-257.311595
3982	-324.592116	-272.647769
993	-317.364547	-275.515781
3040	-360.506446	-330.627618
2724	-376.591176	-292.007411
178	-188.042067	-130.293955
967	-372.742461	-306.852920
1476	-308.455419	-341.434649
469	-325.775843	-315.326564
1605	-345.703157	-301.043182
1158	-268.251114	-283.937343
1803	-270.394458	-257.555506
1285	-346.860450	-352.171159
2127	-308.519863	-301.027580
2188	-288.690060	-292.680328
611	-248.364357	-132.908584
1578	-233.217482	-419.943594
563	-345.644179	-334.000302
2640	-398.880824	-401.380620
1738	-273.759338	-265.669685
2808	-340.646073	-406.555712
316	-341.858490	-335.881632
3944	-381.563295	-211.021235
3711	-303.469034	-353.695218
1095	-324.603415	-205.371396
299	-195.196751	-400.519259
8	-272.545439	-268.866122
3176	-432.852890	-141.627658
3403	-339.424322	-383.119134
2149	-341.878745	-333.463146
2218	-325.756157	-279.356160
54	-195.186228	-433.413121
1573	-233.255259	-375.260720
2569	-281.476967	-354.210109
3267	-320.776472	-305.100999
2206	-312.126404	-303.813391
602	-275.010289	-255.788952
479	-77.308427	-318.038431
1783	-320.761312	-355.683746
701	-265.396194	-176.772769
1415	-338.156727	-295.663411
2864	-340.658990	-306.969632
952	-325.717725	-308.951177
548	-233.555951	-211.136639
542	-382.793238	-381.497217
1771	-287.657053	-227.412661
2032	-287.663174	-279.777881
801	-273.763117	-257.288540
454	-265.283843	-11.129880
3895	-325.808333	-329.886514
2697	-360.495788	-413.031757
802	-359.306313	-111.609278
3943	-376.602183	-229.881928
131	-345.603479	-391.183015
434	-338.195462	-342.915238
264	-339.450073	-382.428750
3545	-310.915918	-284.583001
3869	-324.525580	-344.247202
1427	-340.646339	-283.188452
2038	-348.056093	-324.135542
1512	-346.839595	-351.534787
1520	-309.728493	-306.072783
687	-346.841762	-337.107010
3330	-323.360126	-312.542545
3920	-319.574905	-208.409061
816	-356.748545	-366.942230
3574	-398.876124	-513.571709
3369	-158.342346	-162.334668
1895	-324.551432	-268.328393
1527	-271.621836	-262.262154
1154	-310.937644	-303.876782
3910	-309.703111	-317.072510
1108	-341.839596	-338.924786
877	-359.317823	-113.119427
769	-271.361537	-295.788961
278	-397.667072	-400.954323
3112	-327.021680	-306.225005
1370	-242.180146	-262.119109
349	-309.687623	-294.147518
921	-325.682121	-304.458790
3179	-270.408713	-209.958450
422	-288.692943	-297.357640
583	-285.016369	-162.348019
1253	-312.126356	-305.434857
2271	-310.916474	-285.325436
500	-308.452306	-309.781536
2217	-344.408081	-255.863469
3746	-309.736797	-305.106491
1420	-286.516174	-205.040664
3191	-284.360325	-103.370024
3953	-325.792503	-359.361568
3137	-272.533448	-264.139856
1587	-322.133444	-128.975414
1972	-233.542445	-208.957795
1114	-302.353948	-381.593799
814	-308.509272	-350.139384
3818	-308.470796	-262.742761
120	-323.345161	-444.964601
2204	-310.904876	-306.193124
2728	-304.742823	-316.820982
530	-360.503506	-254.070832
1492	-310.927319	-309.476551
2251	-430.448052	-360.842563
3527	-309.716030	-293.337059
3877	-340.623773	-249.078832
763	-308.429953	-345.633001
2866	-344.431605	-330.317005
725	-325.725266	-322.503009
879	-303.556846	-234.188942
3280	-344.483775	-224.908237
2791	-194.254127	-152.650896
2257	-307.238509	-413.635604
2990	-376.661483	-200.664452
2152	-308.540101	-308.567003
1857	-307.540766	-142.203968
3650	-382.756764	-422.247967
2177	-346.868453	-326.096306
3715	-381.567301	-308.647549
575	-272.582834	-246.119815
3962	-341.865856	-383.191018
3021	-360.495540	-420.061211
2756	-153.742562	-72.882967
1030	-309.683546	-313.541553
3551	-345.646761	-329.279910
2414	-382.803358	-250.914284
749	-249.280474	-180.746415
908	-310.911406	-304.621931
2587	-376.609234	-293.512103
3370	-396.486664	-112.029480
3136	-340.660061	-317.329312
1257	-346.855622	-333.161580
3915	-309.687698	-299.764188
2524	-392.642251	-138.491045
1871	-306.406578	-197.275387
2174	-324.606491	-229.061013
1263	-345.642008	-363.535158
2182	-340.610000	-287.038928
3652	-361.720088	-320.496653
1786	-325.785038	-370.274501
2630	-282.871678	-213.929633
407	-287.508781	-83.367505
2910	-307.536915	-218.337160
1286	-310.906869	-292.638376
3861	-234.486176	-285.868458
1590	-344.415609	-297.861082
3523	-325.728070	-354.880087
3936	-326.951067	-309.284303
1567	-356.714706	-365.461985
2464	-297.555801	-115.873329
1422	-361.728608	-274.203355
3423	-308.555641	-327.114371
3517	-396.475511	-97.733208
1881	-361.772040	-329.236510
2231	-346.825174	-344.520811
3515	-346.852204	-352.576111
2859	-362.909074	-375.652585
2105	-335.635972	-382.650651
2159	-324.581067	-188.826941
2014	-371.537915	-310.745592
762	-346.863396	-339.760086
3599	-308.482454	-323.267412
2122	-348.040439	-344.460786
943	-303.497783	-227.247279
999	-308.512721	-341.109860
1538	-348.050463	-345.502204
1183	-325.750970	-321.404606
3340	-229.879598	-144.823282
3090	-287.362939	-243.890178
1564	-288.555332	-242.029546
712	-294.081616	-718.689378
2970	-339.501361	-369.312788
1669	-287.426878	-270.701547
229	-361.648305	-371.768967
2247	-348.046805	-337.327136
1140	-304.683966	-335.861228
341	-273.735711	-251.257843
2151	-289.802108	-267.883997
3815	-288.574763	-311.033979
2357	-325.754267	-323.882571
823	-361.732840	-322.827857
1529	-354.275774	-510.963783
1542	-370.291993	-317.940200
2796	-345.678871	-348.653583
1437	-376.547304	-302.106278
773	-309.674485	-281.243611
1382	-360.492675	-307.912593
2502	-309.685960	-299.480601
543	-310.937295	-294.048999
2669	-309.763785	-291.425884
2115	-266.626759	-251.979671
3215	-320.793270	-330.420037
2043	-344.484341	-260.337816
3766	-344.436564	-179.279330
3549	-323.437779	-118.035114
139	-338.257996	-319.782225
3801	-310.937414	-303.421620
2025	-249.363808	-359.403928
3979	-345.651111	-401.700904
1525	-345.608193	-365.206130
1195	-285.287913	-360.189915
2818	-335.618370	-382.322006
3453	-321.254976	-283.987885
130	-274.988525	-260.098286
3687	-325.793945	-296.177675
1337	-286.498779	-379.828112
938	-331.411639	-204.285834
2360	-340.636727	-296.449986
1503	-327.014214	-290.861791
111	-344.470970	-331.351177
3806	-309.676410	-306.664815
2824	-304.720708	-341.666414
485	-250.585183	-230.424155
2865	-342.307696	-79.570652
2318	-348.039301	-346.277491
2459	-273.761223	-274.539309
1092	-360.552974	-457.286101
1084	-309.711894	-296.529191
2949	-346.838702	-356.934328
3948	-340.614465	-291.668207
747	-359.350089	-99.068073
2072	-344.431636	-264.172549
631	-371.449232	-311.848185
3679	-320.794248	-256.537276
2194	-273.757530	-257.487509
302	-340.632285	-286.813739
3351	-285.306999	-332.145522
1711	-345.611239	-330.948968
992	-377.811306	-348.127881
1373	-324.557383	-243.630413
2047	-286.246880	-41.132606
1403	-308.462299	-366.735953
797	-278.075775	-186.936512
29	-344.425700	-281.036348
3285	-247.192524	-186.462998
2871	-308.460407	-351.989948
2947	-355.510313	-104.402413
1862	-319.615129	-238.322084
1790	-345.664882	-360.865677
903	-309.685872	-285.752415
492	-305.904760	-299.197100
3337	-286.438448	-320.191559
162	-232.324966	-457.631758
3990	-303.459637	-396.096400
477	-265.399968	-236.635057
1491	-344.421383	-344.406992
1321	-234.472577	-221.745915
539	-341.886521	-386.793824
893	-232.317400	-303.139861
1760	-326.940002	-285.836416
87	-490.834069	-250.882164
1062	-324.496997	-135.292083
1426	-381.607770	-309.689957
3071	-273.789182	-268.732917
3412	-335.628480	-394.269107
1461	-346.899170	-325.589546
2169	-356.733974	-339.032310
1333	-270.359564	-383.213291
795	-246.023231	-289.354793
2843	-308.509454	-350.124982
1911	-272.582516	-261.446561
2050	-362.937518	-337.694895
1932	-310.911279	-285.162038
594	-325.809558	-350.235309
892	-288.621895	-259.604427
1892	-382.805933	-357.661283
874	-271.611192	-257.608542
2747	-301.332569	-118.617406
2604	-304.743934	-315.226246
2063	-344.402806	-256.435933
759	-398.888473	-595.564799
1626	-345.619567	-342.311588
1118	-306.032266	-378.268883
2163	-324.503356	-280.819376
1131	-324.580815	-283.137182
3243	-377.816466	-374.471913
3153	-340.622406	-300.134279
1623	-229.615446	-244.572778
524	-308.507004	-293.321743
871	-309.680919	-294.373800
559	-362.935404	-410.803757
3968	-287.425634	-222.652149
3586	-287.506415	-137.684906
3323	-232.335768	-212.858950
1258	-344.472090	-257.277232
112	-340.648166	-342.857416
288	-355.557059	-102.755869
417	-344.440065	-244.602702
1648	-345.660642	-315.042776
3396	-273.815873	-245.667769
2913	-361.630982	-247.845813
2267	-291.016020	-276.249153
2725	-269.218553	-316.500912
2138	-340.684371	-240.405722
1232	-336.811744	-267.985403
2621	-305.145002	-101.725044
2554	-345.649886	-315.164070
138	-362.875317	-364.293899
2919	-340.635773	-323.005010
1951	-317.408548	-238.867223
786	-307.544728	-334.742808
1949	-340.674935	-349.006444
1891	-323.382399	-248.957717
1441	-303.469082	-405.737877
1417	-381.586740	-259.726864
2840	-284.048718	-272.202938
3820	-340.655117	-285.734611
3054	-269.129580	-42.661628
2379	-361.769162	-380.795257
224	-324.628594	-304.479289
1836	-268.273739	-236.029114
2903	-308.505951	-309.118899
2003	-324.579943	-355.542015
185	-361.726913	-147.874832
3211	-310.908555	-306.402874
2236	-235.698987	-192.401454
1128	-361.695007	-319.790252
2878	-285.336744	-333.509229
793	-326.950540	-308.386052
22	-324.575190	-141.057325
991	-345.602096	-372.009910
639	-270.405973	-261.641300
1055	-345.681183	-307.775576
833	-325.761605	-331.301428
2573	-307.303421	-306.086689
1954	-226.144377	-167.712066
2742	-348.048844	-337.713471
1109	-333.411326	-466.048388
2029	-380.417684	-285.704064
3114	-309.692389	-315.383860
619	-325.787161	-344.409975
1406	-375.394844	-328.509355
2383	-324.593866	-353.368812
3710	-308.565933	-392.756835
3524	-308.455477	-330.312524
2805	-272.587161	-256.642402
2564	-325.789398	-356.666983
1929	-324.551800	-237.589304
1089	-344.451793	-247.950877
1038	-267.106213	-186.731972
3672	-309.689612	-288.892925
2369	-273.760271	-247.260981
3022	-234.455424	-232.579121
509	-307.238995	-387.572034
661	-335.635079	-382.221872
2232	-56.525887	-311.721637
1699	-272.541597	-267.059383
2600	-307.237880	-328.066512
2895	-273.764673	-265.801327
3502	-376.564063	-247.090112
1387	-361.698635	-269.428079
811	-304.567859	-289.456807
844	-324.606050	-327.679687
20	-270.370102	-234.902663
1205	-304.682331	-330.592915
3662	-360.469577	-289.168269
2353	-281.504579	-341.234082
1600	-249.301818	-475.108191
2133	-323.338627	-207.293351
1979	-308.462923	-332.936587
2031	-269.170061	-72.746872
2332	-342.335241	-89.870087
2720	-231.102112	-232.018251
3388	-271.606364	-274.894540
1078	-309.738888	-315.051145
3107	-281.504745	-333.950072
320	-232.333410	-214.449420
390	-306.070291	-424.694026
2706	-345.667357	-289.975696
1214	-341.865386	-286.574753
1621	-346.884834	-332.748546
1665	-336.802871	-287.653932
26	-301.359287	-112.622580
717	-380.401348	-304.583461
3826	-372.742383	-253.542273
2607	-275.007113	-256.366439
1139	-270.382725	-428.533809
1256	-312.119596	-306.155474
2501	-232.377706	-203.130760
3722	-308.759135	-317.131878
1266	-324.582035	-100.923183
3617	-345.608658	-370.865237
638	-345.695868	-327.700583
507	-309.697879	-292.947872
2196	-338.559964	-97.485084
2342	-309.680487	-303.694839
3390	-309.736085	-303.088637
3571	-309.676719	-313.600586
2529	-229.969129	-151.311162
682	-302.303791	-393.542288
1319	-308.560759	-346.383214
182	-324.474954	-179.277377
383	-361.702346	-389.094027
3735	-360.522940	-537.333005
1395	-375.348487	-240.152974
3786	-308.759185	-332.943145
1695	-344.411060	-306.392278
3300	-344.499155	-259.769064
3008	-323.359336	-396.241057
1796	-307.536544	-141.564786
2386	-352.829520	-293.523906
633	-325.759393	-340.831163
604	-320.777491	-269.559062
1814	-360.537947	-392.275310
3393	-359.297522	-106.649734
273	-323.312375	-162.255877
2721	-271.401725	-356.728391
1009	-266.763445	-336.936012
2880	-346.831172	-337.925874
3961	-308.561152	-340.584036
2668	-310.906004	-299.582430
49	-396.507540	-120.934326
1501	-288.653529	-293.718264
2081	-273.775864	-236.704202
3259	-359.368793	-113.914445
2752	-381.632242	-325.170478
3339	-356.699649	-357.107707
3503	-266.630629	-219.698881
2058	-356.710498	-299.761061
1472	-306.080007	-357.003148
1456	-308.496384	-323.425058
357	-307.245430	-377.269529
2672	-355.556836	-97.605609
1280	-356.683566	-273.912301
1598	-308.471397	-343.630308
2610	-309.711468	-306.754481
2295	-305.898313	-296.779594
3922	-270.394284	-365.284617
2770	-288.588657	-298.067903
322	-346.832352	-339.722598
2397	-308.772292	-345.770850
63	-287.377993	-186.504965
1861	-235.696852	-213.515212
2568	-325.718022	-292.336814
670	-324.618078	-163.453154
1668	-344.433140	-341.079186
3705	-345.665479	-305.530956
3238	-340.667053	-258.670269
400	-376.570473	-218.886646
840	-289.871520	-263.118193
448	-346.831139	-348.404139
2100	-343.199390	-370.558484
170	-340.667287	-259.911614
1575	-334.447259	-280.407239
3541	-379.527167	-270.212154
2391	-310.927566	-292.625633
667	-360.533083	-454.670664
1445	-396.491525	-124.312477
3858	-308.459001	-360.107312
1597	-336.805704	-277.334875
3193	-320.725883	-382.662263
2335	-346.825562	-355.509968
2766	-285.279992	-348.445292
626	-288.653249	-290.455738
2125	-310.908354	-300.067297
919	-272.589999	-251.010094
486	-288.678720	-293.405695
3671	-326.941692	-291.508837
3292	-326.937372	-299.660211
344	-343.305175	-294.479268
1676	-296.285473	-396.269329
1401	-307.265351	-466.860775
2683	-309.686061	-316.066248
3984	-344.418857	-270.168972
2216	-308.505718	-351.178213
2898	-310.940190	-288.157398
1709	-326.941251	-293.129631
121	-361.711483	-266.743702
3038	-288.542113	-253.801971
3606	-310.906553	-301.408449
2757	-346.855643	-330.238604
2900	-272.554670	-274.678100
2450	-312.124760	-303.505751
3683	-308.510782	-334.905265
2113	-344.391557	-333.865276
3831	-451.528971	-440.510343
3805	-309.680682	-292.926840
2212	-346.837271	-357.565028
1698	-325.800949	-305.597892
2583	-346.859078	-353.508726
3593	-304.614300	-349.639444
369	-361.733362	-268.396035
2654	-304.679740	-337.268494
1	-360.499843	-558.904413
415	-309.692626	-299.434821
239	-270.446608	-355.519506
1524	-272.550818	-264.397881
799	-310.910909	-298.138359
1246	-318.406529	-124.576772
3474	-309.730988	-289.199035
3376	-273.775510	-240.741104
2617	-248.151318	-366.025943
1369	-392.662003	-127.964935
3980	-372.708066	-345.610213
1454	-288.652757	-289.301657
1178	-382.751729	-398.184014
201	-308.561649	-342.922528
1961	-197.629416	-172.831312
3644	-345.587398	-297.800797
3802	-356.724118	-375.965345
3535	-323.235679	-112.529976
329	-380.402442	-357.817046
1396	-346.886411	-334.706595
1842	-362.894239	-343.546906
1449	-308.507220	-311.472058
1758	-271.616401	-291.390095
279	-306.012858	-371.327388
3819	-397.692021	-428.682499
3481	-357.941534	-418.063385
835	-320.740782	-129.987296
2614	-232.164586	-394.532421
955	-345.632414	-344.691257
3919	-304.721921	-354.898764
3354	-360.529236	-399.454468
1805	-344.380468	-290.952595
1770	-309.719198	-308.795242
2867	-361.734339	-249.377754
266	-308.477155	-289.071315
1060	-345.713205	-343.219348
2882	-322.444150	-305.991935
2537	-317.434422	-272.964145
339	-356.705991	-354.385318
2418	-304.734646	-361.901531
3531	-344.458268	-171.119767
3904	-356.716094	-322.290415
1052	-361.770383	-280.931443
2016	-308.569875	-324.827577
536	-323.348544	-280.614031
1650	-341.836348	-328.352477
1884	-307.577822	-163.415206
3699	-355.497878	-107.180304
737	-336.836792	-263.878137
3777	-339.431092	-348.353180
3857	-340.686134	-284.495494
2235	-318.409670	-123.274311
252	-305.913756	-299.409585
779	-356.732185	-317.957806
380	-307.581989	-266.290781
2705	-270.384180	-276.809737
3901	-346.822424	-341.701241
2120	-381.630205	-286.163106
3164	-344.379764	-204.909322
1584	-251.727102	-230.926915
3723	-345.597175	-330.778057
2627	-235.695309	-214.695494
55	-335.683118	-383.273847
2702	-309.685148	-299.664815
2885	-309.686862	-283.877936
1410	-273.759553	-262.110108
3278	-298.952950	-128.217265
2264	-346.831590	-350.068047
3804	-324.573632	-310.373571
829	-310.909285	-287.192050
3821	-308.427345	-278.615913
3401	-338.175569	-293.105213
3226	-339.491316	-367.622391
334	-245.983375	-291.303481
3352	-272.834623	-239.778086
2976	-356.737615	-397.364675
3232	-345.686487	-312.585533
328	-310.911163	-303.832902
2926	-320.764569	-314.092462
2322	-355.508682	-104.278986
52	-345.627428	-393.905879
506	-234.516241	-264.565943
3446	-306.044918	-431.105663
694	-344.360007	-246.316172
2017	-310.940345	-295.175123
2492	-396.477101	-132.154466
1470	-272.542270	-270.918303
950	-324.580266	-270.910421
232	-490.793044	-249.681767
715	-285.275928	-319.051976
2401	-263.280728	-155.174859
3227	-348.043668	-351.765918
3361	-324.558989	-268.272657
2015	-308.518276	-295.870643
3335	-275.020322	-258.791650
910	-270.384937	-273.506243
2875	-344.475122	-245.724759
3074	-272.553250	-270.982195
3849	-360.531172	-351.893827
1562	-309.676327	-302.112131
2676	-325.784384	-329.957672
2809	-344.506029	-297.956717
1374	-322.175807	-141.114106
1580	-271.339821	-286.843240
3912	-308.435951	-340.733023
3304	-346.843297	-351.317946
3842	-376.587741	-217.482330
276	-380.379743	-355.512037
3303	-272.589883	-264.526849
2881	-345.594203	-335.871797
301	-324.570823	-124.586213
3350	-339.431591	-336.429986
3295	-231.069318	-206.956210
2106	-286.476486	-411.717266
1085	-231.092208	-326.044735
1756	-326.935440	-293.640523
2986	-340.629609	-288.464146
3165	-356.724041	-287.742325
850	-271.623957	-297.531265
2429	-306.081547	-370.580498
2975	-345.579201	-368.807185
2254	-359.388326	-107.384652
163	-319.624414	-240.326210
1348	-309.683859	-304.962206
3414	-285.313674	-401.165129
3752	-345.686524	-350.806281
2362	-305.134491	-141.458592
193	-307.285557	-253.525252
3321	-251.726162	-234.134088
1720	-309.692095	-301.298631
3792	-360.525610	-375.166322
1609	-210.001565	-234.803825
373	-379.522177	-244.190183
2453	-268.273240	-304.579877
76	-325.685245	-308.724663
481	-307.573371	-239.378235
3899	-337.265273	-478.835469
3767	-324.568597	-171.708995
3637	-309.764115	-299.959981
3956	-345.698757	-362.826631
1225	-196.409349	-192.291076
2763	-272.548325	-272.848963
483	-309.705795	-292.272449
3051	-192.736096	-106.203404
203	-340.663148	-292.946847
3566	-325.830752	-309.457752
514	-309.685045	-302.376759
1223	-324.586663	-258.362968
2977	-310.909944	-283.333147
587	-307.283919	-396.191559
3436	-361.762744	-369.913580
3174	-272.844804	-236.388646
314	-233.255379	-311.631344
3251	-306.056425	-384.970906
2584	-360.567154	-463.739305
2440	-317.433049	-273.851769
1219	-306.334850	-342.733585
102	-307.230370	-282.261221
1794	-325.712420	-315.037502
385	-305.159206	-125.385217
2339	-326.954728	-301.675095
1160	-286.467220	-233.365393
2701	-326.942959	-304.613008
3622	-304.726439	-319.967208
2435	-229.013797	-254.684390
2480	-344.385369	-303.112807
1718	-356.706262	-343.640710
2812	-381.619786	-217.912789
627	-359.304956	-112.138367
2405	-318.344936	-122.753535
37	-381.587333	-223.818877
2594	-335.586914	-404.423011
1499	-320.779994	-148.426286
2347	-308.476587	-293.484311
1704	-274.984793	-261.638495
3462	-272.538255	-262.458783
1455	-381.570969	-289.362535
681	-312.126544	-302.233832
2985	-304.745635	-320.594670
2490	-343.078368	-334.940086
2795	-379.572458	-284.896483
1775	-306.353871	-264.900543
1868	-326.949224	-298.694974
1985	-339.481708	-322.347284
1288	-324.635136	-259.848508
3129	-361.692023	-232.207633
3221	-308.477915	-306.849497
1211	-286.498633	-268.740476
3154	-309.714008	-302.322661
3544	-312.133269	-299.295368
714	-356.669324	-308.635747
1678	-310.955296	-292.645865
957	-360.490486	-503.597904
864	-323.337623	-217.157418
1768	-289.789940	-272.361344
730	-336.821088	-247.574370
1841	-325.788368	-352.740904
1599	-304.689816	-365.079189
2858	-346.862070	-338.372304
3954	-271.611366	-259.347669
1252	-301.395982	-115.919459
1965	-288.555445	-252.808674
2712	-274.985024	-262.524706
2399	-308.430606	-289.021128
3066	-345.688382	-303.560451
546	-306.365166	-353.813628
1405	-361.711854	-176.942047
1747	-360.559076	-371.232872
2484	-344.359905	-187.783793
3192	-313.554802	-284.259965
1077	-326.938562	-293.797032
1993	-339.504090	-345.914797
654	-309.727166	-309.243708
204	-287.353313	-238.342786
179	-362.928160	-344.147706
3703	-287.697316	-273.377430
1007	-235.694216	-197.748167
354	-285.174014	-323.474369
3615	-210.071468	-238.761956
2534	-362.960595	-397.598228
3485	-324.614459	-253.949674
2348	-285.253877	-314.575580
2107	-325.766177	-320.164291
3275	-308.757315	-309.364779
1213	-324.530103	-261.437953
1660	-274.985107	-261.188843
1404	-346.883049	-349.312575
3892	-271.608843	-275.321664
2842	-308.450204	-291.876681
3843	-309.717869	-289.877542
1927	-361.739999	-294.987335
3265	-324.569062	-286.738183
3449	-297.510804	-121.784463
1240	-310.907666	-302.632094
945	-264.243028	-156.984696
470	-303.460335	-371.686111
1894	-360.532510	-510.330081
284	-360.500454	-420.041064
3428	-288.564752	-242.829834
1945	-361.754136	-381.444535
931	-361.763293	-412.475521
3048	-381.616883	-341.536765
2130	-271.612772	-263.722404
1344	-341.767606	-352.974007
2494	-274.984732	-262.431412
534	-324.575799	-301.366591
996	-307.544316	-336.388675
1850	-323.407987	-283.523584
629	-309.712115	-315.055635
2279	-309.711101	-291.935468
1202	-361.725394	-313.180623
62	-309.677968	-299.347178
2273	-324.579188	-274.340251
625	-308.514390	-301.203512
57	-345.635513	-413.541481
2939	-352.864008	-328.633581
351	-345.625747	-313.256401
2599	-355.457663	-106.936885
3430	-341.828533	-350.008006
3053	-490.831786	-243.074596
1120	-353.283458	-317.766243
1772	-361.717972	-161.747940
980	-356.743821	-260.213804
197	-233.549368	-249.040953
1129	-340.618148	-371.052396
3534	-320.785748	-320.164659
1948	-195.158734	-276.959850
175	-361.754326	-331.567629
1921	-310.904960	-311.667153
2663	-361.722327	-356.724083
960	-310.940611	-305.022834
1673	-309.733829	-297.033405
3253	-281.476938	-326.772913
1267	-341.841438	-348.820649
3695	-309.651827	-289.897330
515	-287.727890	-216.086016
2696	-353.269456	-301.347285
686	-391.370332	-566.192681
2210	-325.710772	-319.906738
3594	-272.544482	-267.310106
3741	-169.860788	-92.506086
3383	-360.602876	-361.063835
1994	-383.983835	-386.912485
3117	-346.824942	-340.509902
2248	-377.773452	-441.912702
3729	-376.562796	-228.166735
2361	-304.727460	-364.913511
2325	-273.732431	-255.192623
2771	-310.910278	-291.257726
2541	-341.834413	-309.117397
3704	-348.035847	-354.337830
3456	-276.206318	-271.645144
2596	-339.467484	-308.938207
3488	-340.672417	-251.347322
3880	-357.942023	-376.519807
2862	-309.693471	-313.460119
578	-382.825717	-346.723161
2477	-360.539944	-355.965825
2226	-276.206257	-270.624363
283	-355.460155	-104.287220
293	-377.807580	-334.481715
590	-346.857871	-344.174147
3362	-345.632413	-298.604956
56	-345.599154	-347.338412
2935	-297.516418	-118.186929
3985	-324.548763	-312.957880
2755	-381.595252	-306.527901
2969	-286.484904	-276.828806
898	-305.906901	-297.526706
3761	-352.866322	-347.572049
2909	-361.687451	-308.504875
1696	-320.785074	-210.261250
2051	-325.790442	-343.451563
1791	-272.554824	-259.297104
242	-340.623533	-275.921492
2067	-280.248350	-222.467235
2656	-376.622509	-225.577503
1941	-286.206129	-418.452998
1145	-312.129019	-297.832309
533	-287.720383	-183.937818
1243	-323.582949	-304.256079
2661	-323.448833	-213.100586
254	-285.284456	-343.864093
2148	-309.718089	-317.411290
3926	-325.748612	-300.976874
2548	-340.654465	-291.986992
1329	-309.710338	-293.082432
1530	-272.549380	-270.234368
2336	-344.433499	-346.274319
2500	-286.498235	-269.976256
3201	-346.845480	-354.259024
3834	-324.589539	-319.629567
2956	-360.528914	-428.548057
3965	-273.764529	-249.823307
1361	-346.840635	-342.964302
788	-324.467888	-217.185976
521	-262.065493	-198.378571
3789	-273.762938	-242.722666
1685	-338.273553	-257.595037
14	-302.238859	-379.274256
1579	-288.589020	-303.132289
1105	-302.306944	-389.561114
1274	-309.686648	-300.686250
1102	-116.609549	-78.700461
727	-272.562906	-252.137998
3068	-306.015194	-372.277627
