no_training:1500	no_test:2493file identifier	 training data
2300	-453.655583
2875	-344.475122
3227	-348.043668
2282	-375.368783
1277	-309.706892
434	-338.195462
1537	-309.692993
3423	-308.555641
539	-341.886521
1863	-381.631601
3882	-194.261089
2969	-286.484904
3615	-210.071468
3363	-345.658313
1754	-269.221561
1998	-324.536830
3409	-356.696744
3328	-324.549529
3726	-382.754967
1992	-325.723538
925	-307.567279
985	-320.770329
2820	-308.557865
1784	-324.497693
1945	-361.754136
2319	-271.316064
2417	-336.838171
902	-310.940195
528	-288.538806
3616	-225.221461
3793	-381.580932
3104	-310.941183
2380	-327.025010
594	-325.809558
512	-346.861026
2949	-346.838702
479	-77.308427
1246	-318.406529
1440	-270.441325
3097	-309.716094
185	-361.726913
1310	-307.529289
3415	-308.495275
2506	-307.526911
243	-323.389193
3624	-324.614194
882	-169.557758
3990	-303.459637
2481	-324.614891
1517	-359.342366
1265	-227.324775
3849	-360.531172
2799	-340.702898
1418	-325.725274
65	-312.125621
2618	-361.768020
3391	-306.403144
3055	-285.313284
2613	-338.214346
2528	-308.467760
2174	-324.606491
1887	-361.696319
1532	-309.731599
1681	-310.908780
3576	-325.729906
2540	-211.295796
3594	-272.544482
606	-343.235457
2219	-265.437885
3381	-309.731402
174	-229.928448
1351	-309.733696
2698	-344.434438
846	-270.434394
2930	-310.906738
1165	-309.706371
1939	-242.205627
1547	-335.613384
1990	-281.482892
3341	-291.021228
2954	-305.915530
122	-339.419649
427	-382.798099
2292	-343.246371
1343	-310.895432
3116	-312.128429
1133	-308.517070
534	-324.575799
3453	-321.254976
790	-341.836780
1771	-287.657053
3240	-338.234966
458	-340.699868
3809	-310.902628
977	-285.160699
2765	-381.546975
3939	-317.386479
3761	-352.866322
2340	-310.899612
854	-383.971058
3370	-396.486664
3977	-288.552886
120	-323.345161
2683	-309.686061
654	-309.727166
4	-270.439280
839	-302.254301
3911	-345.639354
2955	-346.822341
2167	-309.681554
2612	-345.627545
107	-307.580090
489	-356.745773
1707	-288.590006
1820	-324.522751
178	-188.042067
2604	-304.743934
2431	-309.684774
140	-309.676929
3570	-272.514475
3774	-305.130184
723	-361.717032
3595	-345.600227
1655	-338.217210
401	-325.712603
2857	-362.899149
3076	-247.198000
1821	-308.473320
1649	-346.868661
3506	-320.804155
32	-287.509315
3088	-308.459859
376	-309.732528
3884	-323.333263
1947	-303.533559
2861	-288.654312
3781	-274.984614
1500	-345.609230
3701	-248.211932
1676	-296.285473
1400	-306.067385
3174	-272.844804
2354	-387.558484
3388	-271.606364
1755	-304.686811
1849	-324.547957
1260	-270.417842
859	-308.468407
3897	-324.519277
2251	-430.448052
941	-340.652570
200	-345.625804
1662	-377.834156
3694	-338.246643
245	-340.656722
3903	-340.636306
1813	-307.550360
216	-307.283509
2337	-324.588418
3926	-325.748612
383	-361.702346
97	-286.495035
224	-324.628594
1940	-334.429558
652	-345.620593
2410	-361.673369
531	-226.107205
2802	-325.804486
2822	-310.902197
3852	-361.710525
1251	-322.482659
3739	-324.566515
3907	-291.017966
492	-305.904760
1026	-325.765414
565	-356.730212
183	-362.962787
3776	-320.773105
2981	-327.026688
2268	-302.558547
1420	-286.516174
2182	-340.610000
921	-325.682121
2578	-324.576080
240	-286.517094
2569	-281.476967
1921	-310.904960
3223	-341.794931
569	-376.620836
2019	-340.659620
1670	-269.230258
3927	-323.326298
2254	-359.388326
3831	-451.528971
562	-456.105229
2169	-356.733974
3564	-303.533472
2424	-273.764093
791	-309.662433
3319	-376.604793
1623	-229.615446
3512	-340.641866
1611	-348.044714
86	-190.624631
3355	-345.648365
1064	-276.202311
2207	-301.330754
1894	-360.532510
3750	-346.838572
585	-229.918003
3650	-382.756764
2984	-362.935648
2377	-236.916033
2729	-323.315925
1457	-288.573089
2687	-377.816463
1345	-376.540686
2523	-344.512144
943	-303.497783
1255	-381.635881
950	-324.580266
377	-360.527122
180	-360.505528
233	-301.382062
3848	-324.564634
1419	-344.350927
3041	-345.692143
3133	-356.679691
2107	-325.766177
815	-285.324641
2628	-359.341296
2308	-324.460752
1427	-340.646339
956	-230.183076
1749	-302.579654
451	-362.932378
1030	-309.683546
1739	-303.454720
2179	-361.698233
1076	-361.656187
506	-234.516241
2228	-308.518356
1100	-380.373569
3674	-309.731169
3267	-320.776472
3839	-231.155780
3424	-348.051118
3806	-309.676410
1732	-269.170665
2780	-272.545389
3256	-153.459846
2566	-346.832253
3582	-344.436500
3334	-325.800680
3495	-288.563768
2514	-354.197108
1431	-344.392695
3870	-345.605387
1541	-310.912991
2705	-270.384180
297	-325.833945
1766	-270.387395
1373	-324.557383
1337	-286.498779
861	-360.488871
2888	-361.704536
1538	-348.050463
2027	-376.585000
2961	-348.061993
3862	-271.646263
3780	-323.320574
2227	-356.712771
1697	-345.613396
1001	-304.724431
2793	-306.384286
1961	-197.629416
1941	-286.206129
1636	-233.551389
3439	-301.389192
1664	-310.904974
465	-266.553159
2022	-344.425164
2089	-308.469081
34	-306.355655
2464	-297.555801
2999	-307.237456
3717	-275.014300
1087	-324.508933
1429	-288.579114
70	-346.874234
2842	-308.450204
605	-456.103432
508	-325.801512
2692	-356.663387
2012	-382.788561
2342	-309.680487
3641	-360.485033
1953	-308.457242
858	-340.661797
416	-271.318448
1178	-382.751729
607	-301.373496
1663	-232.351764
2575	-308.759090
85	-272.550580
1511	-271.315027
2140	-325.715372
1311	-288.545722
3298	-345.599182
944	-320.766684
43	-319.572842
3980	-372.708066
103	-291.024232
2959	-289.795007
3118	-236.917873
3711	-303.469034
690	-375.420808
2427	-339.474134
351	-345.625747
3967	-273.758273
1190	-377.830859
1535	-324.463541
3461	-320.776316
1595	-309.686571
3913	-308.551230
1706	-382.777508
1496	-268.248371
3768	-227.338075
2386	-352.829520
2908	-271.620997
2159	-324.581067
1434	-344.482088
677	-324.594116
3712	-300.148891
171	-361.745138
2812	-381.619786
1308	-341.814212
2854	-325.810616
3124	-308.562031
1930	-341.835805
1590	-344.415609
1499	-320.779994
2512	-346.823548
1793	-325.725688
1948	-195.158734
1815	-345.663783
990	-309.684377
2904	-302.545112
2404	-323.340989
1411	-327.023352
676	-272.584377
1232	-336.811744
1717	-345.603646
546	-306.365166
45	-266.615452
3410	-271.316922
2395	-297.523583
1045	-344.449852
727	-272.562906
1583	-345.655509
1560	-340.645686
1141	-115.679136
2081	-273.775864
913	-352.855499
1633	-247.201165
3216	-344.380260
3111	-318.340705
982	-307.235414
3112	-327.021680
3071	-273.789182
3248	-322.477268
3708	-270.397474
2696	-353.269456
2041	-346.821470
1969	-360.529678
3825	-93.411888
2363	-324.610150
1088	-291.017433
3719	-320.742924
2912	-346.883119
3148	-324.567513
1475	-362.957353
3617	-345.608658
2830	-325.800699
967	-372.742461
3449	-297.510804
235	-270.375081
2230	-262.056533
1109	-333.411326
2259	-361.734611
3856	-306.313590
2675	-303.787203
1628	-345.637174
793	-326.950540
385	-305.159206
1714	-132.718150
3771	-309.655144
3385	-324.583090
3834	-324.589539
1002	-287.689262
1019	-327.016183
1038	-267.106213
3941	-231.108368
3467	-308.494487
3013	-346.883127
1585	-360.545832
2594	-335.586914
1273	-355.513035
2757	-346.855643
2423	-338.238743
630	-273.762561
2414	-382.803358
1406	-375.394844
1665	-336.802871
1395	-375.348487
2181	-340.656656
3264	-307.260972
3077	-336.822591
2556	-321.958604
2898	-310.940190
58	-304.683044
2565	-345.591597
1839	-355.496901
372	-337.283890
2681	-308.466840
2090	-308.473428
660	-271.630416
3665	-323.329494
1571	-470.915515
834	-346.828689
1943	-325.729335
108	-345.614707
3865	-362.899954
1186	-359.296697
1558	-270.389386
1692	-362.862736
3350	-339.431591
2345	-342.329232
2902	-271.653205
1103	-273.764642
2948	-382.790431
1018	-354.272548
2878	-285.336744
2668	-310.906004
3567	-309.693494
72	-325.720699
621	-310.899323
1780	-345.606551
1107	-267.060326
483	-309.705795
2715	-345.709596
3649	-343.292778
3322	-272.536448
1467	-345.613895
639	-270.405973
3345	-312.120708
2918	-271.326117
437	-309.705971
395	-234.447743
2088	-362.871515
2439	-324.485913
3034	-360.418556
2021	-346.818246
3536	-352.836930
770	-381.612946
2518	-360.566272
3600	-325.781571
1402	-286.203815
142	-307.594137
820	-326.934229
3974	-323.433262
720	-381.594735
865	-304.728720
538	-324.494520
3207	-355.520098
2397	-308.772292
3652	-361.720088
3769	-304.586424
3460	-288.678290
879	-303.556846
2542	-326.951186
1900	-309.689410
2603	-341.863083
2669	-309.763785
3772	-356.752251
3796	-341.875439
2885	-309.686862
306	-307.335530
2161	-361.735863
2086	-308.486338
3323	-232.335768
695	-345.700085
3073	-309.734862
3598	-340.671493
127	-322.216227
3958	-291.015785
2548	-340.654465
1396	-346.886411
3021	-360.495540
1245	-310.907810
156	-288.654408
510	-234.491176
2599	-355.457663
93	-340.615011
2141	-307.287454
1390	-340.660793
1397	-271.624640
2573	-307.303421
3246	-340.652252
260	-359.369049
333	-308.507517
2420	-340.625366
2034	-345.586124
1504	-360.489720
3069	-346.878430
3912	-308.435951
1708	-324.502429
2118	-324.560961
3573	-325.730390
2226	-276.206257
1262	-356.712023
2732	-324.579850
130	-274.988525
1300	-324.595031
781	-362.918463
3672	-309.689612
3455	-270.401061
3373	-271.613890
862	-361.764434
1097	-325.784473
3791	-360.491959
2631	-380.316551
1572	-322.170570
84	-345.610574
2742	-348.048844
1997	-271.666841
1095	-324.603415
2685	-344.426408
1570	-325.783642
2348	-285.253877
3379	-273.761967
1914	-288.576123
1898	-360.497612
1620	-270.431243
3593	-304.614300
772	-381.599310
1173	-344.465017
1162	-309.684472
188	-339.406341
1888	-276.201993
1203	-261.802956
1166	-324.576650
2666	-303.423742
3031	-270.411205
1430	-361.720960
949	-344.463502
3045	-310.906568
1290	-345.660459
2909	-361.687451
3168	-323.614890
3433	-308.465425
2074	-285.300440
1450	-273.757658
616	-345.676243
3008	-323.359336
1205	-304.682331
1287	-355.515622
1361	-346.840635
320	-232.333410
1446	-319.575102
1946	-346.841836
785	-273.796695
179	-362.928160
3860	-308.505267
2077	-309.736028
505	-338.531538
3011	-310.902708
433	-396.498209
2359	-360.468392
1776	-325.785476
959	-492.026657
848	-309.744522
3120	-309.689111
843	-308.437835
2212	-346.837271
176	-308.554162
1221	-344.436348
1210	-340.641282
344	-343.305175
613	-309.689486
2663	-361.722327
1853	-359.314227
2821	-308.511516
1915	-361.705669
69	-265.441614
3003	-325.798735
1660	-274.985107
1513	-306.368494
459	-348.056615
1797	-194.267232
2299	-280.273691
775	-344.469204
334	-245.983375
1146	-339.465889
1865	-345.609914
1897	-197.629387
199	-309.673895
2815	-324.570906
1267	-341.841438
808	-320.774349
2661	-323.448833
3749	-249.363949
1835	-376.631067
1883	-346.839066
464	-324.485629
1658	-287.337578
1509	-345.612220
2929	-345.638912
3442	-381.635659
780	-308.769557
3900	-308.465445
3530	-309.739069
670	-324.618078
513	-355.518342
78	-270.472470
2795	-379.572458
3336	-308.477672
1111	-335.656557
2781	-288.581699
765	-317.447668
1832	-309.737802
2557	-273.774103
612	-397.697891
1074	-304.697680
2413	-345.604177
2469	-270.392444
277	-302.288351
3075	-324.616343
3982	-324.592116
1333	-270.359564
2273	-324.579188
1387	-361.698635
2582	-320.773768
536	-323.348544
18	-309.719641
668	-267.103350
3810	-372.726782
3430	-341.828533
2704	-320.786981
2136	-263.278851
2429	-306.081547
1529	-354.275774
2497	-325.763216
831	-346.867207
1413	-247.214861
998	-302.306196
3146	-289.872162
1079	-287.347000
1905	-231.145151
1315	-288.533780
717	-380.401348
2927	-324.500425
900	-288.561991
948	-336.827390
3330	-323.360126
3015	-359.362011
19	-309.720734
2119	-323.665987
1896	-326.971392
1488	-320.766344
1043	-324.605875
1632	-340.673967
1690	-339.426816
9	-344.468531
1326	-266.616319
2646	-325.800095
1441	-303.469082
3346	-318.327053
637	-360.557419
1031	-304.643927
3686	-344.462681
2248	-377.773452
2771	-310.910278
1885	-345.647670
3210	-336.808333
2198	-382.804255
1536	-324.492974
1907	-346.819476
2199	-377.815601
1035	-284.385189
389	-271.336957
927	-340.676668
3874	-323.344889
2621	-305.145002
1970	-362.897428
2052	-325.809179
517	-344.434827
59	-248.430371
522	-309.680641
2678	-285.255563
969	-325.797425
3590	-340.660106
3009	-307.265383
467	-273.793804
851	-270.117027
935	-269.154939
2755	-381.595252
642	-234.476516
3371	-286.517424
361	-376.622353
2630	-282.871678
545	-356.698773
1230	-323.396217
3981	-249.257629
2223	-288.657055
267	-345.641113
2145	-346.844016
3823	-303.527274
1161	-308.513516
3962	-341.865856
1498	-340.654582
352	-288.557016
2172	-308.472272
2488	-363.508158
2691	-308.505543
3885	-304.728655
3837	-343.468335
421	-288.627624
1286	-310.906869
3317	-269.177232
3163	-319.610683
559	-362.935404
3971	-360.530885
3807	-361.706503
1650	-341.836348
1206	-342.315546
3266	-287.736841
1127	-345.659797
1086	-272.587059
316	-341.858490
3735	-360.522940
3949	-359.301320
2638	-309.688194
2720	-231.102112
3695	-309.651827
290	-348.056024
1177	-325.808092
1718	-356.706262
3352	-272.834623
1799	-346.861635
1698	-325.800949
3648	-324.631468
119	-327.012568
1609	-210.001565
3562	-360.524672
974	-303.468081
2029	-380.417684
2278	-345.650717
3422	-340.663929
1666	-289.872246
890	-344.458979
2753	-310.904304
2376	-346.840597
3134	-271.319942
2110	-341.867094
2335	-346.825562
2730	-286.492223
3702	-362.951503
947	-322.454079
2000	-309.736479
3770	-272.544060
2881	-345.594203
3179	-270.408713
2379	-361.769162
1313	-324.502042
2321	-381.536295
778	-324.573162
2075	-345.606444
232	-490.793044
1553	-323.448965
2756	-153.742562
2083	-322.434119
3064	-326.983087
2440	-317.433049
2562	-375.357530
2123	-327.010026
1216	-308.465534
2584	-360.567154
2539	-321.276274
1891	-323.382399
1428	-265.391486
282	-325.714378
3746	-309.736797
2311	-193.034988
1861	-235.696852
3705	-345.665479
1893	-344.385273
430	-307.543210
1438	-356.728392
2635	-323.324700
350	-320.793580
3109	-324.582824
3458	-345.693035
889	-272.539307
1261	-268.282665
253	-305.838224
284	-360.500454
3560	-286.463470
1653	-157.116735
1575	-334.447259
583	-285.016369
3961	-308.561152
408	-208.863267
2610	-309.711468
3100	-361.716824
1565	-325.735821
3563	-227.798785
787	-360.525379
3915	-309.687698
1242	-308.508254
3249	-325.739818
2665	-348.031230
3751	-339.491316
368	-345.595021
1949	-340.674935
2142	-324.624987
460	-360.488733
3329	-310.909123
2039	-360.553317
3326	-381.616196
2774	-310.910631
2473	-324.497671
2246	-287.318502
3710	-308.565933
2471	-288.628801
3081	-302.557878
14	-302.238859
3788	-361.725962
2979	-320.767064
3554	-309.689751
289	-321.949791
3047	-285.293918
1024	-302.535621
2221	-308.512137
1778	-305.036659
114	-361.772743
194	-308.496245
1322	-271.619912
2154	-360.512793
286	-324.563745
23	-304.679494
3254	-287.469473
2051	-325.790442
3142	-376.617653
2686	-340.697732
1187	-264.235803
89	-249.259410
1507	-310.914024
2372	-322.217569
3304	-346.843297
3501	-318.409788
1817	-339.459612
1123	-375.393636
1140	-304.683966
994	-323.428670
1685	-338.273553
3502	-376.564063
1818	-371.535911
3289	-270.437636
116	-346.831175
1938	-341.826148
3684	-362.958208
906	-383.969892
888	-323.328290
461	-273.773506
1113	-234.484521
1490	-309.691591
1925	-309.677276
1008	-248.448467
3473	-360.527434
3245	-327.024699
3235	-339.416290
579	-281.480583
2572	-360.495461
2084	-361.708021
109	-158.340943
2825	-360.576433
3407	-343.517848
2983	-346.833689
3016	-309.730329
2225	-324.612179
296	-345.688916
3029	-285.281493
1346	-308.542644
638	-345.695868
951	-307.548619
1996	-356.687774
2574	-273.812881
2951	-308.569129
2050	-362.937518
3727	-285.317454
484	-351.639205
3448	-324.634377
1288	-324.635136
3160	-362.937857
3089	-327.025329
3846	-318.393987
1789	-310.905299
3113	-324.531139
3451	-319.606765
332	-304.692914
3369	-158.342346
782	-361.678341
3538	-271.350701
1478	-309.691634
3040	-360.506446
1445	-396.491525
3879	-339.483894
2699	-346.864540
1910	-326.978724
3217	-306.392828
1568	-324.555249
2466	-325.785959
3732	-320.774305
2702	-309.685148
474	-281.476832
3864	-288.639421
3025	-324.573338
1139	-270.382725
3242	-397.707881
3126	-360.523204
1804	-324.542706
1638	-344.481904
3789	-273.762938
1874	-416.367317
1039	-360.575277
157	-376.519880
324	-307.534482
3544	-312.133269
1154	-310.937644
2371	-307.253245
1548	-306.308471
1084	-309.711894
1360	-362.941781
3275	-308.757315
115	-356.682218
2626	-305.900638
2175	-324.545475
1078	-309.738888
2217	-344.408081
2869	-306.113519
3844	-308.450468
1142	-309.702591
1744	-288.535621
153	-347.466594
1060	-345.713205
3282	-362.972786
410	-325.835955
2069	-346.855971
1824	-336.855265
856	-324.568212
2205	-318.391203
710	-340.625597
1370	-242.180146
328	-310.911163
3668	-309.700336
3268	-324.562156
656	-376.605347
2224	-307.568767
3589	-324.543443
2197	-309.684327
3228	-381.648857
3044	-363.519194
3166	-326.949535
3622	-304.726439
682	-302.303791
2652	-317.377404
1514	-320.781098
3115	-340.620294
1622	-346.869712
1862	-319.615129
1180	-306.364186
2204	-310.904876
1131	-324.580815
2185	-344.343476
2056	-325.729141
36	-344.382282
3973	-356.659922
961	-326.950279
2231	-346.825174
1937	-287.438379
2847	-307.566260
3673	-309.691463
2215	-289.795079
3681	-310.914919
3418	-308.467120
1837	-381.574917
2546	-248.018573
3301	-371.491061
1054	-323.427722
3343	-320.735225
2922	-352.890573
2151	-289.802108
2520	-307.284294
729	-343.084333
567	-339.489014
1770	-309.719198
2852	-274.986857
1999	-233.547877
530	-360.503506
1838	-356.685238
2329	-324.557240
2352	-288.589622
370	-356.698196
2751	-273.787799
1037	-306.397746
1068	-308.470010
2076	-274.982287
1519	-352.874613
3872	-340.691219
3917	-274.985822
584	-309.681686
3432	-297.523580
2707	-310.915408
1713	-323.381747
753	-361.710299
887	-361.720206
2492	-396.477101
2048	-235.699029
1524	-272.550818
2763	-272.548325
3820	-340.655117
3559	-309.721434
1659	-487.002792
3149	-372.694726
2111	-348.048744
2677	-309.684577
2531	-157.115484
2790	-287.732329
3608	-372.729173
1319	-308.560759
3463	-304.735360
1908	-286.508233
22	-324.575190
1077	-326.938562
329	-380.402442
636	-382.818623
135	-301.341304
1028	-360.421732
6	-345.687671
1695	-344.411060
3000	-309.688191
76	-325.685245
313	-361.721849
312	-234.485640
761	-312.126820
2302	-492.008892
3421	-324.571081
3012	-276.205920
1581	-345.660520
840	-289.871520
860	-397.697425
319	-352.845678
128	-303.785832
7	-309.722879
2229	-319.560814
1404	-346.883049
3909	-310.945132
2680	-340.664901
2995	-381.584942
1993	-339.504090
3066	-345.688382
2187	-310.904927
3316	-264.261826
2916	-340.655601
415	-309.692626
2033	-310.919833
3733	-309.678068
1934	-341.769746
2010	-323.385837
3276	-344.508729
177	-362.872710
1598	-308.471397
3491	-361.750275
2383	-324.593866
2180	-340.665904
1063	-265.440996
1462	-312.136049
1680	-377.842223
2350	-341.853951
1099	-231.975652
3438	-312.132858
3478	-343.296547
2554	-345.649886
3220	-273.806349
818	-387.475673
3928	-377.799358
1105	-302.306944
686	-391.370332
1722	-362.946707
533	-287.720383
393	-323.334482
645	-308.540795
3968	-287.425634
2890	-309.738198
463	-309.715058
3492	-345.645245
2759	-393.905418
3177	-287.662612
2475	-381.524347
3571	-309.676719
3026	-250.478855
629	-309.712115
1349	-286.542391
3755	-341.874216
266	-308.477155
3722	-308.759135
3587	-322.421320
2208	-286.486509
759	-398.888473
358	-272.544323
1617	-355.508183
2804	-344.433943
3956	-345.698757
1155	-272.838189
3690	-346.829378
867	-283.179781
2480	-344.385369
811	-304.567859
3841	-371.541704
2150	-324.570860
1200	-346.908492
83	-344.434906
2945	-307.281910
1412	-242.195730
2406	-306.386594
3642	-324.565306
2791	-194.254127
144	-271.323089
3191	-284.360325
3653	-309.763576
449	-325.753993
540	-346.830523
136	-343.240623
444	-340.665581
1645	-324.477059
2351	-304.614169
1075	-325.751822
568	-303.458583
3635	-308.475489
3262	-235.693825
3757	-281.482952
1983	-320.792773
3513	-340.637067
3057	-301.381127
152	-306.286325
2728	-304.742823
2903	-308.505951
1414	-377.797879
2457	-382.757134
1877	-287.407788
731	-355.501990
1964	-309.726463
2384	-281.469893
470	-303.460335
1773	-304.696646
419	-312.128001
803	-325.789564
1830	-345.641862
3765	-453.654335
826	-248.137789
968	-308.470667
151	-270.397623
2486	-307.239887
106	-362.952198
1407	-235.694798
2850	-288.580309
1825	-271.656372
965	-323.329385
3361	-324.558989
2320	-362.876210
2504	-325.805550
3121	-344.419977
2727	-271.330291
1534	-340.632075
3561	-343.190300
338	-272.544500
3212	-360.575745
2148	-309.718089
599	-343.312201
3992	-319.576017
1792	-363.504227
1274	-309.686648
335	-361.729115
3030	-324.500475
3539	-324.625415
62	-309.677968
3205	-341.842686
2752	-381.632242
3700	-361.717469
1377	-325.768959
2398	-319.533364
1365	-361.755045
2647	-262.017735
571	-339.423497
1304	-356.679729
3798	-310.941861
2682	-324.528297
716	-325.758431
2718	-382.782995
1672	-336.831068
3736	-355.517745
77	-348.062001
1372	-381.574124
863	-285.288405
1268	-344.411146
1582	-361.735290
3260	-345.595084
3038	-288.542113
111	-344.470970
2459	-273.761223
1875	-242.186010
603	-346.867624
104	-360.574432
2129	-356.722498
272	-322.161948
2445	-324.576679
1138	-308.444609
1283	-345.605635
3194	-301.367422
3293	-360.535142
3395	-248.436061
3527	-309.716030
3201	-346.845480
1392	-353.321142
21	-278.059333
432	-344.390227
904	-345.608456
547	-360.540793
2482	-268.321270
3919	-304.721921
2609	-322.351046
3215	-320.793270
628	-325.726991
147	-345.615452
1913	-310.912131
2515	-323.341413
197	-233.549368
257	-324.569867
1669	-287.426878
3241	-319.515995
500	-308.452306
2096	-345.661705
728	-309.678404
1743	-346.856186
302	-340.632285
404	-324.595399
1151	-392.620909
2625	-291.021574
166	-325.729970
3062	-381.573048
794	-248.143861
3211	-310.908555
2788	-345.596027
66	-337.302324
2463	-288.576502
396	-372.782655
898	-305.906901
261	-310.905322
2001	-346.833365
2872	-288.581144
2936	-324.504178
3931	-288.683173
2430	-304.688809
1785	-273.751900
3059	-363.508158
1621	-346.884834
700	-310.938181
3181	-307.209274
2997	-380.371074
2571	-309.686348
1768	-289.789940
878	-308.466070
732	-327.023478
1282	-346.860539
3975	-309.693760
184	-322.436757
2767	-340.635968
672	-345.661057
3680	-305.904722
30	-325.717105
3824	-302.288055
3400	-289.799552
1208	-345.608535
2092	-288.572051
1281	-308.457113
349	-309.687623
2232	-56.525887
3815	-288.574763
2214	-245.994065
1846	-344.370966
3869	-324.525580
3485	-324.614459
131	-345.603479
1235	-265.447270
1120	-353.283458
3731	-310.913156
1911	-272.582516
160	-309.685140
1550	-301.345683
2676	-325.784384
1335	-283.156647
2031	-269.170061
1426	-381.607770
896	-323.312767
3068	-306.015194
501	-345.630685
1004	-355.416555
3357	-361.779217
2766	-285.279992
2138	-340.684371
1341	-301.373831
3074	-272.553250
308	-303.428586
1443	-346.867442
2093	-324.473588
1176	-288.584832
191	-307.610450
2443	-288.547509
2294	-341.831947
1724	-381.594558
2608	-306.369631
250	-360.538828
779	-356.732185
704	-235.696677
162	-232.324966
2249	-392.653825
3528	-233.262752
1071	-360.495618
3799	-291.018995
1526	-269.267574
48	-304.689512
2155	-343.243883
2047	-286.246880
1580	-271.339821
979	-309.713440
2433	-324.552283
325	-345.637577
622	-341.886905
801	-273.763117
768	-193.039603
2894	-309.717750
2549	-375.410333
2838	-324.547436
1461	-346.899170
3679	-320.794248
1275	-310.936083
2206	-312.126404
3347	-286.510514
707	-381.585428
367	-360.491873
3095	-339.431197
3278	-298.952950
1437	-376.547304
192	-310.897684
1904	-304.752598
417	-344.440065
3875	-309.655400
2412	-310.904086
2653	-361.749428
2570	-324.626187
3895	-325.808333
2108	-267.944278
1218	-287.431740
3321	-251.726162
3152	-335.591582
1340	-271.616723
2651	-273.744309
1516	-249.358446
600	-268.859550
2907	-344.466563
3383	-360.602876
164	-340.675814
2189	-325.762375
1916	-360.557411
2814	-325.804528
1482	-312.132386
148	-345.629933
2323	-310.954565
1640	-304.583737
1687	-344.407598
709	-286.134079
3136	-340.660061
2344	-305.915175
3505	-274.983383
3096	-338.175960
1129	-340.618148
3601	-308.749822
1719	-232.050342
2400	-345.592410
2561	-325.778234
940	-325.787515
658	-307.234503
2818	-335.618370
1368	-288.584029
117	-211.295163
2770	-288.588657
1643	-310.910140
1812	-307.275809
3280	-344.483775
555	-361.677945
802	-359.306313
1201	-224.944660
3335	-275.020322
3332	-376.610619
3043	-196.405320
2724	-376.591176
3349	-207.916786
1017	-308.419735
884	-276.202586
3154	-309.714008
3777	-339.431092
1733	-322.169100
3263	-285.326726
2399	-308.430606
2211	-340.648620
1531	-345.640098
755	-324.568345
214	-348.052027
866	-340.620625
1757	-285.313612
3688	-322.476720
1986	-344.459234
2737	-322.442708
1781	-324.582445
362	-289.871990
3108	-361.653332
3061	-392.552088
3935	-289.875063
1748	-288.688929
1562	-309.676327
2298	-270.396464
1465	-382.796989
1860	-308.507458
2974	-396.486691
3017	-271.339346
2067	-280.248350
2794	-304.681399
561	-264.226909
255	-309.672030
1800	-212.439286
3826	-372.742383
1493	-335.643923
1845	-302.309526
746	-273.802095
2783	-272.537685
1258	-344.472090
2700	-304.687547
3389	-309.689740
1266	-324.582035
3366	-323.268818
2474	-357.944802
2016	-308.569875
2507	-291.014750
314	-233.255379
24	-345.608180
3970	-305.897998
1740	-376.599676
2309	-272.583285
3435	-361.728293
3027	-336.811099
634	-154.960361
230	-271.617434
544	-340.643340
841	-361.736259
311	-287.724713
2011	-270.099401
3667	-249.293044
1238	-360.499088
1082	-310.901659
3747	-324.521162
511	-320.778636
490	-231.142581
3303	-272.589883
2616	-272.542567
74	-310.918822
95	-351.666551
1639	-345.640072
2421	-249.395323
3569	-272.588302
3033	-325.785262
1701	-344.428649
2953	-348.047609
1380	-288.625728
2176	-345.608670
1137	-271.622539
259	-309.735245
1122	-345.601318
1843	-362.899677
3167	-309.688639

file identifier 	 test data 	 predicted
1758	-271.616401	-269.895050
1055	-345.681183	-346.363581
2456	-345.610758	-345.975316
1296	-345.612257	-345.851560
2811	-326.944158	-326.794128
2736	-310.922181	-311.468885
2803	-327.013853	-326.671785
647	-338.268974	-355.492108
1049	-323.336196	-328.151354
2713	-310.904631	-311.223517
1588	-323.678800	-322.926482
3552	-325.793166	-324.899968
3743	-325.726182	-324.918881
724	-320.775720	-319.826903
1032	-346.816694	-346.934045
1682	-269.215705	-274.275489
3296	-345.650105	-345.067521
2813	-232.063900	-230.378589
3596	-285.328258	-277.841228
641	-322.439472	-315.641200
3989	-272.542369	-272.828428
1044	-304.687053	-303.581493
1298	-308.505512	-307.835333
773	-309.674485	-310.274911
3979	-345.651111	-346.369118
632	-361.705069	-361.678854
1244	-345.616998	-346.541129
2347	-308.476587	-308.337342
1702	-251.727632	-251.789851
1924	-340.591587	-340.118215
1301	-309.679190	-309.996021
2063	-344.402806	-344.042247
3946	-286.438084	-289.032214
1223	-324.586663	-323.498868
2679	-312.130526	-310.004544
2798	-307.259167	-309.465138
237	-268.287661	-254.194308
2334	-472.135006	-382.959401
1013	-271.300649	-269.001073
1589	-324.608694	-324.026899
3540	-321.236907	-345.972110
1276	-340.667317	-340.283933
3247	-360.531175	-364.440456
2387	-391.391111	-390.257092
3213	-339.438949	-331.888866
805	-309.658574	-309.969213
2314	-345.658870	-346.083083
3450	-382.824468	-382.056063
2545	-324.614082	-323.662617
2356	-323.346816	-328.532571
3850	-308.528193	-308.075738
1876	-251.732828	-252.187334
792	-310.898648	-311.401519
2509	-344.380267	-344.696046
50	-357.934562	-358.006767
1502	-340.679724	-339.083880
3140	-284.987905	-229.227810
155	-324.571682	-323.590804
3663	-344.446747	-343.908632
3087	-392.563319	-325.699909
2202	-324.602888	-323.608124
3333	-361.709769	-362.071100
468	-322.150234	-266.919489
3046	-322.057728	-265.427671
1157	-309.691584	-310.036278
1214	-341.865386	-341.955191
2346	-310.909551	-311.566762
3965	-273.764529	-273.882303
3817	-288.554600	-286.213948
3406	-286.459793	-290.809821
2710	-361.773017	-361.920665
3274	-196.407957	-197.515052
2336	-344.433499	-343.553751
673	-345.680831	-345.691983
1110	-325.781398	-324.924660
2407	-377.829134	-376.617768
3930	-338.542975	-283.748431
3007	-319.573727	-322.055422
1359	-229.927277	-248.797912
3375	-324.594534	-323.848375
3436	-361.762744	-361.484076
3239	-361.708121	-361.805278
234	-308.467880	-308.731964
478	-119.052475	-96.818392
3250	-360.517106	-365.536089
3440	-322.135917	-262.577376
3079	-270.401391	-267.679484
2563	-247.215049	-183.184083
1602	-318.339586	-267.849704
384	-343.291812	-336.336179
1738	-273.759338	-273.661355
3785	-348.045948	-348.207833
1806	-324.610229	-323.519647
1729	-361.740062	-361.713279
1561	-325.749687	-324.974161
679	-340.668108	-340.109138
2017	-310.940345	-311.269672
3306	-361.650084	-360.730933
3634	-340.646592	-340.409886
3804	-324.573632	-323.420005
1289	-344.439723	-343.509559
1542	-370.291993	-368.102795
3838	-271.318933	-269.713065
1089	-344.451793	-343.396626
3669	-285.267165	-275.526289
1211	-286.498633	-289.954933
2858	-346.862070	-347.439550
3236	-310.912270	-311.444398
1391	-323.317575	-329.832422
1950	-232.331230	-235.524302
1164	-340.611734	-341.129253
1237	-360.542541	-365.131485
3123	-309.702150	-309.902558
3299	-325.725069	-324.850671
386	-325.776001	-324.743378
2103	-346.834331	-346.732163
1020	-303.566436	-304.008445
669	-377.780670	-375.788872
3756	-326.943546	-326.615770
141	-287.734664	-287.616684
3318	-308.513124	-308.889234
3908	-272.847530	-270.706688
2082	-302.567313	-307.189945
3475	-321.247305	-335.532931
3654	-307.541973	-306.111024
2809	-344.506029	-344.667996
2489	-250.583259	-249.778539
743	-309.719124	-310.314335
2873	-307.545713	-305.758142
2536	-273.758980	-273.808364
1975	-341.829025	-342.648969
198	-303.934323	-301.583262
1003	-308.516378	-308.666716
564	-272.569586	-273.107344
3392	-361.774979	-361.519425
92	-301.343578	-242.671999
3214	-344.426062	-343.508351
2382	-380.343633	-376.931519
3258	-324.473847	-323.567599
2844	-301.377995	-247.093001
473	-346.828378	-346.616564
795	-246.023231	-240.950883
2843	-308.509454	-308.078229
2396	-307.546144	-306.470018
3637	-309.764115	-310.066909
2886	-324.530742	-323.522704
3483	-308.500974	-308.681994
1678	-310.955296	-311.437438
2315	-273.793520	-273.909605
499	-340.611683	-340.568572
635	-324.578381	-323.184198
3082	-272.586248	-273.094336
1710	-361.726166	-362.290568
3818	-308.470796	-308.321420
1355	-361.727678	-361.403543
3086	-360.507527	-365.425432
3394	-376.613178	-372.221648
1029	-325.751230	-324.725391
2928	-324.540084	-323.585685
339	-356.705991	-362.105131
3054	-269.129580	-275.385314
1124	-271.651913	-269.484228
821	-307.566593	-305.919794
3721	-284.372483	-231.205170
750	-344.384630	-343.952551
3625	-326.948771	-326.690730
3742	-271.272557	-269.888260
217	-271.648392	-269.658936
1053	-340.610046	-340.119613
2173	-304.678340	-303.678575
2491	-381.634033	-380.013369
650	-193.034094	-108.961848
1145	-312.129019	-308.189230
2643	-372.711859	-368.993768
2147	-382.781806	-382.820010
1091	-309.678344	-310.177693
3137	-272.533448	-273.055529
413	-301.369263	-245.984713
2030	-273.804223	-273.881665
268	-362.957295	-362.757666
1007	-235.694216	-232.606325
3226	-339.491316	-333.116729
2859	-362.909074	-362.740922
2993	-346.825502	-346.650280
3457	-324.559213	-323.867804
2143	-288.628466	-286.230472
3237	-303.553222	-304.228661
1338	-320.793141	-319.993602
2576	-306.418503	-311.777906
2913	-361.630982	-361.446494
2673	-345.652182	-345.054892
1923	-287.427777	-285.158784
3206	-346.853173	-347.377608
3222	-344.494043	-343.856722
3983	-322.115604	-269.873253
173	-396.486463	-335.816902
2419	-287.353473	-284.809579
2817	-340.641240	-339.785597
2055	-304.724717	-304.850234
1618	-345.629039	-345.611052
1783	-320.761312	-319.959170
1010	-340.666160	-340.425825
3801	-310.937414	-311.354923
3462	-272.538255	-273.050696
1769	-324.569009	-323.792184
814	-308.509272	-308.474606
3853	-271.336383	-270.479215
2925	-301.394865	-248.217296
2059	-345.674176	-345.349257
2057	-288.540318	-286.520987
3525	-340.662316	-340.037967
3094	-324.601619	-323.518232
3039	-341.851538	-342.179854
3871	-346.859809	-347.248722
2989	-287.317913	-283.993972
11	-356.688211	-362.559400
1195	-285.287913	-273.143359
1952	-344.408452	-344.639127
2064	-309.687401	-310.079015
3548	-79.764152	-85.518744
3888	-323.359825	-325.267573
2855	-268.917900	-245.544098
3102	-310.903589	-311.188871
225	-346.842403	-346.459916
2867	-361.734339	-361.789362
3629	-359.312853	-308.726416
205	-269.465281	-273.153272
1963	-325.761942	-324.539663
1394	-396.500849	-335.485088
3122	-232.329070	-236.891550
721	-185.648533	-135.110744
3902	-382.757521	-383.160849
2946	-345.649552	-346.142520
1619	-340.600021	-340.503813
2901	-318.323005	-260.555102
1472	-306.080007	-291.227545
3387	-309.727603	-310.033251
2551	-325.792606	-325.059798
49	-396.507540	-315.959210
819	-276.204532	-271.632768
2823	-309.730966	-310.129301
3342	-153.787612	-143.739922
1823	-340.656176	-339.088486
2332	-342.335241	-288.605169
541	-325.714161	-324.804900
3138	-345.651520	-345.553371
2595	-303.465315	-303.447656
3546	-233.219124	-228.458787
1454	-288.652757	-286.196070
488	-346.861837	-346.719169
1383	-344.398797	-343.583043
1073	-233.249538	-227.293573
1417	-381.586740	-379.646230
899	-321.230055	-339.221485
3320	-310.952127	-311.431952
363	-320.778723	-319.597038
769	-271.361537	-269.826535
2899	-310.930659	-311.373068
249	-306.347185	-312.506211
855	-271.614051	-269.645675
3588	-272.549011	-272.552667
1034	-356.732791	-362.190041
1578	-233.217482	-225.901556
3716	-361.720799	-361.945135
3944	-381.563295	-380.363555
3444	-289.794376	-289.121440
1540	-285.217962	-273.051780
3471	-416.384141	-416.163202
2865	-342.307696	-296.510937
2970	-339.501361	-333.806585
1227	-322.155306	-270.567403
1033	-339.482903	-332.695670
2460	-345.631797	-345.867588
830	-320.767103	-319.738089
824	-310.952875	-311.512250
301	-324.570823	-324.309179
832	-308.470270	-307.817876
3053	-490.831786	-377.302136
3412	-335.628480	-329.667505
2291	-286.514923	-288.906823
3309	-274.989422	-271.819581
2593	-321.252793	-337.482486
2884	-324.471313	-323.492664
3542	-344.409533	-344.851437
2333	-338.234590	-351.396556
229	-361.648305	-361.297753
3353	-324.514429	-323.426639
3855	-304.746925	-305.130099
737	-336.836792	-336.216955
1772	-361.717972	-362.308813
881	-234.470813	-230.502236
1563	-376.575382	-372.788464
1527	-271.621836	-269.066519
202	-226.160842	-250.273089
3842	-376.587741	-372.713019
323	-309.647349	-310.016667
2239	-346.823312	-346.747776
3232	-345.686487	-345.482919
270	-372.752005	-368.899772
126	-274.991042	-270.231907
1048	-286.495416	-290.211634
975	-357.171724	-355.889360
1375	-345.645053	-346.068852
1801	-301.335636	-243.014570
3446	-306.044918	-292.593626
2723	-324.554067	-323.519423
3469	-356.686540	-362.603714
1023	-309.663477	-310.185645
1881	-361.772040	-361.563351
300	-324.602433	-323.572579
403	-272.843742	-270.979559
1181	-323.657279	-324.446045
133	-271.642927	-269.609858
876	-325.807685	-324.903864
392	-345.637570	-345.831921
527	-324.629301	-323.782547
3511	-324.552260	-323.069012
1596	-492.022084	-490.438926
557	-312.122696	-308.009692
2112	-304.729640	-304.997539
3231	-380.446861	-377.520558
2442	-345.636611	-345.584619
2122	-348.040439	-348.143780
3288	-348.045786	-348.367940
1470	-272.542270	-272.727602
3281	-309.716743	-309.996393
3271	-454.878708	-457.394445
55	-335.683118	-330.031007
2836	-345.652670	-346.082313
13	-360.526646	-366.011498
145	-310.929561	-311.500171
125	-228.992613	-224.457911
986	-347.459586	-340.901633
1675	-271.277972	-271.308245
1059	-303.436180	-305.292036
1759	-305.906809	-306.437240
1094	-304.696023	-304.153525
193	-307.285557	-308.492743
1957	-206.721858	-161.768808
3604	-273.812100	-273.787498
1960	-345.602645	-345.207924
31	-359.310420	-303.152981
2550	-271.628346	-269.448872
1040	-268.307873	-256.633014
938	-331.411639	-336.860066
450	-235.729507	-232.543918
1050	-304.643392	-304.554944
1599	-304.689816	-304.647196
1584	-251.727102	-252.039855
719	-309.693538	-309.955940
3575	-309.736328	-310.069034
495	-342.297848	-296.249882
2541	-341.834413	-341.951277
3868	-360.526225	-364.600095
3305	-310.955141	-311.391067
2840	-284.048718	-306.403105
2558	-472.145935	-377.627267
3114	-309.692389	-310.101845
211	-357.939331	-357.798928
2079	-363.517297	-307.326013
1661	-322.148261	-274.145590
482	-272.599303	-272.998607
1803	-270.394458	-268.210045
405	-273.804251	-273.881174
1083	-309.726295	-310.034975
2277	-383.973315	-385.316447
2670	-326.934805	-326.732834
3621	-346.815715	-346.596060
2317	-308.503515	-309.120394
1248	-304.732336	-305.180167
223	-339.501781	-333.081300
3880	-357.942023	-357.731352
2693	-340.638326	-340.601742
2975	-345.579201	-345.468973
1637	-343.503600	-347.988385
1453	-309.720334	-310.163253
3005	-249.248680	-251.641687
3099	-324.530718	-323.462742
3666	-309.735874	-310.150205
2889	-341.871347	-341.674242
309	-309.718312	-310.138577
2967	-305.841708	-306.452758
2622	-346.829131	-346.801313
1774	-324.585556	-323.702122
553	-271.666055	-269.621795
3368	-308.496367	-307.921225
2131	-320.777849	-319.742487
81	-318.390876	-262.614405
281	-322.479769	-314.505321
1471	-346.857623	-346.814004
2731	-272.836211	-271.104341
391	-345.584667	-345.671840
1299	-348.043466	-348.256540
1973	-340.637231	-338.877192
1357	-375.307060	-381.476528
2434	-377.845502	-375.774243
3314	-305.846541	-306.308725
2958	-324.580268	-323.394353
2072	-344.431636	-344.210781
2620	-324.587670	-323.554806
2477	-360.539944	-365.658590
3557	-344.382663	-344.099387
3472	-340.657197	-340.721018
1102	-116.609549	-107.121758
3697	-312.119261	-309.342062
3644	-345.587398	-345.386110
1469	-324.444698	-323.220126
1382	-360.492675	-365.534804
725	-325.725266	-324.804317
2499	-376.539208	-372.872007
766	-312.133805	-309.551984
3219	-339.428557	-331.188331
1458	-288.648179	-286.379210
2602	-345.645491	-345.775664
487	-307.223588	-308.702354
2776	-313.573888	-337.480325
3393	-359.297522	-295.970922
315	-302.472397	-308.602478
3978	-282.861121	-283.028662
1014	-301.385442	-247.079501
842	-360.514766	-365.882120
3759	-270.393902	-267.225608
1069	-375.370023	-381.620666
1066	-375.344926	-384.789846
1385	-309.679840	-309.922163
619	-325.787161	-324.772746
3836	-346.833711	-346.844076
330	-286.408473	-288.961931
2218	-325.756157	-324.419923
3085	-322.130736	-277.582103
407	-287.508781	-285.665476
3159	-324.612512	-323.552102
2522	-307.545457	-305.939730
845	-40.478930	-55.859455
2115	-266.626759	-263.988062
1626	-345.619567	-345.607885
3402	-234.522504	-230.285855
1485	-309.731369	-309.920526
3574	-398.876124	-399.413491
251	-265.386781	-269.801893
771	-346.903261	-346.817483
1374	-322.175807	-272.780481
1764	-304.725676	-304.515130
688	-324.491475	-322.693340
3107	-281.504745	-274.128768
827	-303.556664	-304.478281
3664	-269.219315	-272.495591
3401	-338.175569	-356.656528
1919	-407.364323	-390.236487
931	-361.763293	-361.615432
3476	-304.737418	-305.137887
655	-325.771459	-325.001903
1116	-356.691214	-362.131008
2280	-359.345792	-304.723735
3344	-325.748658	-324.941667
1226	-195.226072	-196.582027
1671	-309.708282	-309.943023
789	-324.581906	-323.790825
3936	-326.951067	-326.438388
3139	-344.437158	-342.442134
2272	-324.528642	-323.732136
2864	-340.658990	-339.698148
2470	-309.688189	-310.139710
436	-360.521191	-365.744951
2073	-345.600119	-346.037001
1305	-319.621560	-324.600316
498	-273.791878	-273.886399
2968	-310.909942	-311.347043
964	-291.014970	-288.511526
1115	-325.773014	-325.090528
1432	-324.522792	-323.141253
3764	-308.483519	-308.787279
1854	-382.743932	-383.781741
163	-319.624414	-323.981171
680	-325.806369	-324.778376
3359	-325.733758	-324.573935
57	-345.635513	-346.765303
1354	-382.790027	-382.901721
3364	-305.057353	-251.686118
1512	-346.839595	-346.635562
3135	-272.569212	-272.745436
1134	-343.068226	-343.064726
3933	-307.569255	-307.001308
611	-248.364357	-253.458553
2374	-285.279236	-275.298742
1486	-380.373644	-375.485843
3203	-308.459279	-308.045265
398	-345.636145	-345.898085
3585	-308.497008	-308.088978
1556	-340.659506	-339.689610
644	-376.595314	-369.731093
1870	-309.686187	-310.094971
25	-309.712046	-309.962906
2113	-344.391557	-342.655868
2589	-361.718361	-362.111749
3466	-325.794624	-324.915008
556	-272.600604	-273.205009
2600	-307.237880	-307.742569
1634	-324.563073	-323.685983
2581	-234.469389	-230.872369
3273	-288.589678	-286.534924
1918	-319.573117	-324.104107
90	-327.017113	-326.539897
2960	-271.360631	-270.024188
496	-377.794221	-375.934234
911	-356.711832	-362.056149
649	-340.685408	-339.836819
3627	-323.347112	-328.313872
914	-361.707841	-361.569660
3441	-372.686714	-368.759201
3577	-361.716705	-361.409131
423	-304.694187	-304.549880
1199	-377.813742	-376.181014
146	-377.813815	-376.189019
3628	-272.509064	-273.242902
3828	-288.650589	-286.595621
3533	-232.036378	-230.524617
1149	-325.796862	-324.754808
3018	-345.638117	-345.811522
1295	-346.829652	-346.802457
3730	-291.017996	-288.276617
3110	-236.917458	-231.195086
3127	-327.010419	-326.738676
379	-391.337881	-391.891907
1574	-245.997884	-241.828139
189	-322.167165	-270.105476
1741	-345.629842	-345.622586
1379	-325.731549	-324.871965
175	-361.754326	-361.377736
1927	-361.739999	-361.362595
1334	-273.765782	-273.858173
3603	-326.952955	-326.817858
741	-344.434318	-343.770777
2042	-232.364952	-237.283290
422	-288.692943	-286.392403
1827	-343.492484	-347.962858
2364	-360.507160	-364.912808
2264	-346.831590	-346.695225
2476	-346.865438	-346.787035
3384	-357.949026	-357.194943
337	-312.123120	-309.544379
3509	-288.685117	-286.484419
3221	-308.477915	-307.770097
3356	-270.447268	-267.336887
29	-344.425700	-344.547167
1979	-308.462923	-307.913679
2856	-376.586976	-373.293075
1555	-324.529724	-323.742556
1703	-286.154755	-288.470582
2261	-233.260156	-229.434327
560	-344.385047	-344.759143
1994	-383.983835	-382.969069
836	-324.606601	-323.651048
1036	-340.609236	-340.343599
292	-308.517192	-308.255041
2114	-307.528446	-305.470151
2289	-325.766945	-325.139230
2831	-356.723059	-362.417706
1725	-360.495137	-366.542334
651	-232.334436	-235.456928
2099	-288.573876	-286.015010
1586	-272.837559	-271.427510
294	-308.506421	-307.947458
263	-341.853650	-341.801012
2779	-381.606362	-379.384366
2403	-326.955365	-326.571622
1552	-346.865957	-346.763933
137	-287.440932	-283.563665
1022	-310.902683	-311.347898
446	-305.831164	-306.279202
2714	-398.878264	-398.439290
3106	-273.735646	-273.823685
783	-273.806375	-273.872539
2245	-308.434866	-307.553032
932	-361.764881	-362.369924
701	-265.396194	-269.104554
2866	-344.431605	-343.461354
2307	-346.859945	-346.465076
3403	-339.424322	-330.948472
748	-324.572987	-323.446529
2694	-317.396153	-341.324167
2768	-340.690205	-339.675410
2146	-310.932540	-311.313352
838	-361.709679	-361.678031
2845	-307.602080	-306.748298
1489	-266.777425	-261.847651
917	-323.320690	-326.990442
1156	-154.972731	-158.211124
454	-265.283843	-271.850067
1795	-356.736238	-362.163199
1525	-345.608193	-345.541939
1932	-310.911279	-311.427679
575	-272.582834	-273.077992
1270	-307.571937	-305.560130
2634	-326.927446	-326.649159
1384	-361.755719	-361.207111
3578	-286.432515	-289.374620
2533	-265.438520	-269.467343
1787	-325.795649	-324.430577
342	-323.351196	-324.699274
2432	-274.987245	-270.519787
2260	-271.351786	-270.449245
2156	-346.827596	-346.675768
3991	-372.765028	-368.681110
2657	-308.451299	-308.800802
2390	-270.097243	-272.323444
3676	-346.840522	-346.714086
2966	-308.428791	-308.462518
2607	-275.007113	-270.361445
872	-309.711438	-310.037674
231	-346.860243	-346.540080
3619	-325.779372	-324.959733
2326	-320.768781	-320.044276
3482	-281.480993	-268.572745
2526	-340.601771	-340.485276
1135	-310.903412	-311.421394
1047	-346.836177	-346.761868
1901	-362.946498	-362.989912
3051	-192.736096	-200.012054
926	-345.680086	-345.289383
2937	-324.573883	-323.529951
1202	-361.725394	-361.167354
2058	-356.710498	-362.113597
3534	-320.785748	-319.503266
2991	-272.841336	-271.516546
2824	-304.720708	-304.238944
3020	-287.430903	-284.748265
2552	-340.624424	-339.058425
699	-307.243079	-308.177479
3195	-274.982322	-271.211929
1694	-273.743311	-273.852022
2360	-340.636727	-339.353853
577	-343.087962	-343.385650
930	-346.898838	-346.904764
1389	-272.510742	-273.312326
1841	-325.788368	-324.509760
633	-325.759393	-325.039103
2733	-310.940764	-311.349007
3307	-318.647923	-309.950023
3327	-348.059242	-348.518479
3386	-309.684862	-310.014304
239	-270.446608	-267.213767
10	-344.512001	-343.387043
1657	-338.273162	-354.167771
2385	-310.911571	-311.387468
283	-355.460155	-293.193517
2530	-345.673444	-345.059085
3130	-270.427802	-266.977916
2629	-356.679047	-361.771554
1647	-343.242553	-335.883106
3390	-309.736085	-310.050817
371	-380.374978	-376.521911
3374	-324.551244	-324.093144
2587	-376.609234	-373.667589
2697	-360.495788	-366.005399
3190	-232.325947	-235.756576
1409	-285.282853	-273.269247
1474	-340.654517	-340.033502
1285	-346.860450	-346.486511
1484	-273.817328	-273.811581
3718	-195.186772	-197.769719
3829	-323.654114	-323.769685
1688	-324.567893	-323.583281
1691	-272.595294	-272.849251
88	-345.655534	-346.226835
3887	-242.196351	-238.495993
873	-273.763068	-273.624641
1459	-306.320451	-312.288950
1767	-285.277900	-270.978632
2500	-286.498235	-287.622216
1179	-343.195060	-335.343663
2914	-270.422403	-268.308940
1856	-321.958301	-320.578249
3960	-336.825944	-336.024657
411	-397.680771	-401.764804
895	-356.728690	-362.142390
928	-345.665412	-345.896271
2313	-312.122262	-309.121905
1405	-361.711854	-361.098381
2184	-360.501473	-364.583884
210	-362.938898	-362.947180
3380	-345.606939	-345.221897
2330	-287.681216	-286.127814
2015	-308.518276	-307.709512
269	-325.729080	-324.699442
3646	-305.130313	-253.663417
2806	-234.476081	-230.297465
3171	-345.599912	-345.148098
1492	-310.927319	-311.453026
2998	-246.027383	-241.494807
132	-308.469258	-308.766948
2373	-302.564379	-307.329020
1831	-323.386306	-326.351606
1931	-310.900102	-311.298126
2257	-307.238509	-308.866977
1191	-360.510716	-364.745449
2891	-308.511094	-307.541810
1987	-325.775071	-325.088770
580	-360.537290	-366.107432
1398	-234.469383	-230.503004
1866	-310.940708	-311.118973
923	-322.135797	-266.255249
924	-324.528533	-323.772396
1836	-268.273739	-259.727087
3835	-309.693085	-309.956333
747	-359.350089	-305.078999
41	-345.649146	-345.789810
697	-340.621200	-339.372672
3324	-345.641848	-346.600968
2002	-286.504040	-288.603373
1399	-341.826906	-342.039769
2519	-323.585680	-324.534772
2933	-360.538112	-364.757689
1982	-345.609374	-345.495867
1217	-325.773675	-324.676665
3498	-381.585231	-379.561557
2448	-346.833271	-347.309373
2455	-344.431301	-345.050032
2478	-339.450173	-329.409452
997	-361.688335	-361.837041
591	-325.760915	-325.050446
2392	-272.551442	-273.076858
3117	-346.824942	-347.113626
3178	-345.605421	-345.836625
620	-346.820834	-346.514220
2547	-323.328581	-326.475232
2367	-361.723620	-362.356587
1058	-324.585402	-323.396896
1416	-308.514570	-309.066684
1092	-360.552974	-365.561398
3489	-308.508824	-308.529741
3916	-273.810780	-273.869899
3362	-345.632413	-345.210556
345	-309.704732	-309.982658
516	-312.134532	-310.659940
2980	-274.983908	-270.627885
252	-305.913756	-306.451583
1057	-391.518453	-380.290551
1241	-345.608395	-345.435068
869	-327.026488	-326.310020
2524	-392.642251	-316.939718
1523	-340.646229	-340.524983
762	-346.863396	-346.524762
187	-341.842120	-342.217250
1745	-264.171923	-201.999197
209	-308.493663	-308.575575
786	-307.544728	-306.132606
1061	-343.531666	-348.732974
2266	-289.766576	-288.620380
3464	-234.470922	-230.587722
102	-307.230370	-308.007045
2775	-382.812383	-382.754615
730	-336.821088	-335.942656
304	-322.464725	-315.602979
3766	-344.436564	-342.695241
1072	-272.554773	-272.493983
901	-270.446915	-267.835765
2325	-273.732431	-274.010858
2435	-229.013797	-224.930110
2200	-344.426799	-344.928882
774	-395.551843	-393.858081
1779	-288.583563	-286.207761
3890	-341.849730	-342.028593
295	-320.770299	-319.594467
1318	-310.897519	-311.455389
1143	-367.635675	-383.796318
554	-340.688787	-339.895031
1608	-361.758032	-362.068789
3896	-307.280331	-309.679828
2656	-376.622509	-373.451601
2301	-324.616647	-323.371850
2040	-317.409527	-339.569162
1747	-360.559076	-365.959816
1679	-288.576381	-286.140874
3901	-346.822424	-346.776643
3060	-270.441145	-268.194872
1234	-325.796704	-324.804475
3486	-437.484875	-25.941312
3632	-340.612805	-340.579700
3497	-392.627857	-318.283732
390	-306.070291	-289.297882
2045	-324.495988	-322.308191
394	-344.385642	-345.942154
2216	-308.505718	-308.784469
1715	-286.486570	-289.357754
776	-325.781815	-324.568774
2640	-398.880824	-398.482079
3840	-309.681264	-310.049859
2256	-303.503801	-304.419849
2065	-340.537496	-340.778437
589	-340.604189	-339.442129
2025	-249.363808	-253.568675
3775	-324.576188	-323.869407
3032	-360.508895	-364.581118
68	-286.519735	-288.484192
3229	-271.614305	-269.819159
1696	-320.785074	-319.817124
1125	-285.292217	-277.705767
2494	-274.984732	-271.280396
1252	-301.395982	-248.448336
1220	-325.800532	-324.448574
244	-346.835129	-346.804415
1449	-308.507220	-308.986542
3084	-325.781161	-324.980924
1606	-308.462382	-308.009100
1433	-325.729800	-324.750949
1342	-361.712098	-361.361547
3204	-306.313706	-309.328704
1886	-302.286171	-293.211223
698	-274.985880	-270.772524
123	-269.263476	-273.787330
2567	-320.795216	-319.502584
1483	-309.723988	-310.160212
346	-307.586014	-305.938886
3443	-346.866543	-347.039163
3605	-372.755216	-369.208743
264	-339.450073	-333.803561
2614	-232.164586	-231.071702
3741	-169.860788	-161.657865
1808	-356.676972	-361.846429
3105	-346.821661	-347.498170
2761	-309.696507	-310.021686
1597	-336.805704	-336.499809
400	-376.570473	-372.388011
3376	-273.775510	-273.521816
996	-307.544316	-306.190012
2511	-250.500016	-248.163773
3529	-341.843027	-341.964664
1985	-339.481708	-331.782729
1752	-296.265627	-293.918771
1229	-288.582662	-286.437090
287	-307.560718	-306.614561
2094	-325.812885	-324.977706
572	-356.752533	-362.360326
2288	-345.612787	-345.957002
1635	-360.520081	-366.144196
3518	-340.655390	-340.239017
1130	-346.826923	-346.887021
2274	-308.463553	-307.672332
1674	-360.499243	-366.401932
713	-308.484017	-308.101761
3253	-281.476938	-273.761969
3658	-309.682445	-310.021514
3612	-309.738513	-310.088385
242	-340.623533	-340.708922
3762	-351.646368	-291.149242
3128	-341.867138	-341.809682
2357	-325.754267	-324.845034
2586	-191.810916	-184.438577
2932	-285.320198	-275.277780
154	-324.538764	-323.460908
3523	-325.728070	-324.896192
2070	-114.483613	-87.796567
2934	-324.462733	-323.315557
424	-309.717380	-309.917990
894	-338.247875	-354.254152
2988	-310.923406	-311.555547
1015	-344.454928	-343.658626
2917	-267.068488	-283.564075
1762	-361.755551	-361.628073
425	-289.769718	-287.171030
3147	-338.530072	-278.686133
3367	-269.216969	-269.875465
835	-320.740782	-319.760149
139	-338.257996	-353.493395
3164	-344.379764	-343.779954
2637	-325.687098	-324.917217
3843	-309.717869	-310.241979
3972	-359.339915	-303.497890
278	-397.667072	-401.970575
2453	-268.273240	-253.206074
1172	-357.927353	-357.638089
2279	-309.711101	-309.979648
246	-313.537245	-338.642421
1868	-326.949224	-326.747669
3947	-382.782251	-383.838399
3614	-288.627505	-286.090739
2353	-281.504579	-272.145782
3985	-324.548763	-323.436064
340	-273.789697	-273.806333
1967	-288.573475	-286.343351
2985	-304.745635	-304.906302
2709	-345.632155	-346.442303
3	-346.838279	-346.648557
1505	-308.487195	-307.966485
886	-304.728323	-304.608555
806	-308.768073	-307.830174
3740	-356.684693	-361.758500
2007	-308.499105	-308.185955
494	-345.611057	-345.539670
497	-287.470402	-285.327511
1564	-288.555332	-286.121947
3623	-341.892484	-342.221593
321	-324.604397	-323.629524
2615	-360.501085	-365.007486
739	-309.678703	-310.263179
40	-344.338878	-343.982446
2800	-287.478272	-285.143608
2747	-301.332569	-244.223678
3898	-356.700248	-361.578952
2826	-308.764658	-308.228863
3881	-357.951284	-357.153627
1557	-322.456250	-310.804845
1539	-382.755486	-384.072057
2242	-362.870426	-362.294088
64	-362.945802	-362.726476
2746	-247.190194	-179.105424
973	-325.790444	-324.952862
3566	-325.830752	-324.845106
942	-325.715957	-324.885449
1090	-272.500426	-273.066454
1330	-324.575010	-323.976757
934	-345.650323	-345.678172
1197	-308.462932	-308.050719
3156	-362.941094	-362.902846
1573	-233.255259	-227.694119
2253	-325.818163	-325.089947
825	-340.536374	-340.606501
3984	-344.418857	-344.327833
907	-381.607752	-379.506190
273	-323.312375	-329.199781
1447	-469.758395	-447.730405
3696	-308.474441	-309.252092
588	-309.684571	-310.207827
42	-376.564691	-372.405156
3377	-360.549337	-365.216332
2132	-377.826580	-375.952815
2659	-324.461004	-323.166837
2393	-324.608961	-324.021578
3036	-310.907823	-311.282900
3042	-269.468415	-274.091148
2962	-309.686114	-310.010791
3119	-301.090914	-314.397968
1936	-360.564423	-365.816092
3508	-309.675176	-310.383099
3857	-340.686134	-339.780983
960	-310.940611	-311.212537
481	-307.573371	-307.135346
1117	-345.566120	-344.877854
2553	-302.545562	-304.662848
2296	-309.691365	-309.979213
602	-275.010289	-271.655795
1878	-346.819711	-346.643299
3437	-288.585212	-286.857902
1869	-269.207716	-271.789138
3729	-376.562796	-373.093301
1112	-287.644079	-286.599604
624	-312.119017	-309.770201
3155	-376.605641	-372.658793
1651	-273.809498	-273.932291
3067	-271.304881	-270.640118
2157	-309.686797	-310.027486
1163	-397.709232	-402.759993
336	-308.524858	-307.921537
3125	-308.510840	-307.971723
3063	-317.413890	-342.053800
2973	-324.604156	-323.695336
1822	-344.395150	-343.238806
2162	-340.613712	-341.251674
3753	-271.652242	-269.421489
1711	-345.611239	-345.533202
3929	-321.233569	-339.519520
3035	-344.404557	-344.703501
431	-361.712798	-361.135947
1506	-339.437849	-331.765575
2101	-361.717364	-362.127158
1811	-346.855968	-346.485962
3783	-310.912792	-311.447765
3516	-324.634527	-323.671981
3445	-286.508374	-289.086575
387	-268.248806	-255.099551
3832	-346.836423	-346.778033
2368	-325.804686	-324.514595
797	-278.075775	-275.592300
850	-271.623957	-269.629034
2014	-371.537915	-383.476602
1819	-249.292101	-249.612413
2938	-346.875201	-347.003231
3225	-362.875945	-361.626289
3752	-345.686524	-346.674602
3050	-303.940271	-297.397119
1495	-286.516879	-287.203838
2848	-339.419688	-330.428276
3876	-304.574737	-304.442996
849	-360.532987	-366.152117
453	-375.430225	-378.321142
2451	-359.328735	-309.767781
2428	-309.682996	-310.252530
3098	-345.658421	-345.119465
2068	-308.471269	-307.663214
987	-273.765811	-273.850234
409	-306.383308	-310.723162
121	-361.711483	-361.470790
1272	-308.486687	-308.776157
44	-309.735489	-310.235469
3709	-340.613243	-340.392467
3640	-309.692577	-309.970703
1021	-232.328175	-236.600385
1569	-234.503085	-230.415080
397	-288.630839	-286.039325
3720	-308.561301	-308.454898
1096	-309.689595	-309.961587
3499	-309.702237	-309.850263
2265	-360.469291	-365.890666
1442	-308.465594	-307.687851
3243	-377.816466	-375.828547
100	-361.702143	-361.724090
2521	-361.728609	-361.918821
3800	-346.862839	-346.620830
1929	-324.551800	-323.165931
1256	-312.119596	-309.371586
2897	-346.825923	-346.846681
2808	-340.646073	-340.447671
3470	-416.814878	-418.555131
3339	-356.699649	-362.094330
2849	-355.442748	-296.628658
3952	-269.175627	-274.380352
1615	-287.344000	-285.110161
1712	-345.612640	-346.007848
1852	-309.685790	-310.167765
2409	-324.595526	-323.509908
1976	-346.831692	-346.880888
1410	-273.759553	-273.778825
2835	-362.925466	-362.782272
203	-340.663148	-339.984399
586	-376.582598	-373.253342
1802	-361.715983	-361.820778
3905	-395.515911	-394.166536
1723	-307.290176	-308.576953
1424	-212.438188	-208.193456
236	-325.758113	-324.979853
2796	-345.678871	-346.485349
1984	-287.441165	-284.753163
3325	-341.836362	-341.836638
1668	-344.433140	-343.341901
2415	-340.676441	-340.052037
3607	-325.801523	-324.823601
1171	-325.721867	-324.924756
3488	-340.672417	-340.423805
190	-354.290746	-352.139447
2924	-348.045292	-348.250129
1890	-371.608385	-377.005903
212	-324.605613	-323.597531
2498	-288.539500	-286.093114
172	-282.667163	-285.067660
2355	-336.816043	-335.599437
186	-340.606711	-340.449546
3822	-309.665941	-310.053920
3411	-286.134060	-286.668511
558	-344.464151	-343.616234
609	-377.817369	-376.462819
648	-287.422111	-285.391553
2664	-348.047695	-348.272871
2191	-359.317050	-300.801169
1070	-361.752301	-362.004015
822	-336.845442	-335.855133
1956	-308.461475	-307.573645
2153	-309.673226	-309.935054
1250	-309.686189	-309.952935
3024	-251.729571	-251.943348
2895	-273.764673	-273.777026
1522	-324.485746	-323.538275
341	-273.735711	-273.941187
3037	-288.567911	-286.352785
63	-287.377993	-285.114187
813	-361.733052	-361.743467
2061	-345.638357	-346.029267
1551	-324.575851	-323.649332
3660	-288.651313	-286.701109
469	-325.775843	-324.703916
868	-312.124574	-308.755759
758	-307.574899	-305.824461
2782	-340.664407	-340.510837
992	-377.811306	-375.729042
3153	-340.622406	-340.130645
1463	-362.938449	-363.067399
2952	-308.511290	-307.955707
357	-307.245430	-307.175884
1648	-345.660642	-345.872730
3549	-323.437779	-328.894108
1312	-381.612501	-379.443399
2401	-263.280728	-282.951659
3504	-308.561061	-309.108951
3484	-341.890999	-342.402160
2605	-346.869041	-346.825880
373	-379.522177	-384.463222
2868	-270.407057	-268.275396
3808	-345.614760	-345.933164
1027	-360.529992	-364.485844
1328	-376.531779	-372.862790
581	-287.683128	-287.315750
2461	-269.170508	-273.592647
2165	-319.567241	-324.395948
3311	-344.433172	-343.137232
733	-345.660927	-345.728659
3337	-286.438448	-289.215140
2517	-308.462063	-308.025362
2829	-340.622886	-339.640070
2247	-348.046805	-348.205844
380	-307.581989	-306.563782
2828	-232.030352	-231.268540
3184	-308.439671	-308.278058
2312	-344.416076	-344.540950
590	-346.857871	-346.677493
1224	-308.420805	-307.925836
910	-270.384937	-268.425248
33	-264.504487	-254.552856
1005	-273.786179	-273.978272
248	-339.489875	-332.928251
2789	-340.629283	-340.223220
3893	-341.097446	-338.295678
1011	-310.942660	-311.497289
3606	-310.906553	-311.388784
2213	-287.433999	-284.621480
2318	-348.039301	-348.089340
1303	-345.676156	-345.933440
3186	-346.829695	-346.594003
1056	-271.618179	-269.676821
2672	-355.556836	-295.786718
2426	-340.650391	-340.099779
1847	-325.753767	-324.547545
2369	-273.760271	-273.893572
2598	-308.508949	-307.961519
2996	-324.566568	-322.841055
3693	-273.779498	-273.950011
3420	-306.358581	-312.276144
883	-340.647778	-340.340306
1995	-362.946041	-362.705817
2104	-379.006904	-377.346089
2125	-310.908354	-311.559317
2484	-344.359905	-343.957757
3707	-271.620156	-269.545616
3358	-326.934987	-326.613634
3565	-286.474509	-290.051664
1972	-233.542445	-231.378204
1041	-371.504707	-382.176890
3940	-308.464824	-308.746875
812	-308.509197	-308.494784
1451	-348.052763	-348.037698
3938	-345.645388	-345.011657
2978	-340.669862	-339.012549
988	-341.827199	-342.867010
2577	-381.600777	-379.726936
1198	-308.449457	-308.693550
3812	-271.623066	-269.499635
3459	-346.831382	-346.653112
3957	-307.291354	-308.934215
2758	-309.696640	-310.089242
3987	-324.506120	-322.920503
3429	-274.987297	-270.933601
2236	-235.698987	-232.445162
535	-248.416462	-252.655683
374	-372.796889	-368.734396
596	-325.754527	-324.978767
3792	-360.525610	-365.738884
3851	-326.998454	-326.578551
143	-302.355005	-290.847114
2255	-360.513163	-365.563657
1892	-382.805933	-383.197360
1152	-308.448572	-308.812820
1629	-272.526778	-273.107229
518	-289.791234	-288.376438
3923	-309.737951	-310.189292
3821	-308.427345	-308.405444
1128	-361.695007	-361.490135
1170	-310.895183	-311.258571
2235	-318.409670	-264.550874
3597	-360.539435	-365.669274
537	-361.731930	-361.920905
3678	-285.255880	-274.369394
2648	-325.728744	-324.807579
94	-362.955075	-362.711368
2370	-360.496984	-366.740608
3551	-345.646761	-345.886518
2297	-322.412936	-315.354520
2623	-235.700285	-232.340721
1101	-307.244627	-309.811777
1530	-272.549380	-273.157040
67	-172.006141	-176.502644
752	-324.557693	-323.834700
3006	-308.470648	-307.669938
2362	-305.134491	-254.396882
3581	-319.540355	-324.621350
1455	-381.570969	-380.481438
550	-319.568017	-322.481720
457	-380.372151	-377.571971
1320	-340.656628	-340.319576
2636	-306.112153	-296.642790
2544	-381.632480	-379.937973
532	-344.369744	-343.786771
2036	-309.733888	-310.098162
976	-382.776658	-384.024744
1182	-304.738393	-304.576100
3416	-320.770681	-320.038352
1721	-339.479764	-332.154575
2361	-304.727460	-305.360502
1756	-326.935440	-326.537648
3197	-309.714859	-310.008536
1364	-267.963366	-207.606788
2787	-324.505365	-323.345977
1533	-309.671865	-310.033201
1727	-324.606977	-323.729561
595	-340.652012	-339.513657
1775	-306.353871	-312.123049
1742	-288.583008	-285.980428
2606	-323.344105	-326.811565
2942	-325.778444	-325.098085
3143	-286.432042	-290.480897
1196	-346.840727	-346.756454
1840	-360.536972	-366.017800
1716	-325.784331	-324.899560
3065	-344.486202	-343.586428
1642	-344.345376	-344.626710
3302	-324.577047	-323.398895
3313	-360.526364	-364.456329
355	-273.761263	-273.935701
3814	-361.745554	-361.382703
3524	-308.455477	-308.720136
1765	-285.335887	-275.145423
1566	-380.438011	-376.824365
864	-323.337623	-328.924401
331	-309.734363	-310.028836
298	-377.795528	-375.499771
1000	-339.452428	-332.718762
54	-195.186228	-200.028666
2882	-322.444150	-317.505525
920	-281.489179	-272.300562
3955	-323.391458	-328.481225
3161	-309.678595	-309.888043
52	-345.627428	-346.916114
659	-326.976670	-326.653634
2290	-343.224836	-332.654863
1194	-381.612648	-379.894299
2020	-272.514099	-273.237071
3633	-380.412093	-375.439020
3858	-308.459001	-307.828456
2447	-323.330261	-327.195384
1751	-339.469166	-332.095893
664	-335.632054	-325.814698
1673	-309.733829	-310.036042
1614	-325.736331	-324.838090
3586	-287.506415	-285.550684
1253	-312.126356	-310.216929
1042	-305.904676	-306.445789
2271	-310.916474	-311.554147
726	-346.870614	-346.979840
5	-351.628383	-292.041120
3656	-310.918831	-311.406924
667	-360.533083	-365.052169
880	-345.648463	-345.066711
983	-341.851447	-341.755285
1906	-324.613156	-323.688685
2726	-324.475651	-323.416226
2183	-339.459869	-333.489519
970	-310.911364	-311.477442
2748	-321.271406	-339.836754
56	-345.599154	-345.678547
2887	-345.641890	-345.638091
1601	-345.646864	-345.978290
952	-325.717725	-324.868043
112	-340.648166	-340.601772
1278	-362.942040	-363.021251
1353	-359.297643	-299.288187
480	-325.760797	-324.738186
2708	-308.512758	-308.057822
327	-324.607903	-323.439899
2444	-318.641916	-311.051853
87	-490.834069	-367.255442
3867	-356.726146	-361.998946
593	-303.525517	-304.310562
2939	-352.864008	-357.655102
2965	-344.689237	-345.060295
3943	-376.602183	-373.044614
1350	-343.076530	-342.995284
3365	-396.458774	-317.154040
3662	-360.469577	-365.862424
2619	-326.939536	-326.707759
3351	-285.306999	-275.554530
1012	-266.609146	-263.798673
406	-359.295180	-308.832110
1981	-306.313924	-313.395086
691	-361.734668	-361.776248
738	-324.592221	-324.045334
2467	-325.805017	-324.472022
1257	-346.855622	-346.791918
3782	-262.035127	-260.582051
2116	-340.646768	-340.586175
684	-361.753989	-362.322590
1700	-320.782427	-319.714180
3175	-309.649998	-310.066551
1968	-324.538807	-323.868828
375	-346.857432	-346.554098
3830	-346.817778	-346.576515
2276	-309.679242	-310.059867
2117	-346.839895	-346.785351
3283	-287.404397	-283.829856
3514	-340.654233	-340.490971
1477	-303.462312	-305.141385
2784	-273.803873	-273.818279
113	-360.478880	-365.367919
3198	-288.680991	-286.517990
466	-382.782183	-383.725299
1366	-345.633122	-345.361621
2078	-324.575989	-323.556594
3378	-325.831718	-324.933510
816	-356.748545	-362.494169
2935	-297.516418	-239.678101
989	-272.839582	-271.360913
2120	-381.630205	-379.853713
1646	-340.684749	-340.517712
3049	-324.610004	-323.875445
2487	-361.694757	-361.704029
1508	-308.462196	-308.091073
597	-309.683901	-310.023543
1503	-327.014214	-326.654340
1307	-303.460433	-305.095660
1193	-324.550139	-323.416460
2956	-360.528914	-365.967238
1974	-345.655745	-345.604680
167	-310.912077	-311.403323
1279	-377.837977	-376.219170
1065	-360.485823	-366.373948
2263	-274.983122	-270.428951
857	-245.711897	-243.549316
2381	-346.856604	-346.668259
1254	-325.753541	-324.889979
1859	-324.577613	-323.050309
3023	-323.343769	-325.143866
3894	-322.469844	-312.118083
2493	-346.822460	-347.187398
807	-340.681309	-339.898117
2105	-335.635972	-330.031269
438	-381.565482	-379.479238
2834	-325.699665	-324.663765
1188	-306.054267	-288.857398
504	-356.680129	-362.663903
3758	-272.557350	-272.985955
2590	-340.650928	-339.465592
625	-308.514390	-308.738573
3647	-325.794522	-324.991188
3058	-247.214450	-181.819956
1386	-362.967171	-362.830674
2085	-309.695312	-309.954037
919	-272.589999	-272.976608
3797	-376.587519	-370.974570
1108	-341.839596	-342.447116
503	-355.514134	-294.849860
1689	-336.823026	-335.392906
1933	-270.396100	-267.577763
618	-308.467888	-308.132533
2632	-306.344083	-312.657520
3310	-309.721850	-310.083055
2805	-272.587161	-272.927251
161	-285.276468	-272.192151
3132	-309.670613	-309.937372
388	-340.594424	-340.719764
2832	-250.585843	-248.760475
3426	-307.387663	-308.048871
2375	-360.564233	-365.692754
51	-283.168740	-280.836379
2833	-248.375248	-252.820211
3863	-346.804974	-346.641342
2222	-340.678668	-340.031390
1425	-288.648476	-286.282675
3072	-340.671263	-340.213242
1150	-308.551121	-307.516444
2043	-344.484341	-343.644733
1175	-361.742598	-361.630480
271	-361.759779	-361.124910
1491	-344.421383	-343.349415
1587	-322.133444	-263.242132
3738	-274.982053	-271.120634
366	-324.576206	-323.661775
2416	-344.406447	-344.265773
756	-325.798888	-324.878832
1401	-307.265351	-308.948463
844	-324.606050	-323.687593
1600	-249.301818	-253.795365
3966	-376.570141	-374.177433
2837	-325.730097	-324.762218
1864	-312.133063	-309.923039
3687	-325.793945	-324.709539
2957	-323.644468	-323.946026
3953	-325.792503	-324.308694
999	-308.512721	-308.608092
1212	-304.733723	-305.268088
3297	-360.526636	-365.046192
208	-270.399081	-268.095029
542	-382.793238	-383.734722
196	-341.759398	-341.442411
2472	-209.159302	-229.923295
2712	-274.985024	-271.297332
736	-325.799293	-324.516057
2106	-286.476486	-289.127113
1971	-362.906662	-362.802129
201	-308.561649	-308.822309
3631	-303.560350	-304.052998
1935	-361.677841	-361.467342
3861	-234.486176	-230.511501
2244	-414.351653	-423.633767
2588	-376.538277	-372.181357
238	-233.253760	-227.375630
1423	-344.413850	-344.210451
1667	-323.323781	-327.171795
1761	-376.622507	-372.239484
1222	-325.805865	-324.555555
382	-344.494711	-343.434458
3465	-324.548021	-323.864074
1625	-320.776082	-319.722569
258	-371.546126	-381.974544
2038	-348.056093	-348.384604
615	-345.676743	-345.886079
2660	-307.582044	-306.236889
3899	-337.265273	-334.093015
3555	-360.547370	-365.796335
1955	-339.498757	-333.635163
2964	-362.945907	-362.807193
1684	-320.783029	-319.613962
1456	-308.496384	-307.842630
2097	-345.639692	-346.062689
2134	-344.433965	-344.665453
1559	-380.372123	-375.818605
1605	-345.703157	-346.474254
1381	-303.795699	-302.873644
3145	-324.570872	-323.416966
1549	-340.689515	-339.709839
1922	-248.132701	-228.519328
2450	-312.124760	-309.310861
2054	-302.588564	-307.802229
3737	-361.714817	-361.721594
3638	-306.320806	-309.399312
2003	-324.579943	-323.771416
3779	-308.476903	-307.933786
12	-377.816587	-376.006311
877	-359.317823	-296.622443
2769	-376.563238	-372.199378
2906	-340.657508	-340.404364
598	-193.088340	-109.303943
674	-346.879260	-347.166476
3639	-345.680996	-346.233043
3734	-326.940196	-326.377848
2389	-361.728546	-361.335894
2701	-326.942959	-326.462872
874	-271.611192	-269.518904
347	-309.687405	-310.076011
2649	-381.581036	-380.174524
3287	-271.458576	-271.171970
455	-340.664551	-339.671158
3922	-270.394284	-267.413275
3187	-272.591906	-273.290049
222	-412.548009	-414.375126
2754	-309.674575	-310.130481
3580	-345.661657	-345.926311
3515	-346.852204	-346.532825
2994	-345.597078	-345.160901
477	-265.399968	-269.087913
722	-310.935212	-311.595387
1501	-288.653529	-286.634986
414	-192.762455	-200.481007
3180	-323.669200	-323.460872
1239	-356.710448	-362.558632
3428	-288.564752	-286.208220
804	-248.395289	-253.372873
1594	-323.433551	-328.481532
1309	-287.723848	-287.402491
2674	-342.352279	-280.361936
692	-362.917261	-362.848990
1325	-356.758284	-362.260382
2879	-265.401151	-268.874761
16	-273.806874	-273.804146
683	-348.060054	-348.142345
2258	-303.453218	-304.242384
3238	-340.667053	-340.336941
543	-310.937295	-311.402429
1851	-361.717868	-361.812232
3056	-269.180682	-273.645399
3784	-344.450127	-343.851493
1528	-360.446475	-365.660632
2339	-326.954728	-326.733774
37	-381.587333	-379.672153
705	-362.953848	-362.457100
1051	-346.860404	-347.636190
3959	-305.831035	-306.259527
657	-270.392759	-267.432801
2306	-287.354343	-285.034596
3811	-274.982348	-271.010520
3481	-357.941534	-357.772017
509	-307.238995	-306.188057
3259	-359.368793	-294.433803
2827	-345.615042	-345.054301
1546	-318.321510	-261.069342
1344	-341.767606	-341.208371
604	-320.777491	-319.573820
3833	-324.559324	-323.595391
3920	-319.574905	-324.488349
218	-285.311823	-276.878557
3620	-359.351415	-300.149087
1363	-355.525451	-299.785100
204	-287.353313	-285.155506
61	-308.462933	-308.273972
1829	-382.804482	-383.442219
1912	-310.915653	-311.401898
643	-345.663386	-345.934013
2853	-325.794835	-324.563830
2905	-307.206439	-308.724634
256	-308.741915	-308.526524
2734	-309.719592	-310.041867
3520	-325.752207	-324.607104
462	-234.474088	-229.887168
3490	-359.315205	-298.244838
2243	-340.673964	-339.931947
2819	-360.551444	-365.998042
2005	-305.155985	-250.334521
1144	-264.255612	-203.529818
1834	-381.615289	-380.104610
3479	-265.289023	-271.404840
663	-323.347275	-326.058285
322	-346.832352	-346.680595
2203	-310.911529	-311.387494
447	-271.627826	-269.531085
3338	-308.466631	-308.220367
1980	-345.680616	-345.735490
2053	-320.769272	-319.724615
228	-346.859384	-347.003662
1158	-268.251114	-256.422225
2617	-248.151318	-223.514177
2178	-339.455981	-334.226775
909	-325.789320	-325.073909
514	-309.685045	-310.018169
2963	-287.651399	-286.704600
2911	-289.871661	-288.315195
3315	-269.176979	-272.698829
1805	-344.380468	-344.515628
1631	-345.642285	-345.147142
2195	-289.873479	-288.226346
1378	-346.867789	-347.130803
2080	-325.793131	-325.089030
2262	-325.780603	-324.663220
3682	-291.017820	-287.938893
2458	-361.683558	-361.480441
2394	-355.446449	-293.449567
2449	-341.841190	-341.381177
2149	-341.878745	-341.617703
1873	-346.842529	-346.784098
519	-309.687078	-310.310178
908	-310.911406	-311.341423
291	-304.683134	-304.374761
448	-346.831139	-346.938531
1356	-271.372094	-269.942931
984	-248.443503	-252.207810
2990	-376.661483	-372.287703
3613	-308.483617	-309.070502
353	-197.632222	-194.892946
3019	-301.357437	-247.589051
2091	-346.904050	-346.669846
1460	-309.684108	-309.940925
1348	-309.683859	-310.026288
1046	-271.618580	-269.472976
2324	-346.831385	-346.601647
3480	-286.460642	-288.842543
2060	-362.945811	-363.000205
3052	-291.017787	-287.645530
3579	-356.677429	-362.266043
1895	-324.551432	-323.700418
2164	-304.744503	-305.373226
2915	-344.371144	-343.850894
3348	-304.715963	-304.234963
1991	-285.282532	-275.187081
1269	-307.563525	-305.417424
2196	-338.559964	-279.066331
1284	-320.761539	-319.732726
1857	-307.540766	-307.238207
1291	-285.276634	-271.224752
2062	-303.437471	-305.368858
182	-324.474954	-323.204471
3724	-324.573480	-323.669838
2144	-324.574829	-323.766424
563	-345.644179	-344.754543
2940	-339.418028	-331.833989
1610	-196.406419	-198.390203
2490	-343.078368	-343.055410
2437	-356.692640	-362.392100
262	-345.647032	-345.306838
2128	-308.504896	-307.653187
740	-344.452972	-343.767425
1293	-271.369084	-271.318321
0	-351.615495	-293.290195
2485	-392.676111	-322.023688
3713	-325.748400	-324.896621
1709	-326.941251	-326.820761
2238	-281.495234	-273.792099
1452	-308.467331	-308.555318
3763	-344.416821	-343.479560
2152	-308.540101	-307.514629
715	-285.275928	-273.581294
3715	-381.567301	-379.390704
445	-319.610687	-324.112558
1704	-274.984793	-271.224499
1737	-323.398064	-327.930077
2644	-320.786990	-319.855666
3568	-308.468418	-307.541594
578	-382.825717	-383.319251
685	-320.029854	-315.241850
442	-356.712228	-362.501059
963	-345.645239	-344.990353
1736	-273.764207	-273.825321
3951	-326.977685	-326.679420
1928	-326.927990	-326.274911
1025	-324.520219	-323.063773
978	-324.545574	-323.478711
3787	-381.580675	-379.311804
507	-309.697879	-310.160017
3233	-304.691526	-303.582836
2510	-325.797299	-325.027640
3372	-309.705858	-309.936579
2667	-308.455402	-309.245852
3244	-323.320332	-329.584493
2168	-310.899911	-311.529046
1292	-323.652284	-323.633394
3300	-344.499155	-343.292272
2777	-336.817321	-335.982604
3101	-360.503577	-365.445998
1899	-308.478846	-309.415788
3004	-288.652346	-286.226963
1966	-302.558699	-307.802488
2411	-193.075202	-105.769201
3277	-354.254979	-351.394727
2719	-286.477365	-289.993306
2095	-348.034975	-348.087115
2237	-325.784144	-324.652137
96	-375.359188	-382.382042
1497	-251.731545	-251.864877
2454	-288.578155	-286.105962
3924	-270.393737	-267.568271
2744	-288.573110	-286.293219
2190	-324.574822	-323.160604
662	-341.843824	-341.829362
3819	-397.692021	-402.111997
2365	-345.689766	-346.452788
608	-309.688960	-310.020540
1371	-288.596392	-286.775377
265	-236.916125	-231.744892
3670	-286.248451	-290.357030
2465	-339.464024	-332.795251
2684	-310.940657	-311.376501
3553	-346.830674	-346.718099
2717	-309.726244	-310.048775
523	-345.565792	-344.890570
213	-249.281074	-253.869310
2896	-356.725069	-361.626901
2124	-345.600825	-344.367717
299	-195.196751	-199.514678
915	-304.734226	-304.733488
1376	-348.053064	-348.240252
2496	-326.954795	-326.655616
3413	-308.440890	-308.087960
493	-336.819674	-335.951366
2281	-345.643890	-345.901464
2502	-309.685960	-309.971435
2841	-360.524422	-364.575835
646	-323.641347	-324.252267
47	-247.225618	-180.601916
2982	-325.722723	-324.629221
2892	-325.728271	-324.808612
2986	-340.629609	-339.866201
972	-341.869909	-342.224150
2013	-343.195410	-334.704672
2764	-195.179738	-196.993104
3291	-362.911941	-362.953870
3500	-323.345473	-325.704052
60	-382.768883	-384.114729
472	-273.761356	-273.890937
318	-310.954514	-311.313355
2418	-304.734646	-305.408459
399	-304.735224	-305.406351
1160	-286.467220	-289.773624
3199	-273.811544	-273.869088
1579	-288.589020	-286.329457
3583	-325.721011	-325.051619
254	-285.284456	-271.933460
3725	-309.710255	-309.865283
955	-345.632414	-346.589108
1132	-310.938583	-311.533376
3925	-325.718488	-324.844012
3404	-309.733988	-310.055023
1339	-285.316421	-274.331038
2275	-312.122563	-309.224325
2495	-307.596472	-306.489790
3284	-343.290242	-335.665518
1444	-304.691748	-303.987622
3878	-360.554015	-366.211415
2008	-336.802659	-335.514900
525	-273.812813	-273.806909
276	-380.379743	-376.011607
3252	-340.610842	-340.678158
1858	-343.238086	-337.018256
3182	-287.440436	-284.108120
3891	-346.821929	-346.665638
1126	-270.392715	-266.771757
3572	-322.172641	-265.218541
833	-325.761605	-324.937214
502	-306.349558	-312.532164
2559	-319.571638	-323.694539
515	-287.727890	-287.334768
3699	-355.497878	-299.462970
1777	-265.408147	-267.958275
3398	-304.686259	-304.266456
3290	-341.859618	-342.019346
1544	-324.594826	-323.696012
2501	-232.377706	-235.911554
871	-309.680919	-309.950442
1473	-340.678945	-339.276605
2921	-310.904813	-311.578294
3417	-354.292460	-352.144552
2944	-309.687280	-309.940302
3556	-276.202384	-272.074703
3292	-326.937372	-326.750293
1521	-323.665247	-323.122854
1543	-323.360471	-326.270011
1909	-345.630398	-345.413206
3745	-310.912788	-311.458318
91	-275.011437	-271.002625
1545	-308.468255	-309.259976
2210	-325.710772	-325.005492
2035	-249.294409	-252.761099
274	-272.539126	-272.762613
73	-233.293627	-229.856754
526	-344.430692	-344.344842
3802	-356.724118	-362.156555
2252	-382.779570	-383.058167
3914	-325.805781	-324.367816
3503	-266.630629	-263.905490
953	-392.650949	-320.859948
1009	-266.763445	-262.468715
369	-361.733362	-361.780225
15	-288.542593	-286.383268
1204	-361.704371	-361.818322
929	-272.832690	-271.686205
1259	-288.590804	-286.264213
2877	-324.556404	-323.556835
2405	-318.344936	-259.948470
46	-372.766726	-369.578472
3795	-310.908453	-311.436146
892	-288.621895	-286.031055
745	-344.464270	-343.943251
3794	-317.361117	-342.653249
129	-308.512092	-308.510593
2555	-287.427764	-285.018810
3543	-287.318584	-284.388622
1439	-340.590431	-340.409598
326	-236.917664	-231.882520
1347	-359.361259	-296.091519
1576	-247.184334	-178.712342
870	-345.646965	-345.358549
1480	-324.584824	-323.395586
3859	-308.499978	-309.071002
1243	-323.582949	-323.579020
2568	-325.718022	-324.439516
3382	-341.145624	-339.515358
1728	-362.942862	-362.941081
3531	-344.458268	-345.270520
2503	-345.653983	-345.109864
3541	-379.527167	-386.123943
17	-345.612580	-346.238079
3904	-356.716094	-361.566758
2527	-297.554699	-239.343357
426	-362.933001	-362.655864
420	-362.950092	-362.750549
2366	-286.466852	-290.513611
3048	-381.616883	-379.733657
2722	-344.423318	-345.028486
1683	-346.829154	-346.667280
2018	-286.492357	-289.079938
2977	-310.909944	-311.461730
195	-296.296482	-294.044510
150	-309.732713	-309.946776
3070	-281.491976	-271.395833
3078	-383.966179	-384.269252
1624	-340.670034	-339.111024
918	-310.917344	-311.418202
2654	-304.679740	-304.023678
2883	-308.757991	-307.939465
2910	-307.536915	-306.009789
207	-285.281032	-273.664549
1233	-265.440660	-269.488634
2098	-327.020807	-326.656592
3963	-271.323381	-269.146069
3683	-308.510782	-308.075567
1644	-325.774769	-324.693969
2283	-231.111403	-209.415437
1148	-284.062954	-296.879115
687	-346.841762	-346.732517
310	-308.480308	-308.213190
1959	-324.603913	-323.216110
3158	-269.271320	-273.617681
2508	-324.574476	-323.973322
3431	-323.229212	-328.433027
2160	-345.674929	-345.987329
3698	-360.508088	-364.412640
1763	-325.799404	-325.123227
1085	-231.092208	-213.808146
3144	-308.472241	-309.009135
3157	-335.619981	-329.462064
788	-324.467888	-323.678014
3685	-381.602419	-380.017055
2773	-325.684055	-324.585810
2408	-356.708234	-361.266930
1352	-304.677606	-303.884809
2388	-309.695742	-310.259977
2671	-344.377098	-344.306317
3537	-346.860694	-346.531875
764	-233.560626	-231.495756
138	-362.875317	-362.762368
958	-302.599262	-307.968566
2295	-305.898313	-306.430025
2133	-323.338627	-328.643334
2341	-377.784360	-375.729903
980	-356.743821	-361.700660
592	-307.614861	-306.561740
2287	-310.905485	-311.375643
2880	-346.831172	-346.776217
1006	-336.843788	-335.713658
1476	-308.455419	-308.417690
3405	-269.206920	-271.636696
2560	-339.452794	-333.276538
1942	-382.751274	-383.756923
1726	-381.506605	-379.955228
823	-361.732840	-361.894875
1879	-288.594527	-286.786920
1951	-317.408548	-334.801137
1705	-286.218259	-287.806017
3886	-270.388222	-267.951021
2650	-361.727711	-361.512475
443	-325.754109	-325.039852
2870	-289.872470	-288.321394
3507	-376.594067	-372.937685
3521	-342.324182	-305.323834
2071	-246.029150	-242.563625
3773	-345.602641	-345.330098
2807	-269.176124	-273.320634
3592	-323.367866	-328.744639
3308	-381.582831	-379.173707
2004	-346.839235	-346.855487
101	-324.507184	-322.244427
2293	-269.216495	-271.348610
1331	-310.941319	-311.484827
916	-345.608831	-346.190561
418	-324.565412	-323.571815
2479	-271.622821	-269.458897
1263	-345.642008	-345.532772
3760	-280.314080	-308.679274
3937	-361.713179	-361.679966
3883	-308.516508	-308.677835
693	-234.520624	-230.391157
2044	-373.173910	-383.840358
2109	-321.219665	-336.932141
486	-288.678720	-286.750248
3906	-309.685651	-310.035549
2611	-346.824672	-346.628870
485	-250.585183	-248.377062
1249	-272.543724	-273.000219
742	-272.588370	-273.009267
1882	-273.764420	-273.873048
378	-356.705084	-361.455334
221	-310.917273	-311.475262
3474	-309.730988	-310.008022
798	-208.842347	-201.042246
2786	-327.009009	-326.717595
3255	-345.578846	-345.856199
110	-346.869123	-346.609168
3873	-348.051405	-348.195244
3295	-231.069318	-221.709255
3397	-356.702115	-361.505960
165	-327.013034	-326.594955
82	-309.701458	-309.824625
2695	-346.871133	-347.249878
79	-324.605178	-323.403922
3080	-344.436248	-344.200311
1978	-281.485530	-272.049211
1422	-361.728608	-361.712396
3847	-356.693135	-362.404522
2267	-291.016020	-287.578753
3447	-270.389803	-267.175064
653	-344.473681	-344.134473
1297	-345.621773	-346.441098
3487	-210.101789	-132.177727
2402	-235.696227	-232.195171
452	-324.575287	-323.652247
1174	-345.614442	-346.220087
3877	-340.623773	-339.316449
3340	-229.879598	-247.113765
80	-392.672883	-313.745329
3419	-335.590859	-329.458394
2468	-307.193849	-308.873606
3691	-352.852117	-358.617164
1168	-308.454820	-309.131525
305	-346.859213	-346.525109
3165	-356.724041	-362.016962
227	-377.805829	-375.965747
2688	-284.964138	-228.065023
3626	-310.902465	-311.305630
2049	-344.463291	-344.626355
2564	-325.789398	-325.051872
181	-412.528245	-415.757406
220	-276.205821	-272.704780
2422	-325.718957	-324.839361
2725	-269.218553	-271.546329
3496	-302.303890	-293.479148
548	-233.555951	-234.135038
2711	-322.460671	-314.990920
476	-397.686127	-401.684777
1989	-287.426977	-285.243123
2513	-345.631685	-346.034732
1603	-232.363630	-238.056427
1213	-324.530103	-323.619986
2087	-286.484121	-288.252202
169	-309.688569	-309.902435
784	-377.848074	-376.826073
2026	-272.837907	-270.857328
1062	-324.496997	-323.218471
3790	-286.502445	-290.597040
3001	-270.386138	-267.494021
681	-312.126544	-309.620036
3188	-325.807242	-324.601823
307	-302.239101	-289.781260
962	-376.587043	-373.060883
1616	-272.539058	-272.573088
1652	-301.316399	-242.925251
1753	-375.351387	-378.559699
8	-272.545439	-272.613026
1240	-310.907666	-311.363623
566	-303.472917	-303.780380
3692	-281.505078	-273.757987
631	-371.449232	-384.370824
828	-361.684892	-360.869310
2741	-297.520999	-239.895718
2322	-355.508682	-298.391986
3584	-281.484877	-268.201996
412	-372.768039	-370.063930
3714	-265.398572	-270.050944
1917	-325.790782	-325.055525
1167	-309.729139	-310.134863
288	-355.557059	-294.210625
3425	-324.547564	-323.633286
1236	-155.897345	-55.191751
3183	-345.642870	-345.415623
471	-324.532283	-323.397852
3689	-308.467642	-308.404064
2009	-273.812948	-273.919489
293	-377.807580	-376.023172
1810	-288.653294	-286.685470
1264	-324.536694	-323.759296
435	-306.309029	-312.245466
1791	-272.554824	-272.937202
1988	-312.124451	-310.044371
3535	-323.235679	-329.741047
3286	-361.731914	-361.859809
2358	-322.169697	-263.516585
2926	-320.764569	-319.934153
2483	-322.158791	-278.518287
2801	-310.932716	-311.503829
1515	-360.502298	-365.005417
852	-361.731511	-361.540962
1577	-355.468067	-296.046508
2585	-249.269471	-250.499545
1119	-304.733360	-305.030178
3129	-361.692023	-361.719017
105	-309.727110	-310.148779
933	-270.430832	-268.365681
1016	-305.129953	-260.000676
1228	-345.640969	-346.974937
1	-360.499843	-364.828828
456	-336.811524	-335.553122
2750	-268.301176	-255.699232
1169	-346.819305	-346.471546
2193	-383.976576	-384.365496
2662	-345.635068	-344.986403
3651	-303.463214	-305.077499
1790	-345.664882	-345.187685
2349	-301.357553	-243.120629
3468	-345.710017	-346.743373
3265	-324.569062	-322.941247
734	-233.242250	-229.902243
1464	-381.610550	-379.839477
617	-376.521083	-372.071294
356	-372.741729	-368.728656
2735	-309.690179	-310.097878
3014	-269.263802	-273.674900
1118	-306.032266	-291.216336
1403	-308.462299	-308.934638
3934	-381.630276	-379.675276
2234	-272.580839	-272.875969
2163	-324.503356	-323.277873
3610	-360.476593	-365.813011
1855	-360.497728	-366.545001
954	-324.612244	-324.008507
3354	-360.529236	-366.412390
1302	-339.445855	-332.116458
2516	-309.661518	-309.960600
3550	-341.825957	-342.285281
1962	-382.756724	-383.858949
2543	-376.588479	-370.628111
279	-306.012858	-296.362044
587	-307.283919	-310.576973
1750	-287.645651	-286.310502
3910	-309.703111	-310.042381
3599	-308.482454	-308.448926
966	-339.467091	-331.376667
1316	-361.652250	-361.468793
2166	-343.239068	-334.552839
1294	-345.612830	-345.986581
3988	-309.707600	-309.927348
2343	-325.781464	-324.775271
1630	-323.431776	-329.328291
2624	-309.699280	-310.517102
1944	-325.796840	-324.665224
3661	-287.358011	-285.050796
3234	-287.349937	-284.746864
2655	-235.723792	-232.362662
2743	-234.516409	-230.207545
2738	-324.555069	-323.463811
1225	-196.409349	-198.634142
2192	-307.232824	-308.876035
1965	-288.555445	-286.056802
1280	-356.683566	-362.725923
3510	-340.674744	-339.762763
3655	-287.379629	-285.225015
891	-325.767721	-325.017585
1336	-334.362330	-354.541221
219	-307.221351	-307.769987
2706	-345.667357	-345.837245
39	-340.687222	-340.460284
2645	-362.923114	-362.841640
20	-270.370102	-267.692025
696	-356.709466	-362.092471
3964	-336.853985	-335.846928
1686	-288.648208	-286.613665
3010	-361.720579	-361.089872
665	-288.571762	-286.308364
3090	-287.362939	-284.816043
945	-264.243028	-205.041312
2947	-355.510313	-294.689646
2100	-343.199390	-335.064108
3176	-432.852890	-320.646877
3948	-340.614465	-340.498103
3208	-288.572843	-286.409675
3294	-340.693392	-339.960337
1844	-325.808754	-324.999807
749	-249.280474	-251.075553
2972	-320.764992	-319.946156
3103	-340.631134	-340.799250
3677	-307.571921	-305.999704
939	-344.481802	-344.353152
957	-360.490486	-364.341613
3704	-348.035847	-348.093267
3675	-360.534222	-366.155963
2102	-361.723581	-361.731448
2583	-346.859078	-346.578235
3209	-346.834502	-346.722659
2778	-325.711441	-324.920737
2976	-356.737615	-362.263532
1306	-288.682324	-286.304877
3522	-309.691414	-310.206170
2839	-362.930315	-362.849914
1977	-312.131398	-308.829449
626	-288.653249	-286.542214
1098	-356.649302	-362.267246
549	-372.785072	-368.785005
3591	-273.762889	-273.584799
2452	-344.424745	-344.024603
2338	-268.888303	-246.664008
3185	-348.053386	-348.155513
118	-352.905052	-358.255100
1796	-307.536544	-305.376546
3609	-269.176442	-271.128856
2304	-286.431160	-289.507546
995	-360.542928	-365.231248
1136	-271.296056	-269.095376
3892	-271.608843	-269.703313
3558	-339.464817	-331.432768
760	-324.605411	-323.785113
971	-324.624537	-323.782034
2923	-325.801905	-324.482882
1826	-285.242094	-273.122336
26	-301.359287	-241.938877
2446	-361.740252	-362.091905
2641	-270.394309	-267.611480
2046	-286.493052	-288.009207
1080	-288.570006	-286.286904
3854	-346.867382	-346.913789
1393	-271.647465	-269.346426
885	-324.623780	-323.749488
3547	-324.582904	-323.785115
1321	-234.472577	-230.697086
2690	-231.093096	-219.558922
2785	-310.915445	-311.496951
903	-309.685872	-310.113095
3723	-345.597175	-346.066192
1147	-304.755780	-305.266471
2316	-306.361448	-312.588631
3399	-307.229313	-307.850850
1656	-323.352987	-327.805628
3218	-325.743746	-325.005987
241	-309.718177	-310.104461
1219	-306.334850	-311.327822
2066	-432.401755	-415.499949
1436	-375.359407	-387.603827
3921	-343.218379	-337.951167
1104	-287.315479	-284.634191
1367	-325.812267	-324.593197
3261	-232.025930	-230.059927
2177	-346.868453	-347.052066
3659	-340.683837	-340.037146
475	-304.691568	-304.060349
3427	-325.793904	-324.352227
1788	-345.646841	-346.243901
1828	-284.993731	-229.172087
3744	-339.414779	-333.859186
800	-324.611571	-323.587510
875	-376.554863	-372.985382
2284	-359.298380	-311.056940
837	-360.512026	-365.923685
3866	-341.882531	-342.066720
53	-285.330157	-278.281247
1902	-324.615795	-323.638505
573	-286.504534	-289.659468
1189	-287.322957	-283.614186
2816	-310.905786	-311.295394
275	-344.442225	-344.173915
718	-392.601894	-316.101476
570	-275.012535	-271.397300
714	-356.669324	-362.373971
3636	-324.624318	-324.000462
38	-309.736982	-310.077683
2171	-359.346839	-308.270132
1358	-340.682075	-340.548167
2139	-381.581478	-379.013402
1554	-320.728167	-319.536070
2642	-324.578146	-323.631825
1323	-289.811983	-287.535941
317	-325.797397	-325.044979
905	-360.513668	-365.793463
1314	-324.460304	-323.566366
2639	-302.580808	-307.448253
3976	-273.765901	-273.875258
2579	-273.765811	-273.709777
2241	-346.857051	-346.934877
1677	-344.412416	-343.883789
2538	-344.417597	-344.025675
2792	-362.944759	-363.192392
1510	-322.425235	-312.688171
429	-288.570364	-286.442020
1850	-323.407987	-327.799313
1479	-309.677142	-310.184595
3093	-334.424572	-349.023429
27	-324.573866	-323.409788
1591	-249.397368	-251.302703
1592	-271.616430	-269.764651
675	-346.827397	-346.648995
2	-324.551643	-323.651775
2941	-340.635024	-341.319309
1271	-310.902165	-311.364993
2023	-317.402836	-334.819716
614	-383.982605	-383.580490
402	-312.124533	-309.527544
3602	-361.683811	-361.487815
1327	-320.768458	-319.645919
2233	-319.556235	-321.297044
3251	-306.056425	-294.364378
3151	-362.873906	-362.352704
678	-308.506580	-308.378457
2860	-345.600676	-344.384763
1093	-325.718074	-324.723567
1106	-231.106310	-208.196380
1114	-302.353948	-291.372856
303	-375.328197	-377.568919
3827	-270.435807	-267.616131
491	-287.737498	-288.019455
1880	-346.873992	-347.142303
3131	-303.560907	-303.471228
922	-272.844560	-270.986768
2158	-340.663379	-340.094169
1884	-307.577822	-306.050993
829	-310.909285	-311.359129
703	-340.656580	-340.482956
708	-306.313133	-312.697351
2739	-362.946034	-362.525313
1329	-309.710338	-309.993467
2303	-309.719920	-310.011976
2703	-309.722894	-310.004759
3285	-247.192524	-179.833025
1369	-392.662003	-320.337451
582	-325.833302	-324.954233
991	-345.602096	-345.444583
3494	-324.573795	-323.782879
280	-271.324234	-270.153181
3526	-249.285024	-253.415108
2006	-339.486095	-332.685307
2537	-317.434422	-336.727388
2462	-325.752244	-324.729476
2900	-272.554670	-272.627069
3269	-381.624381	-379.419501
3193	-320.725883	-319.261539
2505	-344.440744	-343.707499
1317	-344.393241	-344.114765
2740	-360.536920	-366.257349
159	-273.773408	-273.360514
3945	-304.737186	-304.641138
2529	-229.969129	-255.137165
627	-359.304956	-306.914928
1362	-249.387499	-251.887632
702	-379.000257	-379.819338
2532	-301.405558	-246.077639
2441	-310.909223	-311.398635
763	-308.429953	-308.336700
757	-345.678211	-346.125234
3456	-276.206318	-269.327922
2438	-392.565188	-325.700235
3954	-271.611366	-269.577680
168	-325.810050	-324.659058
2286	-309.728265	-309.931218
3454	-376.600944	-372.930764
2846	-273.780933	-273.942576
3805	-309.680682	-310.197585
853	-76.404702	-79.697107
2943	-340.654874	-339.410051
3657	-312.124380	-310.022411
3083	-381.591448	-380.203838
3703	-287.697316	-287.506793
1604	-347.456674	-340.940673
1494	-345.654016	-346.321504
3477	-348.046236	-347.850819
2716	-303.464433	-304.975977
1760	-326.940002	-326.843463
3748	-376.556657	-372.679729
809	-361.738091	-362.218575
574	-271.665153	-269.654728
1415	-338.156727	-355.858662
2971	-312.131841	-309.191226
1809	-324.559733	-323.654595
1153	-325.764669	-325.062702
993	-317.364547	-338.399816
661	-335.635079	-329.435244
1693	-234.474613	-229.885089
2209	-382.781841	-384.072621
2658	-308.461040	-308.959173
2745	-322.118085	-270.674149
2810	-273.763107	-273.415429
2749	-340.645995	-340.479451
3092	-340.610697	-340.454878
3816	-272.830720	-271.230099
1520	-309.728493	-310.054967
735	-309.716570	-310.478338
1848	-273.769835	-273.862471
817	-345.619715	-345.591983
2378	-339.490841	-332.458721
2633	-324.627681	-323.728725
3434	-360.560766	-365.849418
1954	-226.144377	-252.902805
2135	-346.861074	-346.527009
2201	-452.728039	-433.124479
1185	-324.558175	-323.433538
2121	-324.619773	-323.363591
2126	-270.399529	-267.186102
3767	-324.568597	-324.096055
3270	-273.788787	-274.058046
3022	-234.455424	-230.647010
1247	-325.770105	-324.810200
1920	-361.714679	-362.103219
3202	-310.908741	-311.309853
3532	-344.464356	-344.500622
3630	-287.660591	-287.120425
2762	-306.370119	-311.800368
3813	-340.620847	-339.836151
3845	-344.454717	-343.268808
2862	-309.693471	-310.036918
1481	-376.634518	-373.061050
1052	-361.770383	-361.894251
524	-308.507004	-307.917782
1889	-361.731388	-361.837893
3618	-309.731536	-310.011671
2327	-381.624797	-378.952569
1081	-310.912796	-311.420130
3671	-326.941692	-326.767469
2689	-309.673807	-310.079742
2328	-320.732586	-319.021132
551	-382.817123	-384.053105
2270	-355.497046	-299.130866
149	-380.415966	-375.909829
1448	-372.747155	-369.442323
521	-262.065493	-259.150083
1192	-326.947461	-326.851069
3918	-289.794194	-288.482279
1627	-301.363590	-245.747910
1731	-381.565314	-379.975888
1958	-340.595950	-338.956132
3173	-325.791830	-325.049758
343	-360.502305	-365.992769
2874	-309.725707	-310.139369
799	-310.910909	-311.421513
3645	-304.681903	-303.985096
912	-323.344400	-326.601543
796	-344.453746	-344.263997
2170	-274.987123	-271.569863
3272	-173.147782	-161.678451
1807	-344.469516	-345.210200
226	-360.556344	-365.390498
666	-381.593528	-379.433812
365	-361.740208	-361.842818
777	-307.544712	-305.863669
529	-309.725786	-310.092712
3778	-309.700675	-310.194323
2240	-381.627040	-379.857777
2535	-272.835594	-271.338645
2871	-308.460407	-308.138805
712	-294.081616	-101.848434
897	-345.659998	-346.290743
428	-324.570042	-323.471067
439	-288.690999	-286.325811
2987	-271.618137	-269.632310
2797	-345.646914	-345.397641
694	-344.360007	-344.290067
2525	-324.569051	-323.711883
1794	-325.712420	-325.007719
3803	-287.351460	-284.315356
3230	-344.454591	-344.287046
381	-341.835557	-342.362911
348	-196.432825	-200.730601
1798	-312.126342	-308.925751
3172	-274.982310	-271.181004
3091	-341.869641	-341.567187
98	-303.553222	-304.228661
601	-324.603558	-323.276941
1324	-270.399280	-267.400402
2596	-339.467484	-333.236805
3519	-376.604739	-371.633097
946	-324.577279	-323.376014
1782	-308.555419	-308.445794
1215	-335.566430	-330.260598
2130	-271.612772	-269.876754
2188	-288.690060	-286.244155
1816	-344.357220	-343.668306
744	-249.332005	-252.188326
3192	-313.554802	-335.661518
2597	-412.494644	-415.748676
689	-341.818686	-342.841808
3170	-271.626697	-269.509939
3969	-324.609784	-323.733489
576	-345.655968	-345.449846
2580	-309.722373	-310.253931
2920	-326.952797	-326.803089
2186	-320.782523	-319.503531
1699	-272.541597	-272.835308
2534	-362.960595	-362.659052
1421	-360.526142	-365.893286
3196	-297.530335	-240.486783
2601	-333.464063	-332.257480
2851	-356.699504	-362.583510
3950	-270.439135	-267.016145
1613	-346.890723	-346.916873
2127	-308.519863	-308.738757
3452	-361.758902	-361.062648
1654	-360.518768	-365.709888
2950	-360.498298	-364.439490
158	-308.540079	-307.386421
2269	-308.452310	-307.863100
1833	-302.579718	-307.602443
364	-117.824798	-113.473200
99	-336.813559	-336.318324
359	-346.832402	-346.808374
937	-306.397642	-311.438678
215	-356.645883	-362.541220
2721	-271.401725	-271.273181
2592	-308.486071	-308.755311
440	-307.226474	-308.254091
170	-340.667287	-339.160785
3728	-234.474951	-230.444631
3141	-345.651109	-344.813318
1926	-273.773955	-273.520261
1184	-286.506282	-288.196527
3889	-360.533387	-366.077416
2425	-322.435505	-314.040689
124	-271.621961	-269.721412
441	-380.414967	-378.509155
1435	-193.963318	-172.632612
2627	-235.695309	-232.185833
3545	-310.915918	-311.534682
28	-324.630221	-324.029371
35	-343.197784	-332.529826
893	-232.317400	-236.582832
751	-361.724921	-361.604524
623	-265.457424	-268.850366
2037	-345.620113	-345.396947
247	-304.688358	-304.638430
2931	-361.729140	-361.741353
1735	-320.791360	-319.829481
1209	-392.612820	-314.649440
1518	-309.683200	-309.986406
1567	-356.714706	-361.790083
3162	-324.546164	-323.366865
75	-381.566310	-380.442727
981	-303.499320	-304.432044
3932	-360.472117	-365.996832
1408	-379.527030	-382.541755
1183	-325.750970	-324.859034
1842	-362.894239	-362.705103
2250	-339.462492	-331.952630
2285	-340.578657	-340.423535
520	-309.720011	-310.055090
3942	-287.507193	-285.686947
354	-285.174014	-277.106875
3002	-269.479234	-272.762712
3643	-309.660190	-309.976586
3360	-382.810709	-382.867156
1720	-309.692095	-310.014831
1867	-324.583096	-323.456722
1730	-345.663299	-346.262976
3493	-232.333258	-236.621063
3786	-308.759185	-308.078471
1466	-340.657975	-340.102114
706	-303.481839	-304.405890
2876	-360.574465	-365.986246
134	-308.516376	-309.493633
1734	-359.354596	-303.752507
3706	-345.687338	-345.542611
3200	-265.433051	-269.444436
2391	-310.927566	-311.447759
1121	-333.449362	-332.416396
2220	-272.538190	-273.021296
936	-382.773457	-383.570377
640	-345.616264	-346.272777
1487	-345.665813	-345.148457
671	-310.897268	-311.366526
3279	-356.732861	-362.340773
847	-324.608363	-323.738272
3150	-310.942587	-311.473670
3189	-324.510378	-323.154097
3331	-233.545899	-232.006868
360	-346.890881	-346.647009
1388	-250.583643	-248.655636
2032	-287.663174	-287.169574
3754	-324.570035	-323.461017
2893	-274.985796	-271.388134
2305	-376.633716	-372.782267
3517	-396.475511	-336.795619
1332	-209.144909	-225.774557
2436	-308.473229	-308.445100
1746	-396.470299	-330.784172
2919	-340.635773	-340.908962
2310	-338.194242	-357.267528
754	-361.718210	-361.305134
3257	-308.472221	-308.151856
3224	-286.504546	-288.663282
711	-341.849127	-342.229068
1607	-303.462115	-305.240186
2992	-343.202564	-336.234420
1871	-306.406578	-312.309012
2863	-287.423372	-284.719274
2760	-155.908941	-55.409811
3408	-287.661454	-287.330226
1067	-273.762417	-273.518786
2331	-308.516808	-307.860502
206	-309.688611	-310.193820
71	-346.864282	-346.647776
1207	-324.584396	-323.944251
1903	-309.678054	-309.982309
3986	-355.516778	-291.486078
3312	-323.647099	-324.512021
2591	-325.773278	-324.991914
1814	-360.537947	-365.649428
1159	-325.779568	-324.794280
610	-324.629068	-323.673779
1612	-310.902795	-311.317749
767	-346.861463	-346.922213
1593	-335.598739	-330.424138
1786	-325.785038	-325.056754
1231	-324.569596	-324.260873
3169	-310.902849	-311.563278
2137	-324.588239	-323.460774
285	-249.362379	-253.116933
3611	-324.577560	-324.047272
3028	-346.861640	-346.470332
2028	-346.821466	-346.564647
2024	-306.349032	-312.054796
3396	-273.815873	-273.856831
552	-340.639366	-340.130291
3414	-285.313674	-266.904839
1468	-345.650338	-345.262995
1872	-272.566631	-273.034306
2194	-273.757530	-273.886955
1641	-340.647224	-339.029654
810	-269.144656	-275.289780
2772	-343.232602	-334.144175
