no_training:1500	no_test:2493file identifier	 training data
3496	-302.303890
1894	-360.532510
1674	-360.499243
1516	-249.358446
1393	-271.647465
136	-343.240623
2094	-325.812885
1951	-317.408548
1614	-325.736331
3743	-325.726182
2697	-360.495788
1444	-304.691748
2772	-343.232602
1165	-309.706371
1641	-340.647224
2082	-302.567313
2685	-344.426408
2002	-286.504040
1965	-288.555445
381	-341.835557
556	-272.600604
3005	-249.248680
1119	-304.733360
2741	-297.520999
1176	-288.584832
942	-325.715957
84	-345.610574
2376	-346.840597
427	-382.798099
209	-308.493663
3053	-490.831786
2204	-310.904876
510	-234.491176
3843	-309.717869
309	-309.718312
1308	-341.814212
1645	-324.477059
2581	-234.469389
2386	-352.829520
1403	-308.462299
3785	-348.045948
1265	-227.324775
1933	-270.396100
1297	-345.621773
2154	-360.512793
3023	-323.343769
2995	-381.584942
3508	-309.675176
794	-248.143861
2122	-348.040439
348	-196.432825
235	-270.375081
2271	-310.916474
3630	-287.660591
3486	-437.484875
2216	-308.505718
2261	-233.260156
641	-322.439472
1598	-308.471397
1273	-355.513035
3177	-287.662612
2755	-381.595252
928	-345.665412
3190	-232.325947
1110	-325.781398
836	-324.606601
2088	-362.871515
1219	-306.334850
588	-309.684571
2463	-288.576502
400	-376.570473
2710	-361.773017
2972	-320.764992
1634	-324.563073
3524	-308.455477
1966	-302.558699
2237	-325.784144
958	-302.599262
2477	-360.539944
1669	-287.426878
2080	-325.793131
2035	-249.294409
317	-325.797397
150	-309.732713
86	-190.624631
1386	-362.967171
115	-356.682218
1336	-334.362330
610	-324.629068
2648	-325.728744
1433	-325.729800
932	-361.764881
1556	-340.659506
3073	-309.734862
1980	-345.680616
10	-344.512001
1517	-359.342366
980	-356.743821
1063	-265.440996
3758	-272.557350
2201	-452.728039
620	-346.820834
2057	-288.540318
811	-304.567859
1241	-345.608395
3522	-309.691414
2176	-345.608670
1368	-288.584029
562	-456.105229
389	-271.336957
1313	-324.502042
693	-234.520624
729	-343.084333
3578	-286.432515
749	-249.280474
605	-456.103432
1288	-324.635136
3183	-345.642870
1491	-344.421383
3564	-303.533472
3736	-355.517745
1577	-355.468067
768	-193.039603
3632	-340.612805
1046	-271.618580
509	-307.238995
3888	-323.359825
377	-360.527122
2721	-271.401725
2577	-381.600777
2157	-309.686797
2195	-289.873479
2475	-381.524347
1118	-306.032266
789	-324.581906
3671	-326.941692
163	-319.624414
1927	-361.739999
722	-310.935212
3923	-309.737951
3964	-336.853985
681	-312.126544
1864	-312.133063
3327	-348.059242
3790	-286.502445
3365	-396.458774
3037	-288.567911
571	-339.423497
795	-246.023231
2874	-309.725707
2613	-338.214346
1734	-359.354596
1616	-272.539058
1765	-285.335887
2156	-346.827596
2617	-248.151318
3893	-341.097446
405	-273.804251
3831	-451.528971
1337	-286.498779
168	-325.810050
3520	-325.752207
2779	-381.606362
1559	-380.372123
1846	-344.370966
778	-324.573162
220	-276.205821
2367	-361.723620
3463	-304.735360
2074	-285.300440
2700	-304.687547
83	-344.434906
3094	-324.601619
3450	-382.824468
3290	-341.859618
2092	-288.572051
3823	-303.527274
3745	-310.912788
1731	-381.565314
2102	-361.723581
1002	-287.689262
2213	-287.433999
225	-346.842403
3981	-249.257629
2383	-324.593866
937	-306.397642
2403	-326.955365
519	-309.687078
1800	-212.439286
1374	-322.175807
1722	-362.946707
1091	-309.678344
2369	-273.760271
397	-288.630839
1143	-367.635675
2134	-344.433965
657	-270.392759
3841	-371.541704
2459	-273.761223
215	-356.645883
2884	-324.471313
1107	-267.060326
70	-346.874234
3101	-360.503577
2336	-344.433499
2068	-308.471269
2948	-382.790431
638	-345.695868
1443	-346.867442
2093	-324.473588
1280	-356.683566
652	-345.620593
844	-324.606050
1661	-322.148261
2869	-306.113519
3278	-298.952950
715	-285.275928
996	-307.544316
3058	-247.214450
1869	-269.207716
533	-287.720383
1128	-361.695007
242	-340.623533
1898	-360.497612
1122	-345.601318
3215	-320.793270
3388	-271.606364
425	-289.769718
1805	-344.380468
2458	-361.683558
914	-361.707841
1945	-361.754136
2469	-270.392444
12	-377.816587
1353	-359.297643
1649	-346.868661
1388	-250.583643
110	-346.869123
609	-377.817369
788	-324.467888
868	-312.124574
1303	-345.676156
3080	-344.436248
1005	-273.786179
2778	-325.711441
3077	-336.822591
3296	-345.650105
3739	-324.566515
2825	-360.576433
1579	-288.589020
2131	-320.777849
3407	-343.517848
3740	-356.684693
766	-312.133805
3700	-361.717469
929	-272.832690
3184	-308.439671
2427	-339.474134
3307	-318.647923
321	-324.604397
3894	-322.469844
2350	-341.853951
457	-380.372151
2944	-309.687280
690	-375.420808
2146	-310.932540
60	-382.768883
2907	-344.466563
541	-325.714161
1267	-341.841438
3362	-345.632413
3383	-360.602876
472	-273.761356
1136	-271.296056
1917	-325.790782
1470	-272.542270
3594	-272.544482
3944	-381.563295
275	-344.442225
2332	-342.335241
2272	-324.528642
1825	-271.656372
3321	-251.726162
1727	-324.606977
325	-345.637577
138	-362.875317
1763	-325.799404
1017	-308.419735
142	-307.594137
2373	-302.564379
2844	-301.377995
3426	-307.387663
3914	-325.805781
1738	-273.759338
712	-294.081616
375	-346.857432
633	-325.759393
1857	-307.540766
320	-232.333410
1778	-305.036659
437	-309.705971
1638	-344.481904
2187	-310.904927
800	-324.611571
825	-340.536374
248	-339.489875
1479	-309.677142
575	-272.582834
3408	-287.661454
3319	-376.604793
2518	-360.566272
3235	-339.416290
1552	-346.865957
3870	-345.605387
3353	-324.514429
563	-345.644179
1919	-407.364323
1364	-267.963366
3268	-324.562156
1656	-323.352987
2744	-288.573110
603	-346.867624
3413	-308.440890
277	-302.288351
1658	-287.337578
3225	-362.875945
1238	-360.499088
3270	-273.788787
2532	-301.405558
105	-309.727110
3954	-271.611366
3784	-344.450127
2936	-324.504178
43	-319.572842
2429	-306.081547
102	-307.230370
906	-383.969892
3	-346.838279
14	-302.238859
2916	-340.655601
45	-266.615452
3028	-346.861640
933	-270.430832
3475	-321.247305
1884	-307.577822
594	-325.809558
2428	-309.682996
1384	-361.755719
2572	-360.495461
3029	-285.281493
731	-355.501990
2625	-291.021574
3977	-288.552886
3403	-339.424322
2513	-345.631685
1458	-288.648179
3479	-265.289023
2182	-340.610000
3675	-360.534222
3284	-343.290242
1137	-271.622539
90	-327.017113
2163	-324.503356
1205	-304.682331
1233	-265.440660
3226	-339.491316
3932	-360.472117
3502	-376.564063
2756	-153.742562
2208	-286.486509
1680	-377.842223
3897	-324.519277
3810	-372.726782
2769	-376.563238
2450	-312.124760
531	-226.107205
2421	-249.395323
2973	-324.604156
2306	-287.354343
16	-273.806874
1052	-361.770383
2747	-301.332569
1177	-325.808092
1944	-325.796840
3271	-454.878708
74	-310.918822
855	-271.614051
1646	-340.684749
2044	-373.173910
2223	-288.657055
431	-361.712798
1151	-392.620909
2103	-346.834331
1202	-361.725394
96	-375.359188
3643	-309.660190
1932	-310.911279
1999	-233.547877
2645	-362.923114
2823	-309.730966
229	-361.648305
1049	-323.336196
1563	-376.575382
2194	-273.757530
3903	-340.636306
433	-396.498209
1223	-324.586663
1653	-157.116735
2392	-272.551442
53	-285.330157
2730	-286.492223
3624	-324.614194
2712	-274.985024
1174	-345.614442
65	-312.125621
3539	-324.625415
3292	-326.937372
447	-271.627826
3120	-309.689111
604	-320.777491
2505	-344.440744
1149	-325.796862
2873	-307.545713
1746	-396.470299
1990	-281.482892
3879	-339.483894
843	-308.437835
2918	-271.326117
740	-344.452972
2280	-359.345792
3902	-382.757521
1822	-344.395150
2003	-324.579943
467	-273.793804
1392	-353.321142
1274	-309.686648
1211	-286.498633
3927	-323.326298
1089	-344.451793
3147	-338.530072
3774	-305.130184
3230	-344.454591
3379	-273.761967
3779	-308.476903
158	-308.540079
3966	-376.570141
940	-325.787515
3808	-345.614760
404	-324.595399
123	-269.263476
1131	-324.580815
2077	-309.736028
1796	-307.536544
56	-345.599154
3973	-356.659922
1955	-339.498757
3688	-322.476720
294	-308.506421
1776	-325.785476
3243	-377.816466
2564	-325.789398
3263	-285.326726
2612	-345.627545
3070	-281.491976
1852	-309.685790
2409	-324.595526
3925	-325.718488
3979	-345.651111
2932	-285.320198
3276	-344.508729
2444	-318.641916
1398	-234.469383
687	-346.841762
2487	-361.694757
1307	-303.460433
3955	-323.391458
2717	-309.726244
446	-305.831164
1190	-377.830859
251	-265.386781
3237	-303.553222
327	-324.607903
3201	-346.845480
3674	-309.731169
301	-324.570823
2831	-356.723059
3523	-325.728070
3324	-345.641848
1389	-272.510742
3840	-309.681264
3729	-376.562796
2662	-345.635068
481	-307.573371
1081	-310.912796
3811	-274.982348
2627	-235.695309
1125	-285.292217
1626	-345.619567
2565	-345.591597
1159	-325.779568
639	-270.405973
3209	-346.834502
2476	-346.865438
1741	-345.629842
140	-309.676929
3286	-361.731914
1141	-115.679136
2551	-325.792606
1092	-360.552974
2324	-346.831385
1924	-340.591587
2289	-325.766945
1324	-270.399280
1809	-324.559733
2804	-344.433943
2172	-308.472272
758	-307.574899
501	-345.630685
3546	-233.219124
75	-381.566310
2166	-343.239068
671	-310.897268
3803	-287.351460
72	-325.720699
1181	-323.657279
145	-310.929561
651	-232.334436
2502	-309.685960
476	-397.686127
2174	-324.606491
1931	-310.900102
2486	-307.239887
313	-361.721849
3303	-272.589883
1020	-303.566436
1157	-309.691584
688	-324.491475
1093	-325.718074
3372	-309.705858
999	-308.512721
2287	-310.905485
2644	-320.786990
287	-307.560718
3065	-344.486202
3916	-273.810780
698	-274.985880
3868	-360.526225
896	-323.312767
3293	-360.535142
915	-304.734226
830	-320.767103
1460	-309.684108
1787	-325.795649
585	-229.918003
3421	-324.571081
223	-339.501781
2246	-287.318502
593	-303.525517
122	-339.419649
1921	-310.904960
3563	-227.798785
2555	-287.427764
2879	-265.401151
2734	-309.719592
545	-356.698773
1332	-209.144909
3138	-345.651520
2615	-360.501085
1893	-344.385273
2436	-308.473229
499	-340.611683
677	-324.594116
2765	-381.546975
2720	-231.102112
61	-308.462933
342	-323.351196
987	-273.765811
1016	-305.129953
2071	-246.029150
3778	-309.700675
2177	-346.868453
1922	-248.132701
2062	-303.437471
1974	-345.655745
3299	-325.725069
751	-361.724921
3804	-324.573632
700	-310.938181
3503	-266.630629
931	-361.763293
1133	-308.517070
2192	-307.232824
555	-361.677945
1467	-345.613895
3280	-344.483775
485	-250.585183
1340	-271.616723
1578	-233.217482
2008	-336.802659
3257	-308.472221
1557	-322.456250
2899	-310.930659
3714	-265.398572
3970	-305.897998
107	-307.580090
1823	-340.656176
1647	-343.242553
2812	-381.619786
1959	-324.603913
3820	-340.655117
3584	-281.484877
2795	-379.572458
2942	-325.778444
502	-306.349558
2012	-382.788561
878	-308.466070
399	-304.735224
1247	-325.770105
2519	-323.585680
784	-377.848074
2713	-310.904631
3950	-270.439135
2440	-317.433049
1322	-271.619912
417	-344.440065
2492	-396.477101
179	-362.928160
2018	-286.492357
905	-360.513668
890	-344.458979
1998	-324.536830
2101	-361.717364
1901	-362.946498
155	-324.571682
2616	-272.542567
1879	-288.594527
3566	-325.830752
1360	-362.941781
2735	-309.690179
1957	-206.721858
15	-288.542593
3495	-288.563768
2723	-324.554067
276	-380.379743
3117	-346.824942
24	-345.608180
1918	-319.573117
1215	-335.566430
3567	-309.693494
3008	-323.359336
1663	-232.351764
573	-286.504534
29	-344.425700
2498	-288.539500
2262	-325.780603
1410	-273.759553
1571	-470.915515
2391	-310.927566
2087	-286.484121
983	-341.851447
560	-344.385047
3089	-327.025329
2921	-310.904813
3181	-307.209274
1631	-345.642285
3423	-308.555641
1540	-285.217962
2407	-377.829134
841	-361.736259
1608	-361.758032
3930	-338.542975
1028	-360.421732
1498	-340.654582
818	-387.475673
1357	-375.307060
1500	-345.609230
608	-309.688960
2999	-307.237456
2161	-361.735863
2189	-325.762375
666	-381.593528
412	-372.768039
711	-341.849127
2490	-343.078368
3232	-345.686487
939	-344.481802
363	-320.778723
462	-234.474088
1391	-323.317575
180	-360.505528
454	-265.283843
1148	-284.062954
2728	-304.742823
2135	-346.861074
3424	-348.051118
3019	-301.357437
434	-338.195462
3877	-340.623773
1404	-346.883049
38	-309.736982
3985	-324.548763
2522	-307.545457
337	-312.123120
926	-345.680086
3457	-324.559213
1042	-305.904676
1687	-344.407598
331	-309.734363
1008	-248.448467
3267	-320.776472
3146	-289.872162
2585	-249.269471
3871	-346.859809
3196	-297.530335
2679	-312.130526
37	-381.587333
548	-233.555951
2352	-288.589622
1239	-356.710448
3244	-323.320332
475	-304.691568
3109	-324.582824
3272	-173.147782
2686	-340.697732
536	-323.348544
2817	-340.641240
1129	-340.618148
197	-233.549368
2520	-307.284294
2322	-355.508682
1842	-362.894239
1883	-346.839066
1698	-325.800949
2279	-309.711101
3741	-169.860788
504	-356.680129
938	-331.411639
2985	-304.745635
391	-345.584667
450	-235.729507
3864	-288.639421
2542	-326.951186
3650	-382.756764
274	-272.539126
2752	-381.632242
946	-324.577279
3814	-361.745554
2961	-348.061993
923	-322.135797
799	-310.910909
1699	-272.541597
623	-265.457424
2031	-269.170061
2847	-307.566260
3001	-270.386138
1867	-324.583096
3182	-287.440436
3983	-322.115604
1226	-195.226072
537	-361.731930
2636	-306.112153
2981	-327.026688
704	-235.696677
2178	-339.455981
3634	-340.646592
3906	-309.685651
2984	-362.935648
3025	-324.573338
977	-285.160699
418	-324.565412
1553	-323.448965
2880	-346.831172
3482	-281.480993
2955	-346.822341
646	-323.641347
2722	-344.423318
3039	-341.851538
1027	-360.529992
992	-377.811306
1630	-323.431776
2100	-343.199390
3245	-327.024699
204	-287.353313
871	-309.680919
1780	-345.606551
3613	-308.483617
316	-341.858490
2326	-320.768781
894	-338.247875
2977	-310.909944
1252	-301.395982
2140	-325.715372
551	-382.817123
1003	-308.516378
1783	-320.761312
1399	-341.826906
659	-326.976670
1422	-361.728608
3167	-309.688639
1606	-308.462382
887	-361.720206
503	-355.514134
873	-273.763068
5	-351.628383
1240	-310.907666
181	-412.528245
2095	-348.034975
3046	-322.057728
2673	-345.652182
1934	-341.769746
2674	-342.352279
3261	-232.025930
2173	-304.678340
264	-339.450073
3610	-360.476593
3304	-346.843297
2788	-345.596027
1592	-271.616430
1958	-340.595950
428	-324.570042
2426	-340.650391
2623	-235.700285
1264	-324.536694
3393	-359.297522
1589	-324.608694
2635	-323.324700
3798	-310.941861
3428	-288.564752
580	-360.537290
2327	-381.624797
20	-270.370102
1378	-346.867789
546	-306.365166
1788	-345.646841
1692	-362.862736
2910	-307.536915
99	-336.813559
1343	-310.895432
615	-345.676743
619	-325.787161
1725	-360.495137
538	-324.494520
131	-345.603479
2240	-381.627040
3133	-356.679691
1074	-304.697680
3874	-323.344889
976	-382.776658
617	-376.521083
3653	-309.763576
764	-233.560626
2011	-270.099401
3200	-265.433051
3509	-288.685117
3438	-312.132858
601	-324.603558
630	-273.762561
1757	-285.313612
2604	-304.743934
3968	-287.425634
3018	-345.638117
3830	-346.817778
2235	-318.409670
1591	-249.397368
1547	-335.613384
2455	-344.431301
352	-288.557016
2275	-312.122563
2771	-310.910278
2423	-338.238743
3045	-310.906568
3662	-360.469577
1605	-345.703157
237	-268.287661
1672	-336.831068
1146	-339.465889
1601	-345.646864
1015	-344.454928
1703	-286.154755
3035	-344.404557
1940	-334.429558
1677	-344.412416
378	-356.705084
126	-274.991042
2992	-343.202564
3846	-318.393987
3924	-270.393737
17	-345.612580
2881	-345.594203
2323	-310.954565
3852	-361.710525
489	-356.745773
1482	-312.132386
865	-304.728720
3592	-323.367866
3142	-376.617653
2425	-322.435505
97	-286.495035
3597	-360.539435
1286	-310.906869
994	-323.428670
2539	-321.276274
2820	-308.557865
2702	-309.685148
3735	-360.522940
1732	-269.170665
1593	-335.598739
2106	-286.476486
2290	-343.224836
2488	-363.508158
1192	-326.947461
343	-360.502305
1983	-320.792773
3719	-320.742924
2866	-344.431605
2179	-361.698233
3602	-361.683811
2854	-325.810616
3818	-308.470796
290	-348.056024
2882	-322.444150
2384	-281.469893
2413	-345.604177
2934	-324.462733
797	-278.075775
296	-345.688916
299	-195.196751
1158	-268.251114
648	-287.422111
1585	-360.545832
1446	-319.575102
2763	-272.548325
1435	-193.963318
3770	-272.544060
1522	-324.485746
870	-345.646965
1069	-375.370023
3260	-345.595084
2464	-297.555801
85	-272.550580
3603	-326.952955
3125	-308.510840
1954	-226.144377
1670	-269.230258
112	-340.648166
2610	-309.711468
2638	-309.688194
3530	-309.739069
1385	-309.679840
1733	-322.169100
934	-345.650323
635	-324.578381
81	-318.390876
1065	-360.485823
908	-310.911406
1603	-232.363630
796	-344.453746
2212	-346.837271
1366	-345.633122
805	-309.658574
1080	-288.570006
1534	-340.632075
2320	-362.876210
2218	-325.756157
304	-322.464725
3541	-379.527167
1762	-361.755551
3285	-247.192524
2607	-275.007113
3677	-307.571921
582	-325.833302
388	-340.594424
2193	-383.976576
3574	-398.876124
2718	-382.782995
3910	-309.703111
1728	-362.942862
208	-270.399081
528	-288.538806
2927	-324.500425
1326	-266.616319
1938	-341.826148
2745	-322.118085
2571	-309.686348
699	-307.243079
201	-308.561649
595	-340.652012
1182	-304.738393
3174	-272.844804
2840	-284.048718
1518	-309.683200
763	-308.429953
1914	-288.576123
1753	-375.351387
2460	-345.631797
1434	-344.482088
1711	-345.611239
3104	-310.941183
3437	-288.585212
3074	-272.553250
3032	-360.508895
2883	-308.757991
850	-271.623957
1486	-380.373644
3786	-308.759185
1899	-308.478846
2370	-360.496984
1152	-308.448572
1802	-361.715983
3717	-275.014300
2055	-304.724717
2767	-340.635968
2250	-339.462492
2446	-361.740252
685	-320.029854
1742	-288.583008
724	-320.775720
13	-360.526646
1228	-345.640969
1870	-309.686187
2411	-193.075202
3734	-326.940196
3727	-285.317454
1660	-274.985107
1708	-324.502429
2045	-324.495988
186	-340.606711
542	-382.793238
3537	-346.860694
3657	-312.124380
3206	-346.853173
1819	-249.292101
51	-283.168740
1431	-344.392695
456	-336.811524
356	-372.741729
3391	-306.403144
1317	-344.393241
113	-360.478880
2297	-322.412936
2634	-326.927446
2229	-319.560814
3849	-360.531172
2309	-272.583285
781	-362.918463
3573	-325.730390
3711	-303.469034
1469	-324.444698
402	-312.124533
3059	-363.508158
326	-236.917664
1071	-360.495618
3776	-320.773105
2740	-360.536920
374	-372.796889
2512	-346.823548
779	-356.732185
3649	-343.292778
3154	-309.714008
1365	-361.755045
2059	-345.674176
3986	-355.516778
1946	-346.841836
2380	-327.025010
1902	-324.615795
1346	-308.542644
2285	-340.578657
3590	-340.660106
240	-286.517094
622	-341.886905
262	-345.647032
3477	-348.046236
1278	-362.942040
3467	-308.494487
280	-271.324234
525	-273.812813
1828	-284.993731
2782	-340.664407
2951	-308.569129
2954	-305.915530
1130	-346.826923
3180	-323.669200
1328	-376.531779
3289	-270.437636
2484	-344.359905
3464	-234.470922
3387	-309.727603
3860	-308.505267
465	-266.553159
2839	-362.930315
998	-302.306196
885	-324.623780
104	-360.574432
135	-301.341304
3344	-325.748658
1250	-309.686189
1953	-308.457242
1985	-339.481708
3540	-321.236907
3451	-319.606765
1942	-382.751274
1254	-325.753541
295	-320.770299
3072	-340.671263
121	-361.711483
1405	-361.711854
872	-309.711438
198	-303.934323
592	-307.614861
3552	-325.793166
679	-340.668108
3738	-274.982053
626	-288.653249
1995	-362.946041
1644	-325.774769
492	-305.904760
124	-271.621961
3152	-335.591582
982	-307.235414
221	-310.917273
3881	-357.951284
2489	-250.583259
2110	-341.867094
1503	-327.014214
1715	-286.486570
2637	-325.687098
2014	-371.537915
2965	-344.689237
1813	-307.550360
3971	-360.530885
917	-323.320690
3920	-319.574905
2277	-383.973315
2562	-375.357530
2600	-307.237880
2005	-305.155985
552	-340.639366
286	-324.563745
1471	-346.857623
3782	-262.035127
3737	-361.714817
1047	-346.836177
2626	-305.900638
827	-303.556664
3288	-348.045786
1156	-154.972731
1420	-286.516174
1622	-346.869712
2406	-306.386594
3081	-302.557878
3815	-288.574763
1293	-271.369084
329	-380.402442
473	-346.828378
3099	-324.530718
721	-185.648533
1039	-360.575277
667	-360.533083
1342	-361.712098
2530	-345.673444
2292	-343.246371
539	-341.886521
125	-228.992613
1244	-345.616998
419	-312.128001
3762	-351.646368
1180	-306.364186
1937	-287.438379
3151	-362.873906
2420	-340.625366
1941	-286.206129
1103	-273.764642
891	-325.767721
3417	-354.292460
1000	-339.452428
1847	-325.753767
514	-309.685045
1462	-312.136049
2143	-288.628466
1868	-326.949224
1573	-233.255259
1155	-272.838189
792	-310.898648
258	-371.546126
3399	-307.229313
2656	-376.622509
801	-273.763117
3466	-325.794624
2958	-324.580268
2552	-340.624424
371	-380.374978
2017	-310.940345
1795	-356.736238
3531	-344.458268
1543	-323.360471
3912	-308.435951
2698	-344.434438
1583	-345.655509
1004	-355.416555
833	-325.761605
3550	-341.825957
30	-325.717105
3240	-338.234966
162	-232.324966
566	-303.472917
2041	-346.821470
3049	-324.610004
3557	-344.382663
3176	-432.852890
3044	-363.519194
829	-310.909285
3506	-320.804155
1992	-325.723538
3381	-309.731402
1515	-360.502298
2183	-339.459869
840	-289.871520
756	-325.798888
614	-383.982605
2783	-272.537685
3185	-348.053386
3665	-323.329494
1782	-308.555419
3416	-320.770681
1163	-397.709232
3836	-346.833711
1315	-288.533780
3806	-309.676410
319	-352.845678
3306	-361.650084
1555	-324.529724
2584	-360.567154
1485	-309.731369
174	-229.928448
1976	-346.831692
1007	-235.694216
111	-344.470970
1260	-270.417842
3194	-301.367422
3529	-341.843027
3797	-376.587519
3686	-344.462681
2269	-308.452310
1379	-325.731549
856	-324.568212
3406	-286.459793
2220	-272.538190
1837	-381.574917
3512	-340.641866
3756	-326.943546
484	-351.639205
340	-273.789697
2141	-307.287454
25	-309.712046
449	-325.753993
1311	-288.545722
2976	-356.737615
1499	-320.779994
3642	-324.565306
1224	-308.420805
598	-193.088340
2096	-345.661705
3577	-361.716705
2155	-343.243883
2171	-359.346839
207	-285.281032
3439	-301.389192
2630	-282.871678
574	-271.665153
2553	-302.545562
2069	-346.855971
689	-341.818686
79	-324.605178
707	-381.585428
1025	-324.520219
3418	-308.467120
1696	-320.785074
3500	-323.345473
3409	-356.696744
1719	-232.050342
941	-340.652570
819	-276.204532
966	-339.467091
1319	-308.560759
1232	-336.811744
3683	-308.510782
1520	-309.728493
1639	-345.640072
1906	-324.613156
1896	-326.971392
3701	-248.211932
632	-361.705069
1210	-340.641282
3722	-308.759135
2908	-271.620997
2997	-380.371074
2065	-340.537496
1132	-310.938583
1956	-308.461475
2759	-393.905418
947	-322.454079
3853	-271.336383
2132	-377.826580
3221	-308.477915
3473	-360.527434
3759	-270.393902
2897	-346.825923
2885	-309.686862
2365	-345.689766
156	-288.654408
232	-490.793044
886	-304.728323
3866	-341.882531
3415	-308.495275
842	-360.514766
373	-379.522177
194	-308.496245
2554	-345.649886
307	-302.239101
2832	-250.585843
1798	-312.126342
3952	-269.175627
413	-301.369263
3828	-288.650589
2867	-361.734339
2300	-453.655583
752	-324.557693
2890	-309.738198
2361	-304.727460
2401	-263.280728
2470	-309.688189
1296	-345.612257
961	-326.950279
2029	-380.417684
2231	-346.825174
3725	-309.710255
3504	-308.561061
3474	-309.730988
3654	-307.541973
3595	-345.600227
2226	-276.206257
1300	-324.595031
3071	-273.789182
1402	-286.203815
1474	-340.654517
3178	-345.605421
3287	-271.458576
2120	-381.630205
2046	-286.493052
2646	-325.800095
1050	-304.643392
3202	-310.908741
2975	-345.579201
3132	-309.670613
3204	-306.313706
2878	-285.336744
1729	-361.740062
3197	-309.714859
2315	-273.793520
26	-301.359287
3357	-361.779217
2705	-270.384180
3854	-346.867382
3990	-303.459637
640	-345.616264
1925	-309.677276
185	-361.726913
1170	-310.895183
2038	-348.056093
2114	-307.528446
2619	-326.939536
3311	-344.433172
1179	-343.195060
1700	-320.782427
3569	-272.588302
1881	-361.772040
3580	-345.661657
2086	-308.486338
3155	-376.605641
1134	-343.068226
47	-247.225618
1257	-346.855622
2523	-344.512144
3339	-356.699649
3041	-345.692143
3742	-271.272557
1538	-348.050463
2922	-352.890573
1029	-325.751230
1908	-286.508233
3519	-376.604739
530	-360.503506
219	-307.221351
1612	-310.902795
1525	-345.608193
3123	-309.702150
1468	-345.650338
769	-271.361537
3369	-158.342346
3723	-345.597175
745	-344.464270
1876	-251.732828
171	-361.745138
1845	-302.309526
3460	-288.678290
735	-309.716570
2104	-379.006904
3048	-381.616883
862	-361.764434
1750	-287.645651
2190	-324.574822
173	-396.486463
694	-344.360007
2516	-309.661518
1429	-288.579114
1632	-340.673967
2777	-336.817321
1693	-234.474613
353	-197.632222
1006	-336.843788
3754	-324.570035
416	-271.318448
3645	-304.681903
415	-309.692626
239	-270.446608
1513	-306.368494
2923	-325.801905
1814	-360.537947
1544	-324.594826
386	-325.776001
3420	-306.358581
2968	-310.909942
2259	-361.734611
2222	-340.678668
1117	-345.566120
1912	-310.915653
2441	-310.909223
2151	-289.802108
2205	-318.391203
1562	-309.676327
403	-272.843742
852	-361.731511
1662	-377.834156
146	-377.813815
2263	-274.983122
2913	-361.630982
1791	-272.554824
3640	-309.692577
3279	-356.732861
1213	-324.530103
2949	-346.838702
2416	-344.406447
2478	-339.450173
1204	-361.704371
1926	-273.773955
1962	-382.756724
2807	-269.176124
945	-264.243028
4	-270.439280
2333	-338.234590
1717	-345.603646
3835	-309.693085
2529	-229.969129
1383	-344.398797
2133	-323.338627
3013	-346.883127
3583	-325.721011
674	-346.879260
3941	-231.108368
3192	-313.554802
1684	-320.783029
1610	-196.406419
1411	-327.023352
265	-236.916125
2381	-346.856604
813	-361.733052
2390	-270.097243
35	-343.197784
956	-230.183076
1009	-266.763445
1407	-235.694798
3989	-272.542369
129	-308.512092
1803	-270.394458
854	-383.971058
702	-379.000257
2483	-322.158791
2402	-235.696227
453	-375.430225
3712	-300.148891
3173	-325.791830
849	-360.532987
1572	-322.170570
2359	-360.468392
1623	-229.615446
2144	-324.574829
3396	-273.815873
2504	-325.805550
655	-325.771459
1506	-339.437849

file identifier 	 test data 	 predicted
1270	-307.571937	-317.498443
1299	-348.043466	-356.617440
1184	-286.506282	-292.156821
1713	-323.381747	-330.579261
3078	-383.966179	-390.153039
2824	-304.720708	-328.588024
2548	-340.654465	-355.890399
1986	-344.459234	-361.466605
2375	-360.564233	-377.659407
3629	-359.312853	-370.144677
3565	-286.474509	-307.267854
2707	-310.915408	-318.556548
3492	-345.645245	-354.790758
432	-344.390227	-349.301369
2293	-269.216495	-281.985119
55	-335.683118	-338.088435
3494	-324.573795	-335.619052
1135	-310.903412	-323.402126
3164	-344.379764	-361.417454
2495	-307.596472	-321.412164
1054	-323.427722	-338.875026
3965	-273.764529	-294.828212
1916	-360.557411	-368.032334
522	-309.680641	-324.250920
116	-346.831175	-361.619189
3282	-362.972786	-373.123916
3761	-352.866322	-361.139584
837	-360.512026	-374.179427
2170	-274.987123	-294.430797
997	-361.688335	-381.012050
893	-232.317400	-247.402431
1115	-325.773014	-342.818062
2709	-345.632155	-359.062883
2786	-327.009009	-340.043057
3234	-287.349937	-297.721341
1775	-306.353871	-316.518665
1895	-324.551432	-349.941331
3251	-306.056425	-323.614587
2356	-323.346816	-333.464533
2657	-308.451299	-318.224067
969	-325.797425	-344.229346
3720	-308.561301	-319.752665
2456	-345.610758	-361.675709
2449	-341.841190	-354.652764
1637	-343.503600	-357.117909
1691	-272.595294	-293.517028
2749	-340.645995	-358.387893
3131	-303.560907	-315.854303
63	-287.377993	-299.572967
3576	-325.729906	-338.673216
1484	-273.817328	-294.275160
2647	-262.017735	-271.245358
2355	-336.816043	-352.065754
1705	-286.218259	-301.956349
876	-325.807685	-339.765089
3568	-308.468418	-320.658637
3514	-340.654233	-355.299752
2661	-323.448833	-345.202635
211	-357.939331	-374.602507
2020	-272.514099	-286.104698
1114	-302.353948	-319.446259
2689	-309.673807	-320.041050
1271	-310.902165	-317.164537
1259	-288.590804	-309.577954
3455	-270.401061	-287.884386
1714	-132.718150	-126.849755
1097	-325.784473	-346.224353
3006	-308.470648	-316.809209
904	-345.608456	-352.628809
2986	-340.629609	-352.873762
1860	-308.507458	-317.153359
3207	-355.520098	-372.854859
1197	-308.462932	-317.805640
1597	-336.805704	-351.764867
3668	-309.700336	-323.376371
1078	-309.738888	-323.990067
2030	-273.804223	-286.618914
2920	-326.952797	-338.340823
210	-362.938898	-368.396735
2805	-272.587161	-290.233336
2198	-382.804255	-389.066276
2465	-339.464024	-350.688406
3093	-334.424572	-346.001012
3585	-308.497008	-324.877931
921	-325.682121	-341.813771
1068	-308.470010	-319.939531
3862	-271.646263	-286.411069
1160	-286.467220	-306.173764
780	-308.769557	-317.141238
3505	-274.983383	-283.006482
3112	-327.021680	-345.111099
2040	-317.409527	-323.601722
2848	-339.419688	-350.041639
2666	-303.423742	-325.090299
3633	-380.412093	-387.292550
3281	-309.716743	-327.231338
2043	-344.484341	-352.691718
2054	-302.588564	-323.719383
477	-265.399968	-284.940570
927	-340.676668	-353.137277
1330	-324.575010	-346.023771
3458	-345.693035	-353.111613
1701	-344.428649	-353.936388
1989	-287.426977	-298.599828
1305	-319.621560	-335.755680
3102	-310.903589	-324.411226
2732	-324.579850	-337.917295
2251	-430.448052	-416.713103
527	-324.629301	-336.774781
159	-273.773408	-294.596618
1283	-345.605635	-357.983386
2260	-271.351786	-286.717287
3617	-345.608658	-350.231665
3951	-326.977685	-349.220808
2316	-306.361448	-314.470300
2533	-265.438520	-283.413277
2130	-271.612772	-287.939866
1504	-360.489720	-373.889043
1287	-355.515622	-373.997869
1943	-325.729335	-334.326529
2962	-309.686114	-322.579241
73	-233.293627	-243.291538
2239	-346.823312	-355.895471
2085	-309.695312	-319.077444
272	-322.161948	-342.217524
3368	-308.496367	-319.049217
1848	-273.769835	-294.357132
1532	-309.731599	-324.250625
2462	-325.752244	-336.804686
3532	-344.464356	-356.716387
2849	-355.442748	-372.416848
2799	-340.702898	-358.118654
3150	-310.942587	-323.564380
2583	-346.859078	-357.556015
2536	-273.758980	-288.156038
3661	-287.358011	-309.402194
189	-322.167165	-332.161789
3471	-416.384141	-272.974432
759	-398.888473	-415.703064
1390	-340.660793	-357.231665
1423	-344.413850	-359.992192
957	-360.490486	-370.675013
2834	-325.699665	-332.088807
2514	-354.197108	-373.651785
2185	-344.343476	-369.556875
66	-337.302324	-351.045239
188	-339.406341	-351.781818
2168	-310.899911	-321.317387
2006	-339.486095	-359.537618
2654	-304.679740	-321.810630
1781	-324.582445	-342.032998
985	-320.770329	-343.115952
3061	-392.552088	-407.847445
464	-324.485629	-338.128118
50	-357.934562	-373.299691
1237	-360.542541	-368.854558
100	-361.702143	-373.357485
2291	-286.514923	-306.290510
1688	-324.567893	-340.109474
3366	-323.268818	-340.016082
2901	-318.323005	-337.966142
3356	-270.447268	-288.194709
2286	-309.728265	-326.053121
1187	-264.235803	-277.507969
2691	-308.505543	-319.774772
918	-310.917344	-326.683406
1424	-212.438188	-230.350510
2073	-345.600119	-362.711253
1362	-249.387499	-261.971173
810	-269.144656	-281.571861
3627	-323.347112	-342.519168
2347	-308.476587	-317.620739
117	-211.295163	-219.183166
1935	-361.677841	-373.372154
3647	-325.794522	-341.776829
288	-355.557059	-361.701672
1442	-308.465594	-320.764731
1358	-340.682075	-354.779328
1064	-276.202311	-291.759466
3691	-352.852117	-366.728423
1320	-340.656628	-355.464742
2540	-211.295796	-214.173178
3497	-392.627857	-398.601920
3469	-356.686540	-368.607825
2042	-232.364952	-241.146563
3057	-301.381127	-312.589122
3374	-324.551244	-338.681473
1245	-310.907810	-324.645782
2830	-325.800699	-335.522591
2410	-361.673369	-373.551521
1207	-324.584396	-338.253349
3300	-344.499155	-353.809407
3948	-340.614465	-362.449347
39	-340.687222	-350.983162
3468	-345.710017	-357.381331
2466	-325.785959	-339.049846
600	-268.859550	-284.937857
1076	-361.656187	-376.115145
2595	-303.465315	-327.414924
3454	-376.600944	-385.989870
826	-248.137789	-263.949584
2903	-308.505951	-321.814953
1124	-271.651913	-279.438964
2364	-360.507160	-374.039744
2268	-302.558547	-322.543991
1070	-361.752301	-379.692301
1173	-344.465017	-348.696773
244	-346.835129	-354.908698
1194	-381.612648	-390.779348
1140	-304.683966	-321.631173
2980	-274.983908	-288.557641
1291	-285.276634	-297.691563
3976	-273.765901	-291.855632
1718	-356.706262	-369.254376
1447	-469.758395	-453.866997
2167	-309.681554	-324.437194
3082	-272.586248	-291.013681
1676	-296.285473	-307.716560
1412	-242.195730	-265.644621
1675	-271.277972	-287.473440
2312	-344.416076	-357.911289
2078	-324.575989	-335.516380
1528	-360.446475	-369.829033
2719	-286.477365	-305.116546
3255	-345.578846	-356.956025
2165	-319.567241	-338.193141
572	-356.752533	-372.215454
2264	-346.831590	-354.964306
3038	-288.542113	-302.987754
1302	-339.445855	-351.606993
1546	-318.321510	-337.666478
1760	-326.940002	-336.569713
48	-304.689512	-327.227474
2184	-360.501473	-374.437749
783	-273.806375	-294.379157
774	-395.551843	-349.615814
1436	-375.359407	-390.394212
3371	-286.517424	-310.509834
1312	-381.612501	-387.193505
2524	-392.642251	-410.169257
3837	-343.468335	-344.904084
1376	-348.053064	-357.298812
3033	-325.785262	-344.626063
815	-285.324641	-303.833945
2620	-324.587670	-332.295853
2964	-362.945907	-376.112642
1878	-346.819711	-354.432490
1624	-340.670034	-358.308547
2776	-313.573888	-326.123661
3780	-323.320574	-339.989075
1085	-231.092208	-247.001811
3660	-288.651313	-305.063434
708	-306.313133	-318.663947
634	-154.960361	-167.818549
1820	-324.522751	-337.711528
360	-346.890881	-364.581173
1338	-320.793141	-343.185886
832	-308.470270	-319.043263
455	-340.664551	-364.952909
959	-492.026657	-474.341478
972	-341.869909	-358.238594
1838	-356.685238	-365.958147
2196	-338.559964	-363.853865
647	-338.268974	-355.258690
2855	-268.917900	-281.098145
3534	-320.785748	-345.454085
1511	-271.315027	-283.145576
1298	-308.505512	-318.299764
3984	-344.418857	-360.587284
2664	-348.047695	-351.706495
3351	-285.306999	-310.186555
1531	-345.640098	-355.437109
1551	-324.575851	-335.376745
3034	-360.418556	-380.145550
695	-345.700085	-356.269916
3845	-344.454717	-358.893205
3904	-356.716094	-367.928743
2281	-345.643890	-356.962627
1041	-371.504707	-385.619356
1936	-360.564423	-366.760471
3705	-345.665479	-357.115855
2561	-325.778234	-339.227819
328	-310.911163	-323.423990
3921	-343.218379	-363.106445
3488	-340.672417	-353.424057
2162	-340.613712	-356.342240
621	-310.899323	-314.743429
1981	-306.313924	-317.816370
3010	-361.720579	-375.961109
3571	-309.676719	-319.714282
1333	-270.359564	-288.188860
1116	-356.691214	-371.431660
3905	-395.515911	-346.999810
2343	-325.781464	-345.536891
861	-360.488871	-375.962412
534	-324.575799	-335.154882
1406	-375.394844	-385.827807
967	-372.742461	-384.466715
2501	-232.377706	-249.443700
2665	-348.031230	-354.259502
1409	-285.282853	-296.865428
3591	-273.762889	-286.213510
2892	-325.728271	-337.394534
500	-308.452306	-319.542354
2993	-346.825502	-359.695622
889	-272.539307	-289.143186
2434	-377.845502	-393.116577
1415	-338.156727	-350.950951
2033	-310.919833	-319.984566
2270	-355.497046	-370.439841
717	-380.401348	-395.856834
2994	-345.597078	-356.126294
962	-376.587043	-390.846568
3316	-264.261826	-285.637934
2227	-356.712771	-372.645358
3708	-270.397474	-288.121781
3247	-360.531175	-374.589485
2150	-324.570860	-331.914341
676	-272.584377	-288.983003
3341	-291.021228	-306.423307
3501	-318.409788	-342.941824
3628	-272.509064	-282.780223
846	-270.434394	-284.296582
1767	-285.277900	-299.947703
3115	-340.620294	-354.172589
1188	-306.054267	-316.819082
1611	-348.044714	-354.906473
3551	-345.646761	-353.446042
1595	-309.686571	-315.530084
2558	-472.145935	-457.113773
1975	-341.829025	-359.449884
1279	-377.837977	-393.652070
2990	-376.661483	-389.841574
376	-309.732528	-318.231833
628	-325.726991	-338.188032
3465	-324.548021	-336.848320
3749	-249.363949	-262.247992
1373	-324.557383	-343.061406
2796	-345.678871	-364.331657
1113	-234.484521	-253.862318
1650	-341.836348	-359.687276
362	-289.871990	-302.249658
1565	-325.735821	-338.921757
3697	-312.119261	-325.705864
380	-307.581989	-317.059613
1234	-325.796704	-349.067349
2015	-308.518276	-322.736194
776	-325.781815	-344.316118
2049	-344.463291	-353.890035
3092	-340.610697	-357.529848
765	-317.447668	-322.502631
754	-361.718210	-377.091437
3799	-291.018995	-303.554031
3119	-301.090914	-313.831059
508	-325.801512	-342.487186
269	-325.729080	-336.394389
1629	-272.526778	-284.368215
1635	-360.520081	-371.815768
2865	-342.307696	-359.051177
1560	-340.645686	-348.622079
2022	-344.425164	-355.010557
2696	-353.269456	-375.881536
1866	-310.940708	-327.357660
3246	-340.652252	-356.969558
2596	-339.467484	-352.599125
2278	-345.650717	-357.171994
144	-271.323089	-292.000244
344	-343.305175	-355.133372
3252	-340.610842	-361.596258
1794	-325.712420	-337.746498
141	-287.734664	-304.911110
1171	-325.721867	-340.831323
3291	-362.911941	-372.962021
1246	-318.406529	-340.708326
3713	-325.748400	-345.933149
284	-360.500454	-370.076106
935	-269.154939	-283.617412
2001	-346.833365	-357.966737
2	-324.551643	-343.993742
1811	-346.855968	-361.643244
1256	-312.119596	-324.397036
1720	-309.692095	-316.365044
2939	-352.864008	-368.324895
3170	-271.626697	-282.866271
3974	-323.433262	-334.431710
2693	-340.638326	-353.927933
3088	-308.459859	-322.149079
252	-305.913756	-324.706344
2929	-345.638912	-366.053738
3248	-322.477268	-330.339258
1441	-303.469082	-330.339629
1426	-381.607770	-391.953531
2203	-310.911529	-319.668197
1996	-356.687774	-368.670502
2628	-359.341296	-367.872705
1664	-310.904974	-321.270534
3969	-324.609784	-336.770288
1037	-306.397746	-322.517500
1764	-304.725676	-330.153020
487	-307.223588	-322.358153
2998	-246.027383	-256.150385
408	-208.863267	-225.889253
3949	-359.301320	-370.387100
3020	-287.430903	-306.590966
2534	-362.960595	-368.187796
176	-308.554162	-317.241078
91	-275.011437	-289.711968
3436	-361.762744	-374.428533
2415	-340.676441	-358.951505
786	-307.544728	-317.155359
2715	-345.709596	-353.718543
1690	-339.426816	-354.261479
1568	-324.555249	-337.641022
2790	-287.732329	-302.826779
1014	-301.385442	-323.012510
3434	-360.560766	-373.186151
1564	-288.555332	-304.673866
1607	-303.462115	-327.767582
132	-308.469258	-321.351353
3297	-360.526636	-376.176439
3295	-231.069318	-239.371667
3959	-305.831035	-326.172966
2249	-392.653825	-403.344851
266	-308.477155	-321.659078
2112	-304.729640	-324.173202
439	-288.690999	-305.205920
395	-234.447743	-246.413790
1318	-310.897519	-316.991243
1979	-308.462923	-314.331289
1167	-309.729139	-324.936168
3084	-325.781161	-332.756981
1496	-268.248371	-268.294967
2563	-247.215049	-259.570543
1040	-268.307873	-281.726802
1997	-271.666841	-292.631359
770	-381.612946	-389.635380
1972	-233.542445	-255.671365
261	-310.905322	-330.532136
199	-309.673895	-316.978185
3384	-357.949026	-376.132378
1915	-361.705669	-373.310217
2388	-309.695742	-325.772822
2472	-209.159302	-224.013960
2028	-346.821466	-360.978651
108	-345.614707	-360.576919
2494	-274.984732	-290.410613
1702	-251.727632	-272.893860
975	-357.171724	-369.707200
2761	-309.696507	-325.591313
3338	-308.466631	-316.930253
2037	-345.620113	-361.807876
3791	-360.491959	-366.347850
3158	-269.271320	-286.869419
336	-308.524858	-320.604627
3354	-360.529236	-373.550301
2655	-235.723792	-242.929667
1587	-322.133444	-342.006132
2331	-308.516808	-322.323633
2330	-287.681216	-309.820987
1035	-284.385189	-282.165177
445	-319.610687	-335.777415
128	-303.785832	-304.952610
1575	-334.447259	-353.143667
1640	-304.583737	-324.663169
64	-362.945802	-376.873477
888	-323.328290	-347.689515
486	-288.678720	-308.168727
3004	-288.652346	-302.442638
2394	-355.446449	-374.073593
2597	-412.494644	-425.596342
2396	-307.546144	-317.323391
491	-287.737498	-310.670946
3821	-308.427345	-322.626708
597	-309.683901	-324.013266
2821	-308.511516	-323.576108
1948	-195.158734	-216.099465
89	-249.259410	-274.149373
3027	-336.811099	-350.450760
300	-324.602433	-332.599742
3193	-320.725883	-350.293628
3588	-272.549011	-285.668510
2603	-341.863083	-349.823582
2946	-345.649552	-351.184877
2471	-288.628801	-303.408302
3805	-309.680682	-323.286512
2906	-340.657508	-349.625401
2618	-361.768020	-369.557819
92	-301.343578	-302.259046
1396	-346.886411	-367.482456
3961	-308.561152	-320.573498
2547	-323.328581	-339.200922
2036	-309.733888	-321.832821
3900	-308.465445	-317.674028
2580	-309.722373	-321.293175
859	-308.468407	-318.850103
263	-341.853650	-350.800148
147	-345.615452	-361.296270
3134	-271.319942	-279.041756
1036	-340.609236	-355.240142
2302	-492.008892	-475.204862
3175	-309.649998	-320.407911
772	-381.599310	-389.431644
1189	-287.322957	-311.550884
2034	-345.586124	-358.405429
2624	-309.699280	-323.671097
1871	-306.406578	-315.008546
1801	-301.335636	-311.101926
2296	-309.691365	-325.771998
1768	-289.789940	-313.167347
2311	-193.034988	-214.149997
3166	-326.949535	-344.255045
2197	-309.684327	-320.934583
3140	-284.987905	-305.060139
3007	-319.573727	-339.211957
2105	-335.635972	-354.609820
2243	-340.673964	-361.473425
436	-360.521191	-378.708117
3485	-324.614459	-340.834445
2727	-271.330291	-283.345766
762	-346.863396	-359.768990
1109	-333.411326	-353.692193
3320	-310.952127	-320.047454
3165	-356.724041	-368.493621
3561	-343.190300	-365.554871
2107	-325.766177	-341.571393
2537	-317.434422	-328.266429
1494	-345.654016	-358.840019
720	-381.594735	-384.828221
3187	-272.591906	-285.075579
853	-76.404702	-164.061427
493	-336.819674	-354.216227
1262	-356.712023	-365.387726
3636	-324.624318	-336.543547
922	-272.844560	-291.309508
1652	-301.316399	-293.084316
3992	-319.576017	-336.343595
561	-264.226909	-287.348805
3108	-361.653332	-379.226136
3498	-381.585231	-385.680371
1548	-306.308471	-319.978789
567	-339.489014	-354.501730
305	-346.859213	-358.675970
429	-288.570364	-314.940943
2506	-307.526911	-322.753072
3889	-360.533387	-367.141874
3913	-308.551230	-318.831466
3331	-233.545899	-252.461003
3323	-232.335768	-241.010761
1723	-307.290176	-322.121154
3162	-324.546164	-339.326186
358	-272.544323	-292.566538
2474	-357.944802	-372.878778
120	-323.345161	-339.111226
581	-287.683128	-300.323997
312	-234.485640	-252.804004
2438	-392.565188	-408.922701
3000	-309.688191	-324.985872
2067	-280.248350	-304.354657
3435	-361.728293	-378.689764
3536	-352.836930	-361.159850
1335	-283.156647	-282.236769
3747	-324.521162	-338.765485
1977	-312.131398	-317.872899
2447	-323.330261	-343.414355
3958	-291.015785	-309.808275
1535	-324.463541	-343.498160
2963	-287.651399	-306.523391
1101	-307.244627	-321.171831
895	-356.728690	-372.378905
2491	-381.634033	-376.801419
3024	-251.729571	-258.032215
1416	-308.514570	-314.019085
154	-324.538764	-339.257633
1272	-308.486687	-316.965725
1044	-304.687053	-327.913387
42	-376.564691	-384.270804
2310	-338.194242	-351.510113
3212	-360.575745	-367.365881
3121	-344.419977	-362.249075
3499	-309.702237	-319.529320
3824	-302.288055	-325.584252
1427	-340.646339	-340.940849
1463	-362.938449	-373.470610
3764	-308.483519	-317.601911
1361	-346.840635	-356.785545
1657	-338.273162	-358.490640
2895	-273.764673	-293.492384
245	-340.656722	-354.742718
2319	-271.316064	-275.030324
718	-392.601894	-401.791866
3510	-340.674744	-356.872506
1363	-355.525451	-368.654743
278	-397.667072	-414.088924
3440	-322.135917	-338.128678
1478	-309.691634	-319.175494
1830	-345.641862	-349.472479
2731	-272.836211	-280.575588
2649	-381.581036	-384.112479
723	-361.717032	-371.946331
2468	-307.193849	-309.322971
3891	-346.821929	-362.324950
3448	-324.634377	-340.353973
1268	-344.411146	-351.299162
1033	-339.482903	-349.611889
2238	-281.495234	-303.703691
989	-272.839582	-275.208681
864	-323.337623	-338.812466
3228	-381.648857	-377.147679
1993	-339.504090	-355.580483
3427	-325.793904	-339.948030
1198	-308.449457	-317.194209
3842	-376.587741	-387.534130
268	-362.957295	-370.785872
3009	-307.265383	-317.015686
3834	-324.589539	-335.917386
649	-340.685408	-359.733363
1309	-287.723848	-305.463051
2160	-345.674929	-354.975534
1840	-360.536972	-369.782651
963	-345.645239	-352.230780
3021	-360.495540	-374.820581
1850	-323.407987	-337.298737
705	-362.953848	-371.320332
3967	-273.758273	-286.052697
2845	-307.602080	-319.408075
2214	-245.994065	-257.532984
1529	-354.275774	-369.572731
3555	-360.547370	-374.249397
1301	-309.679190	-325.767540
785	-273.796695	-287.964742
1625	-320.776082	-343.880472
3716	-361.720799	-370.796887
488	-346.861837	-358.954747
3609	-269.176442	-277.364114
2773	-325.684055	-337.007693
7	-309.722879	-321.988617
847	-324.608363	-338.938693
2075	-345.606444	-346.798801
3638	-306.320806	-319.236399
134	-308.516376	-317.895019
2886	-324.530742	-342.253426
3892	-271.608843	-283.309861
359	-346.832402	-352.723381
3581	-319.540355	-338.194395
2345	-342.329232	-351.629551
669	-377.780670	-391.523154
3626	-310.902465	-328.416764
3322	-272.536448	-290.815021
1045	-344.449852	-354.545749
335	-361.729115	-373.518256
755	-324.568345	-340.598922
247	-304.688358	-328.595076
2888	-361.704536	-374.937096
1480	-324.584824	-333.293334
1289	-344.439723	-361.774355
2950	-360.498298	-371.269361
3526	-249.285024	-284.234158
193	-307.285557	-322.022872
607	-301.373496	-316.593961
196	-341.759398	-369.242968
3114	-309.692389	-320.534847
3582	-344.436500	-356.371391
2960	-271.360631	-287.740252
1019	-327.016183	-335.759713
3145	-324.570872	-341.676040
3253	-281.476938	-298.821439
1183	-325.750970	-335.891277
2139	-381.581478	-389.854072
2568	-325.718022	-330.789268
3919	-304.721921	-323.633228
166	-325.729970	-340.481671
3258	-324.473847	-336.457260
1961	-197.629416	-211.960876
2443	-288.547509	-309.236813
406	-359.295180	-370.841439
133	-271.642927	-283.619399
682	-302.303791	-319.660689
2774	-310.910631	-324.695784
3909	-310.945132	-314.965873
518	-289.791234	-312.455644
1073	-233.249538	-242.496111
3346	-318.327053	-336.968944
3942	-287.507193	-314.959101
355	-273.761263	-294.947912
2288	-345.612787	-356.138189
665	-288.571762	-306.363355
1771	-287.657053	-305.409893
2181	-340.656656	-346.284905
1430	-361.720960	-368.246699
857	-245.711897	-262.635424
1217	-325.773675	-347.032904
2875	-344.475122	-352.465657
184	-322.436757	-325.938438
69	-265.441614	-289.433184
2200	-344.426799	-358.827045
310	-308.480308	-314.373623
1153	-325.764669	-346.580964
2775	-382.812383	-391.157972
1508	-308.462196	-320.928573
2870	-289.872470	-299.597717
3513	-340.637067	-354.077882
1263	-345.642008	-356.922538
1456	-308.496384	-322.625990
3352	-272.834623	-276.362579
1594	-323.433551	-341.066628
3242	-397.707881	-418.679982
1276	-340.667317	-359.671157
1651	-273.809498	-287.543450
3189	-324.510378	-337.962643
1369	-392.662003	-408.475368
2147	-382.781806	-389.273764
259	-309.735245	-321.375154
1685	-338.273553	-352.828418
1201	-224.944660	-225.438321
3315	-269.176979	-281.692360
1834	-381.615289	-382.937813
3947	-382.782251	-395.314144
401	-325.712603	-334.179265
324	-307.534482	-318.111680
2339	-326.954728	-340.281182
2680	-340.664901	-358.128746
2593	-321.252793	-312.112579
791	-309.662433	-325.313834
2690	-231.093096	-243.300554
719	-309.693538	-321.505950
586	-376.582598	-400.674115
1695	-344.411060	-350.618840
697	-340.621200	-358.107749
3915	-309.687698	-324.061655
3481	-357.941534	-369.161072
3678	-285.255880	-303.150211
1090	-272.500426	-290.969671
1743	-346.856186	-348.461619
1488	-320.766344	-338.288580
279	-306.012858	-319.600166
714	-356.669324	-371.689911
283	-355.460155	-372.852871
2023	-317.402836	-330.724955
867	-283.179781	-289.628565
2978	-340.669862	-347.581350
990	-309.684377	-326.709190
471	-324.532283	-343.143261
1888	-276.201993	-289.335926
3106	-273.735646	-288.452681
2121	-324.619773	-349.326682
3172	-274.982310	-287.601160
616	-345.676243	-357.284557
195	-296.296482	-308.663584
2252	-382.779570	-394.994225
3470	-416.814878	-443.759213
2833	-248.375248	-262.416450
2072	-344.431636	-361.461680
2872	-288.581144	-311.779136
2570	-324.626187	-343.223451
971	-324.624537	-338.129885
370	-356.698196	-367.732561
213	-249.281074	-284.111030
2363	-324.610150	-332.073034
3572	-322.172641	-336.967802
2566	-346.832253	-360.582390
1707	-288.590006	-309.498403
243	-323.389193	-329.456980
1395	-375.348487	-383.329773
1323	-289.811983	-305.961235
579	-281.480583	-309.339760
3802	-356.724118	-369.981338
2751	-273.787799	-299.847839
1072	-272.554773	-285.679559
3819	-397.692021	-409.228084
1851	-361.717868	-371.325560
3385	-324.583090	-337.060541
2802	-325.804486	-338.107031
3127	-327.010419	-340.482765
3696	-308.474441	-318.496211
2349	-301.357553	-311.519890
3825	-93.411888	-92.339674
838	-361.709679	-374.459157
696	-356.709466	-371.312879
267	-345.641113	-362.251898
1588	-323.678800	-341.352211
672	-345.661057	-353.730318
1709	-326.941251	-340.140894
2692	-356.663387	-366.947057
3525	-340.662316	-355.914578
3599	-308.482454	-318.935924
3543	-287.318584	-305.551410
2896	-356.725069	-372.156771
1292	-323.652284	-342.238822
3867	-356.726146	-366.712856
2127	-308.519863	-322.515260
2837	-325.730097	-336.287413
2308	-324.460752	-346.305348
3637	-309.764115	-316.695052
3400	-289.799552	-308.564550
1526	-269.267574	-279.430497
2675	-303.787203	-301.580810
2770	-288.588657	-308.857660
1012	-266.609146	-289.609205
2186	-320.782523	-344.624780
1752	-296.265627	-303.868060
553	-271.666055	-290.551373
3787	-381.580675	-390.547175
1859	-324.577613	-334.045021
3570	-272.514475	-291.766775
2032	-287.663174	-303.535804
2318	-348.039301	-356.943683
3589	-324.543443	-340.145090
1380	-288.625728	-301.948018
1022	-310.902683	-320.528135
2667	-308.455402	-318.624555
1785	-273.751900	-287.068446
675	-346.827397	-353.610956
1439	-340.590431	-354.713080
164	-340.675814	-357.461391
458	-340.699868	-354.862126
3002	-269.479234	-281.817387
2982	-325.722723	-335.081061
2097	-345.639692	-353.889195
3075	-324.616343	-337.374821
916	-345.608831	-348.995587
2299	-280.273691	-300.323910
2914	-270.422403	-293.677008
2898	-310.940190	-317.570056
3621	-346.815715	-354.825157
2266	-289.766576	-315.819270
611	-248.364357	-254.966561
1844	-325.808754	-342.268248
3113	-324.531139	-343.405061
22	-324.575190	-337.387585
1349	-286.542391	-302.263579
3601	-308.749822	-317.767892
1519	-352.874613	-369.129956
271	-361.759779	-372.525404
839	-302.254301	-319.416387
339	-356.705991	-372.195401
206	-309.688611	-327.372162
2663	-361.722327	-378.395785
3937	-361.713179	-375.146041
2803	-327.013853	-339.015177
3087	-392.563319	-406.775065
807	-340.681309	-360.045322
879	-303.556846	-321.196963
3239	-361.708121	-380.393353
2933	-360.538112	-377.214224
2084	-361.708021	-374.283391
2510	-325.797299	-337.487571
835	-320.740782	-338.652544
3069	-346.878430	-362.441174
2305	-376.633716	-385.758535
2389	-361.728546	-375.275427
2377	-236.916033	-259.607620
3110	-236.917458	-261.987476
3953	-325.792503	-341.621355
2742	-348.048844	-357.063287
1716	-325.784331	-337.022782
1150	-308.551121	-318.586143
1139	-270.382725	-280.983384
3014	-269.263802	-288.171166
703	-340.656580	-346.443153
292	-308.517192	-324.023842
3444	-289.794376	-306.997143
2621	-305.145002	-317.101236
3728	-234.474951	-245.404444
2454	-288.578155	-310.120078
974	-303.468081	-327.315140
3410	-271.316922	-291.009318
1655	-338.217210	-354.241487
822	-336.845442	-352.879737
2569	-281.476967	-300.847431
3159	-324.612512	-334.788406
101	-324.507184	-344.349256
2025	-249.363808	-263.162557
1596	-492.022084	-478.193126
2408	-356.708234	-368.139443
3118	-236.917873	-247.976794
393	-323.334482	-339.451931
1853	-359.314227	-378.328995
880	-345.648463	-351.892436
1032	-346.816694	-357.329082
629	-309.712115	-323.042682
1885	-345.647670	-356.756736
645	-308.540795	-321.903950
1643	-310.910140	-319.608747
3781	-274.984614	-287.646823
2703	-309.722894	-324.593192
390	-306.070291	-322.995928
3103	-340.631134	-357.048678
3111	-318.340705	-341.942377
848	-309.744522	-320.763726
2757	-346.855643	-360.845847
2418	-304.734646	-321.873095
3141	-345.651109	-363.272827
1235	-265.447270	-282.903894
118	-352.905052	-366.665961
3169	-310.902849	-319.256651
654	-309.727166	-316.101869
2811	-326.944158	-338.409997
1095	-324.603415	-339.301547
3752	-345.686524	-357.802550
746	-273.802095	-295.895117
1	-360.499843	-366.315715
515	-287.727890	-305.504205
3575	-309.736328	-320.039380
23	-304.679494	-325.901667
2835	-362.925466	-369.731150
1797	-194.267232	-200.011056
2991	-272.841336	-282.534762
2145	-346.844016	-366.713633
3223	-341.794931	-363.768650
3264	-307.260972	-317.258963
1758	-271.616401	-292.907370
2526	-340.601771	-355.494296
3217	-306.392828	-315.175988
1339	-285.316421	-295.158812
3224	-286.504546	-300.227163
1126	-270.392715	-292.549783
3658	-309.682445	-325.827571
2938	-346.875201	-361.418619
463	-309.715058	-323.179112
771	-346.903261	-359.334609
369	-361.733362	-377.570105
3558	-339.464817	-357.639677
3622	-304.726439	-328.513218
1984	-287.441165	-307.337877
3157	-335.619981	-352.283635
2366	-286.466852	-305.702853
2445	-324.576679	-338.515433
3317	-269.177232	-281.668781
2399	-308.430606	-314.905928
3518	-340.655390	-359.432859
2704	-320.786981	-344.398807
2726	-324.475651	-336.577499
540	-346.830523	-363.022044
2442	-345.636611	-358.017229
2716	-303.464433	-324.473691
2660	-307.582044	-309.476809
636	-382.818623	-389.534777
379	-391.337881	-405.168314
2056	-325.729141	-343.015803
3340	-229.879598	-243.106383
33	-264.504487	-278.251696
949	-344.463502	-363.784692
190	-354.290746	-368.443168
3116	-312.128429	-322.808248
218	-285.311823	-304.194772
3050	-303.940271	-319.029729
1031	-304.643927	-311.693526
345	-309.704732	-318.694084
3956	-345.698757	-360.483374
3055	-285.313284	-301.375511
1604	-347.456674	-359.551777
1673	-309.733829	-315.728580
3832	-346.836423	-364.339784
482	-272.599303	-292.935383
3373	-271.613890	-287.143076
1730	-345.663299	-361.956526
2683	-309.686061	-321.770790
710	-340.625597	-353.955236
2947	-355.510313	-373.556566
3960	-336.825944	-353.004984
747	-359.350089	-365.655097
1242	-308.508254	-325.354083
3136	-340.660061	-354.322194
743	-309.719124	-323.224299
2301	-324.616647	-338.840012
991	-345.602096	-360.588407
2684	-310.940657	-321.307860
2175	-324.545475	-343.326234
2653	-361.749428	-366.951390
40	-344.338878	-367.644641
1903	-309.678054	-319.871155
1566	-380.438011	-389.039689
3156	-362.941094	-373.096625
1334	-273.765782	-292.051515
2358	-322.169697	-334.465832
2117	-346.839895	-360.453038
1400	-306.067385	-317.672838
2639	-302.580808	-315.115650
2857	-362.899149	-370.276448
2209	-382.781841	-398.057944
3962	-341.865856	-352.210456
684	-361.753989	-374.668752
753	-361.710299	-376.313396
3538	-271.350701	-285.927704
2432	-274.987245	-288.703705
851	-270.117027	-285.020957
3911	-345.639354	-360.681800
1654	-360.518768	-379.270280
3644	-345.587398	-355.828865
2549	-375.410333	-384.909985
3128	-341.867138	-361.803065
2724	-376.591176	-392.037291
367	-360.491873	-371.329870
3698	-360.508088	-371.719471
3179	-270.408713	-287.992623
2587	-376.609234	-379.981984
1314	-324.460304	-332.556241
54	-195.186228	-210.516516
361	-376.622353	-389.165574
1206	-342.315546	-352.175271
2010	-323.385837	-331.652340
1582	-361.735290	-372.587675
738	-324.592221	-337.583995
2473	-324.497671	-344.603598
1413	-247.214861	-255.207600
1586	-272.837559	-293.219598
2889	-341.871347	-356.566844
2826	-308.764658	-320.165612
613	-309.689486	-322.457714
1537	-309.692993	-317.252425
936	-382.773457	-388.138466
2970	-339.501361	-355.878804
2676	-325.784384	-345.183631
1679	-288.576381	-306.344669
898	-305.906901	-342.993485
3130	-270.427802	-282.354181
1666	-289.872246	-299.545011
3800	-346.862839	-367.230676
3934	-381.630276	-380.817825
257	-324.569867	-341.218355
2081	-273.775864	-286.505426
2678	-285.255563	-304.549210
3606	-310.906553	-321.108335
2351	-304.614169	-323.363233
1186	-359.296697	-372.594817
1671	-309.708282	-324.821634
884	-276.202586	-295.658211
67	-172.006141	-159.894318
1258	-344.472090	-352.828229
315	-302.472397	-342.012146
979	-309.713440	-322.461249
3095	-339.431197	-361.569922
3945	-304.737186	-327.400139
2424	-273.764093	-288.941205
410	-325.835955	-340.354938
1683	-346.829154	-354.097620
901	-270.446915	-286.331232
2652	-317.377404	-315.378311
739	-309.678703	-322.635803
2325	-273.732431	-287.661321
3873	-348.051405	-357.452798
323	-309.647349	-324.007640
1172	-357.927353	-378.157211
291	-304.683134	-320.008731
1872	-272.566631	-289.130784
1347	-359.361259	-370.396225
451	-362.932378	-367.796519
3459	-346.831382	-359.235734
1724	-381.594558	-392.458868
3456	-276.206318	-290.865802
2047	-286.246880	-311.268911
1111	-335.656557	-340.448292
93	-340.615011	-346.275901
1831	-323.386306	-332.648393
71	-346.864282	-357.922217
1911	-272.582516	-289.210440
3342	-153.787612	-155.124997
3878	-360.554015	-370.347434
2579	-273.765811	-283.446221
3052	-291.017787	-305.336059
3149	-372.694726	-381.020903
2225	-324.612179	-335.955497
3003	-325.798735	-344.141323
2180	-340.665904	-358.007183
2670	-326.934805	-344.057843
1266	-324.582035	-337.576051
2257	-307.238509	-318.905455
2039	-360.553317	-372.795301
384	-343.291812	-355.262170
1121	-333.449362	-362.430737
3079	-270.401391	-289.287779
952	-325.717725	-332.324369
3690	-346.829378	-358.557506
2013	-343.195410	-355.712129
311	-287.724713	-297.394335
3168	-323.614890	-333.754861
3143	-286.432042	-298.548066
2868	-270.407057	-294.670554
1166	-324.576650	-334.428190
2952	-308.511290	-319.939495
2199	-377.815601	-389.152304
430	-307.543210	-319.137334
3521	-342.324182	-355.217955
421	-288.627624	-307.667191
2217	-344.408081	-355.586652
414	-192.762455	-211.124270
1792	-363.504227	-359.783311
2658	-308.461040	-319.862805
529	-309.725786	-325.962254
2974	-396.486691	-393.712366
1255	-381.635881	-387.077544
1779	-288.583563	-301.088348
897	-345.659998	-359.632251
661	-335.635079	-350.760851
2850	-288.580309	-309.399111
2371	-307.253245	-318.349259
2853	-325.794835	-339.223851
924	-324.528533	-332.049864
318	-310.954514	-327.327016
3199	-273.811544	-290.298467
409	-306.383308	-316.251045
988	-341.827199	-354.764001
1514	-320.781098	-331.306108
3148	-324.567513	-335.278873
2152	-308.540101	-317.518464
2382	-380.343633	-391.018320
80	-392.672883	-397.217484
1774	-324.585556	-333.262724
148	-345.629933	-360.792547
2575	-308.759090	-314.672237
1581	-345.660520	-355.336748
466	-382.782183	-388.638225
2021	-346.818246	-361.550944
2814	-325.804528	-340.612312
3631	-303.560350	-328.754823
303	-375.328197	-387.842637
11	-356.688211	-370.470827
3205	-341.842686	-363.155413
3483	-308.500974	-317.635125
250	-360.538828	-369.319432
2957	-323.644468	-338.772119
3241	-319.515995	-339.709704
2546	-248.018573	-265.811740
2412	-310.904086	-316.729430
1754	-269.221561	-280.907011
3031	-270.411205	-290.790703
1175	-361.742598	-373.372426
2265	-360.469291	-368.251608
3330	-323.360126	-337.146084
3707	-271.620156	-284.458217
591	-325.760915	-343.754131
2905	-307.206439	-318.322155
3652	-361.720088	-368.316715
3926	-325.748612	-341.219457
737	-336.836792	-351.833265
314	-233.255379	-246.385291
860	-397.697425	-416.352609
3663	-344.446747	-364.175640
1055	-345.681183	-359.942861
2224	-307.568767	-322.216954
2989	-287.317913	-310.801632
214	-348.052027	-358.722808
2063	-344.402806	-349.789972
809	-361.738091	-376.936425
114	-361.772743	-372.315571
178	-188.042067	-205.706906
1769	-324.569009	-338.027023
1806	-324.610229	-333.775461
910	-270.384937	-287.806855
668	-267.103350	-281.141110
2780	-272.545389	-286.137865
606	-343.235457	-357.392770
495	-342.297848	-360.445824
3669	-285.267165	-303.947667
2856	-376.586976	-386.080998
2925	-301.394865	-313.154587
238	-233.253760	-247.855623
1251	-322.482659	-333.170995
1817	-339.459612	-354.456106
953	-392.650949	-409.338637
6	-345.687671	-355.791631
2357	-325.754267	-334.017350
2398	-319.533364	-338.210883
706	-303.481839	-333.466882
1367	-325.812267	-334.226308
3359	-325.733758	-342.333291
909	-325.789320	-343.318600
2400	-345.592410	-367.808570
2887	-345.641890	-354.593437
2544	-381.632480	-393.539148
2089	-308.469081	-318.987082
824	-310.952875	-312.038095
1621	-346.884834	-358.461255
3706	-345.687338	-356.810683
564	-272.569586	-293.659702
869	-327.026488	-339.362769
2497	-325.763216	-341.693208
511	-320.778636	-331.681721
1735	-320.791360	-337.909670
587	-307.283919	-317.133886
3796	-341.875439	-352.542469
1909	-345.630398	-359.157676
2276	-309.679242	-321.345760
2711	-322.460671	-336.482547
1295	-346.829652	-359.492494
2672	-355.556836	-364.534079
2891	-308.511094	-327.096650
2230	-262.056533	-280.448951
3855	-304.746925	-322.999849
3017	-271.339346	-286.928417
2956	-360.528914	-373.332556
1269	-307.563525	-316.011104
986	-347.459586	-360.276969
2792	-362.944759	-372.631789
3380	-345.606939	-359.071438
773	-309.674485	-319.395174
3844	-308.450468	-318.596327
1030	-309.683546	-325.540743
2479	-271.622821	-285.855695
2372	-322.217569	-330.359652
3672	-309.689612	-323.489504
863	-285.288405	-291.986576
1475	-362.957353	-372.594960
2248	-377.773452	-386.712605
2433	-324.552283	-337.292237
3635	-308.475489	-321.292795
3641	-360.485033	-368.720993
950	-324.580266	-325.096562
798	-208.842347	-228.537252
2342	-309.680487	-324.144795
2153	-309.673226	-326.883028
3847	-356.693135	-369.115013
1083	-309.726295	-322.139028
3917	-274.985822	-291.662401
2601	-333.464063	-357.639453
767	-346.861463	-355.194692
3398	-304.686259	-327.619040
3429	-274.987297	-284.426452
3517	-396.475511	-412.315770
1221	-344.436348	-355.362019
2298	-270.396464	-278.796292
2385	-310.911571	-321.992331
577	-343.087962	-357.051178
2125	-310.908354	-319.115601
1636	-233.551389	-243.236576
2439	-324.485913	-344.183753
2098	-327.020807	-341.090831
1682	-269.215705	-291.274020
165	-327.013034	-334.945507
234	-308.467880	-318.683182
2457	-382.757134	-396.873190
1043	-324.605875	-345.936657
1678	-310.955296	-320.434772
212	-324.605613	-339.644756
3715	-381.567301	-390.403689
2313	-312.122262	-319.507838
2808	-340.646073	-355.408724
673	-345.680831	-358.080635
1539	-382.755486	-393.609456
590	-346.857871	-364.070303
1627	-301.363590	-317.628022
1963	-325.761942	-339.678278
2841	-360.524422	-375.252391
366	-324.576206	-332.700376
3256	-153.459846	-188.428963
741	-344.434318	-363.588388
912	-323.344400	-330.379188
3533	-232.036378	-245.733713
1018	-354.272548	-366.698993
3750	-346.838572	-359.713008
1619	-340.600021	-357.556509
330	-286.408473	-303.637438
1904	-304.752598	-328.281019
382	-344.494711	-354.393500
2988	-310.923406	-321.204624
2273	-324.579188	-346.282503
1726	-381.506605	-399.101451
203	-340.663148	-351.744041
1978	-281.485530	-306.436028
1105	-302.306944	-327.565707
726	-346.870614	-354.174067
3751	-339.491316	-356.148814
1971	-362.906662	-369.549411
3527	-309.716030	-319.057640
2743	-234.516409	-243.429941
1325	-356.758284	-371.255656
349	-309.687623	-321.446345
2138	-340.684371	-358.785159
559	-362.935404	-376.878702
3238	-340.667053	-360.739783
3611	-324.577560	-339.660332
1094	-304.696023	-322.343577
1964	-309.726463	-320.456891
1079	-287.347000	-303.298756
2813	-232.063900	-248.091913
1642	-344.345376	-357.463892
660	-271.630416	-280.908774
231	-346.860243	-365.067068
3219	-339.428557	-358.989596
3607	-325.801523	-335.201772
2215	-289.795079	-305.322917
1489	-266.777425	-281.810917
3358	-326.934987	-340.339212
565	-356.730212	-375.080716
253	-305.838224	-328.417507
3370	-396.486664	-402.127165
1086	-272.587059	-289.632906
644	-376.595314	-387.720223
1790	-345.664882	-350.983420
333	-308.507517	-321.058078
2682	-324.528297	-334.882549
3922	-270.394284	-286.154561
2348	-285.253877	-302.364995
1348	-309.683859	-325.278791
1112	-287.644079	-300.288461
748	-324.572987	-341.829713
2338	-268.888303	-285.933215
1464	-381.610550	-392.047379
1203	-261.802956	-284.467150
1810	-288.653294	-304.260141
1061	-343.531666	-357.262526
2816	-310.905786	-319.204946
407	-287.508781	-312.773558
713	-308.484017	-325.007424
516	-312.134532	-322.167423
3332	-376.610619	-393.084192
2846	-273.780933	-292.212963
1067	-273.762417	-288.927249
1561	-325.749687	-346.558697
3559	-309.721434	-324.103988
21	-278.059333	-292.271977
686	-391.370332	-400.575114
3886	-270.388222	-290.514131
19	-309.720734	-318.241549
2725	-269.218553	-285.076084
1502	-340.679724	-355.925358
2614	-232.164586	-238.628923
3449	-297.510804	-304.942574
3076	-247.198000	-273.070159
3425	-324.547564	-331.518971
2842	-308.450204	-316.827498
1877	-287.407788	-311.281680
1377	-325.768959	-341.553629
3890	-341.849730	-351.000439
3651	-303.463214	-319.754112
3312	-323.647099	-334.268809
1875	-242.186010	-252.186415
483	-309.705795	-319.376561
532	-344.369744	-357.107898
2051	-325.790442	-339.133917
683	-348.060054	-360.301705
2904	-302.545112	-327.811471
3816	-272.830720	-279.935765
2329	-324.557240	-342.370745
3817	-288.554600	-305.349423
2582	-320.773768	-341.891474
1084	-309.711894	-321.901817
441	-380.414967	-388.104361
3283	-287.404397	-314.607580
1816	-344.357220	-353.805906
2588	-376.538277	-388.275883
1327	-320.768458	-342.228480
1530	-272.549380	-288.686443
1225	-196.409349	-216.376659
1316	-361.652250	-374.237698
3704	-348.035847	-364.504832
1123	-375.393636	-387.746618
192	-310.897684	-318.541509
3441	-372.686714	-377.615861
461	-273.773506	-288.587093
576	-345.655968	-354.664744
2126	-270.399529	-291.313257
2928	-324.540084	-335.489294
411	-397.680771	-416.683813
3490	-359.315205	-366.820337
3030	-324.500475	-338.041280
512	-346.861026	-358.714794
293	-377.807580	-383.380224
2493	-346.822460	-359.397640
3022	-234.455424	-248.278264
543	-310.937295	-317.949312
1026	-325.765414	-344.417983
1230	-323.396217	-334.387270
2556	-321.958604	-341.942848
1766	-270.387395	-285.475998
734	-233.242250	-246.892199
1994	-383.983835	-394.209992
3982	-324.592116	-338.946873
1967	-288.573475	-314.087461
3098	-345.658421	-350.458275
1913	-310.912131	-326.200339
3275	-308.757315	-318.085481
1243	-323.582949	-337.304330
2026	-272.837907	-295.811255
730	-336.821088	-353.198146
494	-345.611057	-361.600631
2789	-340.629283	-354.380814
1059	-303.436180	-327.138403
2267	-291.016020	-312.552854
448	-346.831139	-354.922488
2511	-250.500016	-270.392898
3026	-250.478855	-288.789206
2129	-356.722498	-373.123258
3766	-344.436564	-349.125052
1321	-234.472577	-242.663460
2091	-346.904050	-361.669504
2535	-272.835594	-278.668886
973	-325.790444	-344.674448
1521	-323.665247	-338.156547
877	-359.317823	-371.587666
350	-320.793580	-339.723002
911	-356.711832	-370.350672
3744	-339.414779	-352.156218
2768	-340.690205	-356.215933
3929	-321.233569	-328.346700
2004	-346.839235	-362.384240
2417	-336.838171	-352.339768
3478	-343.296547	-355.286251
1873	-346.842529	-366.886997
2053	-320.769272	-340.632182
3139	-344.437158	-359.605875
119	-327.012568	-347.428995
3732	-320.774305	-342.700438
3887	-242.196351	-255.729878
3748	-376.556657	-386.335964
357	-307.245430	-320.440673
3765	-453.654335	-443.932958
892	-288.621895	-307.046590
1740	-376.599676	-398.965759
2605	-346.869041	-352.611045
2818	-335.618370	-353.581576
3233	-304.691526	-327.661675
2509	-344.380267	-363.696834
255	-309.672030	-322.626814
1947	-303.533559	-325.507715
2521	-361.728609	-373.795700
1282	-346.860539	-363.345306
452	-324.575287	-335.091505
2500	-286.498235	-299.460995
3404	-309.733988	-319.809338
27	-324.573866	-340.175799
1749	-302.579654	-318.909276
554	-340.688787	-359.862340
1290	-345.660459	-357.245488
1481	-376.634518	-395.789923
392	-345.637570	-358.230496
1890	-371.608385	-377.280061
1784	-324.497693	-347.023588
3895	-325.808333	-336.075711
3931	-288.683173	-315.637608
3015	-359.362011	-363.425968
2058	-356.710498	-369.462609
3122	-232.329070	-248.299581
2971	-312.131841	-328.864353
1602	-318.339586	-341.902090
602	-275.010289	-289.807453
1144	-264.255612	-285.370353
995	-360.542928	-369.195435
1465	-382.796989	-389.541252
521	-262.065493	-276.346707
3616	-225.221461	-233.373321
3336	-308.477672	-317.952074
52	-345.627428	-356.225529
691	-361.734668	-370.118390
3047	-285.293918	-298.940114
2859	-362.909074	-374.270519
2863	-287.423372	-298.037590
341	-273.735711	-287.937248
2787	-324.505365	-337.570538
3547	-324.582904	-330.851967
1617	-355.508183	-371.963036
3703	-287.697316	-300.610614
656	-376.605347	-398.855481
1694	-273.743311	-288.177257
3535	-323.235679	-334.053794
1417	-381.586740	-381.828425
1761	-376.622507	-394.685991
1056	-271.618179	-290.943114
692	-362.917261	-373.173039
3096	-338.175960	-357.995425
1212	-304.733723	-319.852798
3083	-381.591448	-384.363013
1712	-345.612640	-355.416987
2940	-339.418028	-356.492310
2550	-271.628346	-287.588943
3337	-286.438448	-299.837654
170	-340.667287	-356.810947
2048	-235.699029	-246.824428
1419	-344.350927	-361.219349
3064	-326.983087	-342.070676
3872	-340.691219	-350.850535
3972	-359.339915	-361.586289
1861	-235.696852	-245.719201
2631	-380.316551	-395.529069
95	-351.666551	-365.775681
3848	-324.564634	-340.134547
1060	-345.713205	-364.108911
2699	-346.864540	-359.333871
3768	-227.338075	-238.160122
1751	-339.469166	-353.332860
3375	-324.594534	-326.962037
3709	-340.613243	-352.357212
589	-340.604189	-345.026890
1162	-309.684472	-322.436301
1854	-382.743932	-390.646280
662	-341.843824	-358.600801
2422	-325.718957	-342.227643
1432	-324.522792	-337.818661
3695	-309.651827	-323.746233
760	-324.605411	-341.416266
497	-287.470402	-308.369265
3829	-323.654114	-341.749532
1739	-303.454720	-328.488903
2431	-309.684774	-319.951026
3851	-326.998454	-334.449144
68	-286.519735	-300.998861
2894	-309.717750	-319.297109
814	-308.509272	-315.039025
1490	-309.691591	-324.615019
236	-325.758113	-340.465023
732	-327.023478	-344.733651
3100	-361.716824	-372.969930
2164	-304.744503	-315.826409
32	-287.509315	-305.878028
222	-412.548009	-425.894156
2284	-359.298380	-366.889298
2007	-308.499105	-319.848506
3262	-235.693825	-250.288981
2758	-309.696640	-320.466610
2137	-324.588239	-342.634960
2242	-362.870426	-376.278269
1541	-310.912991	-326.444980
3214	-344.426062	-357.157999
1438	-356.728392	-363.484293
3376	-273.775510	-288.501332
1509	-345.612220	-358.776963
3452	-361.758902	-365.832700
3775	-324.576188	-334.960341
1988	-312.124451	-321.870022
200	-345.625804	-359.004666
2909	-361.687451	-373.746107
3772	-356.752251	-372.743644
420	-362.950092	-372.895279
161	-285.276468	-300.508286
2060	-362.945811	-375.212755
3885	-304.728655	-329.135076
2864	-340.658990	-351.544762
583	-285.016369	-299.424966
3349	-207.916786	-227.422619
334	-245.983375	-262.728516
3528	-233.262752	-245.110556
3838	-271.318933	-285.436825
1542	-370.291993	-393.933918
1558	-270.389386	-286.676489
2090	-308.473428	-318.114452
3807	-361.706503	-365.772539
2531	-157.115484	-168.698532
2979	-320.767064	-343.500311
1445	-396.491525	-413.393503
2576	-306.418503	-319.964199
233	-301.382062	-325.218967
1127	-345.659797	-363.215118
470	-303.460335	-323.438595
1584	-251.727102	-264.212438
1472	-306.080007	-319.687986
1891	-323.382399	-330.174765
1231	-324.569596	-340.596046
2959	-289.795007	-305.413784
398	-345.636145	-354.886559
3378	-325.831718	-341.534840
3548	-79.764152	-101.030055
3777	-339.431092	-361.828871
2070	-114.483613	-129.974309
2987	-271.618137	-284.588571
1098	-356.649302	-377.396036
1545	-308.468255	-318.155503
1185	-324.558175	-343.016233
578	-382.825717	-386.394203
951	-307.548619	-314.141601
3386	-309.684862	-321.680399
2221	-308.512137	-321.255749
3067	-271.304881	-279.987689
2255	-360.513163	-373.733177
1356	-271.372094	-288.830276
1401	-307.265351	-322.753993
18	-309.719641	-320.534179
2642	-324.578146	-337.089004
3277	-354.254979	-369.034905
3186	-346.829695	-361.341408
775	-344.469204	-361.006162
2935	-297.516418	-302.107358
2902	-271.653205	-279.301922
3859	-308.499978	-318.063343
1501	-288.653529	-305.553198
3236	-310.912270	-320.134499
3516	-324.634527	-336.036089
3593	-304.614300	-326.952771
385	-305.159206	-312.994714
3124	-308.562031	-313.717008
175	-361.754326	-369.564179
2245	-308.434866	-322.113116
2688	-284.964138	-306.659385
2606	-323.344105	-333.461408
596	-325.754527	-342.088800
3562	-360.524672	-373.357617
2353	-281.504579	-304.925422
2915	-344.371144	-356.532072
306	-307.335530	-318.713486
913	-352.855499	-361.871876
1421	-360.526142	-373.973873
383	-361.702346	-370.769957
1275	-310.936083	-324.736220
1354	-382.790027	-391.031411
2525	-324.569051	-335.572337
1818	-371.535911	-381.437630
1208	-345.608535	-356.614607
3760	-280.314080	-295.305249
821	-307.566593	-314.320988
733	-345.660927	-354.394277
2448	-346.833271	-359.508538
1892	-382.805933	-393.022149
599	-343.312201	-356.098251
2943	-340.654874	-357.624378
2574	-273.812881	-290.547809
793	-326.950540	-339.634744
2827	-345.615042	-354.166992
3329	-310.909123	-320.337877
653	-344.473681	-358.135251
422	-288.692943	-310.451367
1863	-381.631601	-388.858205
3318	-308.513124	-321.229375
1227	-322.155306	-342.086056
1214	-341.865386	-349.340524
394	-344.385642	-359.409607
2706	-345.667357	-364.117174
2499	-376.539208	-386.230262
1815	-345.663783	-353.574870
2969	-286.484904	-308.227307
1196	-346.840727	-357.918481
2917	-267.068488	-275.693808
2009	-273.812948	-290.968933
3655	-287.379629	-299.017191
2876	-360.574465	-374.097637
2643	-372.711859	-382.155721
2517	-308.462063	-315.515235
2591	-325.773278	-342.721861
2340	-310.899612	-326.060602
1533	-309.671865	-318.119094
249	-306.347185	-318.304927
1178	-382.751729	-397.620423
2354	-387.558484	-397.340497
3676	-346.840522	-357.662858
1549	-340.689515	-355.880652
98	-303.553222	-324.545097
3755	-341.874216	-359.097021
1600	-249.301818	-281.231401
960	-310.940611	-319.961373
900	-288.561991	-307.634597
3618	-309.731536	-318.643529
1344	-341.767606	-363.251498
1397	-271.624640	-288.106825
858	-340.661797	-358.739637
3898	-356.700248	-367.275303
3153	-340.622406	-349.357289
1087	-324.508933	-342.753739
866	-340.620625	-360.105539
1900	-309.689410	-323.262072
1737	-323.398064	-332.010151
2937	-324.573883	-335.218011
2496	-326.954795	-340.019712
1745	-264.171923	-288.179481
34	-306.355655	-319.387213
3883	-308.516508	-317.481892
1524	-272.550818	-285.505771
1437	-376.547304	-385.644736
2295	-305.898313	-323.940647
2061	-345.638357	-352.380130
1987	-325.775071	-341.034613
3693	-273.779498	-292.930419
1960	-345.602645	-355.537317
1569	-234.503085	-247.052913
2362	-305.134491	-312.930878
3419	-335.590859	-345.283943
3446	-306.044918	-324.755509
227	-377.805829	-390.429583
127	-322.216227	-332.904749
3679	-320.794248	-342.396224
2024	-306.349032	-316.155955
2202	-324.602888	-344.344730
3936	-326.951067	-344.151807
3646	-305.130313	-316.253115
549	-372.785072	-386.605218
1454	-288.652757	-307.291226
823	-361.732840	-366.820993
76	-325.685245	-345.094354
478	-119.052475	-138.323647
3702	-362.951503	-358.078996
1461	-346.899170	-367.519109
2543	-376.588479	-384.405995
3012	-276.205920	-286.967367
205	-269.465281	-269.915766
919	-272.589999	-286.803188
1772	-361.717972	-371.373263
3433	-308.465425	-316.426520
3222	-344.494043	-354.943366
1841	-325.788368	-338.300170
1459	-306.320451	-322.293791
2159	-324.581067	-336.032784
3051	-192.736096	-210.568392
2116	-340.646768	-352.819023
2746	-247.190194	-257.717968
2622	-346.829131	-351.205327
3335	-275.020322	-292.848598
1104	-287.315479	-303.143482
1168	-308.454820	-318.126698
2346	-310.909551	-319.379508
2794	-304.681399	-327.819538
2379	-361.769162	-371.997472
498	-273.791878	-291.029150
3612	-309.738513	-314.469749
2360	-340.636727	-353.496003
524	-308.507004	-318.245016
3273	-288.589678	-306.851237
1789	-310.905299	-319.568407
254	-285.284456	-298.024827
2941	-340.635024	-352.049276
1034	-356.732791	-371.206639
387	-268.248806	-272.860377
3689	-308.467642	-314.132616
3850	-308.528193	-321.062713
2368	-325.804686	-336.492978
955	-345.632414	-351.567022
3753	-271.652242	-280.408965
3963	-271.323381	-287.708213
3605	-372.755216	-380.069701
1982	-345.609374	-356.018860
701	-265.396194	-285.739151
1476	-308.455419	-314.362729
820	-326.934229	-335.154087
3333	-361.709769	-372.681924
1777	-265.408147	-283.976593
1747	-360.559076	-372.838621
1236	-155.897345	-187.114621
228	-346.859384	-364.463140
828	-361.684892	-371.869413
1142	-309.702591	-322.035800
3326	-381.616196	-384.973712
3390	-309.736085	-320.310934
727	-272.562906	-290.238759
3302	-324.577047	-335.410806
680	-325.806369	-345.850156
3137	-272.533448	-283.624110
1887	-361.696319	-371.828607
2481	-324.614891	-337.782411
3402	-234.522504	-245.759845
2828	-232.030352	-245.767415
281	-322.479769	-332.339331
2671	-344.377098	-360.146461
1450	-273.757658	-290.082488
202	-226.160842	-242.937669
899	-321.230055	-330.213487
3560	-286.463470	-306.177981
1010	-340.666160	-353.525719
2452	-344.424745	-356.272177
2754	-309.674575	-322.859811
507	-309.697879	-320.400816
2066	-432.401755	-306.287179
2541	-341.834413	-363.512967
3769	-304.586424	-322.671228
1147	-304.755780	-316.843161
3063	-317.413890	-326.954118
1220	-325.800532	-338.695807
1574	-245.997884	-265.731943
1633	-247.201165	-262.640892
3857	-340.686134	-360.924077
2397	-308.772292	-320.410287
1350	-343.076530	-358.184537
2206	-312.126404	-325.714406
3231	-380.446861	-386.691253
1832	-309.737802	-324.696247
57	-345.635513	-359.799545
902	-310.940195	-324.220740
1770	-309.719198	-316.202264
1285	-346.860450	-355.445360
2586	-191.810916	-202.400950
2099	-288.573876	-310.090193
78	-270.472470	-290.660612
716	-325.758431	-346.615327
3266	-287.736841	-302.581781
3191	-284.360325	-284.063316
1425	-288.648476	-302.625181
1310	-307.529289	-318.460282
1473	-340.678945	-357.195781
750	-344.384630	-347.979177
1808	-356.676972	-363.354116
643	-345.663386	-357.215876
3328	-324.549529	-330.593015
3549	-323.437779	-340.653727
728	-309.678404	-317.736647
725	-325.725266	-336.657936
2753	-310.904304	-321.924992
2669	-309.763785	-319.666195
3348	-304.715963	-324.753559
106	-362.952198	-369.120971
2893	-274.985796	-286.480450
2996	-324.566568	-341.663900
2760	-155.908941	-193.978578
2911	-289.871661	-301.811081
1710	-361.726166	-377.938572
2341	-377.784360	-387.532792
1512	-346.839595	-358.056214
1862	-319.615129	-334.834132
808	-320.774349	-338.553117
2247	-348.046805	-357.603271
2694	-317.396153	-329.329194
1477	-303.462312	-326.142757
3203	-308.459279	-319.240845
2766	-285.279992	-303.232441
3880	-357.942023	-374.622690
1949	-340.674935	-351.722360
618	-308.467888	-316.023570
1418	-325.725274	-335.429271
1329	-309.710338	-321.144443
1106	-231.106310	-246.257838
480	-325.760797	-343.799462
2559	-319.571638	-344.773019
1681	-310.908780	-325.251177
3363	-345.658313	-361.639439
273	-323.312375	-335.421152
2594	-335.586914	-350.208287
2736	-310.922181	-322.108730
2507	-291.014750	-307.861279
3724	-324.573480	-336.613729
2528	-308.467760	-322.305888
28	-324.630221	-335.346176
1689	-336.823026	-352.033504
3066	-345.688382	-356.324091
3090	-287.362939	-310.657252
351	-345.625747	-357.484425
3614	-288.627505	-306.692369
1668	-344.433140	-357.267991
1580	-271.339821	-282.126177
282	-325.714378	-341.952518
2119	-323.665987	-336.455416
1355	-361.727678	-377.268444
1492	-310.927319	-316.080023
2701	-326.942959	-337.688052
2677	-309.684577	-321.801237
191	-307.610450	-321.637702
2945	-307.281910	-322.217592
289	-321.949791	-350.334240
1897	-197.629387	-206.994879
3625	-326.948771	-343.549452
2871	-308.460407	-317.655628
2852	-274.986857	-289.221289
3788	-361.725962	-375.245620
2142	-324.624987	-333.104298
3757	-281.482952	-296.960222
1812	-307.275809	-317.073826
3301	-371.491061	-384.713739
426	-362.933001	-372.473033
2335	-346.825562	-360.418080
2930	-310.906738	-315.464580
2254	-359.388326	-370.816317
2334	-472.135006	-454.737195
182	-324.474954	-338.245528
2557	-273.774103	-295.354198
137	-287.440932	-303.324159
3397	-356.702115	-371.911988
1628	-345.637174	-355.555577
1849	-324.547957	-340.926551
812	-308.509197	-317.265969
1216	-308.465534	-319.893946
3822	-309.665941	-316.610857
2419	-287.353473	-315.701632
1371	-288.596392	-303.948016
1345	-376.540686	-390.451018
925	-307.567279	-319.168499
3670	-286.248451	-300.821104
1704	-274.984793	-290.218935
2210	-325.710772	-332.684473
3412	-335.628480	-352.587211
2378	-339.490841	-350.963380
3928	-377.799358	-390.688219
568	-303.458583	-329.853461
1968	-324.538807	-337.791019
322	-346.832352	-355.381429
3507	-376.594067	-389.281528
3826	-372.742383	-384.727889
3430	-341.828533	-363.455226
2762	-306.370119	-323.053973
3054	-269.129580	-291.214236
3619	-325.779372	-343.280909
2404	-323.340989	-336.164776
1833	-302.579718	-330.728588
513	-355.518342	-372.008953
3793	-381.580932	-389.534462
3442	-381.635659	-373.448996
3861	-234.486176	-260.494797
2253	-325.818163	-344.293547
2414	-382.803358	-388.604819
3659	-340.683837	-358.262016
157	-376.519880	-389.536076
109	-158.340943	-182.784746
3345	-312.120708	-320.916709
3600	-325.781571	-340.990332
1615	-287.344000	-304.442871
3623	-341.892484	-355.608508
2148	-309.718089	-321.002059
3865	-362.899954	-369.705042
3598	-340.671493	-355.882820
2640	-398.880824	-409.182895
3298	-345.599182	-354.283943
3308	-381.582831	-390.596370
2729	-323.315925	-341.423022
1372	-381.574124	-392.781096
2592	-308.486071	-316.749056
2294	-341.831947	-364.958908
2282	-375.368783	-385.227430
152	-306.286325	-317.972837
1023	-309.663477	-319.612694
241	-309.718177	-321.784447
226	-360.556344	-372.929378
2076	-274.982287	-287.041720
2387	-391.391111	-388.830840
903	-309.685872	-322.172715
2050	-362.937518	-374.153309
3684	-362.958208	-369.658852
49	-396.507540	-409.943622
1920	-361.714679	-367.200088
3938	-345.645388	-348.493207
396	-372.782655	-386.587977
3933	-307.569255	-318.388415
1370	-242.180146	-254.832282
3447	-270.389803	-293.140288
2000	-309.736479	-317.053773
1599	-304.689816	-328.159542
3325	-341.836362	-361.697538
2236	-235.698987	-242.451442
3484	-341.890999	-354.911692
920	-281.489179	-306.789590
2118	-324.560961	-338.636832
2567	-320.795216	-342.150092
3472	-340.657197	-359.343139
130	-274.988525	-290.098576
3694	-338.246643	-360.034128
346	-307.586014	-314.341720
2967	-305.841708	-318.462451
816	-356.748545	-369.821739
944	-320.766684	-339.648081
535	-248.416462	-262.716866
3615	-210.071468	-219.486485
3656	-310.918831	-317.384518
803	-325.789564	-336.576846
2737	-322.442708	-331.280366
3515	-346.852204	-354.401090
8	-272.545439	-291.039194
2016	-308.569875	-320.925968
2435	-229.013797	-239.651634
3364	-305.057353	-317.711412
907	-381.607752	-389.692564
3249	-325.739818	-335.688151
3682	-291.017820	-303.498290
1821	-308.473320	-314.046259
469	-325.775843	-346.750693
36	-344.382282	-364.349530
3211	-310.908555	-325.024972
1341	-301.373831	-320.906089
3692	-281.505078	-304.487565
2608	-306.369631	-317.135759
3422	-340.663929	-358.063549
2461	-269.170508	-281.063478
1075	-325.751822	-339.695836
368	-345.595021	-352.097716
1907	-346.819476	-356.108081
438	-381.565482	-389.044977
3901	-346.822424	-365.798309
160	-309.685140	-318.980051
1394	-396.500849	-395.285876
2321	-381.536295	-393.693290
3453	-321.254976	-330.371446
3991	-372.765028	-387.064201
424	-309.717380	-324.705475
1452	-308.467331	-322.944009
3604	-273.812100	-290.691693
2912	-346.883119	-361.282975
9	-344.468531	-362.923836
526	-344.430692	-360.137713
965	-323.329385	-341.841763
2629	-356.679047	-369.901996
3392	-361.774979	-373.884208
2739	-362.946034	-379.352979
3856	-306.313590	-319.340993
2503	-345.653983	-354.302527
3062	-381.573048	-390.644393
1440	-270.441325	-287.270368
474	-281.476832	-298.860970
1466	-340.657975	-345.567388
3812	-271.623066	-280.188442
930	-346.898838	-365.776843
3813	-340.620847	-355.925580
3726	-382.754967	-396.443331
3091	-341.869641	-356.323558
2123	-327.010026	-333.063908
3794	-317.361117	-326.196293
1991	-285.282532	-297.948809
2781	-288.581699	-308.765132
365	-361.740208	-373.100666
2482	-268.321270	-275.814578
1836	-268.273739	-266.500177
2538	-344.417597	-357.286910
2027	-376.585000	-387.418023
1827	-343.492484	-356.658289
817	-345.619715	-358.588098
2211	-340.648620	-361.547416
1013	-271.300649	-285.248095
3795	-310.908453	-316.980571
3160	-362.937857	-374.023635
3195	-274.982322	-288.193061
642	-234.476516	-253.587116
143	-302.355005	-316.105625
2274	-308.463553	-320.641890
3801	-310.937414	-317.197154
444	-340.665581	-356.586995
3556	-276.202384	-292.122129
3060	-270.441145	-287.242154
139	-338.257996	-356.817445
2258	-303.453218	-333.279557
1457	-288.573089	-304.590395
3411	-286.134060	-299.270744
3789	-273.762938	-287.535138
570	-275.012535	-288.532493
978	-324.545574	-343.515254
3350	-339.431591	-354.635527
3163	-319.610683	-335.777698
3545	-310.915918	-325.106532
2861	-288.654312	-306.277266
523	-345.565792	-362.511394
782	-361.678341	-367.797171
2064	-309.687401	-321.248682
2395	-297.523583	-311.038170
2599	-355.457663	-374.679832
1929	-324.551800	-347.877814
1855	-360.497728	-370.764200
2800	-287.478272	-306.785923
547	-360.540793	-370.986869
3767	-324.568597	-346.429482
2219	-265.437885	-283.331751
1138	-308.444609	-321.611227
3542	-344.409533	-357.288579
663	-323.347275	-339.160185
3783	-310.912792	-323.293808
2860	-345.600676	-354.533675
1756	-326.935440	-346.202124
77	-348.062001	-362.455034
217	-271.648392	-291.270575
3086	-360.507527	-369.315837
658	-307.234503	-316.398839
285	-249.362379	-265.688196
2632	-306.344083	-318.391059
1169	-346.819305	-363.107811
1495	-286.516879	-300.565217
612	-397.697891	-415.416296
2188	-288.690060	-299.991487
1736	-273.764207	-293.376553
2784	-273.803873	-292.928401
1199	-377.813742	-387.305617
2234	-272.580839	-296.185151
2931	-361.729140	-370.174533
1331	-310.941319	-325.470410
256	-308.741915	-315.512359
1375	-345.645053	-359.362717
3107	-281.504745	-304.673397
3269	-381.624381	-381.754883
1889	-361.731388	-377.314725
1229	-288.582662	-311.066472
2659	-324.461004	-340.467723
2836	-345.652670	-348.720385
479	-77.308427	-90.575616
1414	-377.797879	-382.977630
3827	-270.435807	-286.709072
1449	-308.507220	-315.032883
2815	-324.570906	-340.132697
3171	-345.599912	-356.896065
1905	-231.145151	-247.300526
1057	-391.518453	-394.764753
3667	-249.293044	-269.206112
3639	-345.680996	-353.328156
3254	-287.469473	-308.351369
2393	-324.608961	-343.115513
3773	-345.602641	-356.884192
443	-325.754109	-339.675770
59	-248.430371	-260.055195
2256	-303.503801	-325.990381
3188	-325.807242	-340.022328
2589	-361.718361	-374.701795
709	-286.134079	-298.565793
103	-291.024232	-304.273372
3220	-273.806349	-295.024661
1096	-309.689595	-319.137391
88	-345.655534	-358.945412
3161	-309.678595	-324.650641
442	-356.712228	-371.812004
3310	-309.721850	-317.654052
742	-272.588370	-292.852672
3036	-310.907823	-325.239530
2851	-356.699504	-368.549290
943	-303.497783	-332.254024
1497	-251.731545	-256.305224
506	-234.516241	-246.364885
845	-40.478930	-62.238550
308	-303.428586	-324.701411
2307	-346.859945	-358.326043
2819	-360.551444	-368.922836
87	-490.834069	-471.958868
3511	-324.552260	-338.629685
3105	-346.821661	-357.363515
1744	-288.535621	-314.600024
3367	-269.216969	-286.854363
1923	-287.427777	-305.588783
177	-362.872710	-365.625998
3730	-291.017996	-307.654805
3216	-344.380260	-363.237535
1865	-345.609914	-358.940555
1249	-272.543724	-285.609536
41	-345.649146	-357.927207
1048	-286.495416	-299.446117
2115	-266.626759	-285.705678
1505	-308.487195	-312.380282
970	-310.911364	-322.158477
3250	-360.517106	-375.855628
3975	-309.693760	-320.503855
881	-234.470813	-244.288604
3710	-308.565933	-320.551392
2578	-324.576080	-344.065167
1835	-376.631067	-387.530961
1277	-309.706892	-324.419858
1011	-310.942660	-320.155114
1620	-270.431243	-282.733490
1706	-382.777508	-394.015648
3382	-341.145624	-348.289356
757	-345.678211	-355.403296
3935	-289.875063	-305.528731
3476	-304.737418	-325.679519
968	-308.470667	-323.843618
3334	-325.800680	-342.717449
831	-346.867207	-355.701418
2598	-308.508949	-316.840447
3596	-285.328258	-301.223854
3763	-344.416821	-354.583202
2900	-272.554670	-285.331747
3731	-310.913156	-316.536181
3620	-359.351415	-374.516326
3274	-196.407957	-210.059756
1856	-321.958301	-347.583637
2560	-339.452794	-358.599982
1408	-379.527030	-374.722618
3347	-286.510514	-297.738742
664	-335.632054	-356.659247
948	-336.827390	-353.225523
3461	-320.776316	-330.733673
3445	-286.508374	-296.284305
1667	-323.323781	-343.032064
2207	-301.330754	-312.660388
2480	-344.385369	-351.103847
3213	-339.438949	-358.405816
1058	-324.585402	-337.007435
1910	-326.978724	-343.388190
31	-359.310420	-368.511638
46	-372.766726	-383.145757
2573	-307.303421	-315.946801
558	-344.464151	-356.913163
1195	-285.287913	-302.377300
2191	-359.317050	-368.989069
3875	-309.655400	-317.118491
2966	-308.428791	-316.198592
496	-377.794221	-389.917298
2806	-234.476081	-258.605240
167	-310.912077	-325.703126
2838	-324.547436	-335.895471
3265	-324.569062	-339.528279
1826	-285.242094	-306.578535
1858	-343.238086	-355.241973
3907	-291.017966	-304.367650
3721	-284.372483	-278.089657
2750	-268.301176	-287.202618
3673	-309.691463	-328.001205
3863	-346.804974	-359.887597
2829	-340.622886	-357.466952
1843	-362.899677	-377.995306
216	-307.283509	-322.192076
44	-309.735489	-324.627594
2149	-341.878745	-361.155717
2926	-320.764569	-339.207305
1804	-324.542706	-337.267732
1100	-380.373569	-388.893430
2695	-346.871133	-356.362005
3489	-308.508824	-316.289584
2714	-398.878264	-410.165337
882	-169.557758	-153.216382
3987	-324.506120	-340.131487
2862	-309.693471	-321.715401
806	-308.768073	-319.941419
3431	-323.229212	-342.267897
981	-303.499320	-331.812833
3957	-307.291354	-322.775053
1024	-302.535621	-320.987746
62	-309.677968	-320.724947
3809	-310.902628	-316.961111
3586	-287.506415	-315.829823
1294	-345.612830	-360.928372
3294	-340.693392	-359.109246
1550	-301.345683	-321.300781
2919	-340.635773	-352.520728
1451	-348.052763	-359.282402
2708	-308.512758	-321.139058
2314	-345.658870	-355.578462
3432	-297.523580	-307.714564
1193	-324.550139	-344.324863
270	-372.752005	-383.316934
1284	-320.761539	-340.706405
1799	-346.861635	-363.865245
3858	-308.459001	-315.698387
2079	-363.517297	-357.208937
875	-376.554863	-397.564676
1613	-346.890723	-362.899882
230	-271.617434	-285.057902
3664	-269.219315	-288.120116
1928	-326.927990	-345.737540
297	-325.833945	-343.079157
2590	-340.650928	-352.704531
3869	-324.525580	-337.039507
1261	-268.282665	-278.811580
2111	-348.048744	-353.649105
2451	-359.328735	-369.410413
3491	-361.750275	-370.628193
2843	-308.509454	-319.554370
2822	-310.902197	-325.261808
2136	-263.278851	-277.744511
149	-380.415966	-392.483000
2733	-310.940764	-313.401085
1527	-271.621836	-280.921274
993	-317.364547	-321.994556
1969	-360.529678	-370.628486
172	-282.667163	-312.492723
2738	-324.555069	-344.298512
1773	-304.696646	-321.758485
3771	-309.655144	-323.251110
1154	-310.937644	-320.731306
3395	-248.436061	-256.179351
1874	-416.367317	-280.716964
520	-309.720011	-324.863683
2303	-309.719920	-317.462479
3144	-308.472241	-320.773179
1930	-341.835805	-355.453419
3487	-210.101789	-222.559852
1483	-309.723988	-317.353243
364	-117.824798	-153.504264
2748	-321.271406	-325.617334
1062	-324.496997	-339.648640
1209	-392.612820	-391.300669
3666	-309.735874	-319.082920
2764	-195.179738	-208.092022
1973	-340.637231	-356.114520
2810	-273.763107	-289.074141
1387	-361.698635	-368.176703
3462	-272.538255	-283.221590
834	-346.828689	-355.434457
2801	-310.932716	-314.717023
2791	-194.254127	-198.208843
1665	-336.802871	-352.437484
2641	-270.394309	-289.435345
650	-193.034094	-206.548363
1191	-360.510716	-368.731564
3943	-376.602183	-393.668608
1038	-267.106213	-285.479505
3978	-282.861121	-296.928250
3718	-195.186772	-213.896203
1748	-288.688929	-310.066758
3699	-355.497878	-368.297582
2797	-345.646914	-362.712226
2924	-348.045292	-356.528643
1352	-304.677606	-319.125758
736	-325.799293	-335.800489
1082	-310.901659	-317.877640
3389	-309.689740	-320.336980
1697	-345.613396	-359.170175
354	-285.174014	-299.324411
2453	-268.273240	-271.375904
2328	-320.732586	-345.198002
2515	-323.341413	-335.479231
550	-319.568017	-334.026113
1952	-344.408452	-357.323189
2687	-377.816463	-388.894582
1102	-116.609549	-136.734816
3011	-310.902708	-319.829423
1686	-288.648208	-302.196265
2344	-305.915175	-325.060809
58	-304.683044	-322.474950
183	-362.962787	-373.751179
1759	-305.906809	-335.363055
3208	-288.572843	-319.094441
2485	-392.676111	-406.380478
1839	-355.496901	-370.291929
964	-291.014970	-302.299228
3314	-305.846541	-317.557991
3918	-289.794194	-304.758582
1493	-335.643923	-339.190733
2953	-348.047609	-355.708547
3908	-272.847530	-280.791929
1939	-242.205627	-257.232132
3554	-309.689751	-322.132519
670	-324.618078	-336.198945
2650	-361.727711	-375.810523
2858	-346.862070	-356.724356
2052	-325.809179	-334.689228
3198	-288.680991	-304.921427
3876	-304.574737	-313.810982
2633	-324.627681	-329.545531
372	-337.283890	-356.913526
1618	-345.629039	-363.058538
517	-344.434827	-355.916380
1590	-344.415609	-358.219610
2283	-231.111403	-247.220386
790	-341.836780	-361.352397
3746	-309.736797	-324.152010
2405	-318.344936	-343.539718
0	-351.615495	-363.709828
3648	-324.631468	-346.845184
1428	-265.391486	-286.873562
1164	-340.611734	-359.199563
2545	-324.614082	-350.941453
3394	-376.613178	-397.862461
3792	-360.525610	-374.111644
1880	-346.873992	-354.409755
883	-340.647778	-356.290696
1222	-325.805865	-335.489156
1829	-382.804482	-390.957428
2083	-322.434119	-329.863427
3355	-345.648365	-361.662154
3405	-269.206920	-288.011929
3414	-285.313674	-296.584206
804	-248.395289	-264.381656
423	-304.694187	-323.908215
2241	-346.857051	-361.549535
3210	-336.808333	-352.287616
3227	-348.043668	-353.218107
3218	-325.743746	-335.956029
984	-248.443503	-253.482939
631	-371.449232	-385.991477
435	-306.309029	-321.039078
1786	-325.785038	-340.641512
874	-271.611192	-284.052107
1281	-308.457113	-321.241697
1970	-362.897428	-375.765366
1576	-247.184334	-258.769236
1381	-303.795699	-307.992159
2609	-322.351046	-328.390221
1510	-322.425235	-331.707579
1304	-356.679729	-366.862440
624	-312.119017	-323.485036
2467	-325.805017	-334.366771
1609	-210.001565	-226.339684
744	-249.332005	-276.421153
544	-340.643340	-354.051490
3896	-307.280331	-319.312175
1351	-309.733696	-317.836150
3135	-272.569212	-287.285992
3544	-312.133269	-327.187336
347	-309.687405	-320.373146
1001	-304.724431	-335.291507
3480	-286.460642	-299.670640
2304	-286.431160	-296.555303
1021	-232.328175	-247.154155
2809	-344.506029	-356.972891
2785	-310.915445	-324.071828
260	-359.369049	-368.155958
2983	-346.833689	-355.393617
1218	-287.431740	-300.936034
1523	-340.646229	-360.114968
1793	-325.725688	-338.253286
1807	-344.469516	-359.385054
3343	-320.735225	-345.865332
1099	-231.975652	-234.555394
459	-348.056615	-359.679176
2124	-345.600825	-358.941898
3068	-306.015194	-319.260903
1108	-341.839596	-363.626739
3884	-323.333263	-336.928072
2232	-56.525887	-107.636848
3056	-269.180682	-285.584444
1824	-336.855265	-361.905767
1882	-273.764420	-294.604547
2169	-356.733974	-374.342554
2113	-344.391557	-350.494168
3305	-310.955141	-324.558706
2681	-308.466840	-315.188220
3940	-308.464824	-318.243773
3687	-325.793945	-338.969897
2228	-308.518356	-322.302332
3043	-196.405320	-203.495358
298	-377.795528	-390.242284
3360	-382.810709	-389.182144
3946	-286.438084	-296.631875
1051	-346.860404	-348.065259
2508	-324.574476	-336.683984
1145	-312.129019	-322.248920
1077	-326.938562	-339.826940
954	-324.612244	-344.615630
2602	-345.645491	-357.158345
1053	-340.610046	-359.566549
2109	-321.219665	-320.479503
637	-360.557419	-377.603332
2233	-319.556235	-336.496609
1088	-291.017433	-307.457375
3016	-309.730329	-320.880411
3685	-381.602419	-398.235223
2798	-307.259167	-317.823733
2108	-267.944278	-287.557661
302	-340.632285	-355.638165
1382	-360.492675	-369.683069
2337	-324.588418	-336.929917
1570	-325.783642	-340.414743
153	-347.466594	-354.378565
3608	-372.729173	-378.263249
3579	-356.677429	-369.755820
490	-231.142581	-234.862657
2374	-285.279236	-299.885638
678	-308.506580	-319.765957
802	-359.306313	-370.876315
3040	-360.506446	-371.247540
2611	-346.824672	-354.613756
1453	-309.720334	-314.702404
557	-312.122696	-313.162171
1306	-288.682324	-307.909394
3939	-317.386479	-320.273438
3833	-324.559324	-340.616571
1066	-375.344926	-388.531984
2527	-297.554699	-314.945710
1253	-312.126356	-320.799783
2651	-273.744309	-285.469282
3899	-337.265273	-341.020653
625	-308.514390	-318.913556
1248	-304.732336	-317.247250
3681	-310.914919	-317.771064
3733	-309.678068	-321.815213
2877	-324.556404	-341.310933
1567	-356.714706	-370.331531
1455	-381.570969	-390.869698
1554	-320.728167	-345.042023
3839	-231.155780	-243.329417
1161	-308.513516	-320.949287
584	-309.681686	-322.922335
332	-304.692914	-324.722348
3980	-372.708066	-381.258739
3259	-359.368793	-370.690434
82	-309.701458	-321.074839
440	-307.226474	-314.930096
3377	-360.549337	-372.482591
3229	-271.614305	-288.146985
1886	-302.286171	-321.619479
627	-359.304956	-367.030048
3443	-346.866543	-354.104289
3680	-305.904722	-339.929513
3988	-309.707600	-321.899393
2128	-308.504896	-319.852274
151	-270.397623	-275.328594
460	-360.488733	-373.832936
3313	-360.526364	-375.945099
246	-313.537245	-319.665608
1487	-345.665813	-347.594860
3361	-324.558989	-333.873019
3553	-346.830674	-355.592732
787	-360.525379	-375.128571
1721	-339.479764	-353.538008
224	-324.628594	-337.257972
1950	-232.331230	-244.559814
169	-309.688569	-319.768546
2317	-308.503515	-314.879616
505	-338.531538	-342.231977
1507	-310.914024	-321.615621
761	-312.126820	-322.674051
3097	-309.716094	-318.428763
3085	-322.130736	-336.399859
2668	-310.906004	-328.487418
94	-362.955075	-371.382807
1536	-324.492974	-342.869264
1659	-487.002792	-403.733661
3129	-361.692023	-372.803000
3309	-274.989422	-291.306465
3882	-194.261089	-203.340585
2019	-340.659620	-349.489635
3401	-338.175569	-359.669103
468	-322.150234	-345.099629
3587	-322.421320	-336.722863
1359	-229.927277	-242.509758
2430	-304.688809	-318.111955
1448	-372.747155	-384.259204
2437	-356.692640	-368.322296
2244	-414.351653	-443.265815
187	-341.842120	-367.157072
1648	-345.660642	-361.018265
2158	-340.663379	-356.695227
3493	-232.333258	-241.673063
3126	-360.523204	-375.220598
1120	-353.283458	-379.158888
338	-272.544500	-291.807643
777	-307.544712	-315.223544
2793	-306.384286	-319.286126
1200	-346.908492	-364.417621
1755	-304.686811	-322.875822
3042	-269.468415	-276.115436
569	-376.620836	-398.655019
