no_training:3000	no_test:993file identifier	 training data
927	-340.676668
171	-361.745138
2017	-310.940345
706	-303.481839
3615	-210.071468
1205	-304.682331
1594	-323.433551
958	-302.599262
45	-266.615452
65	-312.125621
3294	-340.693392
81	-318.390876
3411	-286.134060
242	-340.623533
2555	-287.427764
300	-324.602433
3487	-210.101789
477	-265.399968
606	-343.235457
2150	-324.570860
1250	-309.686189
2743	-234.516409
1732	-269.170665
1974	-345.655745
423	-304.694187
1741	-345.629842
1667	-323.323781
3768	-227.338075
3291	-362.911941
3429	-274.987297
3309	-274.989422
2945	-307.281910
1758	-271.616401
3243	-377.816466
366	-324.576206
3079	-270.401391
3425	-324.547564
2941	-340.635024
108	-345.614707
3121	-344.419977
3849	-360.531172
2657	-308.451299
144	-271.323089
3454	-376.600944
63	-287.377993
1624	-340.670034
2513	-345.631685
1567	-356.714706
1265	-227.324775
2323	-310.954565
2519	-323.585680
926	-345.680086
653	-344.473681
3456	-276.206318
2677	-309.684577
307	-302.239101
3760	-280.314080
1806	-324.610229
387	-268.248806
3337	-286.438448
1914	-288.576123
3110	-236.917458
2932	-285.320198
2886	-324.530742
2467	-325.805017
2956	-360.528914
1176	-288.584832
3975	-309.693760
3608	-372.729173
2231	-346.825174
2498	-288.539500
511	-320.778636
957	-360.490486
1960	-345.602645
3227	-348.043668
2897	-346.825923
1975	-341.829025
3854	-346.867382
303	-375.328197
436	-360.521191
2490	-343.078368
2176	-345.608670
3874	-323.344889
3042	-269.468415
2415	-340.676441
743	-309.719124
3151	-362.873906
1510	-322.425235
1291	-285.276634
3816	-272.830720
2695	-346.871133
2287	-310.905485
401	-325.712603
1461	-346.899170
1479	-309.677142
2286	-309.728265
1036	-340.609236
445	-319.610687
1512	-346.839595
1097	-325.784473
1954	-226.144377
629	-309.712115
3452	-361.758902
2004	-346.839235
2446	-361.740252
2960	-271.360631
1215	-335.566430
3362	-345.632413
3800	-346.862839
2850	-288.580309
1643	-310.910140
405	-273.804251
612	-397.697891
1781	-324.582445
2235	-318.409670
2483	-322.158791
2326	-320.768781
3923	-309.737951
2062	-303.437471
1658	-287.337578
752	-324.557693
508	-325.801512
663	-323.347275
1492	-310.927319
3828	-288.650589
726	-346.870614
2524	-392.642251
75	-381.566310
2649	-381.581036
2477	-360.539944
3038	-288.542113
2946	-345.649552
3683	-308.510782
843	-308.437835
1007	-235.694216
2509	-344.380267
2030	-273.804223
2468	-307.193849
1382	-360.492675
1004	-355.416555
2702	-309.685148
1775	-306.353871
3600	-325.781571
3675	-360.534222
2040	-317.409527
3228	-381.648857
1178	-382.751729
3796	-341.875439
1883	-346.839066
527	-324.629301
2451	-359.328735
392	-345.637570
2901	-318.323005
1913	-310.912131
532	-344.369744
2365	-345.689766
1557	-322.456250
1720	-309.692095
343	-360.502305
1648	-345.660642
3004	-288.652346
99	-336.813559
746	-273.802095
493	-336.819674
2250	-339.462492
846	-270.434394
941	-340.652570
426	-362.933001
1574	-245.997884
1069	-375.370023
172	-282.667163
160	-309.685140
1164	-340.611734
2639	-302.580808
1522	-324.485746
3192	-313.554802
2918	-271.326117
2738	-324.555069
2455	-344.431301
21	-278.059333
1110	-325.781398
938	-331.411639
3261	-232.025930
2697	-360.495788
2610	-309.711468
1323	-289.811983
3324	-345.641848
3656	-310.918831
2442	-345.636611
3956	-345.698757
2031	-269.170061
3067	-271.304881
23	-304.679494
535	-248.416462
2582	-320.773768
2462	-325.752244
2528	-308.467760
1945	-361.754136
454	-265.283843
330	-286.408473
728	-309.678404
2330	-287.681216
1997	-271.666841
3105	-346.821661
2634	-326.927446
3088	-308.459859
2713	-310.904631
3391	-306.403144
2399	-308.430606
2486	-307.239887
1092	-360.552974
136	-343.240623
3777	-339.431092
787	-360.525379
1934	-341.769746
3302	-324.577047
541	-325.714161
2894	-309.717750
585	-229.918003
3216	-344.380260
2676	-325.784384
619	-325.787161
50	-357.934562
2891	-308.511094
1085	-231.092208
2908	-271.620997
2125	-310.908354
1682	-269.215705
231	-346.860243
944	-320.766684
1143	-367.635675
3549	-323.437779
2295	-305.898313
2636	-306.112153
667	-360.533083
1410	-273.759553
1504	-360.489720
3214	-344.426062
1716	-325.784331
1865	-345.609914
1673	-309.733829
159	-273.773408
3175	-309.649998
2593	-321.252793
3072	-340.671263
2358	-322.169697
881	-234.470813
3209	-346.834502
1809	-324.559733
2077	-309.736028
709	-286.134079
727	-272.562906
1496	-268.248371
3325	-341.836362
1980	-345.680616
1607	-303.462115
1402	-286.203815
1288	-324.635136
2536	-273.758980
3347	-286.510514
3139	-344.437158
740	-344.452972
2343	-325.781464
331	-309.734363
812	-308.509197
2322	-355.508682
3982	-324.592116
2035	-249.294409
924	-324.528533
2089	-308.469081
390	-306.070291
2841	-360.524422
3832	-346.836423
206	-309.688611
3193	-320.725883
3560	-286.463470
2437	-356.692640
1627	-301.363590
1834	-381.615289
292	-308.517192
1181	-323.657279
3641	-360.485033
3703	-287.697316
1606	-308.462382
2778	-325.711441
1292	-323.652284
3440	-322.135917
571	-339.423497
853	-76.404702
2879	-265.401151
2740	-360.536920
1232	-336.811744
2892	-325.728271
3063	-317.413890
3029	-285.281493
1718	-356.706262
267	-345.641113
1625	-320.776082
2550	-271.628346
2783	-272.537685
3729	-376.562796
2208	-286.486509
3279	-356.732861
2447	-323.330261
3640	-309.692577
2587	-376.609234
1926	-273.773955
2277	-383.973315
1652	-301.316399
480	-325.760797
1147	-304.755780
167	-310.912077
1035	-284.385189
1911	-272.582516
367	-360.491873
468	-322.150234
2609	-322.351046
575	-272.582834
3815	-288.574763
2955	-346.822341
1804	-324.542706
1572	-322.170570
438	-381.565482
1456	-308.496384
1544	-324.594826
3968	-287.425634
314	-233.255379
713	-308.484017
440	-307.226474
2984	-362.935648
966	-339.467091
379	-391.337881
1273	-355.513035
2776	-313.573888
3577	-361.716705
3386	-309.684862
3747	-324.521162
959	-492.026657
1204	-361.704371
2033	-310.919833
3382	-341.145624
2606	-323.344105
2622	-346.829131
153	-347.466594
1060	-345.713205
3133	-356.679691
3254	-287.469473
1780	-345.606551
1071	-360.495618
2731	-272.836211
1121	-333.449362
1788	-345.646841
1393	-271.647465
361	-376.622353
3221	-308.477915
1462	-312.136049
3318	-308.513124
2798	-307.259167
1583	-345.655509
457	-380.372151
2456	-345.610758
2376	-346.840597
3340	-229.879598
2963	-287.651399
2130	-271.612772
3772	-356.752251
986	-347.459586
3108	-361.653332
1712	-345.612640
2217	-344.408081
3086	-360.507527
3300	-344.499155
731	-355.501990
935	-269.154939
442	-356.712228
3160	-362.937857
2760	-155.908941
350	-320.793580
3754	-324.570035
3012	-276.205920
107	-307.580090
3628	-272.509064
817	-345.619715
42	-376.564691
1201	-224.944660
2218	-325.756157
3891	-346.821929
2881	-345.594203
1212	-304.733723
2212	-346.837271
604	-320.777491
2836	-345.652670
2530	-345.673444
1582	-361.735290
1611	-348.044714
2854	-325.810616
2806	-234.476081
3385	-324.583090
3767	-324.568597
3517	-396.475511
3498	-381.585231
1029	-325.751230
609	-377.817369
3569	-272.588302
1225	-196.409349
878	-308.466070
1040	-268.307873
3744	-339.414779
3434	-360.560766
482	-272.599303
1448	-372.747155
3980	-372.708066
3276	-344.508729
3264	-307.260972
2312	-344.416076
2019	-340.659620
3023	-323.343769
1188	-306.054267
1576	-247.184334
263	-341.853650
2787	-324.505365
2301	-324.616647
1994	-383.983835
2862	-309.693471
3025	-324.573338
1259	-288.590804
1233	-265.440660
1957	-206.721858
747	-359.350089
1835	-376.631067
1654	-360.518768
1861	-235.696852
3120	-309.689111
2822	-310.902197
2177	-346.868453
3010	-361.720579
865	-304.728720
3162	-324.546164
1768	-289.789940
1439	-340.590431
1214	-341.865386
1535	-324.463541
2759	-393.905418
1468	-345.650338
3709	-340.613243
2572	-360.495461
2732	-324.579850
2024	-306.349032
1045	-344.449852
2405	-318.344936
790	-341.836780
3497	-392.627857
2546	-248.018573
2232	-56.525887
2749	-340.645995
2650	-361.727711
1688	-324.567893
2503	-345.653983
128	-303.785832
3534	-320.785748
2094	-325.812885
3977	-288.552886
3688	-322.476720
2757	-346.855643
223	-339.501781
2152	-308.540101
572	-356.752533
2750	-268.301176
3734	-326.940196
393	-323.334482
1528	-360.446475
1647	-343.242553
2947	-355.510313
1345	-376.540686
1148	-284.062954
836	-324.606601
2681	-308.466840
1424	-212.438188
2345	-342.329232
3419	-335.590859
2162	-340.613712
2484	-344.359905
641	-322.439472
340	-273.789697
3144	-308.472241
1385	-309.679840
2137	-324.588239
1836	-268.273739
2780	-272.545389
15	-288.542593
3944	-381.563295
3153	-340.622406
960	-310.940611
1119	-304.733360
674	-346.879260
3437	-288.585212
1286	-310.906869
3496	-302.303890
2229	-319.560814
3033	-325.785262
1896	-326.971392
87	-490.834069
3060	-270.441145
3804	-324.573632
1700	-320.782427
3065	-344.486202
489	-356.745773
3169	-310.902849
2255	-360.513163
956	-230.183076
751	-361.724921
2638	-309.688194
109	-158.340943
2802	-325.804486
1026	-325.765414
95	-351.666551
2158	-340.663379
649	-340.685408
1850	-323.407987
2400	-345.592410
3387	-309.727603
669	-377.780670
2213	-287.433999
2978	-340.669862
1333	-270.359564
237	-268.287661
2871	-308.460407
1353	-359.297643
495	-342.297848
3942	-287.507193
2748	-321.271406
1773	-304.696646
3267	-320.776472
591	-325.760915
481	-307.573371
3476	-304.737418
2310	-338.194242
2410	-361.673369
1441	-303.469082
3321	-251.726162
1895	-324.551432
2998	-246.027383
598	-193.088340
421	-288.627624
310	-308.480308
3811	-274.982348
178	-188.042067
1909	-345.630398
1754	-269.221561
2617	-248.151318
3824	-302.288055
3270	-273.788787
484	-351.639205
1239	-356.710448
3310	-309.721850
106	-362.952198
3909	-310.945132
3818	-308.470796
3470	-416.814878
1	-360.499843
3290	-341.859618
1211	-286.498633
1198	-308.449457
2966	-308.428791
3960	-336.825944
902	-310.940195
2190	-324.574822
120	-323.345161
3379	-273.761967
563	-345.644179
1349	-286.542391
3705	-345.665479
1324	-270.399280
430	-307.543210
3292	-326.937372
212	-324.605613
1051	-346.860404
3410	-271.316922
3173	-325.791830
964	-291.014970
2123	-327.010026
3455	-270.401061
670	-324.618078
1670	-269.230258
1236	-155.897345
1290	-345.660459
1575	-334.447259
3005	-249.248680
2877	-324.556404
472	-273.761356
1016	-305.129953
1848	-273.769835
2242	-362.870426
3176	-432.852890
408	-208.863267
778	-324.573162
76	-325.685245
3045	-310.906568
3314	-305.846541
1498	-340.654582
3091	-341.869641
3507	-376.594067
1114	-302.353948
874	-271.611192
2184	-360.501473
2737	-322.442708
3127	-327.010419
3156	-362.941094
776	-325.781815
2623	-235.700285
742	-272.588370
2251	-430.448052
3793	-381.580932
2644	-320.786990
782	-361.678341
1897	-197.629387
2445	-324.576679
284	-360.500454
951	-307.548619
643	-345.663386
1326	-266.616319
2701	-326.942959
2406	-306.386594
1159	-325.779568
3659	-340.683837
3423	-308.555641
3219	-339.428557
3388	-271.606364
3611	-324.577560
2409	-324.595526
971	-324.624537
1685	-338.273553
2470	-309.688189
2735	-309.690179
2022	-344.425164
3073	-309.734862
1585	-360.545832
2099	-288.573876
1417	-381.586740
105	-309.727110
3035	-344.404557
3197	-309.714859
2492	-396.477101
1099	-231.975652
2481	-324.614891
2807	-269.176124
294	-308.506421
2360	-340.636727
3439	-301.389192
3415	-308.495275
1672	-336.831068
1442	-308.465594
1186	-359.296697
451	-362.932378
570	-275.012535
2811	-326.944158
3123	-309.702150
1020	-303.566436
1030	-309.683546
3265	-324.569062
2398	-319.533364
2114	-307.528446
2575	-308.759090
1966	-302.558699
2612	-345.627545
1078	-309.738888
1366	-345.633122
2100	-343.199390
837	-360.512026
1915	-361.705669
2527	-297.554699
543	-310.937295
2350	-341.853951
2920	-326.952797
3561	-343.190300
1776	-325.785476
3313	-360.526364
1547	-335.613384
1853	-359.314227
2108	-267.944278
560	-344.385047
375	-346.857432
3190	-232.325947
338	-272.544500
2563	-247.215049
1182	-304.738393
2926	-320.764569
2525	-324.569051
3526	-249.285024
3786	-308.759185
410	-325.835955
2460	-345.631797
721	-185.648533
181	-412.528245
2859	-362.909074
2605	-346.869041
190	-354.290746
3626	-310.902465
3715	-381.567301
3069	-346.878430
1118	-306.032266
1956	-308.461475
3564	-303.533472
1885	-345.647670
1678	-310.955296
1855	-360.497728
349	-309.687623
3307	-318.647923
517	-344.434827
616	-345.676243
1826	-285.242094
1494	-345.654016
723	-361.717032
1571	-470.915515
3537	-346.860694
1185	-324.558175
1824	-336.855265
3784	-344.450127
1604	-347.456674
1668	-344.433140
2281	-345.643890
2268	-302.558547
3275	-308.757315
1360	-362.941781
342	-323.351196
734	-233.242250
930	-346.898838
2788	-345.596027
3330	-323.360126
2471	-288.628801
3862	-271.646263
1346	-308.542644
2127	-308.519863
2214	-245.994065
1941	-286.206129
1552	-346.865957
984	-248.443503
1245	-310.907810
3806	-309.676410
2068	-308.471269
3447	-270.389803
3814	-361.745554
2465	-339.464024
94	-362.955075
2793	-306.384286
627	-359.304956
1187	-264.235803
1747	-360.559076
3679	-320.794248
3135	-272.569212
129	-308.512092
3556	-276.202384
1908	-286.508233
1167	-309.729139
932	-361.764881
3113	-324.531139
1179	-343.195060
1124	-271.651913
3345	-312.120708
3281	-309.716743
1141	-115.679136
3689	-308.467642
948	-336.827390
981	-303.499320
1328	-376.531779
3583	-325.721011
1376	-348.053064
525	-273.812813
1266	-324.582035
1841	-325.788368
534	-324.575799
754	-361.718210
3826	-372.742383
3478	-343.296547
2288	-345.612787
1359	-229.927277
72	-325.720699
2043	-344.484341
1168	-308.454820
253	-305.838224
2904	-302.545112
3530	-309.739069
1978	-281.485530
2541	-341.834413
772	-381.599310
1171	-325.721867
3070	-281.491976
3937	-361.713179
119	-327.012568
3296	-345.650105
1584	-251.727102
3503	-266.630629
143	-302.355005
1108	-341.839596
765	-317.447668
1844	-325.808754
968	-308.470667
2515	-323.341413
262	-345.647032
1868	-326.949224
3000	-309.688191
661	-335.635079
2630	-282.871678
189	-322.167165
748	-324.572987
3082	-272.586248
905	-360.513668
2450	-312.124760
2131	-320.777849
1203	-261.802956
3255	-345.578846
3180	-323.669200
2143	-288.628466
1307	-303.460433
855	-271.614051
1112	-287.644079
3720	-308.561301
2304	-286.431160
3364	-305.057353
2664	-348.047695
768	-193.039603
88	-345.655534
2961	-348.061993
3722	-308.759135
920	-281.489179
2063	-344.402806
3629	-359.312853
1281	-308.457113
1073	-233.249538
1133	-308.517070
1823	-340.656176
1813	-307.550360
18	-309.719641
3066	-345.688382
2303	-309.719920
1065	-360.485823
1906	-324.613156
3242	-397.707881
1763	-325.799404
2216	-308.505718
3724	-324.573480
24	-345.608180
831	-346.867207
2103	-346.834331
494	-345.611057
3901	-346.822424
816	-356.748545
719	-309.693538
2889	-341.871347
1903	-309.678054
2244	-414.351653
2221	-308.512137
1056	-271.618179
3853	-271.336383
3098	-345.658421
678	-308.506580
325	-345.637577
1620	-270.431243
1794	-325.712420
1886	-302.286171
2549	-375.410333
2059	-345.674176
213	-249.281074
3860	-308.505267
360	-346.890881
3404	-309.733988
2721	-271.401725
3557	-344.382663
1142	-309.702591
845	-40.478930
3250	-360.517106
3859	-308.499978
1336	-334.362330
977	-285.160699
2206	-312.126404
2696	-353.269456
1597	-336.805704
1230	-323.396217
2538	-344.417597
1258	-344.472090
3970	-305.897998
3708	-270.397474
1154	-310.937644
1061	-343.531666
97	-286.495035
1961	-197.629416
3573	-325.730390
441	-380.414967
803	-325.789564
186	-340.606711
2402	-235.696227
3730	-291.017996
1814	-360.537947
1541	-310.912991
1028	-360.421732
110	-346.869123
1411	-327.023352
3097	-309.716094
3847	-356.693135
282	-325.714378
3057	-301.381127
995	-360.542928
32	-287.509315
3670	-286.248451
540	-346.830523
1760	-326.940002
2795	-379.572458
2625	-291.021574
3835	-309.693085
2829	-340.622886
2153	-309.673226
2036	-309.733888
2943	-340.654874
1707	-288.590006
417	-344.440065
546	-306.365166
1924	-340.591587
239	-270.446608
1277	-309.706892
137	-287.440932
68	-286.519735
521	-262.065493
2305	-376.633716
523	-345.565792
3015	-359.362011
3877	-340.623773
729	-343.084333
3460	-288.678290
3934	-381.630276
2688	-284.964138
448	-346.831139
1098	-356.649302
1229	-288.582662
1005	-273.786179
1563	-376.575382
2786	-327.009009
2883	-308.757991
2727	-271.330291
3587	-322.421320
2362	-305.134491
1101	-307.244627
1497	-251.731545
693	-234.520624
3131	-303.560907
2564	-325.789398
2522	-307.545457
1014	-301.385442
3104	-310.941183
2179	-361.698233
1033	-339.482903
249	-306.347185
48	-304.689512
2581	-234.469389
1304	-356.679729
371	-380.374978
626	-288.653249
1015	-344.454928
2733	-310.940764
14	-302.238859
2161	-361.735863
252	-305.913756
3044	-363.519194
668	-267.103350
1695	-344.411060
225	-346.842403
3780	-323.320574
33	-264.504487
2226	-276.206257
465	-266.553159
3563	-227.798785
2110	-341.867094
3884	-323.333263
2993	-346.825502
2896	-356.725069
3469	-356.686540
1237	-360.542541
2057	-288.540318
1043	-324.605875
3519	-376.604739
1928	-326.927990
3634	-340.646592
3350	-339.431591
908	-310.911406
3939	-317.386479
547	-360.540793
3252	-340.610842
499	-340.611683
1340	-271.616723
2922	-352.890573
2116	-340.646768
1313	-324.502042
3713	-325.748400
3579	-356.677429
1044	-304.687053
473	-346.828378
1840	-360.536972
2603	-341.863083
2397	-308.772292
871	-309.680919
1756	-326.935440
2015	-308.518276
3505	-274.983383
3278	-298.952950
1048	-286.495416
1940	-334.429558
2700	-304.687547
2178	-339.455981
3368	-308.496367
2554	-345.649886
621	-310.899323
316	-341.858490
1793	-325.725688
2753	-310.904304
3458	-345.693035
1390	-340.660793
2799	-340.702898
3759	-270.393902
3389	-309.689740
1586	-272.837559
3911	-345.639354
801	-273.763117
2557	-273.774103
1332	-209.144909
1511	-271.315027
967	-372.742461
2770	-288.588657
2364	-360.507160
1220	-325.800532
3735	-360.522940
828	-361.684892
3861	-234.486176
3962	-341.865856
918	-310.917344
250	-360.538828
3865	-362.899954
1183	-325.750970
2371	-307.253245
1278	-362.942040
690	-375.420808
3101	-360.503577
2801	-310.932716
557	-312.122696
1365	-361.755045
2408	-356.708234
2353	-281.504579
3671	-326.941692
36	-344.382282
3235	-339.416290
1666	-289.872246
934	-345.650323
1082	-310.901659
2386	-352.829520
3541	-379.527167
704	-235.696677
3372	-309.705858
2426	-340.650391
1618	-345.629039
344	-343.305175
2826	-308.764658
1717	-345.603646
2188	-288.690060
2653	-361.749428
2311	-193.034988
829	-310.909285
3039	-341.851538
1650	-341.836348
2994	-345.597078
522	-309.680641
1289	-344.439723
3547	-324.582904
3702	-362.951503
2580	-309.722373
703	-340.656580
2898	-310.940190
2254	-359.388326
151	-270.397623
3619	-325.779372
2616	-272.542567
2459	-273.761223
1218	-287.431740
922	-272.844560
2845	-307.602080
2805	-272.587161
470	-303.460335
3468	-345.710017
1169	-346.819305
2238	-281.495234
2248	-377.773452
2717	-309.726244
3334	-325.800680
1633	-247.201165
3397	-356.702115
3510	-340.674744
3380	-345.606939
1803	-270.394458
2915	-344.371144
3168	-323.614890
2944	-309.687280
3645	-304.681903
2547	-323.328581
133	-271.642927
515	-287.727890
1592	-271.616430
3856	-306.313590
2646	-325.800095
2869	-306.113519
791	-309.662433
3248	-322.477268
1419	-344.350927
3495	-288.563768
3430	-341.828533
1733	-322.169100
3078	-383.966179
3581	-319.540355
3606	-310.906553
219	-307.221351
1531	-345.640098
2614	-232.164586
464	-324.485629
2742	-348.048844
2469	-270.392444
1514	-320.781098
760	-324.605411
3988	-309.707600
2888	-361.704536
2258	-303.453218
406	-359.295180
2173	-304.678340
2202	-324.602888
692	-362.917261
2953	-348.047609
1487	-345.665813
1477	-303.462312
2911	-289.871661
2574	-273.812881
3431	-323.229212
1041	-371.504707
3394	-376.613178
3426	-307.387663
2080	-325.793131
2006	-339.486095
362	-289.871990
16	-273.806874
3482	-281.480993
209	-308.493663
2591	-325.773278
3477	-348.046236
2205	-318.391203
3195	-274.982322
3740	-356.684693
381	-341.835557
988	-341.827199
2973	-324.604156
455	-340.664551
847	-324.608363
636	-382.818623
857	-245.711897
2957	-323.644468
3245	-327.024699
3217	-306.392828
1812	-307.275809
2245	-308.434866
1251	-322.482659
1413	-247.214861
2815	-324.570906
3922	-270.394284
3215	-320.793270
822	-336.845442
1449	-308.507220
1939	-242.205627
559	-362.935404
558	-344.464151
1677	-344.412416
3464	-234.470922
2516	-309.661518
1184	-286.506282
25	-309.712046
1801	-301.335636
3654	-307.541973
2279	-309.711101
1011	-310.942660
603	-346.867624
1425	-288.648476
226	-360.556344
3987	-324.506120
1146	-339.465889
3322	-272.536448
943	-303.497783
3114	-309.692389
3907	-291.017966
2220	-272.538190
2588	-376.538277
2210	-325.710772
963	-345.645239
2165	-319.567241
1401	-307.265351
1800	-212.439286
1521	-323.665247
2138	-340.684371
404	-324.595399
1087	-324.508933
3274	-196.407957
322	-346.832352
2431	-309.684774
3898	-356.700248
993	-317.364547
1777	-265.408147
864	-323.337623
3692	-281.505078
3773	-345.602641
1298	-308.505512
1762	-361.755551
384	-343.291812
3513	-340.637067
2168	-310.899911
196	-341.759398
3650	-382.756764
2997	-380.371074
1440	-270.441325
1361	-346.840635
2686	-340.697732
357	-307.245430
183	-362.962787
197	-233.549368
2273	-324.579188
3523	-325.728070
648	-287.422111
3870	-345.605387
2864	-340.658990
2053	-320.769272
2791	-194.254127
2938	-346.875201
1151	-392.620909
3348	-304.715963
3071	-273.789182
3580	-345.661657
2504	-325.805550
3858	-308.459001
833	-325.761605
2832	-250.585843
433	-396.498209
3241	-319.515995
162	-232.324966
2900	-272.554670
1751	-339.469166
990	-309.684377
2074	-285.300440
861	-360.488871
1156	-154.972731
2844	-301.377995
412	-372.768039
3762	-351.646368
3596	-285.328258
835	-320.740782
2599	-355.457663
3050	-303.940271
1610	-196.406419
1282	-346.860539
1785	-273.751900
3225	-362.875945
3049	-324.610004
3396	-273.815873
2848	-339.419688
3540	-321.236907
1879	-288.594527
3548	-79.764152
3095	-339.431197
1778	-305.036659
2739	-362.946034
2971	-312.131841
688	-324.491475
2195	-289.873479
64	-362.945802
155	-324.571682
2666	-303.423742
3170	-271.626697
1429	-288.579114
710	-340.625597
3090	-287.362939
1387	-361.698635
3554	-309.689751
2560	-339.452794
2010	-323.385837
1107	-267.060326
339	-356.705991
3731	-310.913156
2624	-309.699280
3897	-324.519277
3789	-273.762938
2835	-362.925466
3323	-232.335768
274	-272.539126
2764	-195.179738
240	-286.517094
3903	-340.636306
632	-361.705069
574	-271.665153
826	-248.137789
1199	-377.813742
2690	-231.093096
1501	-288.653529
3338	-308.466631
452	-324.575287
2280	-359.345792
1936	-360.564423
3945	-304.737186
203	-340.663148
2249	-392.653825
1992	-325.723538
1489	-266.777425
3445	-286.508374
1549	-340.689515
2924	-348.045292
1555	-324.529724
3714	-265.398572
519	-309.687078
1025	-324.520219
2349	-301.357553
3981	-249.257629
3959	-305.831035
1264	-324.536694
1657	-338.273162
3543	-287.318584
2866	-344.431605
3258	-324.473847
409	-306.383308
3041	-345.692143
3179	-270.408713
1084	-309.711894
2485	-392.676111
2716	-303.464433
102	-307.230370
1651	-273.809498
582	-325.833302
1463	-362.938449
1612	-310.902795
3149	-372.694726
1454	-288.652757
1319	-308.560759
509	-307.238995
2354	-387.558484
1714	-132.718150
174	-229.928448
3873	-348.051405
3665	-323.329494
2988	-310.923406
1649	-346.868661
2698	-344.434438
1965	-288.555445
1705	-286.218259
3157	-335.619981
2069	-346.855971
185	-361.726913
573	-286.504534
2453	-268.273240
3269	-381.624381
1545	-308.468255
2912	-346.883119
2092	-288.572051
542	-382.793238
2263	-274.983122
1870	-309.686187
140	-309.676929
2706	-345.667357
911	-356.711832
2820	-308.557865
1675	-271.277972
276	-380.379743
175	-361.754326
446	-305.831164
2115	-266.626759
3839	-231.155780
1263	-345.642008
590	-346.857871
3965	-273.764529
89	-249.259410
1901	-362.946498
3442	-381.635659
841	-361.736259
1274	-309.686648
2969	-286.484904
10	-344.512001
2414	-382.803358
3253	-281.476938
2521	-361.728609
2082	-302.567313
1832	-309.737802
1600	-249.301818
2337	-324.588418
2128	-308.504896
3122	-232.329070
2983	-346.833689
2458	-361.683558
1047	-346.836177
2050	-362.937518
2201	-452.728039
296	-345.688916
3512	-340.641866
1338	-320.793141
3096	-338.175960
512	-346.861026
2319	-271.316064
2419	-287.353473
3163	-319.610683
2418	-304.734646
1818	-371.535911
1213	-324.530103
3582	-344.436500
1929	-324.551800
1115	-325.773014
1243	-323.582949
3361	-324.558989
210	-362.938898
43	-319.572842
3436	-361.762744
2266	-289.766576
2390	-270.097243
3289	-270.437636
182	-324.474954
2300	-453.655583
1539	-382.755486
2167	-309.681554
289	-321.949791
8	-272.545439
2885	-309.686862
1160	-286.467220
3921	-343.218379
2745	-322.118085
2840	-284.048718
173	-396.486463
3872	-340.691219
614	-383.982605
1662	-377.834156
3810	-372.726782
2726	-324.475651
677	-324.594116
526	-344.430692
2861	-288.654312
2965	-344.689237
158	-308.540079
3822	-309.665941
3453	-321.254976
397	-288.630839
788	-324.467888
3894	-322.469844
1659	-487.002792
2663	-361.722327
1024	-302.535621
617	-376.521083
147	-345.615452
3691	-352.852117
3332	-376.610619
229	-361.648305
299	-195.196751
449	-325.753993
2297	-322.412936
2979	-320.767064
3204	-306.313706
2670	-326.934805
2905	-307.206439
2785	-310.915445
41	-345.649146
2658	-308.461040
1350	-343.076530
1918	-319.573117
1001	-304.724431
3117	-346.824942
3931	-288.683173
280	-271.324234
1138	-308.444609
2709	-345.632155
3132	-309.670613
750	-344.384630
1311	-288.545722
1774	-324.585556
3668	-309.700336
255	-309.672030
2260	-271.351786
1356	-271.372094
1605	-345.703157
59	-248.430371
3182	-287.440436
3384	-357.949026
1446	-319.575102
502	-306.349558
3801	-310.937414
863	-285.288405
179	-362.928160
3471	-416.384141
70	-346.874234
994	-323.428670
3758	-272.557350
3949	-359.301320
3908	-272.847530
950	-324.580266
1363	-355.525451
3813	-340.620847
3317	-269.177232
3280	-344.483775
3203	-308.459279
3696	-308.474441
1711	-345.611239
1400	-306.067385
2141	-307.287454
207	-285.281032
3483	-308.500974
3032	-360.508895
687	-346.841762
2673	-345.652182
377	-360.527122
3610	-360.476593
3553	-346.830674
2009	-273.812948
1106	-231.106310
2852	-274.986857
3333	-361.709769
766	-312.133805
1175	-361.742598
2506	-307.526911
916	-345.608831
2755	-381.595252
1234	-325.796704
2107	-325.766177
1958	-340.595950
2729	-323.315925
1165	-309.706371
965	-323.329385
248	-339.489875
26	-301.359287
2857	-362.899149
1811	-346.855968
3418	-308.467120
3575	-309.736328
849	-360.532987
2682	-324.528297
2680	-340.664901
1907	-346.819476
548	-233.555951
2619	-326.939536
3058	-247.214450
1368	-288.584029
769	-271.361537
1579	-288.589020
1316	-361.652250
1077	-326.938562
1062	-324.496997
2672	-355.556836
3055	-285.313284
1955	-339.498757
3593	-304.614300
979	-309.713440
1543	-323.360471
1505	-308.487195
2219	-265.437885
1676	-296.285473
353	-197.632222
907	-381.607752
1210	-340.641282
1820	-324.522751
689	-341.818686
1397	-271.624640
3432	-297.523580
346	-307.586014
1312	-381.612501
1117	-345.566120
1309	-287.723848
1989	-287.426977
576	-345.655968
3863	-346.804974
2712	-274.985024
3938	-345.645388
3869	-324.525580
311	-287.724713
1412	-242.195730
716	-325.758431
1873	-346.842529
2317	-308.503515
389	-271.336957
583	-285.016369
3662	-360.469577
1560	-340.645686
503	-355.514134
1990	-281.482892
3417	-354.292460
3989	-272.542369
3229	-271.614305
1523	-340.646229
385	-305.159206
1527	-271.621836
3961	-308.561152
858	-340.661797
3034	-360.418556
2314	-345.658870
3515	-346.852204
1257	-346.855622
3238	-340.667053
277	-302.288351
3107	-281.504745
1708	-324.502429
2751	-273.787799
2378	-339.490841
3061	-392.552088
422	-288.692943
2142	-324.624987
3558	-339.464817
1635	-360.520081
838	-361.709679
2880	-346.831172
2493	-346.822460
313	-361.721849
1727	-324.606977
2239	-346.823312
3311	-344.433172
1589	-324.608694
1538	-348.050463
3142	-376.617653
1893	-344.385273
947	-322.454079
1852	-309.685790
3126	-360.523204
702	-379.000257
419	-312.128001
326	-236.917664
2640	-398.880824
2494	-274.984732
2935	-297.516418
2767	-340.635968
1991	-285.282532
2967	-305.841708
3247	-360.531175
946	-324.577279
1782	-308.555419
2736	-310.922181
335	-361.729115
1032	-346.816694
3446	-306.044918
2347	-308.476587
756	-325.798888
17	-345.612580
3312	-323.647099
3532	-344.464356
1638	-344.481904
52	-345.627428
3840	-309.681264
2794	-304.681399
2645	-362.923114
2327	-381.624797
3490	-359.315205
485	-250.585183
3875	-309.655400
1343	-310.895432
925	-307.567279
2728	-304.742823
3791	-360.491959
3355	-345.648365
69	-265.441614
3188	-325.807242
1467	-345.613895
1364	-267.963366
781	-362.918463
2940	-339.418028
3763	-344.416821
2267	-291.016020
1174	-345.614442
530	-360.503506
2073	-345.600119
1276	-340.667317
3141	-345.651109
3303	-272.589883
1253	-312.126356
1337	-286.498779
2570	-324.626187
1341	-301.373831
1513	-306.368494
3700	-361.717469
3766	-344.436564
936	-382.773457
2223	-288.657055
302	-340.632285
130	-274.988525
3230	-344.454591
154	-324.538764
2174	-324.606491
3109	-324.582824
2318	-348.039301
2394	-355.446449
1698	-325.800949
2902	-271.653205
67	-172.006141
1325	-356.758284
2421	-249.395323
1953	-308.457242
1430	-361.720960
1790	-345.664882
892	-288.621895
633	-325.759393
2934	-324.462733
98	-303.553222
3177	-287.662612
1736	-273.764207
3485	-324.614459
741	-344.434318
2061	-345.638357
1021	-232.328175
3857	-340.686134
610	-324.629068
1408	-379.527030
3711	-303.469034
270	-372.752005
954	-324.612244
1438	-356.728392
3288	-348.045786
3150	-310.942587
3474	-309.730988
1507	-310.914024
1843	-362.899677
2302	-492.008892
1478	-309.691634
2842	-308.450204
2828	-232.030352
3377	-360.549337
1759	-305.906809
2380	-327.025010
844	-324.606050
3051	-192.736096
3125	-308.510840
2224	-307.568767
1534	-340.632075
3661	-287.358011
1089	-344.451793
1847	-325.753767
2121	-324.619773
2775	-382.812383
3706	-345.687338
3753	-271.652242
1738	-273.759338
164	-340.675814
336	-308.524858
2253	-325.818163
1723	-307.290176
245	-340.656722
2497	-325.763216
3013	-346.883127
3508	-309.675176
2112	-304.729640
2777	-336.817321
2508	-324.574476
2989	-287.317913
3595	-345.600227
3678	-285.255880
3630	-287.660591
1764	-304.725676
7	-309.722879
3947	-382.782251
989	-272.839582
777	-307.544712
2607	-275.007113
1519	-352.874613
774	-395.551843
2559	-319.571638
3781	-274.984614
2289	-325.766945
975	-357.171724
1681	-310.908780
3764	-308.483519
793	-326.950540
51	-283.168740
1373	-324.557383
528	-288.538806
3106	-273.735646
884	-276.202586
1632	-340.673967
722	-310.935212
886	-304.728323
1884	-307.577822
329	-380.402442
2558	-472.145935
78	-270.472470
2675	-303.787203
3721	-284.372483
2565	-345.591597
691	-361.734668
2439	-324.485913
1372	-381.574124
1352	-304.677606
286	-324.563745
3774	-305.130184
2937	-324.573883
2860	-345.600676
2001	-346.833365
1217	-325.773675
2991	-272.841336
3963	-271.323381
1550	-301.345683
479	-77.308427
929	-272.832690
488	-346.861837
134	-308.516376
3198	-288.680991
595	-340.652012
664	-335.632054
1493	-335.643923
1483	-309.723988
2124	-345.600825
973	-325.790444
3043	-196.405320
79	-324.605178
673	-345.680831
969	-325.797425
3194	-301.367422
2772	-343.232602
2870	-289.872470
3833	-324.559324
1753	-375.351387
1128	-361.695007
3271	-454.878708
1525	-345.608193
2	-324.551643
1987	-325.775071
1135	-310.903412
657	-270.392759
3974	-323.433262
2906	-340.657508
2359	-360.468392
533	-287.720383
770	-381.612946
2804	-344.433943
1937	-287.438379
3612	-309.738513
1904	-304.752598
328	-310.911163
3136	-340.660061
1959	-324.603913
1244	-345.616998
1367	-325.812267
2816	-310.905786
1930	-341.835805
492	-305.904760
259	-309.735245
1846	-344.370966
2771	-310.910278
3627	-323.347112
2548	-340.654465
2003	-324.579943
3413	-308.440890
2496	-326.954795
1988	-312.124451
602	-275.010289
850	-271.623957
2812	-381.619786
2756	-153.742562
1464	-381.610550
1330	-324.575010
2620	-324.587670
2081	-273.775864
2837	-325.730097
1921	-310.904960
3406	-286.459793
2534	-362.960595
3896	-307.280331
2449	-341.841190
1725	-360.495137
1838	-356.685238
851	-270.117027
3788	-361.725962
2156	-346.827596
376	-309.732528
2204	-310.904876
2821	-308.511516
3251	-306.056425
168	-325.810050
35	-343.197784
1088	-291.017433
273	-323.312375
2684	-310.940657
3571	-309.676719
2215	-289.795079
327	-324.607903
813	-361.733052
2714	-398.878264
1070	-361.752301
745	-344.464270
2090	-308.473428
169	-309.688569
732	-327.023478
3064	-326.983087
1891	-323.382399
1537	-309.692993
686	-391.370332
2291	-286.514923
1871	-306.406578
2628	-359.341296
1644	-325.774769
3919	-304.721921
1744	-288.535621
2377	-236.916033
1177	-325.808092
2827	-345.615042
3932	-360.472117
2132	-377.826580
3576	-325.729906
3286	-361.731914
991	-345.602096
655	-325.771459
780	-308.769557
2930	-310.906738
1172	-357.927353
937	-306.397642
3172	-274.982310
1269	-307.563525
3119	-301.090914
241	-309.718177
2913	-361.630982
862	-361.764434
3568	-308.468418
758	-307.574899
3881	-357.951284
869	-327.026488
3236	-310.912270
3895	-325.808333
1863	-381.631601
1920	-361.714679
135	-301.341304
2087	-286.484121
647	-338.268974
2958	-324.580268
3293	-360.535142
3475	-321.247305
1636	-233.551389
3756	-326.943546
3208	-288.572843
1010	-340.666160
640	-345.616264
1053	-340.610046
3536	-352.836930
593	-303.525517
1590	-344.415609
1608	-361.758032
608	-309.688960
1916	-360.557411
1573	-233.255259
3584	-281.484877
2425	-322.435505
2895	-273.764673
2194	-273.757530
2949	-346.838702
2959	-289.795007
3644	-345.587398
2027	-376.585000
1993	-339.504090
1469	-324.444698
1932	-310.911279
3682	-291.017820
1770	-309.719198
893	-232.317400
337	-312.123120
1451	-348.052763
461	-273.773506
952	-325.717725
695	-345.700085
3234	-287.349937
2873	-307.545713
3111	-318.340705
1301	-309.679190
3463	-304.735360
1842	-362.894239
1951	-317.408548
2478	-339.450173
637	-360.557419
2183	-339.459869
3589	-324.543443
3785	-348.045948
224	-324.628594
1933	-270.396100
1163	-397.709232
820	-326.934229
402	-312.124533
230	-271.617434
3399	-307.229313
437	-309.705971
1588	-323.678800
1296	-345.612257
1058	-324.585402
3369	-158.342346
2730	-286.492223
3538	-271.350701
2366	-286.466852
3237	-303.553222
607	-301.373496
19	-309.720734
2306	-287.354343
3787	-381.580675
443	-325.754109
1386	-362.967171
2592	-308.486071
3685	-381.602419
3838	-271.318933
3574	-398.876124
1837	-381.574917
3985	-324.548763
796	-344.453746
789	-324.581906
1532	-309.731599
1193	-324.550139
945	-264.243028
3699	-355.497878
2389	-361.728546
3344	-325.748658
1389	-272.510742
3026	-250.478855
737	-336.836792
2856	-376.586976
1621	-346.884834
3809	-310.902628
333	-308.507517
3357	-361.779217
2641	-270.394309
1348	-309.683859
3743	-325.726182
2830	-325.800699
1104	-287.315479
1137	-271.622539
671	-310.897268
2643	-372.711859
3588	-272.549011
3213	-339.438949
2586	-191.810916
305	-346.859213
395	-234.447743
3957	-307.291354
3154	-309.714008
3605	-372.755216
83	-344.434906
3669	-285.267165
2313	-312.122262
1395	-375.348487
3371	-286.517424
1564	-288.555332
980	-356.743821
2276	-309.679242
2436	-308.473229
1938	-341.826148
254	-285.284456
761	-312.126820
1949	-340.674935
2523	-344.512144
578	-382.825717
3359	-325.733758
2320	-362.876210
757	-345.678211
1830	-345.641862
2045	-324.495988
2758	-309.696640
1645	-324.477059
1140	-304.683966
1722	-362.946707
2784	-273.803873
783	-273.806375
431	-361.712798
3698	-360.508088
3592	-323.367866
435	-306.309029
1626	-345.619567
382	-344.494711
467	-273.793804
694	-344.360007
1674	-360.499243
345	-309.704732
2635	-323.324700
2968	-310.909942
1875	-242.186010
3914	-325.805781
675	-346.827397
1080	-288.570006
1518	-309.683200
775	-344.469204
1910	-326.978724
699	-307.243079
1499	-320.779994
887	-361.720206
348	-196.432825
931	-361.763293
1858	-343.238086
1404	-346.883049
3412	-335.628480
1839	-355.496901
3080	-344.436248
2211	-340.648620
2233	-319.556235
3210	-336.808333
222	-412.548009
3638	-306.320806
37	-381.587333
1287	-355.515622
1022	-310.902683
2430	-304.688809
1173	-344.465017
2669	-309.763785
2818	-335.618370
3328	-324.549529
466	-382.782183
3752	-345.686524
188	-339.406341
2858	-346.862070
1261	-268.282665
80	-392.672883
1577	-355.468067
1268	-344.411146
1821	-308.473320
1986	-344.459234
3876	-304.574737
3007	-319.573727
1533	-309.671865
2928	-324.540084
2375	-360.564233
909	-325.789320
1827	-343.492484
978	-324.545574
568	-303.458583
1898	-360.497612
2849	-355.442748
2404	-323.340989
246	-313.537245
510	-234.491176
717	-380.401348
3953	-325.792503
3586	-287.506415
3613	-308.483617
1241	-345.608395
3990	-303.459637
394	-344.385642
3927	-323.326298
3481	-357.941534
1130	-346.826923
1591	-249.397368
3821	-308.427345
1570	-325.783642
1502	-340.679724
785	-273.796695
1076	-361.656187
3301	-371.491061
2351	-304.614169
708	-306.313133
2629	-356.679047
3719	-320.742924
1596	-492.022084
1562	-309.676327
2181	-340.656656
3489	-308.508824
2865	-342.307696
1294	-345.612830
3552	-325.793166
1295	-346.829652
3085	-322.130736
2448	-346.833271
771	-346.903261
1331	-310.941319
221	-310.917273
3943	-376.602183
3880	-357.942023
3320	-310.952127
1362	-249.387499
1817	-339.459612
3966	-376.570141
2285	-340.578657
1631	-345.642285
211	-357.939331
3211	-310.908555
1038	-267.106213
2368	-325.804686
1180	-306.364186
370	-356.698196
1161	-308.513516
177	-362.872710
3167	-309.688639
536	-323.348544
2338	-268.888303
1153	-325.764669
2976	-356.737615
2689	-309.673807
3795	-310.908453
3494	-324.573795
2685	-344.426408
1347	-359.361259
799	-310.910909
1317	-344.393241
730	-336.821088
152	-306.286325
1789	-310.905299
1568	-324.555249
434	-338.195462
460	-360.488733
3681	-310.914919
3728	-234.474951
2552	-340.624424
403	-272.843742
2747	-301.332569
1059	-303.436180
1202	-361.725394
804	-248.395289
3112	-327.021680
2084	-361.708021
2457	-382.757134
1457	-288.573089
2466	-325.785959
1854	-382.743932
4	-270.439280
2691	-308.505543
1300	-324.595031
3191	-284.360325
476	-397.686127
2369	-273.760271
834	-346.828689
1189	-287.322957
2882	-322.444150
420	-362.950092
1740	-376.599676
3040	-360.506446
821	-307.566593
3062	-381.573048
2056	-325.729141
1409	-285.282853
3327	-348.059242
698	-274.985880
1779	-288.583563
1067	-273.762417
3326	-381.616196
1833	-302.579718
1694	-273.743311
3414	-285.313674
3443	-346.866543
1877	-287.407788
996	-307.544316
3712	-300.148891
749	-249.280474
3794	-317.361117
3346	-318.327053
1431	-344.392695
3027	-336.811099
3484	-341.890999
3461	-320.776316
1655	-338.217210
1640	-304.583737
2868	-270.407057
3929	-321.233569
2247	-348.046805
600	-268.859550
1415	-338.156727
3559	-309.721434
3761	-352.866322
3674	-309.731169
1656	-323.352987
3882	-194.261089
2140	-325.715372
1354	-382.790027
3667	-249.293044
195	-296.296482
1749	-302.579654
1002	-287.689262
3778	-309.700675
3771	-309.655144
2429	-306.081547
3951	-326.977685
3319	-376.604793
3272	-173.147782
1302	-339.445855
145	-310.929561
2200	-344.426799
2417	-336.838171
1050	-304.643392
243	-323.389193
388	-340.594424
187	-341.842120
2392	-272.551442
2583	-346.859078
3222	-344.494043
2833	-248.375248
3268	-324.562156
2853	-325.794835
1849	-324.547957
3089	-327.025329
912	-323.344400
354	-285.174014
3916	-273.810780
3594	-272.544482
1614	-325.736331
2296	-309.691365
3639	-345.680996
3246	-340.652252
3855	-304.746925
1737	-323.398064
347	-309.687405
1486	-380.373644
1433	-325.729800
288	-355.557059
2659	-324.461004
1996	-356.687774
2163	-324.503356
919	-272.589999
2149	-341.878745
3448	-324.634377
170	-340.667287
1888	-276.201993
1912	-310.915653
3282	-362.972786
3603	-326.952955
3841	-371.541704
279	-306.012858
2403	-326.955365
44	-309.735489
1561	-325.749687
506	-234.516241
2096	-345.661705
2381	-346.856604
295	-320.770299
1828	-284.993731
3741	-169.860788
895	-356.728690
332	-304.692914
569	-376.620836
3075	-324.616343
2344	-305.915175
112	-340.648166
2032	-287.663174
3511	-324.552260
71	-346.864282
1746	-396.470299
2026	-272.837907
581	-287.683128
1421	-360.526142
3782	-262.035127
3138	-345.651520
2341	-377.784360
1378	-346.867789
40	-344.338878
3748	-376.556657
1008	-248.448467
3930	-338.542975
1063	-265.440996
251	-265.386781
3283	-287.404397
3890	-341.849730
74	-310.918822
2119	-323.665987
3147	-338.530072
962	-376.587043
1526	-269.267574
1947	-303.533559
2041	-346.821470
2720	-231.102112
1709	-326.941251
3398	-304.686259
2980	-274.983908
3694	-338.246643
2309	-272.583285
896	-323.312767
3749	-249.363949
1111	-335.656557
949	-344.463502
3653	-309.763576
1679	-288.576381
806	-308.768073
1529	-354.275774
2237	-325.784144
1466	-340.657975
3742	-271.272557
1470	-272.542270
3201	-346.845480
3620	-359.351415
696	-356.709466
823	-361.732840
2166	-343.239068
2272	-324.528642
2144	-324.574829
3449	-297.510804
2199	-377.815601
1473	-340.678945
1318	-310.897519
3186	-346.829695
1452	-308.467331
705	-362.953848
1418	-325.725274
3145	-324.570872
3546	-233.219124
634	-154.960361
814	-308.509272
1976	-346.831692
2584	-360.567154
3378	-325.831718
2981	-327.026688
380	-307.581989
2282	-375.368783
1380	-288.625728
1882	-273.764420
2196	-338.559964
1329	-309.710338
3393	-359.297522
1699	-272.541597
2292	-343.246371
2843	-308.509454
3199	-273.811544
3651	-303.463214
3647	-325.794522
1013	-271.300649
1388	-250.583643
93	-340.615011
2893	-274.985796
2259	-361.734611
1310	-307.529289
3118	-236.917873
1805	-344.380468
1283	-345.605635
3493	-232.333258
767	-346.861463
682	-302.303791
2384	-281.469893
30	-325.717105
2824	-304.720708
2662	-345.635068
1530	-272.549380
3837	-343.468335
2823	-309.730966
3084	-325.781161
3845	-344.454717
1689	-336.823026
1970	-362.897428
2246	-287.318502
2066	-432.401755
2996	-324.566568
46	-372.766726
500	-308.452306
2907	-344.466563
3200	-265.433051
444	-340.665581
3695	-309.651827
3036	-310.907823
92	-301.343578
1072	-272.554773
3825	-93.411888
3609	-269.176442
891	-325.767721
1034	-356.732791
2475	-381.524347
3646	-305.130313
201	-308.561649
1299	-348.043466
1458	-288.648179
3207	-355.520098
3745	-310.912788
3367	-269.216969
3373	-271.613890
1797	-194.267232
1447	-469.758395
1807	-344.469516
2964	-362.945907
3803	-287.351460
1630	-323.431776
1578	-233.217482
3166	-326.949535
2655	-235.723792
2372	-322.217569
1314	-324.460304
672	-345.661057
684	-361.753989
1977	-312.131398
3353	-324.514429
659	-326.976670
1944	-325.796840
1162	-309.684472
3602	-361.683811
184	-322.436757
733	-345.660927
1209	-392.612820
2817	-340.641240
199	-309.673895
2013	-343.195410
985	-320.770329
123	-269.263476
2101	-361.717364
3052	-291.017787
2797	-345.646914
736	-325.799293
491	-287.737498
2037	-345.620113
490	-231.142581
3885	-304.728655
2974	-396.486691
2819	-360.551444
1375	-345.645053
3492	-345.645245
3578	-286.432515
3555	-360.547370
1520	-309.728493
53	-285.330157
297	-325.833945
374	-372.796889
3480	-286.460642
459	-348.056615
2561	-325.778234
3383	-360.602876
1772	-361.717972
363	-320.778723
2683	-309.686061
3723	-345.597175
1271	-310.902165
1075	-325.751822
2428	-309.682996
85	-272.550580
1516	-249.358446
589	-340.604189
3233	-304.691526
1485	-309.731369
3533	-232.036378
3928	-377.799358
997	-361.688335
624	-312.119017
1197	-308.462932
3028	-346.861640
580	-360.537290
3158	-269.271320
3240	-338.234966
3797	-376.587519
2051	-325.790442
399	-304.735224
2890	-309.738198
894	-338.247875
3014	-269.263802
3790	-286.502445
3522	-309.691414
3466	-325.794624
3972	-359.339915
3846	-318.393987
1227	-322.155306
565	-356.730212
714	-356.669324
545	-356.698773
2867	-361.734339
594	-325.809558
3950	-270.439135
2060	-362.945811
1881	-361.772040
2710	-361.773017
1556	-340.659506
2473	-324.497671
3093	-334.424572
759	-398.888473
3566	-325.830752
2929	-345.638912
256	-308.741915
3886	-270.388222
1017	-308.419735
587	-307.283919
3879	-339.483894
832	-308.470270
513	-355.518342
1615	-287.344000
1321	-234.472577
3351	-285.306999
266	-308.477155
524	-308.507004
3165	-356.724041
1039	-360.575277
3354	-360.529236
2014	-371.537915
940	-325.787515
1252	-301.395982
3621	-346.815715
3370	-396.486664
2596	-339.467484
2744	-288.573110
700	-310.938181
3643	-309.660190
1256	-312.119596
3623	-341.892484
2264	-346.831590
2931	-361.729140
341	-273.735711
234	-308.467880
1480	-324.584824
3954	-271.611366
3137	-272.533448
1054	-323.427722
889	-272.539307
3599	-308.482454
2157	-309.686797
1437	-376.547304
283	-355.460155
3416	-320.770681
808	-320.774349
1726	-381.506605
3134	-271.319942
1403	-308.462299
1490	-309.691591
386	-325.776001
2352	-288.589622
2454	-288.578155
2299	-280.273691
3701	-248.211932
2668	-310.906004
3047	-285.293918
275	-344.442225
2507	-291.014750
872	-309.711438
715	-285.275928
3068	-306.015194
1931	-310.900102
2903	-308.505951
1246	-318.406529
2387	-391.391111
1684	-320.783029
2316	-306.361448
1706	-382.777508
1139	-270.382725
2016	-308.569875
228	-346.859384
507	-309.697879
3604	-273.812100
1086	-272.587059
1235	-265.447270
2910	-307.536915
1742	-288.583008
3315	-269.176979
2034	-345.586124
1247	-325.770105
318	-310.954514
1802	-361.715983
3545	-310.915918
875	-376.554863
1628	-345.637174
1465	-382.796989
2472	-209.159302
1580	-271.339821
1860	-308.507458
2951	-308.569129
3155	-376.605641
2518	-360.566272
3408	-287.661454
3539	-324.625415
1000	-339.452428
613	-309.689486
3019	-301.357437
1972	-233.542445
1355	-361.727678
701	-265.396194
2899	-310.930659
818	-387.475673
1985	-339.481708
1444	-304.691748
2047	-286.246880
753	-361.710299
2648	-325.728744
2055	-304.724717
1979	-308.462923
2810	-273.763107
903	-309.685872
1623	-229.615446
1566	-380.438011
2007	-308.499105
1206	-342.315546
1872	-272.566631
309	-309.718312
3285	-247.192524
2000	-309.736479
3802	-356.724118
2186	-320.782523
458	-340.699868
514	-309.685045
497	-287.470402
3146	-289.872162
755	-324.568345
142	-307.594137
1471	-346.857623
2324	-346.831385
564	-272.569586
3390	-309.736085
1739	-303.454720
1145	-312.129019
2198	-382.804255
3074	-272.553250
114	-361.772743
1905	-231.145151
352	-288.557016
3525	-340.662316
2086	-308.486338
11	-356.688211
1131	-324.580815
2038	-348.056093
1248	-304.732336
961	-326.950279
1517	-359.342366
3349	-207.916786
1109	-333.411326
917	-323.320690
39	-340.687222
2118	-324.560961
3649	-343.292778
2921	-310.904813
3400	-289.799552
1335	-283.156647
3648	-324.631468
2329	-324.557240
1692	-362.862736
2647	-262.017735
247	-304.688358
2308	-324.460752
3479	-265.289023
2225	-324.612179
1394	-396.500849
3912	-308.435951
308	-303.428586
1963	-325.761942
2699	-346.864540
1392	-353.321142
2463	-288.576502
3550	-341.825957
2533	-265.438520
1680	-377.842223
1691	-272.595294
555	-361.677945
566	-303.472917
1125	-285.292217
60	-382.768883
1074	-304.697680
3676	-346.840522
3305	-310.955141
3	-346.838279
483	-309.705795
1260	-270.417842
2335	-346.825562
3905	-395.515911
2511	-250.500016
2626	-305.900638
1887	-361.696319
1542	-370.291993
3658	-309.682445
281	-322.479769
1634	-324.563073
1851	-361.717868
3164	-344.379764
802	-359.306313
1973	-340.637231
3535	-323.235679
1113	-234.484521
900	-288.561991
1428	-265.391486
3812	-271.623066
2424	-273.764093
1874	-416.367317
516	-312.134532
652	-345.620593
2072	-344.431636
3459	-346.831382
2278	-345.650717
1443	-346.867442
2097	-345.639692
2435	-229.013797
3973	-356.659922
1455	-381.570969
2585	-249.269471
1942	-382.751274
3652	-361.720088
2632	-306.344083
2307	-346.859945
2875	-344.475122
2990	-376.661483
1894	-360.532510
2715	-345.709596
3395	-248.436061
2501	-232.377706
3637	-309.764115
1900	-309.689410
1370	-242.180146
3223	-341.794931
3473	-360.527434
3129	-361.692023
1031	-304.643927
2243	-340.673964
2340	-310.899612
529	-309.725786
3024	-251.729571
915	-304.734226
3632	-340.612805
2252	-382.779570
1374	-322.175807
2514	-354.197108
1285	-346.860450
2948	-382.790431
268	-362.957295
562	-456.105229
1553	-323.448965
1704	-274.984793
928	-345.665412
415	-309.692626
2076	-274.982287
1686	-288.648208
2230	-262.056533
2613	-338.214346
3941	-231.108368
3551	-345.646761
899	-321.230055
1221	-344.436348
1426	-381.607770
539	-341.886521
3224	-286.504546
866	-340.620625
3769	-304.586424
622	-341.886905
1027	-360.529992
3451	-319.606765
2382	-380.343633
888	-323.328290
550	-319.568017
2185	-344.343476
3971	-360.530885
1315	-288.533780
3076	-247.198000
1190	-377.830859
1383	-344.398797
1018	-354.272548
2789	-340.629283
3562	-360.524672
906	-383.969892
3900	-308.465445
117	-211.295163
2172	-308.472272
2283	-231.111403
439	-288.690999
1037	-306.397746
3984	-344.418857
2361	-304.727460
1971	-362.906662
1946	-346.841836
2537	-317.434422
3516	-324.634527
1132	-310.938583
2367	-361.723620
1616	-272.539058
1943	-325.729335
1935	-361.677841
3009	-307.265383
2942	-325.778444
1445	-396.491525
1391	-323.317575
2401	-263.280728
1892	-382.805933
3850	-308.528193
2763	-272.548325
306	-307.335530
1646	-340.684749
3867	-356.726146
1116	-356.691214
656	-376.605347
904	-345.608456
586	-376.582598
2203	-310.911529
2104	-379.006904
2779	-381.606362
1384	-361.755719
3001	-270.386138
1207	-324.584396
3048	-381.616883
180	-360.505528
2642	-324.578146
642	-234.476516
1856	-321.958301
676	-272.584377
1808	-356.676972
1122	-345.601318
2171	-359.346839
91	-275.011437
2274	-308.463553
1721	-339.479764
3958	-291.015785
718	-392.601894
3184	-308.439671
1057	-391.518453
2396	-307.546144
3256	-153.459846
2256	-303.503801
913	-352.855499
413	-301.369263
3924	-270.393737
1506	-339.437849
2671	-344.377098
2122	-348.040439
3693	-273.779498
2598	-308.508949
6	-345.687671
1880	-346.873992
1270	-307.571937
2461	-269.170508
3491	-361.750275
3284	-343.290242
1453	-309.720334
2687	-377.816463
3617	-345.608658
56	-345.599154
3955	-323.391458
683	-348.060054
3660	-288.651313
132	-308.469258
3521	-342.324182
3501	-318.409788
3544	-312.133269
955	-345.632414
2825	-360.576433
914	-361.707841
3823	-303.527274
1192	-326.947461
2520	-307.284294
1664	-310.904974
265	-236.916125
3239	-361.708121
2154	-360.512793
2227	-356.712771
2052	-325.809179
2667	-308.455402
882	-169.557758
2573	-307.303421
2383	-324.593866
654	-309.727166
3726	-382.754967
432	-344.390227
2909	-361.687451
200	-345.625804
157	-376.519880
116	-346.831175
3524	-308.455477
2126	-270.399529
2146	-310.932540
3590	-340.660106
3913	-308.551230
3375	-324.594534
3986	-355.516778
3697	-312.119261
2872	-288.581144
3428	-288.564752
126	-274.991042
3365	-396.458774
3657	-312.124380
3733	-309.678068
1149	-325.796862
890	-344.458979
3992	-319.576017
2261	-233.260156
2048	-235.699029
3864	-288.639421
3218	-325.743746
3103	-340.631134
429	-288.570364
1642	-344.345376
2271	-310.916474
1420	-286.516174
2708	-308.512758
2192	-307.232824
3704	-348.035847
2328	-320.732586
2834	-325.699665
638	-345.695868
1484	-273.817328
66	-337.302324
1769	-324.569009
2182	-340.610000
567	-339.489014
1357	-375.307060
3331	-233.545899
2331	-308.516808
61	-308.462933
1272	-308.486687
2476	-346.865438
2187	-310.904927
3842	-376.587741
1083	-309.726295
235	-270.375081
597	-309.683901
3755	-341.874216
1046	-271.618580
2342	-309.680487
897	-345.659998
2452	-344.424745
2257	-307.238509
1750	-287.645651
1703	-286.154755
258	-371.546126
3376	-273.775510
1515	-360.502298
1129	-340.618148
34	-306.355655
3978	-282.861121
2011	-270.099401
261	-310.905322
1593	-335.598739
2746	-247.190194
396	-372.782655
57	-345.635513
3056	-269.180682
2567	-320.795216
2002	-286.504040
999	-308.512721
3297	-360.526636

file identifier 	 test data 	 predicted
3591	-273.762889	-272.618589
1919	-407.364323	-395.989501
883	-340.647778	-410.943360
2438	-392.565188	-391.037438
3871	-346.859809	-347.393929
2808	-340.646073	-404.637592
1262	-356.712023	-321.399410
3441	-372.686714	-372.505356
475	-304.691568	-302.872631
2618	-361.768020	-361.074074
62	-309.677968	-310.531650
3212	-360.575745	-328.508915
3607	-325.801523	-326.502860
725	-325.725266	-326.442887
720	-381.594735	-442.552028
269	-325.729080	-326.339173
2977	-310.909944	-309.233855
1922	-248.132701	-248.542245
2992	-343.202564	-342.735507
1305	-319.621560	-281.925996
1358	-340.682075	-402.735467
271	-361.759779	-364.335018
3081	-302.557878	-264.254707
49	-396.507540	-394.616057
2339	-326.954728	-327.459726
611	-248.364357	-210.998500
2379	-361.769162	-361.802949
3220	-273.806349	-272.582073
3232	-345.686487	-343.764173
852	-361.731511	-361.835693
2293	-269.216495	-232.937832
3718	-195.186772	-266.503930
3844	-308.450468	-306.261931
544	-340.643340	-391.604561
156	-288.654408	-290.162624
2571	-309.686348	-310.279373
3467	-308.494487	-306.599571
1710	-361.726166	-360.407315
3572	-322.172641	-318.947961
2500	-286.498235	-381.527801
764	-233.560626	-231.392847
3518	-340.655390	-414.462253
3716	-361.720799	-361.701248
3918	-289.794194	-290.355146
2129	-356.722498	-321.412687
1096	-309.689595	-310.292642
447	-271.627826	-272.961340
1819	-249.292101	-356.405625
2604	-304.743934	-303.168494
2180	-340.665904	-401.103618
2133	-323.338627	-286.212510
3002	-269.479234	-352.841610
2155	-343.243883	-341.914397
3020	-287.430903	-290.839558
238	-233.253760	-239.521056
660	-271.630416	-273.092711
1369	-392.662003	-390.373837
625	-308.514390	-306.887251
2333	-338.234590	-338.707110
561	-264.226909	-261.159690
3266	-287.736841	-287.147710
2170	-274.987123	-275.823137
3148	-324.567513	-324.717056
2191	-359.317050	-356.246036
1472	-306.080007	-304.996060
1792	-363.504227	-360.724306
1687	-344.407598	-431.898546
1223	-324.586663	-324.013914
3016	-309.730329	-310.222383
2679	-312.130526	-312.457536
2917	-267.068488	-268.044154
166	-325.729970	-326.339755
3046	-322.057728	-318.706950
879	-303.556846	-395.201232
3171	-345.599912	-343.073070
453	-375.430225	-370.218574
3601	-308.749822	-309.410503
1219	-306.334850	-268.205157
3739	-324.566515	-324.578869
2809	-344.506029	-404.443219
3878	-360.554015	-327.340072
2078	-324.575989	-326.345505
3520	-325.752207	-326.222063
1200	-346.908492	-347.554374
2874	-309.725707	-310.423407
1581	-345.660520	-344.175358
870	-345.646965	-343.380891
1249	-272.543724	-273.685299
3130	-270.427802	-277.348007
1603	-232.363630	-304.222114
3727	-285.317454	-285.013518
666	-381.593528	-421.941059
639	-270.405973	-277.121520
2113	-344.391557	-420.397109
1551	-324.575851	-326.078701
2952	-308.511290	-306.912902
3926	-325.748612	-326.255607
236	-325.758113	-326.324853
3502	-376.564063	-375.714597
2660	-307.582044	-309.519723
1757	-285.313612	-285.491770
407	-287.508781	-288.364165
825	-340.536374	-409.305121
3053	-490.831786	-483.763573
982	-307.235414	-393.190337
3343	-320.735225	-321.606228
3673	-309.691463	-310.427998
3231	-380.446861	-379.994030
2526	-340.601771	-408.743256
3633	-380.412093	-380.272677
3618	-309.731536	-310.182966
2566	-346.832253	-347.332839
2169	-356.733974	-322.485327
1917	-325.790782	-326.335764
3655	-287.379629	-287.711083
3738	-274.982053	-275.625497
1334	-273.765782	-272.490998
1081	-310.912796	-309.225178
456	-336.811524	-426.255307
635	-324.578381	-325.557518
651	-232.334436	-331.748970
711	-341.849127	-339.729925
2407	-377.829134	-447.998499
1434	-344.482088	-419.246363
2021	-346.818246	-347.246413
1280	-356.683566	-324.755831
1999	-233.547877	-233.868140
518	-289.791234	-290.808382
54	-195.186228	-259.330651
2334	-472.135006	-496.164352
1240	-310.907666	-309.219080
2594	-335.586914	-335.487519
3707	-271.620156	-272.917071
3457	-324.559213	-324.282591
3892	-271.608843	-272.797387
82	-309.701458	-310.507559
3273	-288.589678	-290.369831
2491	-381.634033	-446.882136
2136	-263.278851	-264.434880
618	-308.467888	-306.070835
1170	-310.895183	-309.295509
2601	-333.464063	-333.617952
1127	-345.659797	-343.479428
2752	-381.632242	-449.314309
3405	-269.206920	-233.603884
1845	-302.309526	-301.984454
1396	-346.886411	-347.392981
2654	-304.679740	-303.387468
301	-324.570823	-323.871774
2704	-320.786981	-320.896122
3352	-272.834623	-273.246132
358	-272.544323	-273.851212
1196	-346.840727	-347.344023
1006	-336.843788	-430.124957
3664	-269.219315	-232.311381
3021	-360.495540	-326.219290
2692	-356.663387	-321.155411
2803	-327.013853	-327.392771
3392	-361.774979	-362.506426
176	-308.554162	-307.283893
2064	-309.687401	-310.332368
1381	-303.795699	-304.756586
3424	-348.051118	-346.197481
2262	-325.780603	-326.431479
3642	-324.565306	-325.247363
400	-376.570473	-376.155832
3450	-382.824468	-380.886192
3189	-324.510378	-325.347380
3624	-324.614194	-325.409555
1254	-325.753541	-326.252028
1637	-343.503600	-309.509290
218	-285.311823	-285.416601
1878	-346.819711	-347.214328
2075	-345.606444	-343.647332
1052	-361.770383	-360.281894
2505	-344.440744	-425.493723
2427	-339.474134	-339.192099
762	-346.863396	-347.158104
3202	-310.908741	-309.285127
2443	-288.547509	-289.677454
1565	-325.735821	-326.707973
1157	-309.691584	-310.413233
848	-309.744522	-310.303489
3444	-289.794376	-290.659615
498	-273.791878	-272.559311
1327	-320.768458	-321.110026
3899	-337.265273	-338.265353
1094	-304.696023	-303.154348
3935	-289.875063	-290.276234
3472	-340.657197	-417.638271
3115	-340.620294	-426.162020
1123	-375.393636	-374.755293
3893	-341.097446	-341.256333
111	-344.470970	-407.664156
2102	-361.723581	-361.862661
665	-288.571762	-289.582546
2228	-308.518356	-307.029148
1495	-286.516879	-387.080890
3736	-355.517745	-352.701580
3666	-309.735874	-310.391991
1683	-346.829154	-347.268341
2621	-305.145002	-301.923362
1889	-361.731388	-360.635368
2600	-307.237880	-376.597328
2510	-325.797299	-326.681906
553	-271.666055	-273.219603
1423	-344.413850	-417.276667
810	-269.144656	-230.506712
1766	-270.387395	-276.080255
1613	-346.890723	-347.473885
427	-382.798099	-381.080065
324	-307.534482	-310.917626
3570	-272.514475	-273.724087
198	-303.934323	-304.339594
2209	-382.781841	-380.833099
1791	-272.554824	-273.741622
2106	-286.476486	-368.313921
1144	-264.255612	-260.910691
1427	-340.646339	-416.768592
1713	-323.381747	-285.913831
161	-285.276468	-284.852712
3710	-308.565933	-307.090189
3244	-323.320332	-286.657957
1752	-296.265627	-296.336897
1969	-360.529678	-328.662228
840	-289.871520	-290.643420
2480	-344.385369	-423.014973
1728	-362.942862	-363.573488
193	-307.285557	-389.881998
631	-371.449232	-371.703187
3936	-326.951067	-327.486221
2995	-381.584942	-413.096997
2444	-318.641916	-318.772278
1226	-195.226072	-281.518774
773	-309.674485	-310.413794
809	-361.738091	-360.535601
496	-377.794221	-433.412717
2315	-273.793520	-272.547655
2236	-235.698987	-236.792839
2385	-310.911571	-309.227133
368	-345.595021	-343.844538
1876	-251.732828	-253.043020
2151	-289.802108	-290.535425
414	-192.762455	-195.218399
257	-324.569867	-328.757071
3807	-361.706503	-362.949323
1554	-320.728167	-320.765777
1105	-302.306944	-302.167418
2615	-360.501085	-330.853276
3717	-275.014300	-275.619882
1786	-325.785038	-326.851731
3161	-309.678595	-310.561036
3435	-361.728293	-362.463546
2294	-341.831947	-340.554771
3829	-323.654114	-400.681823
3969	-324.609784	-324.277032
1012	-266.609146	-272.080750
1701	-344.428649	-424.637296
1796	-307.536544	-312.221256
2985	-304.745635	-303.193027
1925	-309.677276	-310.550410
1783	-320.761312	-320.951868
2724	-376.591176	-376.182027
3737	-361.714817	-361.547489
150	-309.732713	-310.462159
1322	-271.619912	-272.604165
272	-322.161948	-318.863893
3808	-345.614760	-344.105860
323	-309.647349	-310.379931
1242	-308.508254	-307.740786
1967	-288.573475	-289.721304
1548	-306.308471	-269.083284
1166	-324.576650	-324.450342
3183	-345.642870	-343.851932
359	-346.832402	-347.148592
2539	-321.276274	-321.692673
1460	-309.684108	-310.453427
1476	-308.455419	-307.212473
3100	-361.716824	-362.510707
2499	-376.539208	-375.880178
1653	-157.116735	-140.676945
2846	-273.780933	-272.572933
3178	-345.605421	-343.471797
2718	-382.782995	-380.736013
227	-377.805829	-448.346045
933	-270.430832	-272.081606
3765	-453.654335	-453.217157
2044	-373.173910	-406.234865
998	-302.306196	-302.461488
3374	-324.551244	-323.872503
1009	-266.763445	-266.116097
2065	-340.537496	-409.747951
2987	-271.618137	-272.747740
3798	-310.941861	-309.218906
1136	-271.296056	-269.122959
1155	-272.838189	-273.473066
1784	-324.497693	-325.982111
3746	-309.736797	-310.566539
3287	-271.458576	-270.844161
3866	-341.882531	-340.037837
588	-309.684571	-310.538284
3622	-304.726439	-303.163382
194	-308.496245	-308.052158
1488	-320.766344	-320.103847
1416	-308.514570	-307.530389
2723	-324.554067	-325.321150
383	-361.702346	-362.059223
3304	-346.843297	-347.394182
3128	-341.867138	-340.150931
3792	-360.525610	-326.433750
2962	-309.686114	-310.294423
2847	-307.566260	-309.023730
1095	-324.603415	-326.468280
365	-361.740208	-360.718693
3018	-345.638117	-343.796992
537	-361.731930	-360.875105
2495	-307.596472	-309.294509
86	-190.624631	-192.014456
3306	-361.650084	-362.543431
579	-281.480583	-281.684533
1066	-375.344926	-375.809696
1983	-320.792773	-320.681873
2395	-297.523583	-294.175097
1595	-309.686571	-310.226587
784	-377.848074	-431.717958
1866	-310.940708	-309.364082
3077	-336.822591	-423.621485
2674	-342.352279	-339.697100
1982	-345.609374	-343.223396
1023	-309.663477	-310.398345
1952	-344.408452	-407.532832
712	-294.081616	-298.644854
2790	-287.732329	-287.313965
312	-234.485640	-236.664758
9	-344.468531	-426.358032
47	-247.225618	-243.653718
1303	-345.676156	-343.443852
3152	-335.591582	-335.455620
3967	-273.758273	-272.580672
2005	-305.155985	-301.670126
1222	-325.805865	-326.481825
3185	-348.053386	-346.249143
1126	-270.392715	-274.960702
3925	-325.718488	-326.444283
3159	-324.612512	-325.207669
596	-325.754527	-326.588904
1923	-287.427777	-292.524346
124	-271.621961	-273.217480
2611	-346.824672	-347.214896
1371	-288.596392	-289.953409
369	-361.733362	-360.666744
786	-307.544728	-308.757622
2321	-381.536295	-451.468080
149	-380.415966	-379.782602
3631	-303.560350	-393.743329
2576	-306.418503	-268.016693
2590	-340.650928	-413.235692
2489	-250.583259	-250.541482
798	-208.842347	-211.204607
3979	-345.651111	-344.700189
2270	-355.497046	-352.661617
73	-233.293627	-236.637689
1998	-324.536830	-325.258740
118	-352.905052	-317.335667
2067	-280.248350	-281.298213
1569	-234.503085	-236.264248
3680	-305.904722	-306.757067
3092	-340.610697	-419.089727
1765	-285.335887	-285.239003
953	-392.650949	-390.471627
3420	-306.358581	-270.179209
2553	-302.545562	-264.388024
2768	-340.690205	-408.165606
2914	-270.422403	-272.178329
290	-348.056024	-346.224200
974	-303.468081	-369.635474
1344	-341.767606	-339.644863
2766	-285.279992	-285.088812
1102	-116.609549	-105.660322
3116	-312.128429	-312.507293
2652	-317.377404	-317.950502
2020	-272.514099	-273.472805
148	-345.629933	-343.334834
2332	-342.335241	-339.992043
2936	-324.504178	-326.168015
3843	-309.717869	-310.382266
797	-278.075775	-275.488921
3531	-344.458268	-394.298136
3259	-359.368793	-357.108172
3206	-346.853173	-347.276175
2543	-376.588479	-376.404857
2095	-348.034975	-346.158760
3834	-324.589539	-325.904057
2284	-359.298380	-356.617111
3567	-309.693494	-310.578694
2413	-345.604177	-343.347667
3770	-272.544060	-273.347752
2120	-381.630205	-430.372881
2813	-232.063900	-197.204403
3616	-225.221461	-227.019669
1508	-308.462196	-307.445053
1599	-304.689816	-304.353844
2109	-321.219665	-321.760713
486	-288.678720	-290.282026
628	-325.726991	-326.131370
487	-307.223588	-379.102600
1558	-270.389386	-270.765898
141	-287.734664	-286.116396
2535	-272.835594	-273.565265
2139	-381.581478	-440.183402
3360	-382.810709	-380.728724
1042	-305.904676	-306.736318
2298	-270.396464	-273.541313
2117	-346.839895	-347.271387
1587	-322.133444	-318.808001
13	-360.526646	-328.252982
2693	-340.638326	-418.236741
38	-309.736982	-310.408289
819	-276.204532	-277.563179
416	-271.318448	-269.956538
398	-345.636145	-343.475211
356	-372.741729	-372.390455
2502	-309.685960	-310.360860
319	-352.845678	-316.970267
1598	-308.471397	-306.553109
2189	-325.762375	-326.510032
3868	-360.526225	-325.621408
2972	-320.764992	-321.004864
3381	-309.731402	-310.266142
2544	-381.632480	-429.995506
2595	-303.465315	-382.600449
1816	-344.357220	-430.343268
2488	-363.508158	-360.738035
1049	-323.336196	-285.630766
3335	-275.020322	-275.844387
662	-341.843824	-339.811778
2240	-381.627040	-434.069182
3401	-338.175569	-338.667933
2487	-361.694757	-361.280598
1702	-251.727632	-253.414515
2083	-322.434119	-322.419011
3102	-310.903589	-309.312652
3356	-270.447268	-273.104878
1377	-325.768959	-326.453460
3820	-340.655117	-420.959726
1771	-287.657053	-285.510443
1665	-336.802871	-417.636026
1405	-361.711854	-363.697421
3514	-340.654233	-420.717619
1407	-235.694798	-237.217034
1602	-318.339586	-314.920539
1719	-232.050342	-196.921150
3750	-346.838572	-347.241471
2423	-338.238743	-338.680734
3948	-340.614465	-419.332466
1755	-304.686811	-303.013032
1093	-325.718074	-326.347666
2711	-322.460671	-322.251938
2719	-286.477365	-367.449413
2008	-336.802659	-425.303239
2160	-345.674929	-344.387681
27	-324.573866	-326.224929
2416	-344.406447	-410.981715
1696	-320.785074	-320.775016
122	-339.419649	-338.806814
2765	-381.546975	-450.184611
2887	-345.641890	-344.477774
1435	-193.963318	-194.025629
605	-456.103432	-461.048762
2577	-381.600777	-423.775696
3690	-346.829378	-347.304795
3805	-309.680682	-310.370944
2023	-317.402836	-318.028898
1735	-320.791360	-321.138837
233	-301.382062	-297.940573
2356	-323.346816	-285.985533
1995	-362.946041	-363.561254
877	-359.317823	-356.271003
2411	-193.075202	-190.691041
1279	-377.837977	-437.203772
3140	-284.987905	-281.678997
100	-361.702143	-361.310726
2388	-309.695742	-310.625577
3022	-234.455424	-236.478712
3964	-336.853985	-427.209353
3883	-308.516508	-306.178234
1715	-286.486570	-369.560918
1191	-360.510716	-327.204711
1601	-345.646864	-343.864074
707	-381.585428	-435.388473
3585	-308.497008	-307.604657
3836	-346.833711	-347.385648
3910	-309.703111	-310.325701
2578	-324.576080	-324.101708
554	-340.688787	-420.139163
317	-325.797397	-326.352054
1503	-327.014214	-327.396509
1208	-345.608535	-343.313745
1339	-285.316421	-285.268413
1475	-362.957353	-363.354377
2039	-360.553317	-325.971509
3486	-437.484875	-207.454978
2814	-325.804528	-326.327851
650	-193.034094	-189.962230
921	-325.682121	-326.200127
599	-343.312201	-343.086488
320	-232.333410	-324.149398
3403	-339.424322	-339.087696
3030	-324.500475	-324.967190
1091	-309.678344	-310.540939
3339	-356.699649	-322.039743
3226	-339.491316	-339.212796
2105	-335.635972	-335.498517
103	-291.024232	-291.864155
2531	-157.115484	-140.869980
2651	-273.744309	-272.434784
3917	-274.985822	-275.707220
3465	-324.548021	-324.134557
2042	-232.364952	-311.829911
1231	-324.569596	-323.780137
2234	-272.580839	-273.560609
2134	-344.433965	-418.132062
1787	-325.795649	-326.327293
3751	-339.491316	-339.212796
1284	-320.761539	-322.203521
2855	-268.917900	-269.355256
1297	-345.621773	-344.792501
824	-310.952875	-309.176334
645	-308.540795	-306.431891
2433	-324.552283	-324.979397
880	-345.648463	-343.247752
2357	-325.754267	-326.639620
2954	-305.915530	-306.907757
577	-343.087962	-343.943677
2393	-324.608961	-326.370907
3983	-322.115604	-318.763035
355	-273.761263	-272.554793
839	-302.254301	-301.974558
2085	-309.695312	-310.301376
3952	-269.175627	-229.478692
1641	-340.647224	-430.989434
3407	-343.517848	-310.134109
2562	-375.357530	-375.285777
3341	-291.021228	-291.574806
3625	-326.948771	-327.499033
315	-302.472397	-266.162029
1795	-356.736238	-321.914113
859	-308.468407	-307.615835
794	-248.143861	-248.639677
2098	-327.020807	-327.507431
901	-270.446915	-274.458402
2540	-211.295796	-177.473014
2707	-310.915408	-309.207312
1864	-312.133063	-312.795860
115	-356.682218	-321.049681
5	-351.628383	-348.756699
3506	-320.804155	-320.092492
744	-249.332005	-344.851067
1671	-309.708282	-310.372634
471	-324.532283	-327.441256
2773	-325.684055	-326.207193
2241	-346.857051	-347.407982
1690	-339.426816	-339.207607
3817	-288.554600	-289.522238
2916	-340.655601	-409.743391
2422	-325.718957	-326.396687
29	-344.425700	-419.222959
3196	-297.530335	-294.132505
3940	-308.464824	-307.484372
2999	-307.237456	-393.862725
2070	-114.483613	-35.617015
2970	-339.501361	-339.317513
138	-362.875317	-363.243344
2656	-376.622509	-376.053784
3528	-233.262752	-240.067597
2222	-340.678668	-418.933956
1524	-272.550818	-273.784461
1306	-288.682324	-289.701016
601	-324.603558	-328.571985
2678	-285.255563	-285.032079
1238	-360.499088	-325.870467
2878	-285.336744	-285.236480
1068	-308.470010	-307.931258
3363	-345.658313	-344.538358
3031	-270.411205	-271.323799
623	-265.457424	-224.947046
104	-360.574432	-327.887366
1255	-381.635881	-450.421930
2290	-343.224836	-342.978462
763	-308.429953	-306.785918
373	-379.522177	-379.559801
3597	-360.539435	-327.992456
351	-345.625747	-343.499255
31	-359.310420	-356.427866
2754	-309.674575	-310.416413
2982	-325.722723	-326.300549
2762	-306.370119	-269.623480
469	-325.775843	-326.361658
260	-359.369049	-356.589207
3402	-234.522504	-236.591928
3887	-242.196351	-242.710017
1398	-234.469383	-236.935891
792	-310.898648	-309.233750
372	-337.283890	-337.430762
504	-356.680129	-324.819276
1320	-340.656628	-419.783089
2602	-345.645491	-343.905355
3087	-392.563319	-392.473521
2025	-249.363808	-331.963477
1134	-343.068226	-343.524179
1862	-319.615129	-280.755134
364	-117.824798	-125.119297
551	-382.817123	-380.766960
1629	-272.526778	-273.394262
552	-340.639366	-407.403636
3257	-308.472221	-306.923792
549	-372.785072	-372.328394
2665	-348.031230	-346.303249
2939	-352.864008	-316.497149
3059	-363.508158	-360.738036
2839	-362.930315	-363.302080
3006	-308.470648	-307.029230
2374	-285.279236	-284.992997
1481	-376.634518	-376.297885
735	-309.716570	-310.350715
58	-304.683044	-303.756579
3174	-272.844804	-273.712171
1194	-381.612648	-437.572448
1422	-361.728608	-361.809051
3358	-326.934987	-327.453499
3851	-326.998454	-327.308961
1540	-285.217962	-284.881935
2792	-362.944759	-363.803171
462	-234.474088	-236.526265
2111	-348.048744	-346.232084
3504	-308.561061	-307.118557
2551	-325.792606	-326.675840
2633	-324.627681	-324.022753
3776	-320.773105	-319.976375
2193	-383.976576	-384.110056
298	-377.795528	-439.096932
2093	-324.473588	-325.285219
923	-322.135797	-318.781544
2556	-321.958604	-323.046088
3725	-309.710255	-310.480010
1399	-341.826906	-340.946191
1609	-210.001565	-206.462696
3427	-325.793904	-326.586390
3308	-381.582831	-442.994623
2637	-325.687098	-326.160817
101	-324.507184	-328.874696
3687	-325.793945	-326.365532
1734	-359.354596	-356.556651
3094	-324.601619	-324.723189
220	-276.205821	-277.462094
1275	-310.936083	-309.280394
2661	-323.448833	-286.184853
113	-360.478880	-325.816130
2627	-235.695309	-237.719725
2164	-304.744503	-303.398199
1767	-285.277900	-285.136383
3421	-324.571081	-324.298857
121	-361.711483	-362.171588
424	-309.717380	-310.383331
739	-309.678703	-310.521909
3017	-271.339346	-272.381406
1669	-287.426878	-290.662130
2631	-380.316551	-379.833511
1482	-312.132386	-312.541082
2145	-346.844016	-347.252683
478	-119.052475	-158.179032
3677	-307.571921	-310.014213
805	-309.658574	-310.450563
1100	-380.373569	-379.498338
3499	-309.702237	-310.499193
505	-338.531538	-335.940396
1825	-271.656372	-273.297709
84	-345.610574	-344.146216
854	-383.971058	-383.731810
815	-285.324641	-285.338162
679	-340.668108	-419.370791
976	-382.776658	-381.679619
842	-360.514766	-326.505998
2761	-309.696507	-310.361411
334	-245.983375	-246.445935
1899	-308.478846	-307.811527
1436	-375.359407	-375.679692
205	-269.465281	-348.956076
2058	-356.710498	-322.068236
3614	-288.627505	-289.894950
2722	-344.423318	-378.690504
615	-345.676743	-344.017090
2207	-301.330754	-297.952767
2517	-308.462063	-306.819456
1536	-324.492974	-325.589530
3889	-360.533387	-328.108863
146	-377.813815	-427.391100
3249	-325.739818	-326.127149
724	-320.775720	-321.897487
1962	-382.756724	-381.236357
1293	-271.369084	-270.033549
208	-270.399081	-272.294441
1724	-381.594558	-429.094526
856	-324.568212	-325.249956
1617	-355.508183	-352.661947
3915	-309.687698	-310.289463
2986	-340.629609	-428.339351
3295	-231.069318	-231.519274
1500	-345.609230	-343.018796
55	-335.683118	-335.595802
680	-325.806369	-326.506738
1663	-232.351764	-331.029320
868	-312.124574	-312.670125
3124	-308.562031	-307.132313
2197	-309.684327	-310.574802
1055	-345.681183	-344.786517
592	-307.614861	-308.376767
2054	-302.588564	-266.416375
827	-303.556664	-387.317289
2049	-344.463291	-415.569116
3527	-309.716030	-310.392009
3902	-382.757521	-381.202371
3672	-309.689612	-310.414024
2863	-287.423372	-289.843095
2579	-273.765811	-272.590787
1406	-375.394844	-374.819034
3263	-285.326726	-285.441841
3991	-372.765028	-372.210687
278	-397.667072	-369.408277
2159	-324.581067	-324.383042
3008	-323.359336	-285.380357
3298	-345.599182	-343.369726
287	-307.560718	-308.787814
2135	-346.861074	-347.286146
3946	-286.438084	-369.847736
2432	-274.987245	-275.667521
2355	-336.816043	-433.527276
2175	-324.545475	-325.305036
910	-270.384937	-272.093646
1661	-322.148261	-318.748499
646	-323.641347	-395.458740
125	-228.992613	-229.315387
1815	-345.663783	-343.573738
2391	-310.927566	-309.238970
1890	-371.608385	-369.215568
3316	-264.261826	-261.189655
1743	-346.856186	-347.199915
2925	-301.394865	-298.064624
2348	-285.253877	-285.152574
1152	-308.448572	-306.634196
139	-338.257996	-338.938366
681	-312.126544	-312.545235
2774	-310.910631	-309.225697
795	-246.023231	-247.833366
2012	-382.788561	-381.409111
970	-310.911364	-309.267144
1748	-288.688929	-289.663077
1761	-376.622507	-376.079775
1859	-324.577613	-327.170448
127	-322.216227	-318.886207
3299	-325.725069	-326.282102
3827	-270.435807	-272.212811
2269	-308.452310	-305.927863
165	-327.013034	-327.499608
3529	-341.843027	-340.405271
3433	-308.465425	-307.899320
1968	-324.538807	-324.564020
860	-397.697425	-370.016393
811	-304.567859	-302.367282
411	-397.680771	-369.299188
2265	-360.469291	-326.300993
1216	-308.465534	-306.548799
538	-324.494520	-324.068210
2589	-361.718361	-360.232509
3054	-269.129580	-230.297020
1829	-382.804482	-380.915378
3636	-324.624318	-325.337303
1150	-308.551121	-306.540558
12	-377.816587	-438.885112
1228	-345.640969	-343.920097
3635	-308.475489	-306.024096
3422	-340.663929	-427.597108
2884	-324.471313	-324.745524
1857	-307.540766	-308.395063
1730	-345.663299	-343.375205
1195	-285.287913	-285.378542
1158	-268.251114	-268.141155
2148	-309.718089	-310.268545
1351	-309.733696	-310.327252
2018	-286.492357	-376.672385
3500	-323.345473	-290.822011
2569	-281.476967	-281.860915
22	-324.575190	-324.869565
898	-305.906901	-306.692359
2441	-310.909223	-309.231189
28	-324.630221	-325.352538
1019	-327.016183	-327.429997
1546	-318.321510	-314.941507
3663	-344.446747	-404.814033
2464	-297.555801	-294.182267
450	-235.729507	-237.845185
2028	-346.821466	-347.279626
2147	-382.781806	-380.911928
202	-226.160842	-228.109285
939	-344.481802	-407.019426
2782	-340.664407	-408.734034
474	-281.476832	-281.760062
531	-226.107205	-227.965456
2529	-229.969129	-231.646354
1798	-312.126342	-312.759553
3598	-340.671493	-427.997508
3933	-307.569255	-307.535316
1984	-287.441165	-288.110405
697	-340.621200	-432.166707
2851	-356.699504	-323.353689
2545	-324.614082	-326.425951
1559	-380.372123	-379.988922
244	-346.835129	-347.289315
2734	-309.719592	-310.471072
3732	-320.774305	-321.352911
3906	-309.685651	-310.416527
1948	-195.158734	-288.294153
293	-377.807580	-443.589851
1414	-377.797879	-440.049224
463	-309.715058	-310.394893
1432	-324.522792	-326.159010
3366	-323.268818	-286.703447
192	-310.897684	-309.225660
3205	-341.842686	-340.236152
3799	-291.018995	-291.541381
1491	-344.421383	-415.086803
2071	-246.029150	-246.642848
987	-273.765811	-272.424960
1079	-287.347000	-287.776123
2029	-380.417684	-379.892847
3037	-288.567911	-290.010809
264	-339.450073	-339.294569
2725	-269.218553	-233.275158
2336	-344.433499	-409.241143
285	-249.362379	-323.641397
3143	-286.432042	-366.039429
3542	-344.409533	-415.089467
2927	-324.500425	-325.181658
2923	-325.801905	-326.605817
1831	-323.386306	-285.529895
2532	-301.405558	-298.038138
1450	-273.757658	-272.588582
2781	-288.581699	-289.623086
2088	-362.871515	-363.128449
304	-322.464725	-322.355411
2363	-324.610150	-323.801331
1459	-306.320451	-268.839875
291	-304.683134	-303.199639
3260	-345.595084	-343.122660
630	-273.762561	-272.481702
2608	-306.369631	-270.983582
2694	-317.396153	-317.939899
3920	-319.574905	-283.136925
501	-345.630685	-343.118512
3262	-235.693825	-238.545693
2542	-326.951186	-327.415849
2597	-412.494644	-411.955125
1120	-353.283458	-354.230543
779	-356.732185	-323.006776
96	-375.359188	-375.676237
1103	-273.764642	-272.485628
204	-287.353313	-289.814851
2412	-310.904086	-309.241680
3976	-273.765901	-272.515123
2373	-302.564379	-265.287057
2079	-363.517297	-360.697659
2975	-345.579201	-343.272464
3011	-310.902708	-309.249358
807	-340.681309	-423.318117
90	-327.017113	-327.377581
3779	-308.476903	-306.718975
1697	-345.613396	-343.520109
3003	-325.798735	-326.554290
3336	-308.477672	-306.422138
2831	-356.723059	-322.707053
873	-273.763068	-272.590559
3083	-381.591448	-444.446679
983	-341.851447	-339.704210
3848	-324.564634	-325.512217
658	-307.234503	-399.391006
3187	-272.591906	-273.823283
3830	-346.817778	-347.324890
2479	-271.622821	-272.915427
1509	-345.612220	-343.076680
3438	-312.132858	-312.660419
2420	-340.625366	-425.872444
191	-307.610450	-307.662416
3852	-361.710525	-360.526474
3099	-324.530718	-327.997270
3888	-323.359825	-290.451446
2919	-340.635773	-413.626904
830	-320.767103	-321.897831
3342	-153.787612	-155.261819
556	-272.600604	-273.703776
644	-376.595314	-376.380154
425	-289.769718	-289.839825
3783	-310.912792	-309.223821
1639	-345.640072	-344.012293
378	-356.705084	-321.043798
1003	-308.516378	-306.796853
1731	-381.565314	-447.183824
2568	-325.718022	-326.172601
992	-377.811306	-432.710065
3329	-310.909123	-309.219572
232	-490.793044	-488.602403
3831	-451.528971	-432.783851
867	-283.179781	-283.404807
3904	-356.716094	-320.920078
1810	-288.653294	-289.889048
2482	-268.321270	-268.771379
2440	-317.433049	-318.019806
2933	-360.538112	-326.051303
685	-320.029854	-321.384926
1964	-309.726463	-310.378712
942	-325.715957	-326.538271
876	-325.807685	-326.738695
3819	-397.692021	-369.352380
2046	-286.493052	-384.807606
1224	-308.420805	-306.240560
217	-271.648392	-273.150548
3775	-324.576188	-325.077740
3409	-356.696744	-322.021827
3509	-288.685117	-290.077022
3181	-307.209274	-402.068215
1745	-264.171923	-261.038758
321	-324.604397	-324.640816
77	-348.062001	-346.206618
2769	-376.563238	-376.006281
3684	-362.958208	-363.545690
3686	-344.462681	-420.069235
214	-348.052027	-346.266795
620	-346.820834	-347.249867
20	-270.370102	-270.776628
3757	-281.482952	-281.807144
2370	-360.496984	-329.610809
0	-351.615495	-348.775971
584	-309.681686	-310.481362
1822	-344.395150	-429.999752
1693	-234.474613	-236.310280
885	-324.623780	-324.731600
2474	-357.944802	-357.374247
2346	-310.909551	-309.226408
1342	-361.712098	-364.001134
520	-309.720011	-310.375076
2950	-360.498298	-325.636947
1981	-306.313924	-271.258560
2705	-270.384180	-273.227479
800	-324.611571	-324.319150
3277	-354.254979	-354.007473
738	-324.592221	-324.196859
1267	-341.841438	-340.547242
391	-345.584667	-343.192975
1064	-276.202311	-275.221143
1090	-272.500426	-273.549905
2800	-287.478272	-291.690693
1867	-324.583096	-325.531595
1950	-232.331230	-331.389551
1622	-346.869712	-347.351891
2703	-309.722894	-310.197005
2876	-360.574465	-326.236178
1799	-346.861635	-347.293528
2275	-312.122563	-312.557661
1308	-341.814212	-340.158353
3488	-340.672417	-419.118498
1927	-361.739999	-363.098776
1729	-361.740062	-359.966610
972	-341.869909	-340.115624
1869	-269.207716	-231.695506
3565	-286.474509	-360.566092
1474	-340.654517	-417.842648
3462	-272.538255	-273.659234
2434	-377.845502	-442.489708
215	-356.645883	-323.301735
418	-324.565412	-324.070663
2796	-345.678871	-344.066624
428	-324.570042	-325.208120
2741	-297.520999	-294.168949
131	-345.603479	-343.192122
2838	-324.547436	-325.091519
1379	-325.731549	-326.338031
216	-307.283509	-383.862716
2091	-346.904050	-347.205816
2325	-273.732431	-272.417764
163	-319.624414	-280.760400
2512	-346.823548	-347.260035
1902	-324.615795	-325.593244
1660	-274.985107	-275.625749
1619	-340.600021	-422.958521
