no_training:3000	no_test:993file identifier	 training data
2747	-301.332569
116	-346.831175
1949	-340.674935
3868	-360.526225
3484	-341.890999
1728	-362.942862
2395	-297.523583
2672	-355.556836
2982	-325.722723
703	-340.656580
3760	-280.314080
888	-323.328290
3160	-362.937857
390	-306.070291
1789	-310.905299
207	-285.281032
1689	-336.823026
1196	-346.840727
2817	-340.641240
492	-305.904760
3695	-309.651827
2218	-325.756157
3230	-344.454591
130	-274.988525
3271	-454.878708
2627	-235.695309
2166	-343.239068
3379	-273.761967
3292	-326.937372
1069	-375.370023
1779	-288.583563
2119	-323.665987
2523	-344.512144
2699	-346.864540
1531	-345.640098
2809	-344.506029
732	-327.023478
1764	-304.725676
3921	-343.218379
1445	-396.491525
3065	-344.486202
3357	-361.779217
8	-272.545439
3590	-340.660106
3275	-308.757315
2644	-320.786990
3645	-304.681903
2228	-308.518356
1669	-287.426878
3743	-325.726182
176	-308.554162
940	-325.787515
1185	-324.558175
1540	-285.217962
247	-304.688358
670	-324.618078
1750	-287.645651
2245	-308.434866
787	-360.525379
3381	-309.731402
423	-304.694187
3298	-345.599182
3853	-271.336383
2107	-325.766177
2822	-310.902197
825	-340.536374
2195	-289.873479
2735	-309.690179
1233	-265.440660
1386	-362.967171
2279	-309.711101
2489	-250.583259
2590	-340.650928
2853	-325.794835
64	-362.945802
2002	-286.504040
2628	-359.341296
1450	-273.757658
1848	-273.769835
43	-319.572842
1084	-309.711894
1271	-310.902165
3680	-305.904722
3486	-437.484875
1813	-307.550360
3325	-341.836362
1054	-323.427722
1672	-336.831068
119	-327.012568
1509	-345.612220
2938	-346.875201
3278	-298.952950
292	-308.517192
1412	-242.195730
3607	-325.801523
1885	-345.647670
3532	-344.464356
1079	-287.347000
2013	-343.195410
3876	-304.574737
522	-309.680641
3575	-309.736328
576	-345.655968
2225	-324.612179
123	-269.263476
2629	-356.679047
794	-248.143861
248	-339.489875
3950	-270.439135
436	-360.521191
2047	-286.246880
1234	-325.796704
3909	-310.945132
1743	-346.856186
1303	-345.676156
1954	-226.144377
2462	-325.752244
2179	-361.698233
1662	-377.834156
730	-336.821088
2942	-325.778444
1230	-323.396217
1718	-356.706262
3487	-210.101789
3901	-346.822424
519	-309.687078
687	-346.841762
2960	-271.360631
1039	-360.575277
1734	-359.354596
807	-340.681309
3378	-325.831718
817	-345.619715
2525	-324.569051
19	-309.720734
1417	-381.586740
3655	-287.379629
3516	-324.634527
3900	-308.465445
3803	-287.351460
2385	-310.911571
291	-304.683134
2992	-343.202564
1357	-375.307060
398	-345.636145
1587	-322.133444
1572	-322.170570
3196	-297.530335
2379	-361.769162
3392	-361.774979
785	-273.796695
1748	-288.688929
3443	-346.866543
509	-307.238995
2583	-346.859078
1560	-340.645686
1070	-361.752301
2651	-273.744309
2062	-303.437471
971	-324.624537
3577	-361.716705
3198	-288.680991
2522	-307.545457
1742	-288.583008
3692	-281.505078
2077	-309.736028
3624	-324.614194
2236	-235.698987
615	-345.676743
1382	-360.492675
1774	-324.585556
897	-345.659998
3005	-249.248680
219	-307.221351
1072	-272.554773
1760	-326.940002
381	-341.835557
1506	-339.437849
2059	-345.674176
1114	-302.353948
3945	-304.737186
2174	-324.606491
2455	-344.431301
2382	-380.343633
2865	-342.307696
158	-308.540079
3502	-376.564063
2608	-306.369631
3032	-360.508895
2108	-267.944278
3375	-324.594534
3716	-361.720799
1923	-287.427777
1033	-339.482903
1218	-287.431740
1372	-381.574124
1154	-310.937644
324	-307.534482
740	-344.452972
1780	-345.606551
2401	-263.280728
1228	-345.640969
3003	-325.798735
3715	-381.567301
44	-309.735489
3657	-312.124380
18	-309.719641
3740	-356.684693
3339	-356.699649
1598	-308.471397
2298	-270.396464
2515	-323.341413
1674	-360.499243
1927	-361.739999
1891	-323.382399
596	-325.754527
2791	-194.254127
1048	-286.495416
378	-356.705084
3932	-360.472117
314	-233.255379
1012	-266.609146
1472	-306.080007
669	-377.780670
159	-273.773408
2006	-339.486095
3520	-325.752207
2283	-231.111403
2148	-309.718089
1025	-324.520219
3411	-286.134060
1542	-370.291993
481	-307.573371
1190	-377.830859
3030	-324.500475
131	-345.603479
3090	-287.362939
707	-381.585428
814	-308.509272
1539	-382.755486
3550	-341.825957
1078	-309.738888
1285	-346.860450
1952	-344.408452
2012	-382.788561
651	-232.334436
2833	-248.375248
1706	-382.777508
2740	-360.536920
1248	-304.732336
2263	-274.983122
2948	-382.790431
1738	-273.759338
1530	-272.549380
309	-309.718312
154	-324.538764
3274	-196.407957
2659	-324.461004
805	-309.658574
233	-301.382062
2248	-377.773452
2883	-308.757991
395	-234.447743
3584	-281.484877
2049	-344.463291
2498	-288.539500
1141	-115.679136
1328	-376.531779
2363	-324.610150
183	-362.962787
2485	-392.676111
421	-288.627624
882	-169.557758
1003	-308.516378
245	-340.656722
2540	-211.295796
3987	-324.506120
3774	-305.130184
1983	-320.792773
124	-271.621961
692	-362.917261
3183	-345.642870
2277	-383.973315
2518	-360.566272
1481	-376.634518
3822	-309.665941
3714	-265.398572
1865	-345.609914
3918	-289.794194
2538	-344.417597
1458	-288.648179
125	-228.992613
2779	-381.606362
3165	-356.724041
1592	-271.616430
826	-248.137789
3799	-291.018995
3214	-344.426062
3099	-324.530718
2890	-309.738198
1288	-324.635136
1611	-348.044714
3614	-288.627505
2015	-308.518276
1619	-340.600021
2135	-346.861074
1137	-271.622539
1164	-340.611734
1151	-392.620909
3967	-273.758273
3557	-344.382663
1893	-344.385273
1397	-271.624640
3362	-345.632413
1361	-346.840635
3912	-308.435951
1384	-361.755719
3402	-234.522504
3611	-324.577560
580	-360.537290
3746	-309.736797
2878	-285.336744
102	-307.230370
1446	-319.575102
594	-325.809558
459	-348.056615
2535	-272.835594
2467	-325.805017
995	-360.542928
2052	-325.809179
3466	-325.794624
1549	-340.689515
3185	-348.053386
1318	-310.897519
3860	-308.505267
1183	-325.750970
1493	-335.643923
65	-312.125621
413	-301.369263
3509	-288.685117
1289	-344.439723
976	-382.776658
288	-355.557059
2872	-288.581144
680	-325.806369
1802	-361.715983
3401	-338.175569
284	-360.500454
2024	-306.349032
1232	-336.811744
2402	-235.696227
534	-324.575799
1150	-308.551121
3332	-376.610619
2734	-309.719592
2346	-310.909551
3413	-308.440890
1515	-360.502298
1688	-324.567893
1709	-326.941251
111	-344.470970
1216	-308.465534
633	-325.759393
3493	-232.333258
2952	-308.511290
1661	-322.148261
2620	-324.587670
1526	-269.267574
3596	-285.328258
1408	-379.527030
3256	-153.459846
3054	-269.129580
2457	-382.757134
417	-344.440065
2271	-310.916474
2212	-346.837271
2613	-338.214346
2167	-309.681554
1443	-346.867442
603	-346.867624
3459	-346.831382
1212	-304.733723
1505	-308.487195
2815	-324.570906
3931	-288.683173
3864	-288.639421
1996	-356.687774
3858	-308.459001
2790	-287.732329
2230	-262.056533
2473	-324.497671
1131	-324.580815
666	-381.593528
61	-308.462933
646	-323.641347
718	-392.601894
1258	-344.472090
3958	-291.015785
3264	-307.260972
3789	-273.762938
3350	-339.431591
527	-324.629301
1854	-382.743932
215	-356.645883
3387	-309.727603
3352	-272.834623
3947	-382.782251
3588	-272.549011
1158	-268.251114
2162	-340.613712
1981	-306.313924
2292	-343.246371
1177	-325.808092
3137	-272.533448
2036	-309.733888
2766	-285.279992
3171	-345.599912
620	-346.820834
1345	-376.540686
2384	-281.469893
259	-309.735245
465	-266.553159
2438	-392.565188
3610	-360.476593
3942	-287.507193
3037	-288.567911
258	-371.546126
959	-492.026657
958	-302.599262
440	-307.226474
2066	-432.401755
265	-236.916125
1618	-345.629039
1340	-271.616723
3236	-310.912270
2509	-344.380267
2102	-361.723581
910	-270.384937
3662	-360.469577
2661	-323.448833
3337	-286.438448
3605	-372.755216
3595	-345.600227
1202	-361.725394
424	-309.717380
1777	-265.408147
942	-325.715957
2359	-360.468392
3955	-323.391458
3150	-310.942587
3029	-285.281493
429	-288.570364
1163	-397.709232
1955	-339.498757
230	-271.617434
2752	-381.632242
1814	-360.537947
50	-357.934562
512	-346.861026
1096	-309.689595
3806	-309.676410
2264	-346.831590
2025	-249.363808
784	-377.848074
1175	-361.742598
2131	-320.777849
3616	-225.221461
753	-361.710299
1566	-380.438011
9	-344.468531
2566	-346.832253
30	-325.717105
2085	-309.695312
3943	-376.602183
2973	-324.604156
1630	-323.431776
2874	-309.725707
2666	-303.423742
3638	-306.320806
708	-306.313133
2329	-324.557240
3649	-343.292778
29	-344.425700
621	-310.899323
3363	-345.658313
1910	-326.978724
2069	-346.855971
789	-324.581906
1194	-381.612648
1588	-323.678800
1351	-309.733696
1556	-340.659506
3153	-340.622406
1199	-377.813742
2301	-324.616647
157	-376.519880
829	-310.909285
1411	-327.023352
3384	-357.949026
3568	-308.468418
272	-322.161948
702	-379.000257
777	-307.544712
2980	-274.983908
3593	-304.614300
700	-310.938181
1222	-325.805865
823	-361.732840
354	-285.174014
2601	-333.464063
99	-336.813559
1545	-308.468255
375	-346.857432
3630	-287.660591
1532	-309.731599
1659	-487.002792
1851	-361.717868
956	-230.183076
1323	-289.811983
3844	-308.450468
3964	-336.853985
1863	-381.631601
1399	-341.826906
3283	-287.404397
2797	-345.646914
382	-344.494711
2331	-308.516808
3421	-324.571081
1940	-334.429558
1253	-312.126356
1353	-359.297643
3008	-323.359336
3620	-359.351415
2032	-287.663174
3837	-343.468335
3877	-340.623773
2026	-272.837907
3637	-309.764115
1374	-322.175807
636	-382.818623
900	-288.561991
1120	-353.283458
98	-303.553222
907	-381.607752
1083	-309.726295
2422	-325.718957
975	-357.171724
3644	-345.587398
281	-322.479769
2675	-303.787203
2229	-319.560814
3526	-249.285024
3404	-309.733988
3777	-339.431092
830	-320.767103
2857	-362.899149
1850	-323.407987
2037	-345.620113
945	-264.243028
3702	-362.951503
3547	-324.582904
3441	-372.686714
1547	-335.613384
2587	-376.609234
887	-361.720206
605	-456.103432
2682	-324.528297
2265	-360.469291
3347	-286.510514
529	-309.725786
457	-380.372151
648	-287.422111
240	-286.517094
1471	-346.857623
2715	-345.709596
2278	-345.650717
1918	-319.573117
1409	-285.282853
683	-348.060054
3576	-325.729906
3210	-336.808333
2609	-322.351046
1327	-320.768458
3519	-376.604739
2391	-310.927566
1282	-346.860539
2892	-325.728271
1377	-325.768959
3778	-309.700675
3890	-341.849730
2737	-322.442708
3279	-356.732861
300	-324.602433
587	-307.283919
3949	-359.301320
3865	-362.899954
1518	-309.683200
180	-360.505528
1291	-285.276634
70	-346.874234
1637	-343.503600
2005	-305.155985
3147	-338.530072
2111	-348.048744
1089	-344.451793
1561	-325.749687
197	-233.549368
3182	-287.440436
1534	-340.632075
1759	-305.906809
894	-338.247875
3201	-346.845480
2356	-323.346816
3782	-262.035127
2335	-346.825562
2547	-323.328581
3188	-325.807242
3254	-287.469473
3989	-272.542369
1783	-320.761312
1483	-309.723988
771	-346.903261
1700	-320.782427
2811	-326.944158
2514	-354.197108
946	-324.577279
793	-326.950540
1793	-325.725688
414	-192.762455
3742	-271.272557
103	-291.024232
1906	-324.613156
1716	-325.784331
1843	-362.899677
254	-285.284456
2312	-344.416076
868	-312.124574
1746	-396.470299
652	-345.620593
2404	-323.340989
3374	-324.551244
3792	-360.525610
2550	-271.628346
3342	-153.787612
2425	-322.435505
1435	-193.963318
1710	-361.726166
3376	-273.775510
454	-265.283843
2877	-324.556404
3856	-306.313590
3367	-269.216969
3524	-308.455477
1324	-270.399280
698	-274.985880
2364	-360.507160
3033	-325.785262
1732	-269.170665
1004	-355.416555
3585	-308.497008
2721	-271.401725
45	-266.615452
2757	-346.855643
2274	-308.463553
419	-312.128001
3843	-309.717869
342	-323.351196
3915	-309.687698
763	-308.429953
2979	-320.767064
3146	-289.872162
1022	-310.902683
3086	-360.507527
1616	-272.539058
544	-340.643340
3635	-308.475489
2545	-324.614082
2302	-492.008892
1696	-320.785074
2496	-326.954795
3959	-305.831035
3735	-360.522940
1735	-320.791360
2709	-345.632155
2257	-307.238509
3819	-397.692021
1009	-266.763445
1936	-360.564423
2543	-376.588479
558	-344.464151
360	-346.890881
2821	-308.511516
3535	-323.235679
2084	-361.708021
3911	-345.639354
323	-309.647349
2010	-323.385837
1971	-362.906662
779	-356.732185
3422	-340.663929
2998	-246.027383
880	-345.648463
3636	-324.624318
1805	-344.380468
3690	-346.829378
1897	-197.629387
579	-281.480583
1208	-345.608535
69	-265.441614
21	-278.059333
1165	-309.706371
2554	-345.649886
3625	-326.948771
1130	-346.826923
679	-340.668108
1176	-288.584832
2051	-325.790442
3935	-289.875063
2316	-306.361448
2780	-272.545389
3729	-376.562796
3736	-355.517745
3656	-310.918831
2043	-344.484341
3834	-324.589539
117	-211.295163
3043	-196.405320
1491	-344.421383
1056	-271.618179
682	-302.303791
3546	-233.219124
445	-319.610687
1816	-344.357220
2241	-346.857051
204	-287.353313
806	-308.768073
1926	-273.773955
1557	-322.456250
3083	-381.591448
2526	-340.601771
2631	-380.316551
2320	-362.876210
3295	-231.069318
2117	-346.839895
2742	-348.048844
1697	-345.613396
330	-286.408473
3317	-269.177232
231	-346.860243
2842	-308.450204
3908	-272.847530
713	-308.484017
66	-337.302324
2213	-287.433999
273	-323.312375
1414	-377.797879
2016	-308.569875
2089	-308.469081
2170	-274.987123
51	-283.168740
3880	-357.942023
1871	-306.406578
3072	-340.671263
57	-345.635513
1339	-285.316421
2454	-288.578155
3348	-304.715963
2592	-308.486071
2327	-381.624797
2758	-309.696640
586	-376.582598
333	-308.507517
3134	-271.319942
234	-308.467880
2450	-312.124760
953	-392.650949
2276	-309.679242
3023	-323.343769
3416	-320.770681
3205	-341.842686
899	-321.230055
773	-309.674485
1800	-212.439286
3591	-273.762889
1960	-345.602645
2967	-305.841708
1673	-309.733829
1675	-271.277972
3940	-308.464824
2092	-288.572051
2679	-312.130526
2819	-360.551444
1118	-306.032266
1044	-304.687053
1888	-276.201993
739	-309.678703
2781	-288.581699
1839	-355.496901
122	-339.419649
313	-361.721849
2305	-376.633716
3159	-324.612512
1356	-271.372094
3831	-451.528971
2412	-310.904086
2055	-304.724717
2484	-344.359905
336	-308.524858
1653	-157.116735
1475	-362.957353
508	-325.801512
411	-397.680771
3988	-309.707600
3388	-271.606364
383	-361.702346
109	-158.340943
2759	-393.905418
2269	-308.452310
3095	-339.431197
1804	-324.542706
928	-345.665412
2580	-309.722373
1753	-375.351387
2476	-346.865438
141	-287.734664
2338	-268.888303
943	-303.497783
3563	-227.798785
3527	-309.716030
1272	-308.486687
1909	-345.630398
2773	-325.684055
3558	-339.464817
485	-250.585183
3726	-382.754967
3707	-271.620156
1197	-308.462932
1725	-360.495137
1239	-356.710448
2997	-380.371074
3551	-345.646761
311	-287.724713
1316	-361.652250
649	-340.685408
2684	-310.940657
2604	-304.743934
1388	-250.583643
1128	-361.695007
3705	-345.665479
2367	-361.723620
2310	-338.194242
638	-345.695868
1521	-323.665247
2520	-307.284294
3081	-302.557878
532	-344.369744
1244	-345.616998
3222	-344.494043
2506	-307.526911
2375	-360.564233
839	-302.254301
2906	-340.657508
1594	-323.433551
850	-271.623957
439	-288.690999
2256	-303.503801
2665	-348.031230
1965	-288.555445
2105	-335.635972
2210	-325.710772
134	-308.516376
661	-335.635079
1494	-345.654016
2171	-359.346839
1342	-361.712098
3428	-288.564752
3966	-376.570141
3975	-309.693760
3434	-360.560766
2765	-381.546975
2004	-346.839235
1082	-310.901659
686	-391.370332
1990	-281.482892
3368	-308.496367
1081	-310.912796
2972	-320.764992
1492	-310.927319
322	-346.832352
1116	-356.691214
3190	-232.325947
2405	-318.344936
960	-310.940611
2944	-309.687280
3277	-354.254979
135	-301.341304
1550	-301.345683
3973	-356.659922
2916	-340.655601
3062	-381.573048
3467	-308.494487
2172	-308.472272
468	-322.150234
271	-361.759779
1496	-268.248371
2433	-324.552283
3415	-308.495275
1899	-308.478846
2616	-272.542567
875	-376.554863
2413	-345.604177
3412	-335.628480
974	-303.468081
3574	-398.876124
3303	-272.589883
1629	-272.526778
2441	-310.909223
3241	-319.515995
2313	-312.122262
3383	-360.602876
1059	-303.436180
1873	-346.842529
1844	-325.808754
1486	-380.373644
1077	-326.938562
480	-325.760797
1379	-325.731549
634	-154.960361
1332	-209.144909
3311	-344.433172
1860	-308.507458
957	-360.490486
783	-273.806375
2076	-274.982287
3697	-312.119261
2392	-272.551442
1047	-346.836177
3586	-287.506415
3464	-234.470922
1290	-345.660459
3801	-310.937414
1314	-324.460304
1426	-381.607770
2178	-339.455981
3798	-310.941861
863	-285.288405
1641	-340.647224
1677	-344.412416
3078	-383.966179
2636	-306.112153
993	-317.364547
2480	-344.385369
2632	-306.344083
1331	-310.941319
768	-193.039603
2488	-363.508158
3498	-381.585231
2638	-309.688194
2101	-361.717364
1864	-312.133063
2801	-310.932716
841	-361.736259
446	-305.831164
1117	-345.566120
3886	-270.388222
3730	-291.017996
1	-360.499843
274	-272.539126
761	-312.126820
982	-307.235414
2053	-320.769272
1578	-233.217482
996	-307.544316
2267	-291.016020
3538	-271.350701
62	-309.677968
3167	-309.688639
2932	-285.320198
551	-382.817123
2129	-356.722498
101	-324.507184
3040	-360.506446
1758	-271.616401
1068	-308.470010
749	-249.280474
7	-309.722879
2717	-309.726244
1478	-309.691634
2826	-308.764658
2698	-344.434438
112	-340.648166
2081	-273.775864
3712	-300.148891
854	-383.971058
3773	-345.602641
1980	-345.680616
1941	-286.206129
3051	-192.736096
3765	-453.654335
148	-345.629933
545	-356.698773
1809	-324.559733
3476	-304.737418
2020	-272.514099
1309	-287.723848
2136	-263.278851
2995	-381.584942
307	-302.239101
2388	-309.695742
266	-308.477155
2841	-360.524422
2463	-288.576502
848	-309.744522
2950	-360.498298
142	-307.594137
2088	-362.871515
3119	-301.090914
1140	-304.683966
3145	-324.570872
1317	-344.393241
76	-325.685245
2044	-373.173910
3542	-344.409533
2326	-320.768781
2705	-270.384180
2068	-308.471269
1287	-355.515622
2357	-325.754267
1648	-345.660642
1731	-381.565314
1596	-492.022084
2039	-360.553317
625	-308.514390
1223	-324.586663
3070	-281.491976
91	-275.011437
3570	-272.514475
2657	-308.451299
3552	-325.793166
151	-270.397623
1326	-266.616319
3106	-273.735646
1469	-324.444698
2408	-356.708234
2655	-235.723792
932	-361.764881
1615	-287.344000
2208	-286.486509
1666	-289.872246
796	-344.453746
2549	-375.410333
3365	-396.458774
3035	-344.404557
1405	-361.711854
2181	-340.656656
704	-235.696677
3273	-288.589678
3802	-356.724118
3862	-271.646263
846	-270.434394
14	-302.238859
2697	-360.495788
373	-379.522177
1470	-272.542270
3124	-308.562031
3221	-308.477915
149	-380.415966
289	-321.949791
3128	-341.867138
1747	-360.559076
3212	-360.575745
77	-348.062001
2694	-317.396153
3849	-360.531172
1021	-232.328175
3007	-319.573727
1006	-336.843788
3525	-340.662316
3836	-346.833711
2040	-317.409527
2072	-344.431636
208	-270.399081
2291	-286.514923
2439	-324.485913
813	-361.733052
736	-325.799293
1701	-344.428649
78	-270.472470
2448	-346.833271
1286	-310.906869
2847	-307.566260
3827	-270.435807
2351	-304.614169
925	-307.567279
3686	-344.462681
1647	-343.242553
1466	-340.657975
3523	-325.728070
3708	-270.397474
444	-340.665581
1898	-360.497612
3919	-304.721921
3785	-348.045948
2674	-342.352279
2882	-322.444150
3609	-269.176442
834	-346.828689
370	-356.698196
645	-308.540795
929	-272.832690
2501	-232.377706
1410	-273.759553
3429	-274.987297
2490	-343.078368
1279	-377.837977
187	-341.842120
3659	-340.683837
3026	-250.478855
3632	-340.612805
3042	-269.468415
1830	-345.641862
3811	-274.982348
618	-308.467888
2410	-361.673369
2325	-273.732431
1181	-323.657279
1249	-272.543724
1523	-340.646229
1242	-308.508254
129	-308.512092
2845	-307.602080
3608	-372.729173
2621	-305.145002
760	-324.605411
441	-380.414967
1313	-324.502042
2994	-345.597078
3061	-392.552088
182	-324.474954
513	-355.518342
2193	-383.976576
236	-325.758113
1425	-288.648476
379	-391.337881
514	-309.685045
337	-312.123120
262	-345.647032
570	-275.012535
515	-287.727890
1866	-310.940708
2251	-430.448052
2191	-359.317050
2802	-325.804486
2532	-301.405558
1063	-265.440996
1579	-288.589020
973	-325.790444
1849	-324.547957
2738	-324.555069
2003	-324.579943
1563	-376.575382
2564	-325.789398
2912	-346.883119
456	-336.811524
3936	-326.951067
3232	-345.686487
2355	-336.816043
986	-347.459586
331	-309.734363
2911	-289.871661
282	-325.714378
2990	-376.661483
192	-310.897684
820	-326.934229
2223	-288.657055
1699	-272.541597
3528	-233.262752
253	-305.838224
3944	-381.563295
3331	-233.545899
3076	-247.198000
3953	-325.792503
2623	-235.700285
3341	-291.021228
3566	-325.830752
34	-306.355655
2724	-376.591176
1693	-234.474613
2985	-304.745635
2459	-273.761223
3166	-326.949535
225	-346.842403
721	-185.648533
3545	-310.915918
2449	-341.841190
2140	-325.715372
1687	-344.407598
3203	-308.459279
2098	-327.020807
2321	-381.536295
3814	-361.745554
422	-288.692943
2876	-360.574465
1513	-306.368494
624	-312.119017
1366	-345.633122
828	-361.684892
2846	-273.780933
617	-376.521083
2884	-324.471313
1655	-338.217210
1107	-267.060326
1095	-324.603415
2333	-338.234590
170	-340.667287
1904	-304.752598
3195	-274.982322
3327	-348.059242
1600	-249.301818
2311	-193.034988
1368	-288.584029
298	-377.795528
1722	-362.946707
1203	-261.802956
3239	-361.708121
3430	-341.828533
1113	-234.484521
2110	-341.867094
746	-273.802095
3121	-344.419977
564	-272.569586
3057	-301.381127
3211	-310.908555
244	-346.835129
24	-345.608180
1639	-345.640072
738	-324.592221
3431	-323.229212
3284	-343.290242
852	-361.731511
769	-271.361537
611	-248.364357
1403	-308.462299
3529	-341.843027
2288	-345.612787
1406	-375.394844
2407	-377.829134
1993	-339.504090
1599	-304.689816
3258	-324.473847
3066	-345.688382
933	-270.430832
3681	-310.914919
2996	-324.566568
1110	-325.781398
1256	-312.119596
1878	-346.819711
3838	-271.318933
619	-325.787161
1434	-344.482088
3474	-309.730988
660	-271.630416
2096	-345.661705
252	-305.913756
3812	-271.623066
3080	-344.436248
214	-348.052027
3488	-340.672417
3882	-194.261089
2933	-360.538112
723	-361.717032
2483	-322.158791
1086	-272.587059
438	-381.565482
3113	-324.531139
504	-356.680129
1104	-287.315479
821	-307.566593
694	-344.360007
1913	-310.912131
1394	-396.500849
3500	-323.345473
561	-264.226909
3187	-272.591906
681	-312.126544
1092	-360.552974
279	-306.012858
217	-271.648392
3927	-323.326298
1829	-382.804482
2571	-309.686348
2093	-324.473588
2977	-310.909944
1211	-286.498633
908	-310.911406
3436	-361.762744
1420	-286.516174
3084	-325.781161
3309	-274.989422
228	-346.859384
1322	-271.619912
2792	-362.944759
1919	-407.364323
2988	-310.923406
1157	-309.691584
73	-233.293627
1452	-308.467331
2810	-273.763107
1159	-325.779568
3594	-272.544482
3093	-334.424572
251	-265.386781
3677	-307.571921
2352	-288.589622
3097	-309.716094
1334	-273.765782
2605	-346.869041
2187	-310.904927
153	-347.466594
1778	-305.036659
1859	-324.577613
1762	-361.755551
2350	-341.853951
3353	-324.514429
2507	-291.014750
1135	-310.903412
1911	-272.582516
588	-309.684571
3548	-79.764152
1752	-296.265627
1428	-265.391486
3115	-340.620294
1498	-340.654582
804	-248.395289
890	-344.458979
1392	-353.321142
626	-288.653249
1640	-304.583737
3871	-346.859809
860	-397.697425
42	-376.564691
791	-309.662433
3110	-236.917458
978	-324.545574
466	-382.782183
2954	-305.915530
3679	-320.794248
2387	-391.391111
75	-381.566310
972	-341.869909
2194	-273.757530
563	-345.644179
798	-208.842347
918	-310.917344
160	-309.685140
1465	-382.796989
572	-356.752533
992	-377.811306
1315	-288.533780
1889	-361.731388
964	-291.014970
1683	-346.829154
1754	-269.221561
505	-338.531538
362	-289.871990
1867	-324.583096
3897	-324.519277
237	-268.287661
3094	-324.601619
2662	-345.635068
3227	-348.043668
2500	-286.498235
1510	-322.425235
3100	-361.716824
1621	-346.884834
2805	-272.587161
2859	-362.909074
696	-356.709466
994	-323.428670
2491	-381.634033
571	-339.423497
639	-270.405973
2141	-307.287454
3930	-338.542975
1511	-271.315027
1737	-323.398064
728	-309.678404
3910	-309.703111
1210	-340.641282
2409	-324.595526
3223	-341.794931
1551	-324.575851
2541	-341.834413
1834	-381.615289
290	-348.056024
3108	-361.653332
3721	-284.372483
1512	-346.839595
476	-397.686127
3180	-323.669200
1055	-345.681183
2633	-324.627681
889	-272.539307
2369	-273.760271
533	-287.720383
1942	-382.751274
3268	-324.562156
3063	-317.413890
2246	-287.318502
1548	-306.308471
1214	-341.865386
3698	-360.508088
1685	-338.273553
1537	-309.692993
2626	-305.900638
2456	-345.610758
3744	-339.414779
58	-304.683044
583	-285.016369
3129	-361.692023
1100	-380.373569
2964	-362.945907
1424	-212.438188
350	-320.793580
0	-351.615495
3983	-322.115604
3816	-272.830720
3917	-274.985822
469	-325.775843
472	-273.761356
3022	-234.455424
2045	-324.495988
3982	-324.592116
592	-307.614861
2061	-345.638357
1304	-356.679729
849	-360.532987
1499	-320.779994
3672	-309.689612
3470	-416.814878
616	-345.676243
1207	-324.584396
305	-346.859213
557	-312.122696
2771	-310.910278
2259	-361.734611
3861	-234.486176
2981	-327.026688
3578	-286.432515
501	-345.630685
484	-351.639205
2381	-346.856604
3432	-297.523580
3957	-307.291354
2000	-309.736479
132	-308.469258
3840	-309.681264
3512	-340.641866
1404	-346.883049
3829	-323.654114
1172	-357.927353
2057	-288.540318
2534	-362.960595
951	-307.548619
924	-324.528533
3424	-348.051118
1240	-310.907666
2176	-345.608670
3965	-273.764529
1874	-416.367317
3444	-289.794376
3125	-308.510840
3371	-286.517424
2023	-317.402836
936	-382.773457
3446	-306.044918
2708	-308.512758
1062	-324.496997
3319	-376.604793
1333	-270.359564
2154	-360.512793
2782	-340.664407
1691	-272.595294
818	-387.475673
3867	-356.726146
2123	-327.010026
3703	-287.697316
3718	-195.186772
3261	-232.025930
2836	-345.652670
775	-344.469204
226	-360.556344
2804	-344.433943
3046	-322.057728
1944	-325.796840
556	-272.600604
256	-308.741915
2175	-324.545475
2378	-339.490841
1136	-271.296056
2028	-346.821466
2945	-307.281910
550	-319.568017
1497	-251.731545
2965	-344.689237
1167	-309.729139
3893	-341.097446
302	-340.632285
3567	-309.693494
1593	-335.598739
1402	-286.203815
3923	-309.737951
1895	-324.551432
3000	-309.688191
3355	-345.648365
3071	-273.789182
1573	-233.255259
428	-324.570042
593	-303.525517
3775	-324.576188
1419	-344.350927
27	-324.573866
710	-340.625597
3731	-310.913156
53	-285.330157
1972	-233.542445
2553	-302.545562
458	-340.699868
906	-383.969892
2033	-310.919833
1245	-310.907810
3723	-345.597175
2192	-307.232824
2918	-271.326117
1001	-304.724431
1302	-339.445855
1668	-344.433140
464	-324.485629
2652	-317.377404
2617	-248.151318
1074	-304.697680
90	-327.017113
3038	-288.542113
3820	-340.655117
2858	-346.862070
2211	-340.648620
3207	-355.520098
2202	-324.602888
407	-287.508781
1071	-360.495618
2537	-317.434422
257	-324.569867
1720	-309.692095
494	-345.611057
2034	-345.586124
815	-285.324641
2910	-307.536915
3693	-273.779498
3155	-376.605641
1601	-345.646864
3660	-288.651313
2255	-360.513163
597	-309.683901
2615	-360.501085
990	-309.684377
1273	-355.513035
2828	-232.030352
1660	-274.985107
2354	-387.558484
3555	-360.547370
3082	-272.586248
1103	-273.764642
3200	-265.433051
3209	-346.834502
105	-309.727110
3453	-321.254976
3218	-325.743746
2639	-302.580808
1161	-308.513516
3272	-173.147782
2377	-236.916033
3755	-341.874216
3189	-324.510378
191	-307.610450
2050	-362.937518
3455	-270.401061
220	-276.205821
1236	-155.897345
206	-309.688611
1836	-268.273739
1948	-195.158734
3480	-286.460642
2041	-346.821470
3727	-285.317454
1355	-361.727678
1692	-362.862736
3449	-297.510804
1383	-344.398797
222	-412.548009
2370	-360.496984
1857	-307.540766
1200	-346.908492
2416	-344.406447
774	-395.551843
1174	-345.614442
1344	-341.767606
2414	-382.803358
2691	-308.505543
97	-286.495035
3177	-287.662612
93	-340.615011
2913	-361.630982
637	-360.557419
1099	-231.975652
3633	-380.412093
212	-324.605613
3053	-490.831786
2823	-309.730966
2835	-362.925466
296	-345.688916
2576	-306.418503
2795	-379.572458
735	-309.716570
879	-303.556846
94	-362.955075
1678	-310.955296
1448	-372.747155
2169	-356.733974
6	-345.687671
2767	-340.635968
664	-335.632054
1842	-362.894239
3541	-379.527167
2300	-453.655583
2221	-308.512137
613	-309.689486
144	-271.323089
531	-226.107205
47	-247.225618
549	-372.785072
1744	-288.535621
2078	-324.575989
2530	-345.673444
3044	-363.519194
2426	-340.650391
3573	-325.730390
2086	-308.486338
1320	-340.656628
3771	-309.655144
2481	-324.614891
2083	-322.434119
733	-345.660927
82	-309.701458
2472	-209.159302
1704	-274.984793
3149	-372.694726
471	-324.532283
3887	-242.196351
1569	-234.503085
3879	-339.483894
778	-324.573162
1358	-340.682075
3418	-308.467120
3117	-346.824942
194	-308.496245
2512	-346.823548
3181	-307.209274
1168	-308.454820
1189	-287.322957
1833	-302.579718
33	-264.504487
2220	-272.538190
2943	-340.654874
3345	-312.120708
3114	-309.692389
174	-229.928448
1023	-309.663477
1847	-325.753767
656	-376.605347
1554	-320.728167
631	-371.449232
867	-283.179781
427	-382.798099
3359	-325.733758
949	-344.463502
2875	-344.475122
1838	-356.685238
1832	-309.737802
1989	-287.426977
25	-309.712046
2786	-327.009009
2074	-285.300440
401	-325.712603
2240	-381.627040
1999	-233.547877
2419	-287.353473
2334	-472.135006
3478	-343.296547
2536	-273.758980
341	-273.735711
2022	-344.425164
2397	-308.772292
2829	-340.622886
17	-345.612580
3120	-309.689111
2266	-289.766576
1297	-345.621773
1310	-307.529289
3724	-324.573480
357	-307.245430
3522	-309.691414
3691	-352.852117
2124	-345.600825
3971	-360.530885
1552	-346.865957
3855	-304.746925
451	-362.932378
3234	-287.349937
110	-346.869123
2082	-302.567313
2673	-345.652182
1726	-381.506605
294	-308.506421
2785	-310.915445
3629	-359.312853
2238	-281.495234
767	-346.861463
1129	-340.618148
2161	-361.735863
3248	-322.477268
92	-301.343578
2411	-193.075202
3231	-380.446861
3583	-325.721011
938	-331.411639
1828	-284.993731
297	-325.833945
3934	-381.630276
285	-249.362379
467	-273.793804
1872	-272.566631
3405	-269.206920
905	-360.513668
647	-338.268974
1276	-340.667317
832	-308.470270
1502	-340.679724
1715	-286.486570
3142	-376.617653
2788	-345.596027
162	-232.324966
3074	-272.553250
26	-301.359287
3835	-309.693085
1956	-308.461475
1217	-325.773675
3722	-308.759135
1002	-287.689262
552	-340.639366
301	-324.570823
1544	-324.594826
788	-324.467888
981	-303.499320
2315	-273.793520
68	-286.519735
338	-272.544500
3447	-270.389803
3410	-271.316922
3386	-309.684862
565	-356.730212
2504	-325.805550
2510	-325.797299
1528	-360.446475
2719	-286.477365
1623	-229.615446
3504	-308.561061
3092	-340.610697
2894	-309.717750
2683	-309.686061
104	-360.574432
443	-325.754109
1329	-309.710338
499	-340.611683
3059	-363.508158
1503	-327.014214
3976	-273.765901
3334	-325.800680
2573	-307.303421
2479	-271.622821
3173	-325.791830
1914	-288.576123
1018	-354.272548
2953	-348.047609
3643	-309.660190
2046	-286.493052
2199	-377.815601
3937	-361.713179
59	-248.430371
3340	-229.879598
765	-317.447668
52	-345.627428
2478	-339.450173
3839	-231.155780
1398	-234.469383
2602	-345.645491
3984	-344.418857
2800	-287.478272
3025	-324.573338
2937	-324.573883
3626	-310.902465
3163	-319.610683
3151	-362.873906
2589	-361.718361
3885	-304.728655
3883	-308.516508
896	-323.312767
745	-344.464270
2667	-308.455402
2528	-308.467760
536	-323.348544
3027	-336.811099
3419	-335.590859
2160	-345.674929
688	-324.491475
2713	-310.904631
396	-372.782655
371	-380.374978
3266	-287.736841
1464	-381.610550
2917	-267.068488
3599	-308.482454
506	-234.516241
1973	-340.637231
3682	-291.017820
1517	-359.342366
676	-272.584377
904	-345.608456
1482	-312.132386
3354	-360.529236
249	-306.347185
1826	-285.242094
3617	-345.608658
1088	-291.017433
2568	-325.718022
1884	-307.577822
1389	-272.510742
1020	-303.566436
430	-307.543210
699	-307.243079
1311	-288.545722
3572	-322.172641
3916	-273.810780
3322	-272.536448
23	-304.679494
581	-287.683128
275	-344.442225
2905	-307.206439
3613	-308.483617
1040	-268.307873
1667	-323.323781
3372	-309.705858
934	-345.650323
2646	-325.800095
1837	-381.574917
2075	-345.606444
537	-361.731930
3769	-304.586424
1346	-308.542644
2668	-310.906004
223	-339.501781
673	-345.680831
3776	-320.773105
1305	-319.621560
3717	-275.014300
1541	-310.912991
1536	-324.492974
1822	-344.395150
727	-272.562906
2128	-308.504896
1803	-270.394458
37	-381.587333
2695	-346.871133
3863	-346.804974
10	-344.512001
2647	-262.017735
1281	-308.457113
2653	-361.749428
2928	-324.540084
1427	-340.646339
2287	-310.905485
3580	-345.661657
2233	-319.556235
1182	-304.738393
3515	-346.852204
2830	-325.800699
2035	-249.294409
169	-309.688569
412	-372.768039
3781	-274.984614
3068	-306.015194
3435	-361.728293
2677	-309.684577
2881	-345.594203
2885	-309.686862
1729	-361.740062
2314	-345.658870
3039	-341.851538
1053	-340.610046
1614	-325.736331
3174	-272.844804
2803	-327.013853
3004	-288.652346
3732	-320.774305
2963	-287.651399
1312	-381.612501
455	-340.664551
2374	-285.279236
857	-245.711897
3589	-324.543443
348	-196.432825
862	-361.764434
2280	-359.345792
1376	-348.053064
461	-273.773506
1298	-308.505512
2021	-346.818246
431	-361.712798
2770	-288.588657
941	-340.652570
2654	-304.679740
3869	-324.525580
2850	-288.580309
3653	-309.763576
2574	-273.812881
729	-343.084333
1765	-285.335887
3276	-344.508729
3678	-285.255880
2808	-340.646073
3847	-356.693135
1766	-270.387395
1608	-361.758032
948	-336.827390
709	-286.134079
2524	-392.642251
1307	-303.460433
3	-346.838279
2008	-336.802659
3592	-323.367866
3287	-271.458576
2097	-345.639692
1917	-325.790782
277	-302.288351
13	-360.526646
1797	-194.267232
2521	-361.728609
181	-412.528245
3587	-322.421320
3294	-340.693392
2038	-348.056093
1605	-345.703157
3866	-341.882531
2465	-339.464024
2901	-318.323005
3621	-346.815715
1868	-326.949224
1043	-324.605875
3924	-270.393737
3417	-354.292460
152	-306.286325
1300	-324.595031
1030	-309.683546
3136	-340.660061
3906	-309.685651
1959	-324.603913
2042	-232.364952
833	-325.761605
2552	-340.624424
1508	-308.462196
490	-231.142581
1908	-286.508233
865	-304.728720
3477	-348.046236
2969	-286.484904
989	-272.839582
3089	-327.025329
893	-232.317400
3445	-286.508374
1543	-323.360471
3824	-302.288055
483	-309.705795
2165	-319.567241
3896	-307.280331
3403	-339.424322
2650	-361.727711
1546	-318.321510
3980	-372.708066
2200	-344.426799
2854	-325.810616
161	-285.276468
2173	-304.678340
3859	-308.499978
2529	-229.969129
1401	-307.265351
2600	-307.237880
3087	-392.563319
2897	-346.825923
3217	-306.392828
1727	-324.606977
3206	-346.853173
2579	-273.765811
1198	-308.449457
83	-344.434906
1553	-323.448965
2362	-305.134491
922	-272.844560
812	-308.509197
38	-309.736982
2806	-234.476081
143	-302.355005
1702	-251.727632
2555	-287.427764
1031	-304.643927
2118	-324.560961
475	-304.691568
2548	-340.654465
3333	-361.709769
3289	-270.437636
2237	-325.784144
2219	-265.437885
347	-309.687405
2962	-309.686114
384	-343.291812
2122	-348.040439
2696	-353.269456
3052	-291.017787
3330	-323.360126
2258	-303.453218
397	-288.630839
3667	-249.293044
1602	-318.339586
115	-356.682218
1963	-325.761942
3492	-345.645245
71	-346.864282
374	-372.796889
229	-361.648305
3423	-308.555641
84	-345.610574
962	-376.587043
985	-320.770329
1057	-391.518453
327	-324.607903
2273	-324.579188
1219	-306.334850
1555	-324.529724
1967	-288.573475
1581	-345.660520
195	-296.296482
1038	-267.106213
3904	-356.716094
811	-304.567859
3830	-346.817778
1115	-325.773014
2591	-325.773278
1879	-288.594527
3539	-324.625415
559	-362.935404
507	-309.697879
2769	-376.563238
2376	-346.840597
1719	-232.050342
3019	-301.357437
2891	-308.511094
1703	-286.154755
3675	-360.534222
2753	-310.904304
2513	-345.631685
3184	-308.439671
1585	-360.545832
3281	-309.716743
3623	-341.892484
56	-345.599154
659	-326.976670
2100	-343.199390
1049	-323.336196
675	-346.827397
3262	-235.693825
2031	-269.170061
3156	-362.941094
2563	-247.215049
3126	-360.523204
3310	-309.721850
3978	-282.861121
2282	-375.368783
895	-356.728690
3817	-288.554600
3972	-359.339915
3176	-432.852890
3905	-395.515911
1134	-343.068226
2565	-345.591597
2746	-247.190194
3138	-345.651520
595	-340.652012
3807	-361.706503
3280	-344.483775
3939	-317.386479
1050	-304.643392
722	-310.935212
2539	-321.276274
1819	-249.292101
3720	-308.561301
705	-362.953848
1645	-324.477059
2693	-340.638326
1858	-343.238086
2818	-335.618370
2114	-307.528446
416	-271.318448
163	-319.624414
3747	-324.521162
3495	-288.563768
145	-310.929561
2989	-287.317913
877	-359.317823
4	-270.439280
2762	-306.370119
1964	-309.726463
3338	-308.466631
3168	-323.614890
2340	-310.899612
3941	-231.108368
389	-271.336957
319	-352.845678
3825	-93.411888
1664	-310.904974
114	-361.772743
3229	-271.614305
1477	-303.462312
2663	-361.722327
3101	-360.503577
3127	-327.010419
1644	-325.774769
2760	-155.908941
2159	-324.581067
772	-381.599310
3385	-324.583090
36	-344.382282
3977	-288.552886
1381	-303.795699
3320	-310.952127
2447	-323.330261
2214	-245.994065
1101	-307.244627
31	-359.310420
3699	-355.497878
984	-248.443503
3670	-286.248451
1886	-302.286171
1892	-382.805933
913	-352.855499
1171	-325.721867
3894	-322.469844
2957	-323.644468
3665	-323.329494
3870	-345.605387
2595	-303.465315
3600	-325.781571
3928	-377.799358
1724	-381.594558
2900	-272.554670
1784	-324.497693
435	-306.309029
2849	-355.442748
741	-344.434318
312	-234.485640
2723	-324.554067
1051	-346.860404
1380	-288.625728
1188	-306.054267
2630	-282.871678
955	-345.632414
2011	-270.099401
1877	-287.407788
1586	-272.837559
671	-310.897268
3194	-301.367422
2743	-234.516409
3784	-344.450127
2499	-376.539208
1487	-345.665813
2704	-320.786981
372	-337.283890
1799	-346.861635
3571	-309.676719
1076	-361.656187
3619	-325.779372
1636	-233.551389
332	-304.692914
3813	-340.620847
39	-340.687222
3463	-304.735360
3454	-376.600944
3676	-346.840522
869	-327.026488
1977	-312.131398
2368	-325.804686
3711	-303.469034
776	-325.781815
3647	-325.794522
3556	-276.202384
2624	-309.699280
2431	-309.684774
902	-310.940195
172	-282.667163
1786	-325.785038
511	-320.778636
2926	-320.764569
1894	-360.532510
2115	-266.626759
3031	-270.411205
2270	-355.497046
3652	-361.720088
3684	-362.958208
886	-304.728323
967	-372.742461
2577	-381.600777
2837	-325.730097
2569	-281.476967
3634	-340.646592
344	-343.305175
1064	-276.202311
278	-397.667072
3845	-344.454717
1429	-288.579114
950	-324.580266
965	-323.329385
838	-361.709679
3851	-326.998454
2572	-360.495461
1890	-371.608385
3335	-275.020322
831	-346.867207
3408	-287.661454
2778	-325.711441
63	-287.377993
1974	-345.655745
3795	-310.908453
553	-271.666055
3249	-325.739818
3314	-305.846541
3750	-346.838572
1267	-341.841438
876	-325.807685
3664	-269.219315
3561	-343.190300
359	-346.832402
859	-308.468407
2436	-308.473229
1613	-346.890723
1348	-309.683859
2557	-273.774103
1994	-383.983835
1749	-302.579654
3438	-312.132858
1986	-344.459234
3050	-303.940271
2511	-250.500016
2768	-340.690205
448	-346.831139
3288	-348.045786
1714	-132.718150
2904	-302.545112
1433	-325.729800
1756	-326.935440
1514	-320.781098
1246	-318.406529
2732	-324.579850
2888	-361.704536
1875	-242.186010
539	-341.886521
449	-325.753993
3602	-361.683811
3895	-325.808333
1564	-288.555332
724	-320.775720
1953	-308.457242
629	-309.712115
3245	-327.024699
2975	-345.579201
3518	-340.655390
1620	-270.431243
3393	-359.297522
376	-309.732528
2183	-339.459869
250	-360.538828
864	-323.337623
1801	-301.335636
1156	-154.972731
604	-320.777491
756	-325.798888
3800	-346.862839
2243	-340.673964
3370	-396.486664
3056	-269.180682
853	-76.404702
3741	-169.860788
2386	-352.829520
2712	-274.985024
2879	-265.401151
2254	-359.388326
2898	-310.940190
1931	-310.900102
2947	-355.510313
2232	-56.525887
3873	-348.051405
878	-308.466070
2867	-361.734339
623	-265.457424
2660	-307.582044
1362	-249.387499
2371	-307.253245
1155	-272.838189
3874	-323.344889
3961	-308.561152
3409	-356.696744
883	-340.647778
106	-362.952198
3627	-323.347112
921	-325.682121
3805	-309.680682
295	-320.770299
1522	-324.485746
1533	-309.671865
1036	-340.609236
3462	-272.538255
3285	-247.192524
2886	-324.530742
2726	-324.475651
606	-343.235457
3553	-346.830674
205	-269.465281
3810	-372.726782
3073	-309.734862
1034	-356.732791
1717	-345.603646
3951	-326.977685
1840	-360.536972
2686	-340.697732
1016	-305.129953
1029	-325.751230
364	-117.824798
2741	-297.520999
1634	-324.563073
1945	-361.754136
2494	-274.984732
3297	-360.526636
2389	-361.728546
1763	-325.799404
243	-323.389193
2739	-362.946034
2658	-308.461040
3394	-376.613178
1336	-334.362330
1489	-266.777425
2295	-305.898313
2432	-274.987245
2834	-325.699665
2475	-381.524347
2435	-229.013797
2304	-286.431160
3202	-310.908741
1024	-302.535621
2294	-341.831947
1250	-309.686189
542	-382.793238
2688	-284.964138
790	-341.836780
3473	-360.527434
3640	-309.692577
2190	-324.574822
1812	-307.275809
2104	-379.006904
543	-310.937295
3458	-345.693035
164	-340.675814
555	-361.677945
3131	-303.560907
316	-341.858490
1676	-296.285473
577	-343.087962
3841	-371.541704
49	-396.507540
3757	-281.482952
1066	-375.344926
326	-236.917664
269	-325.729080
516	-312.134532
495	-342.297848
1657	-338.273162
2670	-326.934805
2939	-352.864008
1121	-333.449362
2974	-396.486691
2814	-325.804528
3250	-360.517106
2284	-359.298380
3569	-272.588302
585	-229.918003
2896	-356.725069
310	-308.480308
1985	-339.481708
1650	-341.836348
3242	-397.707881
1148	-284.062954
3058	-247.214450
1454	-288.652757
546	-306.365166
3468	-345.710017
809	-361.738091
1682	-269.215705
2064	-309.687401
1442	-308.465594
2641	-270.394309
3169	-310.902849
2533	-265.438520
1360	-362.941781
2261	-233.260156
2934	-324.462733
2493	-346.822460
3745	-310.912788
1559	-380.372123
935	-269.154939
3562	-360.524672
2864	-340.658990
607	-301.373496
3215	-320.793270
2787	-324.505365
2017	-310.940345
1730	-345.663299
998	-302.306196
498	-273.791878
3158	-269.271320
1861	-235.696852
2293	-269.216495
3448	-324.634377
1938	-341.826148
780	-308.769557
3144	-308.472241
35	-343.197784
2204	-310.904876
1782	-308.555419
2091	-346.904050
3064	-326.983087
166	-325.729970
270	-372.752005
3296	-345.650105
1371	-288.596392
2745	-322.118085
663	-323.347275
3622	-304.726439
1460	-309.684108
415	-309.692626
3016	-309.730329
394	-344.385642
3808	-345.614760
1558	-270.389386
2807	-269.176124
3208	-288.572843
1916	-360.557411
1773	-304.696646
1827	-343.492484
568	-303.458583
988	-341.827199
731	-355.501990
3123	-309.702150
1820	-324.522751
1979	-308.462923
3857	-340.686134
665	-288.571762
3759	-270.393902
1091	-309.678344
1631	-345.642285
3020	-287.430903
2116	-340.646768
2611	-346.824672
1798	-312.126342
477	-265.399968
1187	-264.235803
3407	-343.517848
691	-361.734668
1098	-356.649302
1251	-322.482659
3224	-286.504546
2955	-346.822341
2262	-325.780603
926	-345.680086
3481	-357.941534
3472	-340.657197
715	-285.275928
1603	-232.363630
3135	-272.569212
1011	-310.942660
2430	-304.688809
1671	-309.708282
3452	-361.758902
782	-361.678341
1456	-308.496384
2120	-381.630205
1109	-333.411326
3661	-287.358011
872	-309.711438
3069	-346.878430
179	-362.928160
211	-357.939331
844	-324.606050
2145	-346.844016
2452	-344.424745
3507	-376.594067
3179	-270.408713
1221	-344.436348
2090	-308.473428
3373	-271.613890
2324	-346.831385
1606	-308.462382
1139	-270.382725
2606	-323.344105
2776	-313.573888
2861	-288.654312
1254	-325.753541
3034	-360.418556
2306	-287.354343
2612	-345.627545
2453	-268.273240
884	-276.202586
3878	-360.554015
2205	-318.391203
2676	-325.784384
816	-356.748545
1574	-245.997884
232	-490.793044
1238	-360.499088
2216	-308.505718
3968	-287.425634
808	-320.774349
1501	-288.653529
2144	-324.574829
1459	-306.320451
3768	-227.338075
1642	-344.345376
3112	-327.021680
3791	-360.491959
3103	-340.631134
3821	-308.427345
2458	-361.683558
3336	-308.477672
2486	-307.239887
3888	-323.359825
920	-281.489179
997	-361.688335
463	-309.715058
1987	-325.775071
2390	-270.097243
1266	-324.582035
3014	-269.263802
2303	-309.719920
2299	-280.273691
1341	-301.373831
1343	-310.895432
2728	-304.742823
966	-339.467091
3246	-340.652252
3265	-324.569062
3673	-309.691463
2648	-325.728744
3725	-309.710255
734	-233.242250
474	-281.476832
3739	-324.566515
2073	-345.600119
3088	-308.459859
3425	-324.547564
28	-324.630221
573	-286.504534
2783	-272.537685
3762	-351.646368
1656	-323.352987
1818	-371.535911
1609	-210.001565
12	-377.816587
2824	-304.720708
901	-270.446915
711	-341.849127
2206	-312.126404
2366	-286.466852
3364	-305.057353
1325	-356.758284
3797	-376.587519
795	-246.023231
3010	-361.720579
1335	-283.156647
1815	-345.663783
1821	-308.473320
184	-322.436757
3752	-345.686524
714	-356.669324
3304	-346.843297
3321	-251.726162
3461	-320.776316
1841	-325.788368
1280	-356.683566
873	-273.763068
3193	-320.725883
1852	-309.685790
482	-272.599303
1385	-309.679840
2941	-340.635024
218	-285.311823
1046	-271.618580
584	-309.681686
1027	-360.529992
1268	-344.411146
2139	-381.581478
2048	-235.699029
3979	-345.651111
479	-77.308427
1127	-345.659797
3140	-284.987905
3533	-232.036378
1883	-346.839066
399	-304.735224
2502	-309.685960
643	-345.663386
409	-306.383308
3021	-360.495540
968	-308.470667
2983	-346.833689
781	-362.918463
1263	-345.642008
1500	-345.609230
1432	-324.522792
2508	-324.574476
136	-343.240623
3753	-271.652242
1905	-231.145151
41	-345.649146
1723	-307.290176
2353	-281.504579
3926	-325.748612
1407	-235.694798
3606	-310.906553
1255	-381.635881
668	-267.103350
1087	-324.508933
898	-305.906901
706	-303.481839
2168	-310.899911
3465	-324.548021
2931	-361.729140
927	-340.676668
147	-345.615452
1806	-324.610229
871	-309.680919
5	-351.628383
3494	-324.573795
280	-271.324234
3514	-340.654233
653	-344.473681
987	-273.765811
2560	-339.452794
1604	-347.456674
1387	-361.698635
3104	-310.941183
1535	-324.463541
2914	-270.422403
3199	-273.811544
1170	-310.895183
3666	-309.735874
2798	-307.259167
2421	-249.395323
2744	-288.573110
2799	-340.702898
1378	-346.867789
2132	-377.826580
540	-346.830523
535	-248.416462
96	-375.359188
762	-346.863396
2239	-346.823312
2054	-302.588564
797	-278.075775
146	-377.813815
2838	-324.547436
1007	-235.694216
2464	-297.555801
1400	-306.067385
3213	-339.438949
3925	-325.718488
2322	-355.508682
2400	-345.592410
1617	-355.508183
2125	-310.908354
3219	-339.428557
891	-325.767721
1646	-340.684749
3018	-345.638117
1933	-270.396100
2596	-339.467484
2970	-339.501361
3013	-346.883127
1643	-310.910140
171	-361.745138
2163	-324.503356
1241	-345.608395
3903	-340.636306
3049	-324.610004
40	-344.338878
1772	-361.717972
3565	-286.474509
210	-362.938898
3922	-270.394284
2244	-414.351653
590	-346.857871
2558	-472.145935
3143	-286.432042
3118	-236.917873
1269	-307.563525
3228	-381.648857
977	-285.160699
400	-376.570473
3091	-341.869641
1102	-116.609549
264	-339.450073
202	-226.160842
2935	-297.516418
1393	-271.647465
1751	-339.469166
139	-338.257996
3884	-323.333263
3197	-309.714859
496	-377.794221
3326	-381.616196
3787	-381.580675
299	-195.196751
3891	-346.821929
2640	-398.880824
2437	-356.692640
1138	-308.444609
3783	-310.912792
353	-197.632222
1013	-271.300649
2570	-324.626187
3970	-305.897998
3085	-322.130736
3369	-158.342346
589	-340.604189
1476	-308.455419
1422	-361.728608
1930	-341.835805
303	-375.328197
2094	-325.812885
2869	-306.113519
3482	-281.480993
1771	-287.657053
3400	-289.799552
3349	-207.916786
1903	-309.678054
856	-324.568212
1810	-288.653294
3854	-346.867382
2157	-309.686797
3107	-281.504745
3628	-272.509064
3497	-392.627857
720	-381.594735
3141	-345.651109
2497	-325.763216
2959	-289.795007
1415	-338.156727
3269	-381.624381
2618	-361.768020
1896	-326.971392
1794	-325.712420
2951	-308.569129
1375	-345.645053
408	-208.863267
3414	-285.313674
1060	-345.713205
2440	-317.433049
1000	-339.452428
261	-310.905322
1462	-312.136049
2749	-340.645995
2070	-114.483613
2772	-343.232602
2372	-322.217569
885	-324.623780
1439	-340.590431
655	-325.771459
140	-309.676929
2793	-306.384286
685	-320.029854
2360	-340.636727
367	-360.491873
1365	-361.755045
3220	-273.806349
1440	-270.441325
227	-377.805829
1625	-320.776082
283	-355.460155
3252	-340.610842
2748	-321.271406
1186	-359.296697
2103	-346.834331
3243	-377.816466
1479	-309.677142
315	-302.472397
3012	-276.205920
1846	-344.370966
2189	-325.762375
963	-345.645239
3186	-346.829695
15	-288.542593
489	-356.745773
2297	-322.412936
1881	-361.772040
2030	-273.804223
911	-356.711832
3148	-324.567513
81	-318.390876
434	-338.195462
1160	-286.467220
742	-272.588370
325	-345.637577
2706	-345.667357
2393	-324.608961
2186	-320.782523
1075	-325.751822
697	-340.621200
803	-325.789564
2434	-377.845502
578	-382.825717
3122	-232.329070
1093	-325.718074
1152	-308.448572
2531	-157.115484
3833	-324.559324
2007	-308.499105
239	-270.446608
575	-272.582834
1966	-302.558699
1870	-309.686187
2468	-307.193849
2978	-340.669862
137	-287.440932
2227	-356.712771
3267	-320.776472
2599	-355.457663
3505	-274.983383
2956	-360.528914
2249	-392.653825
2471	-288.628801
3536	-352.836930
1430	-361.720960
1690	-339.426816
3737	-361.714817
1037	-306.397746
1900	-309.689410
3377	-360.549337
2593	-321.252793
1226	-195.226072
2999	-307.237456
2445	-324.576679
3433	-308.465425
167	-310.912077
2460	-345.631797
510	-234.491176
1681	-310.908780
2495	-307.596472
267	-345.641113
3380	-345.606939
3111	-318.340705
2848	-339.419688
1005	-273.786179
48	-304.689512
598	-193.088340
1431	-344.392695
1461	-346.899170
1274	-309.686648
1740	-376.599676
2014	-371.537915
1468	-345.650338
276	-380.379743
1567	-356.714706
3763	-344.416821
426	-362.933001
1928	-326.927990
2614	-232.164586
3178	-345.605421
1220	-325.800532
241	-309.718177
3540	-321.236907
2492	-396.477101
2406	-306.386594
2907	-344.466563
2215	-289.795079
2649	-381.581036
654	-309.727166
377	-360.527122
363	-320.778723
2427	-339.474134
3154	-309.714008
2487	-361.694757
3161	-309.678595
861	-360.488871
380	-307.581989
2470	-309.688189
1205	-304.682331
3530	-309.739069
947	-322.454079
2678	-285.255563
1264	-324.536694
3315	-269.176979
1649	-346.868661
3581	-319.540355
3047	-285.293918
3499	-309.702237
1085	-231.092208
2121	-324.619773
238	-233.253760
3986	-355.516778
3823	-303.527274
2643	-372.711859
870	-345.646965
410	-325.835955
190	-354.290746
3650	-382.756764
193	-307.285557
1133	-308.517070
201	-308.561649
1525	-345.608193
3048	-381.616883
3152	-335.591582
1111	-335.656557
3366	-323.268818
1638	-344.481904
770	-381.612946
3992	-319.576017
1790	-345.664882
3259	-359.368793
1192	-326.947461
100	-361.702143
3162	-324.546164
1577	-355.468067
2019	-340.659620
517	-344.434827
3521	-342.324182
2142	-324.624987
1146	-339.465889
2761	-309.696507
1912	-310.915653
74	-310.918822
567	-339.489014
1090	-272.500426
2109	-321.219665
343	-360.502305
2466	-325.785959
3170	-271.626697
1584	-251.727102
385	-305.159206
2373	-302.564379
3028	-346.861640
1396	-346.886411
1741	-345.629842
3257	-308.472221
2260	-271.351786
268	-362.957295
3253	-281.476938
1825	-271.656372
3779	-308.476903
3398	-304.686259
3794	-317.361117
1856	-321.958301
3011	-310.902708
3312	-323.647099
766	-312.133805
1791	-272.554824
2927	-324.500425
999	-308.512721
824	-310.952875
2336	-344.433499
1610	-196.406419
2349	-301.357553
3238	-340.667053
1144	-264.255612
1969	-360.529678
3804	-324.573632
3579	-356.677429
2843	-308.509454

file identifier 	 test data 	 predicted
286	-324.563745	-331.434410
2158	-340.663379	-355.814721
1145	-312.129019	-318.946580
3302	-324.577047	-329.156736
1122	-345.601318	-361.681846
2469	-270.392444	-277.476094
2578	-324.576080	-329.218667
2133	-323.338627	-212.361795
2415	-340.676441	-355.644592
2976	-356.737615	-245.690864
3663	-344.446747	-358.462643
3172	-274.982310	-285.414172
1781	-324.582445	-330.624196
3300	-344.499155	-362.335873
1915	-361.705669	-365.215094
1935	-361.677841	-368.289053
3096	-338.175960	-352.216213
3395	-248.436061	-151.658892
1670	-269.230258	-172.163157
3709	-340.613243	-356.375105
747	-359.350089	-600.817929
1845	-302.309526	-325.875049
1247	-325.770105	-334.449051
2625	-291.021574	-299.578342
640	-345.616264	-361.465702
1363	-355.525451	-596.049023
2851	-356.699504	-244.333257
242	-340.623533	-356.504145
366	-324.576206	-330.058829
1438	-356.728392	-247.131309
2637	-325.687098	-333.728345
1485	-309.731369	-329.418539
954	-324.612244	-329.854070
406	-359.295180	-606.636019
2197	-309.684327	-332.428699
3382	-341.145624	-350.164106
2880	-346.831172	-364.022767
1147	-304.755780	-319.772491
3615	-210.071468	-418.046294
3701	-248.211932	-262.243873
3346	-318.327053	-568.207862
2268	-302.558547	-194.908225
3639	-345.680996	-362.833522
2285	-340.578657	-354.681205
1961	-197.629416	-226.563486
1571	-470.915515	-425.530683
2929	-345.638912	-362.184594
1204	-361.704371	-365.854379
881	-234.470813	-250.426222
3307	-318.647923	-337.230758
500	-308.452306	-326.927255
2477	-360.539944	-249.166658
351	-345.625747	-362.992937
3510	-340.674744	-354.644797
2711	-322.460671	-339.564571
2222	-340.678668	-356.758693
1484	-273.817328	-285.020054
1739	-303.454720	-321.211803
450	-235.729507	-251.164501
2482	-268.321270	-282.567727
403	-272.843742	-284.085763
1262	-356.712023	-247.914410
3313	-360.526364	-254.950224
2561	-325.778234	-333.849778
1570	-325.783642	-335.150850
3710	-308.565933	-323.040061
392	-345.637570	-361.700852
175	-361.754326	-367.347097
1925	-309.677276	-328.756419
2234	-272.580839	-294.167002
2503	-345.653983	-359.922564
3554	-309.689751	-328.384098
3683	-308.510782	-324.162207
755	-324.568345	-331.460433
3456	-276.206318	-285.810876
674	-346.879260	-366.484006
3060	-270.441145	-277.894424
530	-360.503506	-254.032315
2417	-336.838171	-352.626698
3687	-325.793945	-333.381568
209	-308.493663	-324.074970
641	-322.439472	-334.691611
1654	-360.518768	-252.185302
764	-233.560626	-250.766552
80	-392.672883	-625.576746
1112	-287.644079	-303.660609
1680	-377.842223	-390.291706
2862	-309.693471	-328.451608
1921	-310.904960	-319.411612
2645	-362.923114	-368.035528
3793	-381.580932	-389.843176
752	-324.557693	-330.739050
528	-288.538806	-301.447575
2844	-301.377995	-550.961764
2731	-272.836211	-284.295694
2887	-345.641890	-363.730464
386	-325.776001	-333.022859
2130	-271.612772	-286.102232
497	-287.470402	-294.920848
1180	-306.364186	-197.637556
970	-310.911364	-319.409991
1278	-362.942040	-369.695741
488	-346.861837	-362.443496
3642	-324.565306	-330.014250
2365	-345.689766	-362.516019
3713	-325.748400	-333.953048
1757	-285.313612	-296.961957
1622	-346.869712	-365.452465
1516	-249.358446	-267.092474
133	-271.642927	-284.102203
2058	-356.710498	-248.038035
3780	-323.320574	-217.073280
3098	-345.658421	-360.719098
799	-310.910909	-319.451389
3329	-310.909123	-318.991228
335	-361.729115	-364.399876
521	-262.065493	-266.093906
3204	-306.313706	-205.502705
1768	-289.789940	-299.605123
2725	-269.218553	-174.727969
1035	-284.385189	-537.290182
11	-356.688211	-244.236089
3139	-344.437158	-361.259636
851	-270.117027	-284.518621
3318	-308.513124	-323.811831
3738	-274.982053	-285.168134
524	-308.507004	-324.218784
1229	-288.582662	-301.410033
3517	-396.475511	-624.848517
491	-287.737498	-304.128443
2860	-345.600676	-361.248681
562	-456.105229	-452.474715
3696	-308.474441	-323.560836
3503	-266.630629	-275.250661
393	-323.334482	-212.865676
1123	-375.393636	-387.575030
1359	-229.927277	-255.653601
3597	-360.539435	-249.716618
54	-195.186228	-220.638786
2930	-310.906738	-318.833300
3105	-346.821661	-366.228598
1178	-382.751729	-400.433029
1061	-343.531666	-232.351466
88	-345.655534	-363.139195
2961	-348.061993	-354.342239
2217	-344.408081	-363.054640
1224	-308.420805	-325.740217
1453	-309.720334	-330.118518
1607	-303.462115	-320.090737
1652	-301.316399	-556.125257
2794	-304.681399	-321.858080
1698	-325.800949	-334.500901
3618	-309.731536	-328.539310
1143	-367.635675	-378.824589
3351	-285.306999	-300.699713
3164	-344.379764	-358.525972
1807	-344.469516	-350.862359
55	-335.683118	-347.477921
1215	-335.566430	-345.701367
3694	-338.246643	-355.020189
3471	-416.384141	-424.250059
2707	-310.915408	-319.053804
3226	-339.491316	-353.588341
2247	-348.046805	-355.022264
3399	-307.229313	-324.652249
2201	-452.728039	-456.065029
847	-324.608363	-330.389697
2429	-306.081547	-341.501831
3969	-324.609784	-330.319527
3216	-344.380260	-356.036761
2789	-340.629283	-354.850030
2559	-319.571638	-214.295582
2177	-346.868453	-366.129270
369	-361.733362	-364.393437
1227	-322.155306	-567.786267
1612	-310.902795	-319.348304
2839	-362.930315	-370.070373
3397	-356.702115	-248.932811
3543	-287.318584	-296.258568
224	-324.628594	-331.559808
1880	-346.873992	-367.034207
743	-309.719124	-330.617112
1590	-344.415609	-354.190862
690	-375.420808	-385.939096
3952	-269.175627	-165.964968
121	-361.711483	-365.986254
2134	-344.433965	-359.033498
2871	-308.460407	-325.699261
2764	-195.179738	-217.833662
2893	-274.985796	-285.237235
3646	-305.130313	-553.730449
1788	-345.646841	-363.108648
842	-360.514766	-248.808285
3846	-318.393987	-560.943081
3305	-310.955141	-319.693267
3756	-326.943546	-334.732701
2816	-310.905786	-319.264627
2505	-344.440744	-360.684822
2394	-355.446449	-603.175392
672	-345.661057	-362.093490
2519	-323.585680	-339.661102
1707	-288.590006	-301.922740
2984	-362.935648	-370.363298
923	-322.135797	-570.113757
3306	-361.650084	-367.690262
2692	-356.663387	-247.282116
2358	-322.169697	-574.780256
3531	-344.458268	-347.886961
1026	-325.765414	-333.449422
1295	-346.829652	-364.976411
2185	-344.343476	-358.378590
600	-268.859550	-295.233242
1395	-375.348487	-386.517799
1010	-340.666160	-354.361583
1416	-308.514570	-326.583211
2775	-382.812383	-397.274595
3427	-325.793904	-334.909115
2380	-327.025010	-334.502300
2622	-346.829131	-364.490731
1582	-361.735290	-364.493308
2396	-307.546144	-313.113400
1713	-323.381747	-212.634332
1591	-249.397368	-272.133439
1209	-392.612820	-627.149509
1665	-336.802871	-352.773006
3612	-309.738513	-329.562198
2029	-380.417684	-396.209004
1495	-286.516879	-305.004112
3604	-273.812100	-285.140116
2936	-324.504178	-331.367266
2060	-362.945811	-369.331365
758	-307.574899	-315.476998
1628	-345.637174	-360.956917
1337	-286.498779	-305.354957
1166	-324.576650	-329.653968
662	-341.843824	-356.516161
1962	-382.756724	-398.105427
3244	-323.320332	-210.540858
520	-309.720011	-328.334540
2403	-326.955365	-334.545407
2899	-310.930659	-319.062793
3513	-340.637067	-359.362002
1792	-363.504227	-604.083830
2993	-346.825502	-363.640387
835	-320.740782	-325.011073
1882	-273.764420	-284.763433
3764	-308.483519	-324.326813
2716	-303.464433	-321.832775
486	-288.678720	-303.258698
2919	-340.635773	-354.132817
200	-345.625804	-361.054849
1853	-359.314227	-588.367969
3225	-362.875945	-370.310765
1684	-320.783029	-326.239599
3191	-284.360325	-531.696638
2702	-309.685148	-328.380393
2642	-324.578146	-330.380804
503	-355.514134	-601.877274
2009	-273.812948	-284.333193
1651	-273.809498	-284.967193
1225	-196.409349	-220.208016
1991	-285.282532	-300.156182
1568	-324.555249	-329.157136
1711	-345.611239	-362.065533
726	-346.870614	-365.699580
2281	-345.643890	-363.409682
3440	-322.135917	-572.368596
1934	-341.769746	-358.559277
3770	-272.544060	-296.527453
644	-376.595314	-397.629731
2710	-361.773017	-364.183632
3450	-382.824468	-398.376666
1338	-320.793141	-325.774849
2056	-325.729141	-334.291387
1901	-362.946498	-369.025931
3748	-376.556657	-387.159699
3511	-324.552260	-332.603735
2669	-309.763785	-329.870804
944	-320.766684	-326.865285
2398	-319.533364	-213.900192
328	-310.911163	-319.003640
2909	-361.687451	-366.780960
2567	-320.795216	-326.835789
203	-340.663148	-356.837110
89	-249.259410	-273.270641
3041	-345.692143	-360.664528
2585	-249.269471	-270.325106
2920	-326.952797	-335.084333
1354	-382.790027	-397.828216
308	-303.428586	-319.087861
2610	-309.711468	-328.042678
345	-309.704732	-327.498194
2399	-308.430606	-326.642722
3689	-308.467642	-324.080491
2987	-271.618137	-285.164090
405	-273.804251	-285.108627
2714	-398.878264	-401.589975
2184	-360.501473	-252.944120
930	-346.898838	-364.579313
3872	-340.691219	-356.660893
3674	-309.731169	-330.536459
3299	-325.725069	-333.745096
3902	-382.757521	-397.150589
538	-324.494520	-329.947654
630	-273.762561	-284.338213
1529	-354.275774	-365.276008
2689	-309.673807	-330.321769
1293	-271.369084	-290.278167
845	-40.478930	-5.687465
2949	-346.838702	-363.696559
1259	-288.590804	-301.962597
1252	-301.395982	-550.808740
632	-361.705069	-365.757766
3077	-336.822591	-351.065230
16	-273.806874	-285.063178
113	-360.478880	-252.346607
983	-341.851447	-357.425317
1257	-346.855622	-364.144420
3270	-273.788787	-284.534052
748	-324.572987	-330.658382
650	-193.034094	-408.785951
969	-325.797425	-334.020096
1270	-307.571937	-316.272172
32	-287.509315	-293.085069
2198	-382.804255	-402.412583
2337	-324.588418	-329.517437
329	-380.402442	-392.168429
1745	-264.171923	-498.399864
1330	-324.575010	-330.816479
2150	-324.570860	-330.091612
1391	-323.317575	-210.385341
2923	-325.801905	-334.250046
2235	-318.409670	-564.739204
3133	-356.679691	-243.168182
3898	-356.700248	-250.566306
2755	-381.595252	-399.098664
2971	-312.131841	-319.416042
518	-289.791234	-299.573172
3559	-309.721434	-328.842468
3389	-309.689740	-329.526839
2224	-307.568767	-314.117447
622	-341.886905	-358.133007
2763	-272.548325	-296.206538
903	-309.685872	-332.145518
667	-360.533083	-253.904135
3786	-308.759185	-317.797585
1153	-325.764669	-334.338669
2986	-340.629609	-355.831521
1795	-356.736238	-246.241020
657	-270.392759	-281.278429
1028	-360.421732	-252.181132
3485	-324.614459	-329.933718
3015	-359.362011	-606.949573
120	-323.345161	-225.645135
425	-289.769718	-298.987276
2581	-234.469389	-252.536311
3914	-325.805781	-333.605701
306	-307.335530	-321.406231
3260	-345.595084	-361.927212
3734	-326.940196	-334.520726
3233	-304.691526	-319.289281
601	-324.603558	-331.745887
3671	-326.941692	-335.093295
2152	-308.540101	-322.297009
2619	-326.939536	-334.925450
1350	-343.076530	-361.240519
358	-272.544323	-296.322136
1565	-325.735821	-334.633700
95	-351.666551	-601.012022
2339	-326.954728	-334.722723
525	-273.812813	-285.020076
840	-289.871520	-300.909318
2889	-341.871347	-356.489710
2307	-346.859945	-361.912030
1761	-376.622507	-390.517136
909	-325.789320	-334.798815
3933	-307.569255	-312.752215
1770	-309.719198	-329.273306
719	-309.693538	-329.016594
339	-356.705991	-245.339288
3549	-323.437779	-213.094020
2635	-323.324700	-217.979864
609	-377.817369	-391.924974
1507	-310.914024	-318.791457
1126	-270.392715	-281.893967
1231	-324.569596	-328.489422
3251	-306.056425	-325.917519
1929	-324.551800	-332.799703
1480	-324.584824	-329.684886
1308	-341.814212	-358.833286
3981	-249.257629	-271.545284
2544	-381.632480	-392.977233
2866	-344.431605	-359.008036
1045	-344.449852	-363.779431
3956	-345.698757	-360.596570
1142	-309.702591	-328.469485
3175	-309.649998	-328.343711
1951	-317.408548	-332.859167
2856	-376.586976	-385.645093
72	-325.720699	-334.006589
2296	-309.691365	-328.529676
221	-310.917273	-319.027816
3828	-288.650589	-301.765778
912	-323.344400	-221.895712
150	-309.732713	-329.363286
2551	-325.792606	-334.922866
1876	-251.732828	-273.965849
608	-309.688960	-329.260956
541	-325.714161	-332.178952
1632	-340.673967	-354.342970
919	-272.589999	-294.998468
1367	-325.812267	-333.993560
3754	-324.570035	-329.962095
128	-303.785832	-310.268938
2895	-273.764673	-284.633046
2348	-285.253877	-303.021413
3658	-309.682445	-328.685289
156	-288.654408	-300.860717
2687	-377.816463	-394.875606
2250	-339.462492	-357.841438
453	-375.430225	-387.612106
1943	-325.729335	-332.677063
462	-234.474088	-251.323563
3974	-323.433262	-213.166959
3685	-381.602419	-390.754817
1920	-361.714679	-365.385199
3479	-265.289023	-161.080293
3842	-376.587741	-387.258102
3291	-362.911941	-369.112655
2443	-288.547509	-300.130640
2754	-309.674575	-328.503085
3067	-271.304881	-290.084693
695	-345.700085	-358.629517
2027	-376.585000	-388.369314
1855	-360.497728	-247.375766
177	-362.872710	-369.077212
1105	-302.306944	-323.945357
3938	-345.645388	-360.055586
1589	-324.608694	-329.933676
635	-324.578381	-331.284952
2825	-360.576433	-250.208956
3990	-303.459637	-321.661590
836	-324.606601	-329.135092
2664	-348.047695	-355.018324
1080	-288.570006	-300.418520
107	-307.580090	-313.970846
3360	-382.810709	-396.802256
321	-324.604397	-330.178695
1785	-273.751900	-284.375849
493	-336.819674	-351.336476
3654	-307.541973	-314.450496
2685	-344.426408	-360.091013
3688	-322.476720	-333.305904
3240	-338.234966	-353.156314
1008	-248.448467	-158.650525
1106	-231.106310	-262.286707
3991	-372.765028	-383.811822
402	-312.124533	-319.929163
3045	-310.906568	-319.573613
3704	-348.035847	-354.385595
678	-308.506580	-324.900308
2286	-309.728265	-328.714453
460	-360.488733	-255.160850
3290	-341.859618	-357.672016
3102	-310.903589	-319.714581
1978	-281.485530	-295.465985
2575	-308.759090	-319.420192
1042	-305.904676	-328.301306
3809	-310.902628	-318.813563
1580	-271.339821	-287.835506
3192	-313.554802	-328.859096
2958	-324.580268	-330.794687
2546	-248.018573	-251.859032
979	-309.713440	-327.862454
2231	-346.825174	-363.336229
3406	-286.459793	-297.881936
118	-352.905052	-244.211282
2423	-338.238743	-353.323101
1032	-346.816694	-364.207623
1235	-265.447270	-162.834101
3483	-308.500974	-324.631255
255	-309.672030	-328.929574
470	-303.460335	-321.405365
2727	-271.330291	-287.515633
2155	-343.243883	-374.351643
2	-324.551643	-329.368044
2703	-309.722894	-327.974073
2149	-341.878745	-356.201006
1347	-359.361259	-606.528513
3055	-285.313284	-311.829035
2586	-191.810916	-219.499885
1294	-345.612830	-361.046752
612	-397.697891	-289.793939
246	-313.537245	-327.532588
3963	-271.323381	-288.663973
1992	-325.723538	-333.956762
3442	-381.635659	-400.590462
1705	-286.218259	-190.903692
2562	-375.357530	-386.100268
1817	-339.459612	-356.021794
85	-272.550580	-297.302935
1474	-340.654517	-357.043470
2318	-348.039301	-354.886100
3079	-270.401391	-277.794521
2820	-308.557865	-325.560021
1995	-362.946041	-368.978539
3826	-372.742383	-382.322431
1097	-325.784473	-334.332839
3960	-336.825944	-351.023272
346	-307.586014	-315.028679
716	-325.758431	-334.997416
3929	-321.233569	-338.815614
3751	-339.491316	-353.588346
1463	-362.938449	-368.585914
478	-119.052475	-166.390641
1467	-345.613895	-359.752440
1292	-323.652284	-339.630993
2180	-340.665904	-351.957113
432	-344.390227	-363.664039
368	-345.595021	-363.630155
318	-310.954514	-319.812992
3109	-324.582824	-330.804086
2873	-307.545713	-315.719189
3962	-341.865856	-356.355719
526	-344.430692	-359.095221
802	-359.306313	-596.428629
1124	-271.651913	-284.776206
1265	-227.324775	-256.803656
1283	-345.605635	-360.534099
2756	-153.742562	-211.254684
874	-271.611192	-282.956823
2908	-271.620997	-283.387944
2915	-344.371144	-358.030143
3308	-381.582831	-398.756281
1767	-285.277900	-310.477036
2870	-289.872470	-301.106440
582	-325.833302	-334.856595
3390	-309.736085	-329.812289
2442	-345.636611	-363.387407
3426	-307.387663	-327.188519
1132	-310.938583	-319.245885
1627	-301.363590	-549.991141
744	-249.332005	-271.577610
2461	-269.170508	-167.570928
1583	-345.655509	-359.848467
3948	-340.614465	-353.452332
1149	-325.796862	-335.036497
1455	-381.570969	-394.740866
473	-346.828378	-364.849179
2095	-348.034975	-354.104215
1787	-325.795649	-333.969043
2722	-344.423318	-350.254146
2001	-346.833365	-364.245306
1321	-234.472577	-251.108856
677	-324.594116	-329.005188
1179	-343.195060	-360.003593
2921	-310.904813	-318.713263
3489	-308.508824	-324.101418
216	-307.283509	-321.725861
1958	-340.595950	-359.504734
2332	-342.335241	-592.369747
2067	-280.248350	-299.426339
523	-345.565792	-361.946173
1195	-285.287913	-305.093557
2344	-305.915175	-329.210492
3706	-345.687338	-360.693826
1193	-324.550139	-331.629648
937	-306.397642	-198.489378
1413	-247.214861	-479.400855
2777	-336.817321	-351.698213
189	-322.167165	-567.676815
3396	-273.815873	-284.751030
3815	-288.574763	-300.255524
355	-273.761263	-284.690265
3848	-324.564634	-331.315383
3235	-339.416290	-354.498541
1067	-273.762417	-285.672333
2080	-325.793131	-334.638204
3323	-232.335768	-254.069551
3293	-360.535142	-249.861212
1073	-233.249538	-246.036568
3920	-319.574905	-211.613053
3451	-319.606765	-213.083870
751	-361.724921	-366.369476
2784	-273.803873	-285.187073
759	-398.888473	-399.842214
712	-294.081616	-432.100923
939	-344.481802	-357.363867
3002	-269.479234	-288.252907
20	-270.370102	-277.545012
569	-376.620836	-386.982455
198	-303.934323	-318.565927
684	-361.753989	-364.087328
1736	-273.764207	-284.632438
1658	-287.337578	-294.861576
915	-304.734226	-319.861417
1319	-308.560759	-323.306819
1447	-469.758395	-468.304464
1191	-360.510716	-252.641029
1576	-247.184334	-479.111961
2598	-308.508949	-323.226793
1390	-340.660793	-354.661930
2680	-340.664901	-354.436318
263	-341.853650	-356.617571
2182	-340.610000	-351.874757
3328	-324.549529	-327.805285
2588	-376.538277	-391.052005
1982	-345.609374	-361.308046
1922	-248.132701	-274.021055
3263	-285.326726	-296.946717
2832	-250.585843	-267.919226
433	-396.498209	-625.787347
627	-359.304956	-607.096945
2018	-286.492357	-303.617915
502	-306.349558	-194.923506
642	-234.476516	-252.892111
2063	-344.402806	-357.485616
3247	-360.531175	-256.827434
1626	-345.619567	-360.588317
1243	-323.582949	-341.543152
1907	-346.819476	-363.135921
1835	-376.631067	-389.135852
2634	-326.927446	-334.568223
3469	-356.686540	-243.036530
3282	-362.972786	-367.925020
1260	-270.417842	-277.568281
1457	-288.573089	-300.262682
1520	-309.728493	-329.804698
3651	-303.463214	-321.903956
60	-382.768883	-398.458812
2330	-287.681216	-301.134163
1769	-324.569009	-330.782039
1733	-322.169100	-550.416298
3796	-341.875439	-354.588716
827	-303.556664	-322.848528
3009	-307.265383	-323.141988
304	-322.464725	-338.029132
2527	-297.554699	-550.442319
2275	-312.122563	-318.980448
1437	-376.547304	-384.541291
1902	-324.615795	-330.908109
2328	-320.732586	-327.717077
2065	-340.537496	-355.349546
2418	-304.734646	-321.362930
3075	-324.616343	-329.438077
2750	-268.301176	-288.286483
1436	-375.359407	-386.008474
3899	-337.265273	-347.741242
3036	-310.907823	-319.462486
2164	-304.744503	-320.861379
1831	-323.386306	-220.574655
3237	-303.553222	-321.736487
3852	-361.710525	-364.790319
917	-323.320690	-220.675936
2317	-308.503515	-325.646912
1968	-324.538807	-329.432607
1686	-288.648208	-301.348245
1862	-319.615129	-213.339728
1998	-324.536830	-329.075801
1058	-324.585402	-331.786480
3356	-270.447268	-279.969421
3324	-345.641848	-363.414966
548	-233.555951	-253.235189
3496	-302.303890	-316.962246
2924	-348.045292	-354.490286
2424	-273.764093	-285.800840
2991	-272.841336	-284.060930
185	-361.726913	-363.939819
420	-362.950092	-368.677832
961	-326.950279	-334.722341
1041	-371.504707	-382.813259
3850	-308.528193	-323.997686
2925	-301.394865	-544.551581
3491	-361.750275	-366.396604
750	-344.384630	-359.979629
2940	-339.418028	-355.523719
1418	-325.725274	-333.709965
1119	-304.733360	-320.735692
1473	-340.678945	-353.819405
1275	-310.936083	-318.970189
418	-324.565412	-328.966325
1635	-360.520081	-248.554206
317	-325.797397	-334.300330
3286	-361.731914	-364.133179
1201	-224.944660	-234.777228
3255	-345.578846	-362.745770
293	-377.807580	-394.396295
287	-307.560718	-314.530704
2594	-335.586914	-348.131568
2203	-310.911529	-319.049599
1562	-309.676327	-328.637495
1887	-361.696319	-365.866233
3907	-291.017966	-300.286549
2922	-352.890573	-244.440235
3343	-320.735225	-327.556217
1423	-344.413850	-359.110460
2151	-289.802108	-299.813390
3603	-326.952955	-335.204773
1108	-341.839596	-356.567904
2903	-308.505951	-323.720851
2137	-324.588239	-330.679061
2656	-376.622509	-385.837863
1932	-310.911279	-319.391646
79	-324.605178	-330.888610
3733	-309.678068	-328.389557
3391	-306.403144	-195.207528
196	-341.759398	-358.346559
689	-341.818686	-359.751460
67	-172.006141	-206.816753
3475	-321.247305	-339.616518
2361	-304.727460	-321.153630
3508	-309.675176	-331.734078
1306	-288.682324	-298.969198
737	-336.836792	-352.819796
3116	-312.128429	-319.563757
165	-327.013034	-336.067401
3501	-318.409788	-564.237242
1019	-327.016183	-335.217413
3788	-361.725962	-365.445930
487	-307.223588	-319.914268
3601	-308.749822	-318.004660
3301	-371.491061	-382.341881
3985	-324.548763	-330.795392
138	-362.875317	-367.895835
1014	-301.385442	-551.868229
2701	-326.942959	-334.553667
2341	-377.784360	-394.272397
87	-490.834069	-663.123972
1796	-307.536544	-316.525508
3875	-309.655400	-327.871294
1015	-344.454928	-359.597545
155	-324.571682	-330.639009
1296	-345.612257	-362.177758
1173	-344.465017	-357.789332
188	-339.406341	-353.473890
2813	-232.063900	-156.428896
3892	-271.608843	-284.777937
855	-271.614051	-285.042867
2968	-310.909942	-319.419684
2342	-309.680487	-329.154118
1213	-324.530103	-331.373071
1775	-306.353871	-194.458192
1939	-242.205627	-260.232063
1184	-286.506282	-307.247338
1975	-341.829025	-358.593326
2700	-304.687547	-322.884040
792	-310.898648	-318.826336
1527	-271.621836	-282.625907
388	-340.594424	-356.647297
1017	-308.419735	-326.713683
108	-345.614707	-362.030056
560	-344.385047	-356.016575
1976	-346.831692	-364.876625
3132	-309.670613	-329.537194
866	-340.620625	-358.392019
892	-288.621895	-299.635512
1449	-308.507220	-324.086409
3439	-301.389192	-553.300811
952	-325.717725	-334.710313
3316	-264.261826	-511.482923
2681	-308.466840	-324.456448
22	-324.575190	-328.389244
1811	-346.855968	-361.654260
2099	-288.573876	-300.312211
1595	-309.686571	-329.471291
235	-270.375081	-281.503678
1301	-309.679190	-328.948670
3772	-356.752251	-245.430506
2272	-324.528642	-331.076440
365	-361.740208	-365.915914
610	-324.629068	-329.727592
2796	-345.678871	-364.273404
387	-268.248806	-289.878982
3761	-352.866322	-243.499214
2868	-270.407057	-277.542693
3766	-344.436564	-360.710053
2253	-325.818163	-334.661232
46	-372.766726	-381.169148
3157	-335.619981	-348.656278
2730	-286.492223	-302.293871
2087	-286.484121	-305.136693
2126	-270.399529	-281.138262
447	-271.627826	-285.127285
1125	-285.292217	-296.157686
1695	-344.411060	-358.555068
2517	-308.462063	-325.737858
3719	-320.742924	-324.980130
86	-190.624631	-214.265156
2347	-308.476587	-325.480622
1519	-352.874613	-247.347618
320	-232.333410	-253.307355
2827	-345.615042	-361.990058
1261	-268.282665	-300.113815
3457	-324.559213	-329.296703
843	-308.437835	-325.453836
3749	-249.363949	-269.348694
1869	-269.207716	-171.963220
3420	-306.358581	-194.457372
1524	-272.550818	-293.998835
754	-361.718210	-365.116815
1708	-324.502429	-330.862224
1369	-392.662003	-626.270314
173	-396.486463	-625.899577
1988	-312.124451	-320.185421
1373	-324.557383	-331.196820
3631	-303.560350	-322.899889
2733	-310.940764	-319.621179
757	-345.678211	-362.765910
2143	-288.628466	-299.657218
2156	-346.827596	-363.394414
1538	-348.050463	-354.228927
168	-325.810050	-333.931556
452	-324.575287	-331.315385
3560	-286.463470	-303.143516
916	-345.608831	-361.357632
1694	-273.743311	-284.397319
2308	-324.460752	-330.551740
186	-340.606711	-353.859115
3437	-288.585212	-300.187708
2446	-361.740252	-363.741888
1755	-304.686811	-320.962562
3832	-346.836423	-365.407572
628	-325.726991	-332.443374
1997	-271.666841	-283.351942
3537	-346.860694	-362.842193
3344	-325.748658	-336.600869
2207	-301.330754	-552.957584
2966	-308.428791	-324.441408
858	-340.661797	-355.239068
1364	-267.963366	-494.237064
334	-245.983375	-267.516445
2902	-271.653205	-286.230141
2079	-363.517297	-602.683954
2196	-338.559964	-583.702314
2474	-357.944802	-361.494406
2113	-344.391557	-361.298483
404	-324.595399	-330.140187
599	-343.312201	-355.851768
2383	-324.593866	-331.218446
2751	-273.787799	-284.134490
980	-356.743821	-248.417053
2852	-274.986857	-285.137321
437	-309.705971	-327.280280
1679	-288.576381	-299.133263
126	-274.991042	-285.213668
725	-325.725266	-334.293788
2444	-318.641916	-335.127171
2428	-309.682996	-333.263239
2112	-304.729640	-319.818764
2153	-309.673226	-328.709440
178	-188.042067	-215.697368
2309	-272.583285	-294.239946
349	-309.687623	-329.261261
2720	-231.102112	-244.129200
3668	-309.700336	-328.872570
3506	-320.804155	-326.435883
340	-273.789697	-284.641359
2071	-246.029150	-263.223481
3460	-288.678290	-301.267888
991	-345.602096	-361.675058
3598	-340.671493	-356.275191
1444	-304.691748	-320.148324
3001	-270.386138	-279.197298
2345	-342.329232	-590.538905
199	-309.673895	-328.393854
2607	-275.007113	-285.199788
574	-271.665153	-286.004219
1094	-304.696023	-320.492725
2603	-341.863083	-357.130859
1575	-334.447259	-349.846119
693	-234.520624	-248.302520
213	-249.281074	-269.174173
3946	-286.438084	-305.694096
3790	-286.502445	-297.746811
2252	-382.779570	-399.100400
2106	-286.476486	-304.872887
2420	-340.625366	-356.579073
2290	-343.224836	-365.201323
2840	-284.048718	-305.377076
2774	-310.910631	-319.354741
3889	-360.533387	-248.662668
2343	-325.781464	-332.933770
3544	-312.133269	-319.961150
2323	-310.954565	-319.459960
591	-325.760915	-333.477325
1624	-340.670034	-354.966268
914	-361.707841	-366.254630
2582	-320.773768	-326.259721
2127	-308.519863	-324.638768
2146	-310.932540	-319.495211
1824	-336.855265	-350.056165
2584	-360.567154	-250.451168
1950	-232.331230	-251.977674
260	-359.369049	-604.445584
566	-303.472917	-321.477807
1352	-304.677606	-320.351968
547	-360.540793	-249.154068
2319	-271.316064	-289.580988
1947	-303.533559	-318.755968
658	-307.234503	-325.193594
2209	-382.781841	-401.275674
3954	-271.611366	-284.871903
2855	-268.917900	-303.696718
1237	-360.542541	-253.693389
717	-380.401348	-390.562900
602	-275.010289	-285.042070
1663	-232.351764	-249.898803
3881	-357.951284	-363.990289
3728	-234.474951	-249.867799
1957	-206.721858	-174.076595
2242	-362.870426	-371.210169
2736	-310.922181	-318.908072
3758	-272.557350	-294.907384
1052	-361.770383	-364.806450
2718	-382.782995	-398.620409
614	-383.982605	-401.234998
3582	-344.436500	-361.470001
1984	-287.441165	-295.459626
822	-336.845442	-351.165028
3913	-308.551230	-323.537456
2147	-382.781806	-398.140370
1937	-287.438379	-296.525264
3130	-270.427802	-281.666697
2831	-356.723059	-245.084639
3564	-303.533472	-313.964224
2812	-381.619786	-391.901683
931	-361.763293	-365.331795
2542	-326.951186	-335.448820
1633	-247.201165	-489.487210
442	-356.712228	-244.611505
1924	-340.591587	-355.211652
2451	-359.328735	-600.233058
2597	-412.494644	-419.426618
2138	-340.684371	-354.093878
2671	-344.377098	-357.326620
1162	-309.684472	-328.457419
2516	-309.661518	-328.053528
1808	-356.676972	-247.903270
2289	-325.766945	-334.846040
1349	-286.542391	-306.015771
2946	-345.649552	-363.976576
3361	-324.558989	-329.767994
1206	-342.315546	-592.945544
352	-288.557016	-300.089785
1065	-360.485823	-247.044666
1370	-242.180146	-260.621472
1490	-309.691591	-328.587344
3006	-308.470648	-325.202931
1946	-346.841836	-364.048867
2729	-323.315925	-218.228851
1721	-339.479764	-357.240094
554	-340.688787	-356.434232
3358	-326.934987	-334.281922
3017	-271.339346	-289.021573
3669	-285.267165	-300.330611
1504	-360.489720	-252.548493
3767	-324.568597	-329.146397
701	-265.396194	-168.414426
1823	-340.656176	-356.573654
356	-372.741729	-383.143924
391	-345.584667	-362.208579
1451	-348.052763	-355.050465
810	-269.144656	-162.501556
1970	-362.897428	-367.914654
2226	-276.206257	-284.469294
2863	-287.423372	-294.708951
800	-324.611571	-329.702856
2188	-288.690060	-299.424469
819	-276.204532	-287.060035
3648	-324.631468	-331.716120
801	-273.763117	-284.620614
361	-376.622353	-391.676709
1597	-336.805704	-352.912315
1488	-320.766344	-326.882302
1421	-360.526142	-249.069102
837	-360.512026	-248.843333
786	-307.544728	-314.744914
3700	-361.717469	-365.812405
2556	-321.958604	-331.040537
1284	-320.761539	-327.280174
3490	-359.315205	-605.439467
1169	-346.819305	-363.185620
1299	-348.043466	-354.587332
1776	-325.785476	-334.597400
1712	-345.612640	-362.123468
2690	-231.093096	-244.038304
1277	-309.706892	-327.828696
3534	-320.785748	-327.474001
3818	-308.470796	-324.480093
3641	-360.485033	-253.302056
127	-322.216227	-570.426794
1441	-303.469082	-321.596018
3024	-251.729571	-274.216181
