no_training:3000	no_test:993file identifier	 training data
3875	-309.655400
2995	-381.584942
1787	-325.795649
1287	-355.515622
879	-303.556846
3930	-338.542975
2096	-345.661705
2561	-325.778234
1288	-324.635136
1972	-233.542445
109	-158.340943
3656	-310.918831
748	-324.572987
3596	-285.328258
3971	-360.530885
746	-273.802095
859	-308.468407
652	-345.620593
3470	-416.814878
3803	-287.351460
2221	-308.512137
1124	-271.651913
1328	-376.531779
693	-234.520624
2731	-272.836211
1515	-360.502298
564	-272.569586
2806	-234.476081
1792	-363.504227
1748	-288.688929
350	-320.793580
116	-346.831175
2880	-346.831172
3584	-281.484877
2941	-340.635024
3608	-372.729173
3652	-361.720088
1235	-265.447270
3851	-326.998454
2380	-327.025010
3909	-310.945132
3721	-284.372483
240	-286.517094
1130	-346.826923
361	-376.622353
1478	-309.691634
3957	-307.291354
1738	-273.759338
3400	-289.799552
1439	-340.590431
3664	-269.219315
3671	-326.941692
1421	-360.526142
2113	-344.391557
1935	-361.677841
1626	-345.619567
1950	-232.331230
3300	-344.499155
3937	-361.713179
3728	-234.474951
3966	-376.570141
2240	-381.627040
1007	-235.694216
695	-345.700085
66	-337.302324
2210	-325.710772
2891	-308.511094
1934	-341.769746
2558	-472.145935
1541	-310.912991
1822	-344.395150
2037	-345.620113
1581	-345.660520
389	-271.336957
428	-324.570042
12	-377.816587
907	-381.607752
2334	-472.135006
3892	-271.608843
997	-361.688335
3008	-323.359336
1063	-265.440996
2833	-248.375248
836	-324.606601
222	-412.548009
1811	-346.855968
1327	-320.768458
136	-343.240623
3595	-345.600227
1542	-370.291993
2370	-360.496984
1891	-323.382399
1458	-288.648179
2780	-272.545389
885	-324.623780
2346	-310.909551
1671	-309.708282
2521	-361.728609
3945	-304.737186
2306	-287.354343
2327	-381.624797
3815	-288.574763
1913	-310.912131
2753	-310.904304
2362	-305.134491
420	-362.950092
1529	-354.275774
368	-345.595021
3791	-360.491959
3399	-307.229313
3094	-324.601619
1958	-340.595950
314	-233.255379
3943	-376.602183
1954	-226.144377
2260	-271.351786
34	-306.355655
3696	-308.474441
2889	-341.871347
2293	-269.216495
1248	-304.732336
1382	-360.492675
882	-169.557758
2937	-324.573883
1040	-268.307873
2124	-345.600825
2766	-285.279992
3566	-325.830752
2109	-321.219665
3071	-273.789182
3568	-308.468418
538	-324.494520
944	-320.766684
841	-361.736259
1844	-325.808754
206	-309.688611
3488	-340.672417
3881	-357.951284
2682	-324.528297
3428	-288.564752
1083	-309.726295
3068	-306.015194
2586	-191.810916
3598	-340.671493
846	-270.434394
3880	-357.942023
3756	-326.943546
2879	-265.401151
3849	-360.531172
30	-325.717105
3107	-281.504745
3179	-270.408713
83	-344.434906
1965	-288.555445
2929	-345.638912
2384	-281.469893
2693	-340.638326
1788	-345.646841
2580	-309.722373
2614	-232.164586
1864	-312.133063
1860	-308.507458
3268	-324.562156
519	-309.687078
2	-324.551643
1203	-261.802956
3460	-288.678290
1372	-381.574124
2474	-357.944802
2848	-339.419688
2385	-310.911571
2415	-340.676441
3026	-250.478855
1653	-157.116735
2583	-346.859078
1828	-284.993731
173	-396.486463
2939	-352.864008
3418	-308.467120
1193	-324.550139
1269	-307.563525
2051	-325.790442
1587	-322.133444
3430	-341.828533
3148	-324.567513
2211	-340.648620
3440	-322.135917
320	-232.333410
1700	-320.782427
2601	-333.464063
3112	-327.021680
1086	-272.587059
2707	-310.915408
1927	-361.739999
791	-309.662433
3393	-359.297522
2523	-344.512144
193	-307.285557
1867	-324.583096
2078	-324.575989
3297	-360.526636
1885	-345.647670
1117	-345.566120
2819	-360.551444
19	-309.720734
2372	-322.217569
692	-362.917261
2827	-345.615042
3970	-305.897998
120	-323.345161
3879	-339.483894
1874	-416.367317
1783	-320.761312
235	-270.375081
311	-287.724713
2916	-340.655601
2484	-344.359905
2595	-303.465315
2393	-324.608961
775	-344.469204
1157	-309.691584
2103	-346.834331
1296	-345.612257
644	-376.595314
2658	-308.461040
1930	-341.835805
319	-352.845678
1905	-231.145151
3155	-376.605641
784	-377.848074
243	-323.389193
2857	-362.899149
1051	-346.860404
422	-288.692943
2062	-303.437471
2285	-340.578657
2854	-325.810616
769	-271.361537
2117	-346.839895
2917	-267.068488
555	-361.677945
458	-340.699868
3715	-381.567301
3782	-262.035127
824	-310.952875
2540	-211.295796
3301	-371.491061
3935	-289.875063
2826	-308.764658
869	-327.026488
1238	-360.499088
1246	-318.406529
2987	-271.618137
2565	-345.591597
3545	-310.915918
3979	-345.651111
671	-310.897268
2148	-309.718089
275	-344.442225
124	-271.621961
1272	-308.486687
3267	-320.776472
959	-492.026657
3239	-361.708121
656	-376.605347
1685	-338.273553
1326	-266.616319
3085	-322.130736
242	-340.623533
3541	-379.527167
2705	-270.384180
2437	-356.692640
712	-294.081616
2760	-155.908941
2692	-356.663387
3190	-232.325947
3593	-304.614300
3700	-361.717469
1044	-304.687053
2572	-360.495461
654	-309.727166
1869	-269.207716
583	-285.016369
3037	-288.567911
2322	-355.508682
2043	-344.484341
1489	-266.777425
325	-345.637577
2748	-321.271406
1462	-312.136049
2644	-320.786990
1750	-287.645651
3306	-361.650084
3254	-287.469473
264	-339.450073
2979	-320.767064
3146	-289.872162
704	-235.696677
1295	-346.829652
3739	-324.566515
2503	-345.653983
3826	-372.742383
2141	-307.287454
3842	-376.587741
2608	-306.369631
2578	-324.576080
3012	-276.205920
2029	-380.417684
1873	-346.842529
24	-345.608180
488	-346.861837
27	-324.573866
1477	-303.462312
1201	-224.944660
1610	-196.406419
899	-321.230055
3251	-306.056425
3140	-284.987905
3436	-361.762744
1620	-270.431243
2374	-285.279236
618	-308.467888
3402	-234.522504
2762	-306.370119
1075	-325.751822
278	-397.667072
2296	-309.691365
2439	-324.485913
995	-360.542928
333	-308.507517
1469	-324.444698
532	-344.369744
462	-234.474088
3481	-357.941534
690	-375.420808
1904	-304.752598
837	-360.512026
1737	-323.398064
3030	-324.500475
3091	-341.869641
3237	-303.553222
1317	-344.393241
509	-307.238995
3414	-285.313674
2307	-346.859945
2326	-320.768781
2977	-310.909944
1349	-286.542391
556	-272.600604
2950	-360.498298
2429	-306.081547
1441	-303.469082
3124	-308.562031
2053	-320.769272
3531	-344.458268
1609	-210.001565
2909	-361.687451
2343	-325.781464
2430	-304.688809
409	-306.383308
1068	-308.470010
733	-345.660927
1445	-396.491525
3291	-362.911941
884	-276.202586
3271	-454.878708
3772	-356.752251
3919	-304.721921
143	-302.355005
3872	-340.691219
385	-305.159206
2282	-375.368783
2886	-324.530742
2433	-324.552283
3680	-305.904722
1470	-272.542270
1676	-296.285473
1097	-325.784473
1289	-344.439723
159	-273.773408
367	-360.491873
3246	-340.652252
1992	-325.723538
294	-308.506421
3963	-271.323381
3080	-344.436248
988	-341.827199
1022	-310.902683
2967	-305.841708
2839	-362.930315
297	-325.833945
3471	-416.384141
1996	-356.687774
3461	-320.776316
3448	-324.634377
397	-288.630839
844	-324.606050
3797	-376.587519
929	-272.832690
2701	-326.942959
688	-324.491475
524	-308.507004
2717	-309.726244
3281	-309.716743
2735	-309.690179
105	-309.727110
1721	-339.479764
1698	-325.800949
3201	-346.845480
577	-343.087962
1732	-269.170665
327	-324.607903
1578	-233.217482
2546	-248.018573
985	-320.770329
1380	-288.625728
1557	-322.456250
3178	-345.605421
2591	-325.773278
3539	-324.625415
3424	-348.051118
2853	-325.794835
979	-309.713440
1963	-325.761942
1630	-323.431776
3476	-304.737418
1323	-289.811983
3294	-340.693392
1663	-232.351764
3729	-376.562796
3553	-346.830674
2226	-276.206257
2740	-360.536920
1607	-303.462115
3141	-345.651109
3542	-344.409533
3563	-227.798785
3416	-320.770681
2923	-325.801905
1182	-304.738393
3858	-308.459001
2052	-325.809179
23	-304.679494
3719	-320.742924
227	-377.805829
2930	-310.906738
3666	-309.735874
340	-273.789697
826	-248.137789
70	-346.874234
2442	-345.636611
2542	-326.951186
2375	-360.564233
1370	-242.180146
1741	-345.629842
923	-322.135797
971	-324.624537
1567	-356.714706
2164	-304.744503
2991	-272.841336
3783	-310.912792
1956	-308.461475
1694	-273.743311
2213	-287.433999
1016	-305.129953
1028	-360.421732
725	-325.725266
290	-348.056024
2750	-268.301176
1132	-310.938583
3510	-340.674744
404	-324.595399
1316	-361.652250
1637	-343.503600
78	-270.472470
1761	-376.622507
2012	-382.788561
3211	-310.908555
198	-303.934323
429	-288.570364
3228	-381.648857
785	-273.796695
2934	-324.462733
2055	-304.724717
208	-270.399081
1446	-319.575102
1706	-382.777508
1194	-381.612648
266	-308.477155
2063	-344.402806
2418	-304.734646
2997	-380.371074
3915	-309.687698
93	-340.615011
150	-309.732713
1769	-324.569009
2086	-308.486338
2201	-452.728039
1236	-155.897345
1270	-307.571937
2238	-281.495234
2149	-341.878745
2251	-430.448052
3200	-265.433051
713	-308.484017
1070	-361.752301
3479	-265.289023
3196	-297.530335
2456	-345.610758
92	-301.343578
2982	-325.722723
1333	-270.359564
2411	-193.075202
1330	-324.575010
282	-325.714378
811	-304.567859
637	-360.557419
3981	-249.257629
810	-269.144656
795	-246.023231
1268	-344.411146
718	-392.601894
1670	-269.230258
170	-340.667287
3757	-281.482952
3021	-360.495540
3641	-360.485033
1835	-376.631067
1580	-271.339821
464	-324.485629
2450	-312.124760
2813	-232.063900
1945	-361.754136
1127	-345.659797
2219	-265.437885
2277	-383.973315
3571	-309.676719
351	-345.625747
615	-345.676743
1906	-324.613156
1895	-324.551432
3378	-325.831718
2237	-325.784144
2584	-360.567154
209	-308.493663
2476	-346.865438
1420	-286.516174
201	-308.561649
1779	-288.583563
3570	-272.514475
2167	-309.681554
3469	-356.686540
2243	-340.673964
3597	-360.539435
1266	-324.582035
1751	-339.469166
1949	-340.674935
2980	-274.983908
1204	-361.704371
2924	-348.045292
3343	-320.735225
3960	-336.825944
2448	-346.833271
562	-456.105229
3969	-324.609784
129	-308.512092
1937	-287.438379
452	-324.575287
955	-345.632414
2543	-376.588479
915	-304.734226
1503	-327.014214
3395	-248.436061
3882	-194.261089
239	-270.446608
2994	-345.597078
1206	-342.315546
3222	-344.494043
147	-345.615452
498	-273.791878
459	-348.056615
763	-308.429953
2861	-288.654312
3974	-323.433262
2350	-341.853951
3733	-309.678068
3534	-320.785748
503	-355.514134
3086	-360.507527
1845	-302.309526
3337	-286.438448
55	-335.683118
531	-226.107205
3821	-308.427345
1247	-325.770105
2946	-345.649552
3348	-304.715963
2066	-432.401755
2511	-250.500016
392	-345.637570
1069	-375.370023
609	-377.817369
777	-307.544712
3967	-273.758273
3217	-306.392828
160	-309.685140
3856	-306.313590
3100	-361.716824
1899	-308.478846
568	-303.458583
3356	-270.447268
430	-307.543210
1262	-356.712023
3702	-362.951503
2259	-361.734611
1054	-323.427722
141	-287.734664
2662	-345.635068
186	-340.606711
2902	-271.653205
729	-343.084333
431	-361.712798
2824	-304.720708
1806	-324.610229
3789	-273.762938
3310	-309.721850
2011	-270.099401
523	-345.565792
1928	-326.927990
3449	-297.510804
2877	-324.556404
1815	-345.663783
3532	-344.464356
678	-308.506580
2634	-326.927446
49	-396.507540
1089	-344.451793
1096	-309.689595
342	-323.351196
3404	-309.733988
2031	-269.170061
218	-285.311823
191	-307.610450
393	-323.334482
3775	-324.576188
2254	-359.388326
968	-308.470667
3363	-345.658313
2186	-320.782523
189	-322.167165
1736	-273.764207
2320	-362.876210
2154	-360.512793
1307	-303.460433
1494	-345.654016
2734	-309.719592
151	-270.397623
1073	-233.249538
433	-396.498209
1329	-309.710338
3663	-344.446747
2158	-340.663379
2414	-382.803358
2507	-291.014750
2966	-308.428791
335	-361.729115
1346	-308.542644
2123	-327.010026
3263	-285.326726
2475	-381.524347
2712	-274.985024
1229	-288.582662
2972	-320.764992
3135	-272.569212
2352	-288.589622
2590	-340.650928
2118	-324.560961
611	-248.364357
3693	-273.779498
3905	-395.515911
2085	-309.695312
499	-340.611683
900	-288.561991
1339	-285.316421
1072	-272.554773
398	-345.636145
820	-326.934229
3871	-346.859809
1373	-324.557383
2767	-340.635968
98	-303.553222
3868	-360.526225
215	-356.645883
727	-272.562906
3143	-286.432042
677	-324.594116
2198	-382.804255
1932	-310.911279
990	-309.684377
3117	-346.824942
2814	-325.804528
2619	-326.939536
1356	-271.372094
2080	-325.793131
1647	-343.242553
708	-306.313133
1920	-361.714679
1468	-345.650338
405	-273.804251
3128	-341.867138
2921	-310.904813
3544	-312.133269
2563	-247.215049
3659	-340.683837
792	-310.898648
115	-356.682218
3423	-308.555641
731	-355.501990
1850	-323.407987
439	-288.690999
229	-361.648305
745	-344.464270
163	-319.624414
2006	-339.486095
1909	-345.630398
2075	-345.606444
2424	-273.764093
3308	-381.582831
890	-344.458979
752	-324.557693
2250	-339.462492
344	-343.305175
1014	-301.385442
862	-361.764434
413	-301.369263
1661	-322.148261
883	-340.647778
776	-325.781815
983	-341.851447
400	-376.570473
3527	-309.716030
2754	-309.674575
544	-340.643340
2944	-309.687280
687	-346.841762
1980	-345.680616
1418	-325.725274
1350	-343.076530
2516	-309.661518
747	-359.350089
2061	-345.638357
2236	-235.698987
1961	-197.629416
2576	-306.418503
1251	-322.482659
1285	-346.860450
1952	-344.408452
3640	-309.692577
767	-346.861463
2653	-361.749428
521	-262.065493
1803	-270.394458
3494	-324.573795
3372	-309.705858
2668	-310.906004
2838	-324.547436
3900	-308.465445
110	-346.869123
3409	-356.696744
3435	-361.728293
670	-324.618078
1119	-304.733360
28	-324.630221
2688	-284.964138
1357	-375.307060
3158	-269.271320
2872	-288.581144
2844	-301.377995
62	-309.677968
2014	-371.537915
2302	-492.008892
1798	-312.126342
2942	-325.778444
1717	-345.603646
3536	-352.836930
2553	-302.545562
3698	-360.508088
1604	-347.456674
3097	-309.716094
3192	-313.554802
1400	-306.067385
3982	-324.592116
2005	-305.155985
1886	-302.286171
768	-193.039603
2258	-303.453218
1031	-304.643927
1802	-361.715983
1705	-286.218259
3785	-348.045948
706	-303.481839
575	-272.582834
852	-361.731511
2245	-308.434866
3410	-271.316922
3248	-322.477268
2042	-232.364952
321	-324.604397
689	-341.818686
3543	-287.318584
2594	-335.586914
3315	-269.176979
3708	-270.397474
1390	-340.660793
1782	-308.555419
1758	-271.616401
435	-306.309029
1976	-346.831692
530	-360.503506
2786	-327.009009
2622	-346.829131
3928	-377.799358
780	-308.769557
1544	-324.594826
901	-270.446915
3123	-309.702150
2033	-310.919833
3474	-309.730988
3554	-309.689751
1936	-360.564423
13	-360.526646
2060	-362.945811
3758	-272.557350
1633	-247.201165
355	-273.761263
1586	-272.837559
1090	-272.500426
1443	-346.867442
1793	-325.725688
3458	-345.693035
1718	-356.706262
3873	-348.051405
3017	-271.339346
2654	-304.679740
1452	-308.467331
732	-327.023478
1922	-248.132701
778	-324.573162
2742	-348.048844
645	-308.540795
1672	-336.831068
3279	-356.732861
2812	-381.619786
633	-325.759393
1680	-377.842223
3786	-308.759185
2628	-359.341296
3289	-270.437636
1995	-362.946041
2910	-307.536915
2410	-361.673369
647	-338.268974
2954	-305.915530
2436	-308.473229
1375	-345.645053
75	-381.566310
3634	-340.646592
3084	-325.781161
1077	-326.938562
3397	-356.702115
1764	-304.725676
2728	-304.742823
3167	-309.688639
3901	-346.822424
2291	-286.514923
1931	-310.900102
1601	-345.646864
3549	-323.437779
616	-345.676243
50	-357.934562
42	-376.564691
300	-324.602433
3672	-309.689612
2518	-360.566272
2313	-312.122262
3649	-343.292778
2204	-310.904876
415	-309.692626
3592	-323.367866
3302	-324.577047
2239	-346.823312
3992	-319.576017
283	-355.460155
3090	-287.362939
2843	-308.509454
1831	-323.386306
1695	-344.411060
1946	-346.841836
3951	-326.977685
3079	-270.401391
3812	-271.623066
952	-325.717725
73	-233.293627
1518	-309.683200
571	-339.423497
1546	-318.321510
962	-376.587043
759	-398.888473
553	-271.666055
89	-249.259410
2502	-309.685960
3862	-271.646263
3295	-231.069318
2837	-325.730097
3676	-346.840522
318	-310.954514
541	-325.714161
536	-323.348544
1242	-308.508254
3039	-341.851538
3247	-360.531175
1144	-264.255612
839	-302.254301
663	-323.347275
2596	-339.467484
3713	-325.748400
2772	-343.232602
2351	-304.614169
3346	-318.327053
1219	-306.334850
2016	-308.569875
3689	-308.467642
3486	-437.484875
642	-234.476516
2342	-309.680487
574	-271.665153
1772	-361.717972
32	-287.509315
3978	-282.861121
518	-289.791234
31	-359.310420
1866	-310.940708
3987	-324.506120
3932	-360.472117
3044	-363.519194
2935	-297.516418
2560	-339.452794
2905	-307.206439
1809	-324.559733
1422	-361.728608
1628	-345.637174
3520	-325.752207
1163	-397.709232
3832	-346.836423
2525	-324.569051
3638	-306.320806
815	-285.324641
2996	-324.566568
2444	-318.641916
2205	-318.391203
717	-380.401348
3853	-271.336383
1564	-288.555332
957	-360.490486
1893	-344.385273
2778	-325.711441
1037	-306.397746
395	-234.447743
2981	-327.026688
3899	-337.265273
1015	-344.454928
3444	-289.794376
3241	-319.515995
2803	-327.013853
94	-362.955075
2257	-307.238509
1644	-325.774769
82	-309.701458
2230	-262.056533
1385	-309.679840
565	-356.730212
2938	-346.875201
1684	-320.783029
447	-271.627826
3102	-310.903589
1516	-249.358446
1836	-268.273739
1817	-339.459612
2435	-229.013797
3707	-271.620156
380	-307.581989
794	-248.143861
3798	-310.941861
17	-345.612580
696	-356.709466
1491	-344.421383
1056	-271.618179
2863	-287.423372
2999	-307.237456
2598	-308.508949
2647	-262.017735
2354	-387.558484
1968	-324.538807
2765	-381.546975
1402	-286.203815
582	-325.833302
3723	-345.597175
2261	-233.260156
1925	-309.677276
3061	-392.552088
2777	-336.817321
2896	-356.725069
3261	-232.025930
1343	-310.895432
1590	-344.415609
3895	-325.808333
2666	-303.423742
946	-324.577279
1484	-273.817328
672	-345.661057
634	-154.960361
3577	-361.716705
1240	-310.907666
1278	-362.942040
3954	-271.611366
1437	-376.547304
2940	-339.418028
3419	-335.590859
738	-324.592221
3751	-339.491316
416	-271.318448
3257	-308.472221
2114	-307.528446
228	-346.859384
2858	-346.862070
2328	-320.732586
2136	-263.278851
3066	-345.688382
3888	-323.359825
1709	-326.941251
1947	-303.533559
1301	-309.679190
963	-345.645239
1719	-232.050342
3917	-274.985822
1559	-380.372123
3711	-303.469034
3031	-270.411205
394	-344.385642
603	-346.867624
1195	-285.287913
947	-322.454079
516	-312.134532
999	-308.512721
2641	-270.394309
1379	-325.731549
724	-320.775720
1829	-382.804482
3870	-345.605387
3530	-309.739069
3025	-324.573338
3339	-356.699649
2612	-345.627545
2759	-393.905418
2789	-340.629283
719	-309.693538
2763	-272.548325
3601	-308.749822
994	-323.428670
1966	-302.558699
3296	-345.650105
1575	-334.447259
542	-382.793238
3153	-340.622406
533	-287.720383
1180	-306.364186
2829	-340.622886
100	-361.702143
467	-273.793804
3199	-273.811544
569	-376.620836
377	-360.527122
1735	-320.791360
1479	-309.677142
2231	-346.825174
2441	-310.909223
2947	-355.510313
906	-383.969892
3189	-324.510378
2137	-324.588239
1066	-375.344926
3374	-324.551244
1701	-344.428649
401	-325.712603
665	-288.571762
2034	-345.586124
257	-324.569867
3293	-360.535142
3523	-325.728070
1172	-357.927353
3275	-308.757315
854	-383.971058
2465	-339.464024
3209	-346.834502
2335	-346.825562
339	-356.705991
3238	-340.667053
1223	-324.586663
1903	-309.678054
3748	-376.556657
1306	-288.682324
3288	-348.045786
1887	-361.696319
382	-344.494711
1861	-235.696852
1889	-361.731388
3236	-310.912270
3955	-323.391458
579	-281.480583
1017	-308.419735
984	-248.443503
3427	-325.793904
546	-306.365166
1596	-492.022084
2545	-324.614082
2129	-356.722498
3465	-324.548021
2801	-310.932716
2160	-345.674929
2127	-308.519863
2405	-318.344936
2557	-273.774103
2499	-376.539208
1154	-310.937644
334	-245.983375
1050	-304.643392
1298	-308.505512
301	-324.570823
2776	-313.573888
1057	-391.518453
453	-375.430225
881	-234.470813
3048	-381.616883
868	-312.124574
1455	-381.570969
1110	-325.781398
943	-303.497783
3362	-345.632413
64	-362.945802
4	-270.439280
289	-321.949791
2193	-383.976576
80	-392.672883
1214	-341.865386
3931	-288.683173
2270	-355.497046
3623	-341.892484
3644	-345.587398
1638	-344.481904
1612	-310.902795
2811	-326.944158
2071	-246.029150
1145	-312.129019
3661	-287.358011
1900	-309.689410
3717	-275.014300
357	-307.245430
3799	-291.018995
3206	-346.853173
3754	-324.570035
436	-360.521191
3802	-356.724118
3432	-297.523580
3808	-345.614760
1555	-324.529724
3980	-372.708066
941	-340.652570
1281	-308.457113
3866	-341.882531
3790	-286.502445
68	-286.519735
2694	-317.396153
3784	-344.450127
3115	-340.620294
272	-322.161948
3060	-270.441145
2021	-346.818246
2862	-309.693471
3214	-344.426062
2976	-356.737615
3087	-392.563319
1156	-154.972731
2288	-345.612787
2144	-324.574829
2834	-325.699665
1485	-309.731369
1632	-340.673967
1085	-231.092208
939	-344.481802
1589	-324.608694
1944	-325.796840
1834	-381.615289
651	-232.334436
3830	-346.817778
2182	-340.610000
1177	-325.808092
1998	-324.536830
1868	-326.949224
1228	-345.640969
3844	-308.450468
138	-362.875317
805	-309.658574
1704	-274.984793
1099	-231.975652
527	-324.629301
1290	-345.660459
3673	-309.691463
1131	-324.580815
2087	-286.484121
982	-307.235414
408	-208.863267
2497	-325.763216
195	-296.296482
3109	-324.582824
1311	-288.545722
1413	-247.214861
3050	-303.940271
2286	-309.728265
2963	-287.651399
3249	-325.739818
1273	-355.513035
2024	-306.349032
3024	-251.729571
1550	-301.345683
3220	-273.806349
2804	-344.433943
3686	-344.462681
2865	-342.307696
153	-347.466594
2602	-345.645491
3846	-318.393987
2719	-286.477365
162	-232.324966
3701	-248.211932
3316	-264.261826
3451	-319.606765
3361	-324.558989
3273	-288.589678
2498	-288.539500
183	-362.962787
2462	-325.752244
3648	-324.631468
1800	-212.439286
936	-382.773457
2711	-322.460671
3368	-308.496367
358	-272.544323
2481	-324.614891
3619	-325.779372
224	-324.628594
1232	-336.811744
2737	-322.442708
1692	-362.862736
3305	-310.955141
913	-352.855499
2324	-346.831385
1880	-346.873992
3502	-376.564063
125	-228.992613
1258	-344.472090
961	-326.950279
2094	-325.812885
3181	-307.209274
1918	-319.573117
3956	-345.698757
3013	-346.883127
139	-338.257996
3034	-360.418556
332	-304.692914
734	-233.242250
679	-340.668108
3653	-309.763576
3373	-271.613890
2894	-309.717750
3321	-251.726162
874	-271.611192
1629	-272.526778
2841	-360.524422
2175	-324.545475
3345	-312.120708
1209	-392.612820
2550	-271.628346
3376	-273.775510
3375	-324.594534
3538	-271.350701
3939	-317.386479
3688	-322.476720
2151	-289.802108
1547	-335.613384
2534	-362.960595
56	-345.599154
720	-381.594735
3176	-432.852890
11	-356.688211
2155	-343.243883
3506	-320.804155
3290	-341.859618
3250	-360.517106
194	-308.496245
1814	-360.537947
58	-304.683044
1253	-312.126356
2072	-344.431636
2822	-310.902197
324	-307.534482
1969	-360.529678
3767	-324.568597
244	-346.835129
3340	-229.879598
1752	-296.265627
506	-234.516241
1821	-308.473320
234	-308.467880
3382	-341.145624
2975	-345.579201
1863	-381.631601
3965	-273.764529
384	-343.291812
2133	-323.338627
622	-341.886905
949	-344.463502
135	-301.341304
1753	-375.351387
337	-312.123120
2300	-453.655583
3208	-288.572843
857	-245.711897
3347	-286.510514
3093	-334.424572
3575	-309.736328
1777	-265.408147
3620	-359.351415
2637	-325.687098
1677	-344.412416
937	-306.397642
2216	-308.505718
2832	-250.585843
2443	-288.547509
1427	-340.646339
1471	-346.857623
2992	-343.202564
3983	-322.115604
2417	-336.838171
2664	-348.047695
1059	-303.436180
3528	-233.262752
2369	-273.760271
3062	-381.573048
3256	-153.459846
1712	-345.612640
2689	-309.673807
1762	-361.755551
2548	-340.654465
3578	-286.432515
1614	-325.736331
723	-361.717032
2567	-320.795216
2131	-320.777849
3953	-325.792503
2732	-324.579850
3650	-382.756764
3101	-360.503577
3292	-326.937372
1545	-308.468255
2610	-309.711468
161	-285.276468
629	-309.712115
2099	-288.573876
1143	-367.635675
1757	-285.313612
851	-270.117027
2466	-325.785959
3499	-309.702237
3907	-291.017966
448	-346.831139
925	-307.567279
756	-325.798888
3794	-317.361117
2684	-310.940657
1722	-362.946707
3710	-308.565933
346	-307.586014
3660	-288.651313
118	-352.905052
1986	-344.459234
2796	-345.678871
2588	-376.538277
3804	-324.573632
2697	-360.495788
3311	-344.433172
2866	-344.431605
3269	-381.624381
77	-348.062001
3514	-340.654233
2318	-348.039301
1823	-340.656176
3681	-310.914919
3741	-169.860788
3099	-324.530718
1448	-372.747155
3780	-323.320574
2714	-398.878264
7	-309.722879
2517	-308.462063
2642	-324.578146
3747	-324.521162
3227	-348.043668
1825	-271.656372
1543	-323.360471
2802	-325.804486
2609	-322.351046
1005	-273.786179
2268	-302.558547
2599	-355.457663
588	-309.684571
3946	-286.438084
1398	-234.469383
1967	-288.573475
2613	-338.214346
2752	-381.632242
2090	-308.473428
587	-307.283919
2184	-360.501473
2496	-326.954795
1678	-310.955296
584	-309.681686
1924	-340.591587
3058	-247.214450
2821	-308.511516
711	-341.849127
3398	-304.686259
2017	-310.940345
3018	-345.638117
2355	-336.816043
1239	-356.710448
822	-336.845442
3889	-360.533387
1858	-343.238086
2407	-377.829134
460	-360.488733
1461	-346.899170
3496	-302.303890
1207	-324.584396
417	-344.440065
3205	-341.842686
3706	-345.687338
360	-346.890881
3902	-382.757521
3551	-345.646761
3445	-286.508374
2397	-308.772292
3010	-361.720579
1041	-371.504707
2494	-274.984732
121	-361.711483
2440	-317.433049
1669	-287.426878
1910	-326.978724
3405	-269.206920
2761	-309.696507
3738	-274.982053
3732	-320.774305
2353	-281.504579
2247	-348.046805
585	-229.918003
1023	-309.663477
2847	-307.566260
2150	-324.570860
1929	-324.551800
1309	-287.723848
1047	-346.836177
1832	-309.737802
973	-325.790444
2241	-346.857051
3173	-325.791830
640	-345.616264
799	-310.910909
3336	-308.477672
540	-346.830523
3144	-308.472241
5	-351.628383
3854	-346.867382
2702	-309.685148
2180	-340.665904
3651	-303.463214
3157	-335.619981
597	-309.683901
2026	-272.837907
2510	-325.797299
2651	-273.744309
1396	-346.886411
2065	-340.537496
3032	-360.508895
2541	-341.834413
142	-307.594137
543	-310.937295
1428	-265.391486
1756	-326.935440
1569	-234.503085
1325	-356.758284
1907	-346.819476
197	-233.549368
1566	-380.438011
590	-346.857871
2715	-345.709596
1282	-346.860539
2625	-291.021574
1438	-356.728392
735	-309.716570
604	-320.777491
3690	-346.829378
2464	-297.555801
3150	-310.942587
2457	-382.757134
2764	-195.179738
494	-345.611057
2431	-309.684774
2652	-317.377404
1675	-271.277972
2229	-319.560814
3411	-286.134060
757	-345.678211
3130	-270.427802
2427	-339.474134
1091	-309.678344
2172	-308.472272
916	-345.608831
3113	-324.531139
1196	-346.840727
3518	-340.655390
659	-326.976670
2177	-346.868453
2377	-236.916033
607	-301.373496
1492	-310.927319
1387	-361.698635
1624	-340.670034
1046	-271.618580
1321	-234.472577
2116	-340.646768
2223	-288.657055
2473	-324.497671
2120	-381.630205
2953	-348.047609
2228	-308.518356
2871	-308.460407
72	-325.720699
2956	-360.528914
3617	-345.608658
1142	-309.702591
491	-287.737498
375	-346.857432
3637	-309.764115
3817	-288.554600
1221	-344.436348
3507	-376.594067
1837	-381.574917
3697	-312.119261
303	-375.328197
3834	-324.589539
2059	-345.674176
1009	-266.763445
3367	-269.216969
3498	-381.585231
1319	-308.560759
95	-351.666551
399	-304.735224
2050	-362.937518
1942	-382.751274
3720	-308.561301
16	-273.806874
2758	-309.696640
3103	-340.631134
828	-361.684892
1052	-361.770383
3669	-285.267165
2035	-249.294409
3380	-345.606939
1554	-320.728167
1299	-348.043466
386	-325.776001
3174	-272.844804
1572	-322.170570
2013	-343.195410
1078	-309.738888
2948	-382.790431
612	-397.697891
1679	-288.576381
3463	-304.735360
213	-249.281074
40	-344.338878
2333	-338.234590
1921	-310.904960
1297	-345.621773
1595	-309.686571
3579	-356.677429
1292	-323.652284
1074	-304.697680
2074	-285.300440
1790	-345.664882
91	-275.011437
2079	-363.517297
593	-303.525517
179	-362.928160
933	-270.430832
371	-380.374978
1360	-362.941781
2207	-301.330754
2001	-346.833365
2311	-193.034988
1265	-227.324775
1109	-333.411326
3918	-289.794194
594	-325.809558
3526	-249.285024
1434	-344.482088
2747	-301.332569
1335	-283.156647
547	-360.540793
57	-345.635513
102	-307.230370
3750	-346.838572
3922	-270.394284
3876	-304.574737
2559	-319.571638
2367	-361.723620
3401	-338.175569
1784	-324.497693
1345	-376.540686
463	-309.715058
317	-325.797397
2918	-271.326117
3512	-340.641866
3874	-323.344889
3877	-340.623773
832	-308.470270
2671	-344.377098
1744	-288.535621
3169	-310.902849
2192	-307.232824
1498	-340.654582
620	-346.820834
3324	-345.641848
1425	-288.648476
2447	-323.330261
1112	-287.644079
664	-335.632054
1875	-242.186010
918	-310.917344
3116	-312.128429
2301	-324.616647
1103	-273.764642
684	-361.753989
2869	-306.113519
1960	-345.602645
2793	-306.384286
3407	-343.517848
2825	-360.576433
847	-324.608363
1902	-324.615795
2570	-324.626187
2744	-288.573110
998	-302.306196
2076	-274.982287
1552	-346.865957
2571	-309.686348
2533	-265.438520
2898	-310.940190
3076	-247.198000
322	-346.832352
1410	-273.759553
3749	-249.363949
1392	-353.321142
2266	-289.766576
1511	-271.315027
146	-377.813815
2618	-361.768020
1971	-362.906662
2787	-324.505365
2585	-249.269471
2881	-345.594203
3590	-340.660106
1699	-272.541597
1231	-324.569596
3746	-309.736797
421	-288.627624
25	-309.712046
876	-325.807685
122	-339.419649
1486	-380.373644
1411	-327.023352
3137	-272.533448
54	-195.186228
534	-324.575799
1813	-307.550360
3973	-356.659922
3796	-341.875439
2870	-289.872470
1978	-281.485530
251	-265.386781
1650	-341.836348
2564	-325.789398
3503	-266.630629
2544	-381.632480
1280	-356.683566
495	-342.297848
3773	-345.602641
924	-324.528533
3898	-356.700248
1799	-346.861635
628	-325.726991
927	-340.676668
1431	-344.392695
2852	-274.986857
2048	-235.699029
2088	-362.871515
2636	-306.112153
3266	-287.736841
1465	-382.796989
669	-377.780670
3843	-309.717869
1178	-382.751729
2189	-325.762375
3602	-361.683811
1084	-309.711894
2574	-273.812881
2073	-345.600119
3104	-310.941183
1304	-356.679729
178	-188.042067
356	-372.741729
3906	-309.685651
1593	-335.598739
921	-325.682121
3156	-362.941094
2345	-342.329232
2010	-323.385837
312	-234.485640
3216	-344.380260
2330	-287.681216
3743	-325.726182
867	-283.179781
291	-304.683134
930	-346.898838
149	-380.415966
514	-309.685045
2098	-327.020807
2049	-344.463291
563	-345.644179
566	-303.472917
886	-304.728323
353	-197.632222
1953	-308.457242
2723	-324.554067
1038	-267.106213
1652	-301.316399
2056	-325.729141
3565	-286.474509
2508	-324.574476
1812	-307.275809
2706	-345.667357
1250	-309.686189
744	-249.332005
3262	-235.693825
2083	-322.434119
1101	-307.244627
2649	-381.581036
809	-361.738091
277	-302.288351
326	-236.917664
1065	-360.485823
3610	-360.476593
858	-340.661797
3015	-359.362011
2630	-282.871678
1060	-345.713205
1513	-306.368494
3391	-306.403144
2600	-307.237880
2741	-297.520999
2197	-309.684327
476	-397.686127
3468	-345.710017
1842	-362.894239
2687	-377.816463
1563	-376.575382
2864	-340.658990
3033	-325.785262
3508	-309.675176
255	-309.672030
889	-272.539307
803	-325.789564
1013	-271.300649
3349	-207.916786
2459	-273.761223
3304	-346.843297
3682	-291.017820
2495	-307.596472
2755	-381.595252
2962	-309.686114
3765	-453.654335
2091	-346.904050
2569	-281.476967
2488	-363.508158
3537	-346.860694
2339	-326.954728
662	-341.843824
2725	-269.218553
3734	-326.940196
572	-356.752533
2472	-209.159302
2426	-340.650391
363	-320.778723
1570	-325.783642
103	-291.024232
1697	-345.613396
702	-379.000257
2064	-309.687401
2532	-301.405558
1192	-326.947461
525	-273.812813
1217	-325.773675
691	-361.734668
2893	-274.985796
2402	-235.696227
3203	-308.459279
1493	-335.643923
185	-361.726913
873	-273.763068
2677	-309.684577
217	-271.648392
2483	-322.158791
1208	-345.608535
2724	-376.591176
2690	-231.093096
3359	-325.733758
3801	-310.937414
3213	-339.438949
3522	-309.691414
3490	-359.315205
1162	-309.684472
554	-340.688787
2281	-345.643890
2661	-323.448833
1256	-312.119596
675	-346.827397
3735	-360.522940
3622	-304.726439
1210	-340.641282
176	-308.554162
750	-344.384630
3482	-281.480993
2482	-268.321270
940	-325.787515
2391	-310.927566
2365	-345.689766
2047	-286.246880
2027	-376.585000
1440	-270.441325
76	-325.685245
1810	-288.653294
1276	-340.667317
2287	-310.905485
2359	-360.468392
61	-308.462933
1789	-310.905299
2305	-376.633716
2128	-308.504896
2215	-289.795079
3320	-310.952127
578	-382.825717
196	-341.759398
451	-362.932378
1760	-326.940002
177	-362.872710
3585	-308.497008
1524	-272.550818
586	-376.582598
3162	-324.546164
273	-323.312375
245	-340.656722
1030	-309.683546
3883	-308.516508
539	-341.886521
580	-360.537290
180	-360.505528
3625	-326.948771
3607	-325.801523
1531	-345.640098
1211	-286.498633
3908	-272.847530
1401	-307.265351
1537	-309.692993
1093	-325.718074
412	-372.768039
3740	-356.684693
3811	-274.982348
474	-281.476832
3186	-346.829695
2338	-268.888303
804	-248.395289
1801	-301.335636
3961	-308.561152
2007	-308.499105
478	-119.052475
639	-270.405973
2704	-320.786981
2506	-307.526911
3936	-326.951067
1627	-301.363590
3485	-324.614459
2280	-359.345792
3833	-324.559324
1656	-323.352987
407	-287.508781
2460	-345.631797
3770	-272.544060
3425	-324.547564
1794	-325.712420
3215	-320.793270
1436	-375.359407
1734	-359.354596
3559	-309.721434
3505	-274.983383
1849	-324.547957
3095	-339.431197
715	-285.275928
570	-275.012535
1377	-325.768959
1341	-301.373831
3569	-272.588302
864	-323.337623
1990	-281.482892
3727	-285.317454
2134	-344.433965
2526	-340.601771
1123	-375.393636
1853	-359.314227
3884	-323.333263
1224	-308.420805
2404	-323.340989
1129	-340.618148
2908	-271.620997
2046	-286.493052
1926	-273.773955
632	-361.705069
1198	-308.449457
3170	-271.626697
1389	-272.510742
3546	-233.219124
432	-344.390227
3944	-381.563295
1100	-380.373569
749	-249.280474
2640	-398.880824
743	-309.719124
2631	-380.316551
1896	-326.971392
2738	-324.555069
256	-308.741915
1055	-345.681183
2467	-325.805017
1355	-361.727678
3836	-346.833711
3626	-310.902465
1340	-271.616723
308	-303.428586
2153	-309.673226
1226	-195.226072
1765	-285.335887
1088	-291.017433
819	-276.204532
812	-308.509197
2290	-343.224836
2695	-346.871133
1254	-325.753541
1039	-360.575277
3412	-335.628480
3609	-269.176442
3925	-325.718488
596	-325.754527
1147	-304.755780
39	-340.687222
20	-270.370102
3232	-345.686487
1200	-346.908492
438	-381.565482
3658	-309.682445
891	-325.767721
3089	-327.025329
2399	-308.430606
1378	-346.867789
3524	-308.455477
1740	-376.599676
1786	-325.785038
2729	-323.315925
3818	-308.470796
479	-77.308427
2722	-344.423318
926	-345.680086
3950	-270.439135
2104	-379.006904
71	-346.864282
3329	-310.909123
86	-190.624631
2984	-362.935648
3226	-339.491316
3052	-291.017787
1933	-270.396100
3105	-346.821661
2907	-344.466563
296	-345.688916
211	-357.939331
1412	-242.195730
3567	-309.693494
181	-412.528245
789	-324.581906
1160	-286.467220
2513	-345.631685
599	-343.312201
2519	-323.585680
487	-307.223588
3072	-340.671263
1120	-353.283458
1838	-356.685238
3131	-303.560907
2471	-288.628801
3255	-345.578846
2252	-382.779570
1488	-320.766344
1133	-308.517070
1991	-285.282532
1959	-324.603913
3129	-361.692023
3704	-348.035847
1804	-324.542706
3621	-346.815715
3231	-380.446861
2132	-377.826580
444	-340.665581
1449	-308.507220
298	-377.795528
391	-345.584667
2412	-310.904086
1205	-304.682331
2248	-377.773452
592	-307.614861
545	-356.698773
2162	-340.613712
2970	-339.501361
2620	-324.587670
1979	-308.462923
2922	-352.890573
1331	-310.941319
2115	-266.626759
703	-340.656580
343	-360.502305
372	-337.283890
2395	-297.523583
3916	-273.810780
903	-309.685872
560	-344.385047
2224	-307.568767
1082	-310.901659
3122	-232.329070
1188	-306.054267
1594	-323.433551
468	-322.150234
2554	-345.649886
1826	-285.242094
1158	-268.251114
2842	-308.450204
128	-303.785832
2303	-309.719920
3857	-340.686134
1149	-325.796862
157	-376.519880
2183	-339.459869
3847	-356.693135
3495	-288.563768
1453	-309.720334
2971	-312.131841
1183	-325.750970
454	-265.283843
3511	-324.552260
2146	-310.932540
2969	-286.484904
2501	-232.377706
1245	-310.907810
107	-307.580090
1662	-377.834156
1136	-271.296056
2142	-324.624987
3813	-340.620847
1098	-356.649302
1369	-392.662003
515	-287.727890
1673	-309.733829
268	-362.957295
1048	-286.495416
3600	-325.781571
1602	-318.339586
286	-324.563745
1938	-341.826148
1603	-232.363630
279	-306.012858
3053	-490.831786
3726	-382.754967
376	-309.732528
3234	-287.349937
437	-309.705971
3138	-345.651520
3724	-324.573480
1381	-303.795699
1623	-229.615446
1261	-268.282665
2235	-318.409670
1739	-303.454720
1337	-286.498779
830	-320.767103
3182	-287.440436
65	-312.125621
3615	-210.071468
895	-356.728690
3766	-344.436564
2163	-324.503356
3517	-396.475511
3962	-341.865856
1771	-287.657053
1260	-270.417842
3003	-325.798735
1917	-325.790782
3028	-346.861640
285	-249.362379
1746	-396.470299
84	-345.610574
2458	-361.683558
2267	-291.016020
1797	-194.267232
440	-307.226474
833	-325.761605
1222	-325.805865
573	-286.504534
2660	-307.582044
1664	-310.904974
3312	-323.647099
1433	-325.729800
3613	-308.483617
493	-336.819674
2638	-309.688194
87	-490.834069
2357	-325.754267
2903	-308.505951
1592	-271.616430
1365	-361.755045
3164	-344.379764
1155	-272.838189
22	-324.575190
726	-346.870614
2323	-310.954565
3396	-273.815873
1501	-288.653529
1943	-325.729335
2529	-229.969129
323	-309.647349
140	-309.676929
754	-361.718210
3204	-306.313706
2408	-356.708234
2874	-309.725707
3611	-324.577560
470	-303.460335
3073	-309.734862
2911	-289.871661
1108	-341.839596
3630	-287.660591
953	-392.650949
643	-345.663386
3284	-343.290242
1371	-288.596392
2025	-249.363808
445	-319.610687
2492	-396.477101
3420	-306.358581
1618	-345.629039
3972	-359.339915
2381	-346.856604
3219	-339.428557
2283	-231.111403
3309	-274.989422
3096	-338.175960
3006	-308.470648
259	-309.735245
2524	-392.642251
2840	-284.048718
1611	-348.044714
2276	-309.679242
1599	-304.689816
1898	-360.497612
3357	-361.779217
1199	-377.813742
2314	-345.658870
1429	-288.579114
1690	-339.426816
2233	-319.556235
3417	-354.292460
1451	-348.052763
595	-340.652012
3240	-338.234966
1768	-289.789940
977	-285.160699
354	-285.174014
2194	-273.757530
1859	-324.577613
3904	-356.716094
117	-211.295163
550	-319.568017
1481	-376.634518
2593	-321.252793
2856	-376.586976
1386	-362.967171
434	-338.195462
817	-345.619715
1010	-340.666160
3121	-344.419977
3004	-288.652346
2629	-356.679047
699	-307.243079
935	-269.154939
3504	-308.561061
1348	-309.683859
3643	-309.660190
2703	-309.722894
2388	-309.695742
975	-357.171724
3576	-325.729906
1454	-288.652757
648	-287.422111
3224	-286.504546
3959	-305.831035
456	-336.811524
1530	-272.549380
1713	-323.381747
1710	-361.726166
2810	-273.763107
1006	-336.843788
1897	-197.629387
2178	-339.455981
2373	-302.564379
2556	-321.958604
551	-382.817123
1064	-276.202311
3614	-288.627505
2520	-307.284294
1608	-361.758032
220	-276.205821
1168	-308.454820
3110	-236.917458
1184	-286.506282
1499	-320.779994
1729	-361.740062
123	-269.263476
144	-271.323089
485	-250.585183
1939	-242.205627
1102	-116.609549
52	-345.627428
3166	-326.949535
887	-361.720206
845	-40.478930
3355	-345.648365
260	-359.369049
1877	-287.407788
2727	-271.330291
1562	-309.676327
2400	-345.592410
155	-324.571682
1032	-346.816694
88	-345.655534
1259	-288.590804
341	-273.735711
2818	-335.618370
461	-273.773506
974	-303.468081
1140	-304.683966
1973	-340.637231
1267	-341.841438
2936	-324.504178
3136	-340.660061
3604	-273.812100
1911	-272.582516
2773	-325.684055
1161	-308.513516
3223	-341.794931
2304	-286.431160
2371	-307.253245
1888	-276.201993
700	-310.938181
2196	-338.559964
3054	-269.129580
3964	-336.853985
1994	-383.983835
1556	-340.659506
1514	-320.781098
989	-272.839582
406	-359.295180
3589	-324.543443
3333	-361.709769
1548	-306.308471
1176	-288.584832
3394	-376.613178
1553	-323.448965
2581	-234.469389
3687	-325.793945
3631	-303.560350
549	-372.785072
3046	-322.057728
247	-304.688358
1388	-250.583643
1234	-325.796704
2920	-326.952797
966	-339.467091
3314	-305.846541
2486	-307.239887
3894	-322.469844
2739	-362.946034
2538	-344.417597
2081	-273.775864
2070	-114.483613
2573	-307.303421
411	-397.680771
3837	-343.468335
200	-345.625804
1464	-381.610550
1686	-288.648208
3737	-361.714817
591	-325.760915
992	-377.811306
3491	-361.750275
3443	-346.866543
1517	-359.342366
3722	-308.759135
3709	-340.613243
2089	-308.469081
1674	-360.499243
390	-306.070291
490	-231.142581
2108	-267.944278
993	-317.364547
3787	-381.580675
1538	-348.050463
46	-372.766726
878	-308.466070
130	-274.988525
1139	-270.382725
1423	-344.413850
772	-381.599310
2645	-362.923114
1435	-193.963318
657	-270.392759
2119	-323.665987
3331	-233.545899
3753	-271.652242
1118	-306.032266
1113	-234.484521
2830	-325.800699
1460	-309.684108
369	-361.733362
655	-325.771459
730	-336.821088
600	-268.859550
951	-307.548619
865	-304.728720
605	-456.103432
1058	-324.585402
192	-310.897684
1347	-359.361259
3744	-339.414779
2878	-285.336744
1407	-235.694798
1613	-346.890723
3761	-352.866322
619	-325.787161
3145	-324.570872
3318	-308.513124
1174	-345.614442
1981	-306.313924
1121	-333.449362
38	-309.736982
284	-360.500454
681	-312.126544
3897	-324.519277
1189	-287.322957
683	-348.060054
1654	-360.518768
1496	-268.248371
2685	-344.426408
1500	-345.609230
875	-376.554863
2964	-362.945907
2797	-345.646914
2691	-308.505543
3914	-325.805781
3819	-397.692021
2768	-340.690205
2846	-273.780933
861	-360.488871
2200	-344.426799
2795	-379.572458
601	-324.603558
1185	-324.558175
1870	-309.686187
2751	-273.787799
2949	-346.838702
3891	-346.821929
1053	-340.610046
2265	-360.469291
3334	-325.800680
1283	-345.605635
3606	-310.906553
1634	-324.563073
2933	-360.538112
2683	-309.686061
3459	-346.831382
1659	-487.002792
1508	-308.462196
3019	-301.357437
3831	-451.528971
99	-336.813559
1175	-361.742598
3473	-360.527434
3665	-323.329494
2135	-346.861074
2805	-272.587161
2069	-346.855971
2246	-287.318502
2420	-340.625366
1026	-325.765414
3472	-340.657197
1344	-341.767606
2174	-324.606491
1426	-381.607770
51	-283.168740
1167	-309.729139
504	-356.680129
1367	-325.812267
2800	-287.478272
1890	-371.608385
2452	-344.424745
2676	-325.784384
2382	-380.343633
1042	-305.904676
263	-341.853650
1660	-274.985107
1094	-304.696023
1444	-304.691748
766	-312.133805
2674	-342.352279
1558	-270.389386
3383	-360.602876
3040	-360.506446
3125	-308.510840
1506	-339.437849
511	-320.778636
2274	-308.463553
3825	-93.411888
814	-308.509272
2913	-361.630982
3646	-305.130313
3573	-325.730390
2363	-324.610150
986	-347.459586
522	-309.680641
1816	-344.357220
2770	-288.588657
1984	-287.441165
2769	-376.563238
2505	-344.440744
2084	-361.708021
1846	-344.370966
287	-307.560718
2030	-273.804223
3941	-231.108368
2455	-344.431301
773	-309.674485
3841	-371.541704
1432	-324.522792
1527	-271.621836
1417	-381.586740
3587	-322.421320
1742	-288.583008
2960	-271.360631
2536	-273.758980
928	-345.665412
501	-345.630685
1277	-309.706892
3500	-323.345473
840	-289.871520
2836	-345.652670
3191	-284.360325
3984	-344.418857
3184	-308.439671
3763	-344.416821
1912	-310.915653
2218	-325.756157
1034	-356.732791
1522	-324.485746
403	-272.843742
1521	-323.665247
3497	-392.627857
2798	-307.259167
761	-312.126820
3341	-291.021228
1019	-327.016183
2928	-324.540084
425	-289.769718
2906	-340.657508
2067	-280.248350
171	-361.745138
1213	-324.530103
3154	-309.714008
1397	-271.624640
1948	-195.158734
2959	-289.795007
1854	-382.743932
1165	-309.706371
441	-380.414967
2639	-302.580808
1079	-287.347000
3330	-323.360126
1645	-324.477059
2868	-270.407057
3865	-362.899954
1560	-340.645686
1249	-272.543724
69	-265.441614
557	-312.122696
576	-345.655968
1257	-346.855622
3927	-323.326298
2876	-360.574465
1294	-345.612830
3752	-345.686524
2873	-307.545713
1665	-336.802871
1997	-271.666841
3307	-318.647923
3716	-361.720799
3557	-344.382663
1711	-345.611239
500	-308.452306
3047	-285.293918
1002	-287.689262
2147	-382.781806
442	-356.712228
2487	-361.694757
383	-361.702346
1361	-346.840635
396	-372.782655
842	-360.514766
2095	-348.034975
3952	-269.175627
2815	-324.570906
627	-359.304956
3455	-270.401061
3322	-272.536448
1636	-233.551389
931	-361.763293
2500	-286.498235
3867	-356.726146
802	-359.306313
2552	-340.624424
81	-318.390876
2463	-288.576502
3352	-272.834623
3712	-300.148891
3778	-309.700675
1988	-312.124451
3933	-307.569255
1565	-325.735821
2312	-344.416076
1062	-324.496997
214	-348.052027
3036	-310.907823
3389	-309.689740
3351	-285.306999
1474	-340.654517
3120	-309.689111
133	-271.642927
3287	-271.458576
1202	-361.725394
917	-323.320690
3464	-234.470922
2329	-324.557240
3885	-304.728655
1894	-360.532510
3446	-306.044918
370	-356.698196
1631	-345.642285
2106	-286.476486
15	-288.542593
2855	-268.917900
3755	-341.874216
1181	-323.657279
1687	-344.407598
3277	-354.254979
1106	-231.106310
2746	-247.190194
3452	-361.758902
827	-303.556664
486	-288.678720
482	-272.599303
912	-323.344400
2264	-346.831590
2432	-274.987245
2041	-346.821470
1092	-360.552974
674	-346.879260
3002	-269.479234
426	-362.933001
174	-229.928448
2356	-323.346816
3667	-249.293044
3366	-323.268818
2887	-345.641890
1263	-345.642008
14	-302.238859
9	-344.468531
3000	-309.688191
2068	-308.471269
779	-356.732185
1087	-324.508933
1033	-339.482903
831	-346.867207
3202	-310.908741
676	-272.584377
3212	-360.575745
1532	-309.731599
1597	-336.805704
1173	-344.465017
1643	-310.910140
650	-193.034094
3588	-272.549011
3370	-396.486664
782	-361.678341
2667	-308.455402
2271	-310.916474
613	-309.689486
1293	-271.369084
1755	-304.686811
701	-265.396194
1666	-289.872246
1881	-361.772040
3547	-324.582904
2849	-355.442748
1749	-302.579654
3731	-310.913156
126	-274.991042
1551	-324.575851
2262	-325.780603
1363	-355.525451
423	-304.694187
2185	-344.343476
3106	-273.735646
1241	-345.608395
753	-361.710299
2932	-285.320198
3134	-271.319942
3132	-309.670613
2454	-288.578155
3612	-309.738513
469	-325.775843
3976	-273.765901
513	-355.518342
507	-309.697879
2955	-346.822341
457	-380.372151
3092	-340.610697
3828	-288.650589
653	-344.473681
1841	-325.788368
166	-325.729970
834	-346.828689
465	-266.553159
2790	-287.732329
1780	-345.606551
2656	-376.622509
3197	-309.714859
877	-359.317823
1148	-284.062954
981	-303.499320
1467	-345.613895
2670	-326.934805
3574	-398.876124
2020	-272.514099
169	-309.688569
216	-307.283509
3450	-382.824468
3921	-343.218379
3067	-271.304881
1310	-307.529289
3501	-318.409788
2530	-345.673444
1376	-348.053064
3776	-320.773105
502	-306.349558
908	-310.911406
2756	-153.742562
1332	-209.144909
2309	-272.583285
835	-320.740782
2606	-323.344105
2919	-340.635773
3385	-324.583090
2617	-248.151318
1368	-288.584029
1027	-360.529992
1689	-336.823026
3183	-345.642870
2157	-309.686797
1730	-345.663299
2255	-360.513163
2783	-272.537685
517	-344.434827
1651	-273.809498
2781	-288.581699
231	-346.860243
2515	-323.341413
3864	-288.639421
870	-345.646965
2895	-273.764673
697	-340.621200
2421	-249.395323
2623	-235.700285
3442	-381.635659
1915	-361.705669
2718	-382.782995
387	-268.248806
872	-309.711438
175	-361.754326
1286	-310.906869
589	-340.604189
2361	-304.727460
2018	-286.492357
3074	-272.553250
3007	-319.573727
1579	-288.589020
2199	-377.815601
145	-310.929561
3769	-304.586424
932	-361.764881
911	-356.711832
2000	-309.736479
1187	-264.235803
402	-312.124533
710	-340.625597
307	-302.239101
1191	-360.510716
1442	-308.465594
3278	-298.952950
3421	-324.571081
3529	-341.843027
3809	-310.902628
2635	-323.324700
3437	-288.585212
646	-323.641347
3628	-272.509064
450	-235.729507
3934	-381.630276
3077	-336.822591
3816	-272.830720
3233	-304.691526
2214	-245.994065
1011	-310.942660
1820	-324.522751
2315	-273.793520
1354	-382.790027
3913	-308.551230
1964	-309.726463
2212	-346.837271
2531	-157.115484
1989	-287.426977
2799	-340.702898
1004	-355.416555
2336	-344.433499
3245	-327.024699
443	-325.754109
3235	-339.416290
1916	-360.557411
3677	-307.571921
232	-490.793044
797	-278.075775
253	-305.838224
3627	-323.347112
3605	-372.755216
964	-291.014970
751	-361.724921
3806	-309.676410
1923	-287.427777
660	-271.630416
2222	-340.678668
3886	-270.388222
617	-376.521083
2364	-360.507160
1274	-309.686648
2409	-324.595526
2650	-361.727711
2403	-326.955365
866	-340.620625
1520	-309.728493
127	-322.216227
1473	-340.678945
2807	-269.176124
1487	-345.665813
1856	-321.958301
1170	-310.895183
1770	-309.719198
721	-185.648533
2566	-346.832253
898	-305.906901
331	-309.734363
2716	-303.464433
2227	-356.712771
3285	-247.192524
3848	-324.564634
3555	-360.547370
2794	-304.681399
561	-264.226909
2757	-346.855643
158	-308.540079
2044	-373.173910
2491	-381.634033
3603	-326.952955
288	-355.557059
3038	-288.542113
2453	-268.273240
3759	-270.393902
1830	-345.641862
2883	-308.757991
41	-345.649146
673	-345.680831
910	-270.384937
3042	-269.468415
623	-265.457424
347	-309.687405
1901	-362.946498
3777	-339.431092
63	-287.377993
1876	-251.732828
1591	-249.397368
1615	-287.344000
1839	-355.496901
3270	-273.788787
1466	-340.657975
96	-375.359188
1785	-273.751900
3126	-360.523204
156	-288.654408
3108	-361.653332
1702	-251.727632
203	-340.663148
212	-324.605613
2743	-234.516409
2968	-310.909942
2926	-320.764569
2340	-310.899612
2188	-288.690060
3548	-79.764152
3679	-320.794248
3788	-361.725962
3745	-310.912788
1754	-269.221561
3041	-345.692143
1233	-265.440660
2627	-235.695309
2579	-273.765811
3221	-308.477915
269	-325.729080
970	-310.911364
1759	-305.906809
1001	-304.724431
1951	-317.408548
972	-341.869909
758	-307.574899
1807	-344.469516
548	-233.555951
2845	-307.602080
3386	-309.684862
638	-345.695868
3051	-192.736096
2057	-288.540318
636	-382.818623
581	-287.683128
3078	-383.966179
2396	-307.546144
1941	-286.206129
2272	-324.528642
2169	-356.733974
880	-345.648463
3920	-319.574905
3429	-274.987297
3083	-381.591448
1497	-251.731545
108	-345.614707
1358	-340.682075
2867	-361.734339
1483	-309.723988
2985	-304.745635
1851	-361.717868
1291	-285.276634
3580	-345.661657
1138	-308.444609
641	-322.439472
1879	-288.594527
3059	-363.508158
3332	-376.610619
3180	-323.669200
1447	-469.758395
3835	-309.693085
43	-319.572842
2101	-361.717364
2392	-272.551442
134	-308.516376
716	-325.758431
3820	-340.655117
373	-379.522177
330	-286.408473
666	-381.593528
1475	-362.957353
1619	-340.600021
3274	-196.407957
512	-346.861026
1404	-346.883049
742	-272.588370
3552	-325.793166
2860	-345.600676
3736	-355.517745
3632	-340.612805
3415	-308.495275
2774	-310.910631
29	-344.425700
3457	-324.559213
2019	-340.659620
3438	-312.132858
3098	-345.658421
3633	-380.412093
1	-360.499843
2028	-346.821466
1539	-382.755486
3467	-308.494487
79	-324.605178
2139	-381.581478
950	-324.580266
418	-324.565412
1076	-361.656187
625	-308.514390
345	-309.704732
3489	-308.508824
172	-282.667163
1598	-308.471397
1639	-345.640072
167	-310.912077
2663	-361.722327
2220	-272.538190
1977	-312.131398
3147	-338.530072
2032	-287.663174
788	-324.467888
302	-340.632285
1045	-344.449852
2624	-309.699280
2244	-414.351653
1081	-310.912796
783	-273.806375
1383	-344.398797
1852	-309.685790
1416	-308.514570
3878	-360.554015
1892	-382.805933
2665	-348.031230
1616	-272.539058
2394	-355.446449
249	-306.347185
668	-267.103350
148	-345.629933
1962	-382.756724
90	-327.017113
1312	-381.612501
1605	-345.703157
3016	-309.730329

file identifier 	 test data 	 predicted
1394	-396.500849	-320.559835
1212	-304.733723	-305.006629
374	-372.796889	-166.621503
3800	-346.862839	-346.927549
2709	-345.632155	-345.684176
3149	-372.694726	-168.076010
707	-381.585428	-446.891917
960	-310.940611	-310.991452
2348	-285.253877	-61.974191
3387	-309.727603	-309.863812
238	-233.253760	-235.610564
1504	-360.489720	-359.671373
1151	-392.620909	-318.661802
2965	-344.689237	-346.128452
1622	-346.869712	-346.925335
2107	-325.766177	-325.852921
1571	-470.915515	-319.244322
661	-335.635079	-103.768226
1020	-303.566436	-443.290137
2974	-396.486691	-312.517306
3475	-321.247305	-320.948683
1884	-307.577822	-309.239883
1336	-334.362330	-333.973033
3762	-351.646368	-250.987337
1688	-324.567893	-324.992307
894	-338.247875	-338.996016
3069	-346.878430	-346.965999
1495	-286.516879	-433.817024
902	-310.940195	-311.005404
3990	-303.459637	-434.350988
1322	-271.619912	-271.775232
3629	-359.312853	-244.595669
816	-356.748545	-356.292238
2036	-309.733888	-309.882565
980	-356.743821	-355.179209
2952	-308.511290	-308.766373
1519	-352.874613	-352.505729
3683	-308.510782	-308.822978
1985	-339.481708	-121.563332
2203	-310.911529	-310.941014
2990	-376.661483	-175.882782
2368	-325.804686	-325.923412
2190	-324.574822	-325.413205
598	-193.088340	-115.799504
2156	-346.827596	-346.880839
552	-340.639366	-446.255482
1658	-287.337578	-287.684927
3636	-324.624318	-325.210980
1573	-233.255259	-235.197337
3194	-301.367422	-194.573760
1999	-233.547877	-234.606767
219	-307.221351	-440.932727
36	-344.382282	-447.799560
714	-356.669324	-356.225853
1244	-345.616998	-345.940105
2925	-301.394865	-180.774773
223	-339.501781	-113.360379
74	-310.918822	-310.956990
829	-310.909285	-310.962402
1008	-248.448467	-247.330264
2341	-377.784360	-457.444327
480	-325.760797	-325.795726
2659	-324.461004	-324.844137
2130	-271.612772	-271.727283
1364	-267.963366	-161.086634
3822	-309.665941	-309.790534
2587	-376.609234	-175.083580
419	-312.128001	-312.146623
362	-289.871990	-289.921412
225	-346.842403	-347.084588
1391	-323.317575	-322.605349
2209	-382.781841	-382.535560
3911	-345.639354	-345.713938
1693	-234.474613	-234.722427
3323	-232.335768	-378.848164
3022	-234.455424	-234.897096
1399	-341.826906	-342.357001
800	-324.611571	-324.950612
165	-327.013034	-327.113597
1646	-340.684749	-444.338703
3582	-344.436500	-450.195569
658	-307.234503	-445.862282
3317	-269.177232	-267.875929
1871	-306.406578	-305.223047
2611	-346.824672	-346.841079
2299	-280.273691	-278.486979
2038	-348.056093	-348.164776
366	-324.576206	-325.028751
475	-304.691568	-304.936560
1302	-339.445855	-109.450527
0	-351.615495	-256.176917
3924	-270.393737	-271.295350
2828	-232.030352	-228.790757
2316	-306.361448	-305.431465
274	-272.539126	-272.740386
1818	-371.535911	-371.818647
2669	-309.763785	-309.940072
3264	-307.260972	-423.168994
3639	-345.680996	-345.939098
3286	-361.731914	-362.018270
848	-309.744522	-309.774896
843	-308.437835	-308.559149
3618	-309.731536	-309.854693
1035	-284.385189	-171.030610
1025	-324.520219	-325.128891
1338	-320.793141	-321.254006
2253	-325.818163	-325.851915
3535	-323.235679	-322.637112
1384	-361.755719	-362.614736
3081	-302.557878	-301.604597
1104	-287.315479	-287.795962
2555	-287.427764	-289.911569
801	-273.763117	-273.840259
774	-395.551843	-397.871530
1540	-285.217962	-60.902993
3561	-343.190300	-121.660354
3949	-359.301320	-249.355215
3861	-234.486176	-235.151725
1095	-324.603415	-325.789470
3364	-305.057353	-187.536134
3714	-265.398572	-263.994772
2958	-324.580268	-325.517151
1727	-324.606977	-325.004403
2892	-325.728271	-325.806950
472	-273.761356	-273.820965
3805	-309.680682	-309.846185
2040	-317.409527	-316.952970
449	-325.753993	-325.809865
1855	-360.497728	-360.093223
3075	-324.616343	-325.061517
2009	-273.812948	-273.871681
2792	-362.944759	-362.949700
1430	-361.720960	-361.979011
2479	-271.622821	-271.837140
2512	-346.823548	-346.989013
1577	-355.468067	-251.983015
3218	-325.743746	-325.637345
1135	-310.903412	-310.980313
2093	-324.473588	-325.077728
2646	-325.800095	-325.929124
3313	-360.526364	-359.242125
1463	-362.938449	-363.113669
1255	-381.635881	-455.650402
2808	-340.646073	-439.148685
313	-361.721849	-362.198511
3207	-355.520098	-255.002237
2002	-286.504040	-418.658797
1342	-361.712098	-362.930801
230	-271.617434	-271.794659
1353	-359.297643	-247.026471
3768	-227.338075	-44.042007
1374	-322.175807	-203.576958
765	-317.447668	-316.958638
813	-361.733052	-361.946450
3335	-275.020322	-275.041820
3859	-308.499978	-308.919382
2621	-305.145002	-193.213982
3326	-381.616196	-450.755176
1105	-302.306944	-75.275040
2434	-377.845502	-458.558937
484	-351.639205	-254.202814
849	-360.532987	-359.822872
2696	-353.269456	-351.279183
2899	-310.930659	-310.990870
3699	-355.497878	-240.705419
3493	-232.333258	-367.249251
1115	-325.773014	-325.933465
3694	-338.246643	-333.179761
2125	-310.908354	-310.962381
190	-354.290746	-354.157968
3703	-287.697316	-287.970720
709	-286.134079	-284.431007
1153	-325.764669	-325.914180
1237	-360.542541	-360.095205
3434	-360.560766	-360.226456
3462	-272.538255	-272.757395
2951	-308.569129	-308.935683
2325	-273.732431	-273.807860
2681	-308.466840	-308.811277
2168	-310.899911	-310.950921
2111	-348.048744	-348.035423
3525	-340.662316	-452.611096
85	-272.550580	-272.777017
2823	-309.730966	-309.871346
292	-308.517192	-308.665550
969	-325.797425	-325.917962
3624	-324.614194	-325.338433
1576	-247.184334	-134.337595
2294	-341.831947	-342.153833
3431	-323.229212	-322.537421
3114	-309.692389	-309.883483
2449	-341.841190	-341.972594
1510	-322.425235	-94.148349
1840	-360.536972	-359.848755
3045	-310.906568	-310.948968
1726	-381.506605	-456.503520
942	-325.715957	-325.853327
860	-397.697425	-396.682306
1731	-381.565314	-454.113938
1982	-345.609374	-345.729869
2217	-344.408081	-454.337678
3572	-322.172641	-211.211824
1715	-286.486570	-418.534256
3975	-309.693760	-309.852349
3985	-324.548763	-325.352778
614	-383.982605	-383.907703
2413	-345.604177	-345.712394
1300	-324.595031	-325.031200
1827	-343.492484	-342.208767
3684	-362.958208	-363.105132
1225	-196.409349	-195.190097
248	-339.489875	-110.056905
2376	-346.840597	-346.930400
1833	-302.579718	-301.249776
3005	-249.248680	-400.913892
1351	-309.733696	-309.888402
1743	-346.856186	-346.924980
1707	-288.590006	-288.776999
2390	-270.097243	-409.880292
1774	-324.585556	-325.097866
3839	-231.155780	-37.443808
838	-361.709679	-362.026715
471	-324.532283	-325.405791
2468	-307.193849	-439.178364
945	-264.243028	-159.147852
2575	-308.759090	-308.868830
2166	-343.239068	-118.151083
934	-345.650323	-345.840298
1450	-273.757658	-273.846154
3063	-317.413890	-316.994231
410	-325.835955	-325.924215
1137	-271.622539	-271.784433
2582	-320.773768	-321.095123
3388	-271.606364	-271.610505
818	-387.475673	-387.431647
1535	-324.463541	-324.934585
3685	-381.602419	-438.681329
2422	-325.718957	-325.817455
1600	-249.301818	-378.002048
2332	-342.335241	-240.416162
3342	-153.787612	-156.525023
258	-371.546126	-371.398054
2604	-304.743934	-305.118578
2632	-306.344083	-305.561828
3480	-286.460642	-426.644310
3483	-308.500974	-308.919473
3890	-341.849730	-342.142969
1523	-340.646229	-448.777379
1993	-339.504090	-114.488385
2004	-346.839235	-346.930819
3433	-308.465425	-308.853770
2890	-309.738198	-309.747440
3910	-309.703111	-309.814065
528	-288.538806	-288.687799
3413	-308.440890	-308.735336
3675	-360.534222	-360.100891
755	-324.568345	-325.340539
606	-343.235457	-151.262879
2054	-302.588564	-301.211954
3453	-321.254976	-320.802995
807	-340.681309	-453.960770
2023	-317.402836	-316.999612
559	-362.935404	-363.147234
1218	-287.431740	-290.871415
3670	-286.248451	-285.138225
1482	-312.132386	-311.997415
3151	-362.873906	-363.305924
2317	-308.503515	-308.889268
1781	-324.582445	-325.758967
59	-248.430371	-247.479150
3594	-272.544482	-272.789625
3049	-324.610004	-325.119286
316	-341.858490	-341.903827
1314	-324.460304	-324.992252
1021	-232.328175	-371.528481
1872	-272.566631	-272.788643
2973	-324.604156	-325.546798
741	-344.434318	-448.753347
188	-339.406341	-111.145195
1808	-356.676972	-356.263471
3827	-270.435807	-271.472408
2900	-272.554670	-272.656993
3718	-195.186772	-308.327557
1625	-320.776082	-321.730477
3244	-323.320332	-322.673966
2289	-325.766945	-325.878321
1000	-339.452428	-110.607435
3725	-309.710255	-309.813026
44	-309.735489	-309.906101
3695	-309.651827	-309.774918
3210	-336.808333	-457.401796
2438	-392.565188	-299.781351
3070	-281.491976	-51.007215
3441	-372.686714	-165.575190
3558	-339.464817	-110.164339
1720	-309.692095	-309.809508
53	-285.330157	-51.786966
280	-271.324234	-272.332013
1012	-266.609146	-268.728380
1533	-309.671865	-309.827961
3280	-344.483775	-451.019326
1955	-339.498757	-109.334585
1114	-302.353948	-77.605025
2885	-309.686862	-310.105112
1067	-273.762417	-273.805979
104	-360.574432	-360.119806
2816	-310.905786	-310.912355
315	-302.472397	-301.725934
3774	-305.130184	-197.209885
1681	-310.908780	-310.955699
1227	-322.155306	-219.605062
3591	-273.762889	-273.828055
221	-310.917273	-310.966046
3242	-397.707881	-397.270712
2263	-274.983122	-275.069920
1776	-325.785476	-325.907665
3515	-346.852204	-346.895459
3187	-272.591906	-272.858140
2699	-346.864540	-346.954581
1215	-335.566430	-102.278929
1414	-377.797879	-452.488693
2835	-362.925466	-362.982042
2537	-317.434422	-316.967105
2643	-372.711859	-161.696298
1186	-359.296697	-270.845409
3863	-346.804974	-346.928108
3519	-376.604739	-168.077047
2344	-305.915175	-306.015461
3439	-301.389192	-184.236097
481	-307.573371	-308.003155
3198	-288.680991	-288.790318
2225	-324.612179	-325.385546
2140	-325.715372	-325.800503
2673	-345.652182	-345.804202
3560	-286.463470	-415.909677
740	-344.452972	-451.040893
855	-271.614051	-271.821466
3838	-271.318933	-272.236972
379	-391.337881	-391.917573
1279	-377.837977	-451.535548
698	-274.985880	-274.932993
2785	-310.915445	-310.970302
131	-345.603479	-345.611928
1843	-362.899677	-362.882849
3325	-341.836362	-342.039284
2490	-343.078368	-343.296986
2170	-274.987123	-274.927653
254	-285.284456	-61.041624
1313	-324.502042	-325.288809
694	-344.360007	-446.780139
682	-302.303791	-69.948858
3082	-272.586248	-272.833311
3390	-309.736085	-309.861898
1159	-325.779568	-325.921364
2733	-310.940764	-310.825573
281	-322.479769	-96.997692
1747	-360.559076	-360.160586
1324	-270.399280	-273.476075
210	-362.938898	-362.985788
2851	-356.699504	-356.272191
2366	-286.466852	-401.739769
3422	-340.663929	-454.758506
1459	-306.320451	-305.703195
1766	-270.387395	-272.745107
2058	-356.710498	-356.336825
2784	-273.803873	-273.895738
293	-377.807580	-457.152586
1406	-375.394844	-373.890022
3027	-336.811099	-455.702845
3127	-327.010419	-327.035807
2126	-270.399529	-271.643761
608	-309.688960	-309.833299
378	-356.705084	-356.252398
3647	-325.794522	-325.888313
1778	-305.036659	-191.961523
2730	-286.492223	-412.107731
246	-313.537245	-312.721385
3243	-377.816466	-459.714355
1029	-325.751230	-325.803318
6	-345.687671	-345.976499
2912	-346.883119	-346.981052
2875	-344.475122	-451.550971
2428	-309.682996	-309.812474
3668	-309.700336	-309.728804
1725	-360.495137	-359.611619
1080	-288.570006	-288.735750
97	-286.495035	-419.378917
446	-305.831164	-305.974757
3064	-326.983087	-327.010219
1408	-379.527030	-379.344838
2626	-305.900638	-306.184540
2698	-344.434438	-434.012379
2331	-308.516808	-308.767074
2337	-324.588418	-325.577303
649	-340.685408	-453.874507
850	-271.623957	-271.900333
1974	-345.655745	-345.891964
3172	-274.982310	-274.902580
2176	-345.608670	-345.755964
1655	-338.217210	-336.466593
1403	-308.462299	-308.727206
2110	-341.867094	-342.056736
958	-302.599262	-302.015367
226	-360.556344	-359.722301
1819	-249.292101	-402.339785
3487	-210.101789	-130.699124
2547	-323.328581	-321.664684
1549	-340.689515	-452.433719
252	-305.913756	-306.030646
2206	-312.126404	-312.150655
3484	-341.890999	-342.057062
3379	-273.761967	-273.822458
3940	-308.464824	-308.692360
1716	-325.784331	-325.875446
1003	-308.516378	-308.952151
1796	-307.536544	-309.159896
204	-287.353313	-288.280165
483	-309.705795	-309.852382
2425	-322.435505	-96.862839
2791	-194.254127	-193.123453
3562	-360.524672	-358.989214
338	-272.544500	-272.781023
3354	-360.529236	-360.047955
2165	-319.567241	-318.974903
2993	-346.825502	-346.889295
2562	-375.357530	-375.002742
3948	-340.614465	-451.759798
3771	-309.655144	-309.764658
3392	-361.774979	-362.132358
1220	-325.800532	-325.885761
3823	-303.527274	-433.053077
3029	-285.281493	-58.826353
3977	-288.552886	-288.694368
2022	-344.425164	-413.739792
1505	-308.487195	-308.832755
1472	-306.080007	-93.194027
2493	-346.822460	-346.856221
1480	-324.584824	-325.410538
3760	-280.314080	-279.233461
2477	-360.539944	-360.011762
3272	-173.147782	-56.884098
705	-362.953848	-362.976005
2143	-288.628466	-288.793096
621	-310.899323	-310.955433
3793	-381.580932	-436.608159
2173	-304.678340	-305.104347
1574	-245.997884	-245.915805
3381	-309.731402	-309.881531
3171	-345.599912	-345.972050
2347	-308.476587	-308.761125
1409	-285.282853	-56.875794
1940	-334.429558	-333.978011
2721	-271.401725	-271.630564
2278	-345.650717	-345.792339
2914	-270.422403	-271.173491
3447	-270.389803	-271.802118
1763	-325.799404	-325.905763
3	-346.838279	-346.893080
364	-117.824798	-109.169149
2680	-340.664901	-450.812695
1190	-377.830859	-441.065282
3556	-276.202384	-276.263064
10	-344.512001	-456.203116
3188	-325.807242	-325.883834
2884	-324.471313	-324.831341
938	-331.411639	-330.044676
8	-272.545439	-272.754228
3988	-309.707600	-309.809973
2616	-272.542567	-272.831523
306	-307.335530	-436.116677
1512	-346.839595	-346.955342
132	-308.469258	-308.984060
1061	-343.531666	-342.775617
2279	-309.711101	-309.804076
3829	-323.654114	-438.269593
1536	-324.492974	-324.969968
2121	-324.619773	-326.111771
1171	-325.721867	-325.829167
1456	-308.496384	-309.020508
2745	-322.118085	-222.029395
2607	-275.007113	-275.238274
3779	-308.476903	-308.682052
3616	-225.221461	-224.310123
2527	-297.554699	-183.857455
1908	-286.508233	-430.554196
2179	-361.698233	-362.175406
2775	-382.812383	-382.432499
1125	-285.292217	-52.621859
3303	-272.589883	-272.744488
299	-195.196751	-302.022952
1708	-324.502429	-325.175397
2882	-322.444150	-90.581413
1682	-269.215705	-268.655275
1271	-310.902165	-310.968842
3009	-307.265383	-447.463924
2648	-325.728744	-325.846160
424	-309.717380	-309.848541
3056	-269.180682	-267.593237
3057	-301.381127	-195.443373
3583	-325.721011	-325.809836
1419	-344.350927	-451.302089
796	-344.453746	-444.260181
2232	-56.525887	-29.154445
680	-325.806369	-325.937173
1315	-288.533780	-288.646431
3764	-308.483519	-308.809714
37	-381.587333	-450.524241
1043	-324.605875	-325.515391
3353	-324.514429	-324.953572
261	-310.905322	-310.935088
106	-362.952198	-363.055133
137	-287.440932	-290.227435
250	-360.538828	-359.582163
47	-247.225618	-136.422036
2771	-310.910278	-310.949034
1795	-356.736238	-356.309619
1395	-375.348487	-375.134511
853	-76.404702	-78.496031
1696	-320.785074	-321.332377
631	-371.449232	-370.984549
2708	-308.512758	-308.751936
365	-361.740208	-361.987037
3516	-324.634527	-325.183479
2470	-309.688189	-309.835754
2931	-361.729140	-362.149991
3152	-335.591582	-104.362750
1745	-264.171923	-163.251360
2446	-361.740252	-361.996015
119	-327.012568	-327.043921
1264	-324.536694	-325.820234
2195	-289.873479	-289.804303
1216	-308.465534	-308.889127
295	-320.770299	-321.749185
2655	-235.723792	-235.692543
2039	-360.553317	-360.241418
2401	-263.280728	-261.745420
2514	-354.197108	-353.463931
2379	-361.769162	-362.189336
1036	-340.609236	-448.233810
897	-345.659998	-345.920255
786	-307.544728	-308.267521
3938	-345.645388	-345.660097
1919	-407.364323	-402.634062
3193	-320.725883	-321.736110
2419	-287.353473	-288.575355
2592	-308.486071	-308.879858
2485	-392.676111	-306.298268
736	-325.799293	-325.895736
1526	-269.267574	-268.702897
2187	-310.904927	-310.969990
976	-382.776658	-383.256027
3662	-360.469577	-359.929445
1691	-272.595294	-272.890838
388	-340.594424	-448.839927
455	-340.664551	-451.831156
349	-309.687623	-309.828835
520	-309.720011	-309.883398
871	-309.680919	-309.827829
267	-345.641113	-345.723887
3011	-310.902708	-310.960782
237	-268.287661	-53.278355
1528	-360.446475	-359.826327
2451	-359.328735	-260.866679
1334	-273.765782	-273.844957
3259	-359.368793	-248.131701
2831	-356.723059	-356.318853
3118	-236.917873	-233.302259
1320	-340.656628	-447.770311
2945	-307.281910	-452.013929
1648	-345.660642	-345.987822
2915	-344.371144	-448.989344
111	-344.470970	-438.256574
3133	-356.679691	-356.181518
3926	-325.748612	-325.757102
202	-226.160842	-224.498673
2416	-344.406447	-439.712748
1914	-288.576123	-288.776296
168	-325.810050	-325.913865
304	-322.464725	-94.012700
3903	-340.636306	-434.966584
265	-236.916125	-235.542446
535	-248.416462	-247.613348
1490	-309.691591	-309.865944
526	-344.430692	-442.662125
2297	-322.412936	-88.166838
3088	-308.459859	-308.780425
2551	-325.792606	-325.901288
2284	-359.298380	-270.619110
3260	-345.595084	-345.740076
1284	-320.761539	-321.437417
558	-344.464151	-452.960820
1640	-304.583737	-304.999971
2358	-322.169697	-213.503859
2489	-250.583259	-251.469923
1882	-273.764420	-273.838001
164	-340.675814	-455.016170
667	-360.533083	-360.047671
1230	-323.396217	-322.052115
309	-309.718312	-309.887112
1415	-338.156727	-337.795854
3855	-304.746925	-305.222486
3792	-360.525610	-360.015845
967	-372.742461	-160.317805
626	-288.653249	-288.854491
510	-234.491176	-234.802317
2901	-318.323005	-199.312461
739	-309.678703	-309.898453
3742	-271.272557	-271.588377
3550	-341.825957	-342.090315
2986	-340.629609	-456.738493
1352	-304.677606	-305.111412
2988	-310.923406	-310.880459
2549	-375.410333	-375.035813
348	-196.432825	-197.397569
610	-324.629068	-324.918388
2713	-310.904631	-310.969589
3253	-281.476938	-48.471124
1847	-325.753767	-325.822055
3344	-325.748658	-325.654426
1668	-344.433140	-454.231857
3185	-348.053386	-348.078152
2015	-308.518276	-308.906079
1134	-343.068226	-343.172136
112	-340.648166	-444.504991
2122	-348.040439	-348.054233
3564	-303.533472	-403.760311
2888	-361.704536	-362.167830
3814	-361.745554	-362.999262
3328	-324.549529	-325.132786
3657	-312.124380	-312.125067
3165	-356.724041	-356.409531
2615	-360.501085	-357.617529
2003	-324.579943	-325.000090
1197	-308.462932	-308.781540
352	-288.557016	-288.711179
1116	-356.691214	-356.186502
1303	-345.676156	-345.753491
492	-305.904760	-306.066891
1733	-322.169100	-214.928960
2605	-346.869041	-346.927576
187	-341.842120	-341.974739
3642	-324.565306	-324.937826
3860	-308.505267	-309.168028
1122	-345.601318	-345.870164
2406	-306.386594	-305.279539
414	-192.762455	-189.246199
2202	-324.602888	-325.399587
466	-382.782183	-383.060090
1146	-339.465889	-108.960245
635	-324.578381	-325.239520
3810	-372.726782	-171.699167
987	-273.765811	-273.836489
3175	-309.649998	-309.804696
948	-336.827390	-457.924106
3692	-281.505078	-49.103373
3705	-345.665479	-345.771320
1642	-344.345376	-443.367113
728	-309.678404	-309.840080
1457	-288.573089	-288.667474
892	-288.621895	-288.788082
3195	-274.982322	-274.827272
787	-360.525379	-360.043172
2504	-325.805550	-325.936585
3492	-345.645245	-345.839386
2102	-361.723581	-362.204971
33	-264.504487	-37.826827
781	-362.918463	-363.029295
2859	-362.909074	-363.027996
823	-361.732840	-361.903584
1649	-346.868661	-347.054111
2275	-312.122563	-312.066520
3893	-341.097446	-339.292808
184	-322.436757	-89.055823
2097	-345.639692	-345.815785
3408	-287.661454	-288.107358
686	-391.370332	-391.759646
241	-309.718177	-309.850824
3298	-345.599182	-345.731591
2686	-340.697732	-448.629884
1723	-307.290176	-436.081529
3896	-307.280331	-423.194097
2383	-324.593866	-325.115886
1582	-361.735290	-362.041341
271	-361.759779	-361.938381
904	-345.608456	-346.323773
3586	-287.506415	-288.366818
2528	-308.467760	-308.779091
3160	-362.937857	-363.023046
1164	-340.611734	-447.628374
722	-310.935212	-310.992748
770	-381.612946	-460.595050
1359	-229.927277	-227.524713
26	-301.359287	-196.304341
1970	-362.897428	-362.971926
798	-208.842347	-207.496560
954	-324.612244	-325.380506
2398	-319.533364	-318.582043
3807	-361.706503	-362.331999
808	-320.774349	-321.214772
3283	-287.404397	-288.718409
760	-324.605411	-325.411283
2809	-344.506029	-435.831547
3426	-307.387663	-436.875082
996	-307.544316	-308.460805
991	-345.602096	-345.700168
2295	-305.898313	-306.112098
3795	-310.908453	-310.965219
2720	-231.102112	-31.678387
2242	-362.870426	-363.162262
3142	-376.617653	-171.494072
3454	-376.600944	-171.022720
2321	-381.536295	-461.318932
1617	-355.508183	-255.405900
1049	-323.336196	-322.482359
2535	-272.835594	-272.808302
3163	-319.610683	-318.864428
771	-346.903261	-347.030463
2159	-324.581067	-325.018523
3023	-323.343769	-321.320825
1150	-308.551121	-308.862274
1071	-360.495618	-359.805205
1107	-267.060326	-265.809664
1561	-325.749687	-325.821832
1667	-323.323781	-322.364803
3139	-344.437158	-456.647030
2082	-302.567313	-301.220551
328	-310.911163	-310.934901
2292	-343.246371	-118.064007
1767	-285.277900	-72.190671
3478	-343.296547	-126.820593
1179	-343.195060	-115.017387
856	-324.568212	-325.232401
199	-309.673895	-309.890635
1243	-323.582949	-436.841221
2577	-381.600777	-440.074544
2461	-269.170508	-268.209196
35	-343.197784	-145.267827
2077	-309.736028	-309.889741
3887	-242.196351	-242.207449
1252	-301.395982	-181.141323
3852	-361.710525	-362.030873
1111	-335.656557	-103.977031
863	-285.288405	-51.310546
3850	-308.528193	-308.787301
2749	-340.645995	-451.880123
3168	-323.614890	-428.153323
2943	-340.654874	-457.477906
381	-341.835557	-342.123054
1318	-310.897519	-310.968075
2736	-310.922181	-310.873605
2957	-323.644468	-435.815904
2679	-312.130526	-311.978281
1534	-340.632075	-441.636168
3406	-286.459793	-401.387371
3014	-269.263802	-267.852274
1362	-249.387499	-399.007004
3674	-309.731169	-309.888386
3252	-340.610842	-447.349452
1305	-319.621560	-318.950127
2249	-392.653825	-312.908546
2152	-308.540101	-308.815708
2539	-321.276274	-320.697943
1366	-345.633122	-345.625726
505	-338.531538	-220.765004
2678	-285.255563	-50.553838
825	-340.536374	-442.071481
276	-380.379743	-176.376952
2256	-303.503801	-433.448945
2319	-271.316064	-272.449380
2788	-345.596027	-345.771840
602	-275.010289	-275.041983
3229	-271.614305	-271.774765
1018	-354.272548	-354.505056
2989	-287.317913	-288.076259
3678	-285.255880	-64.177206
2171	-359.346839	-248.067611
496	-377.794221	-452.383790
1857	-307.540766	-308.443758
3225	-362.875945	-363.353842
3360	-382.810709	-382.470902
1791	-272.554824	-272.768220
3942	-287.507193	-288.312699
2509	-344.380267	-438.445534
965	-323.329385	-322.729059
207	-285.281032	-58.888771
3119	-301.090914	-298.366942
2675	-303.787203	-304.535566
2423	-338.238743	-337.641772
896	-323.312767	-322.323690
1568	-324.555249	-324.920249
473	-346.828378	-346.829751
3111	-318.340705	-218.940012
2008	-336.802659	-456.009108
305	-346.859213	-346.869191
1525	-345.608193	-345.774059
3655	-287.379629	-287.758456
3299	-325.725069	-325.830056
1805	-344.380468	-443.537403
1773	-304.696646	-304.970863
3947	-382.782251	-382.714415
1584	-251.727102	-252.292025
2710	-361.773017	-361.737819
1502	-340.679724	-460.102063
101	-324.507184	-326.612189
3327	-348.059242	-348.131776
1641	-340.647224	-460.114688
427	-382.798099	-382.904889
3730	-291.017996	-289.823894
1683	-346.829154	-346.909704
1987	-325.775071	-325.941281
2161	-361.735863	-361.957280
233	-301.382062	-185.388619
489	-356.745773	-356.170436
2386	-352.829520	-352.420138
2633	-324.627681	-324.997167
978	-324.545574	-325.285013
1024	-302.535621	-301.919102
3282	-362.972786	-362.873006
1128	-361.695007	-362.307707
956	-230.183076	-125.593415
1169	-346.819305	-346.879692
3533	-232.036378	-229.298713
3840	-309.681264	-309.844610
114	-361.772743	-362.113169
3001	-270.386138	-272.026173
1865	-345.609914	-345.805462
3230	-344.454591	-441.499577
3456	-276.206318	-275.155330
2269	-308.452310	-308.690124
1509	-345.612220	-345.751683
567	-339.489014	-112.410160
1152	-308.448572	-308.789974
497	-287.470402	-289.115964
205	-269.465281	-396.989249
685	-320.029854	-319.149408
3161	-309.678595	-309.800440
329	-380.402442	-173.868726
2597	-412.494644	-412.014227
2360	-340.636727	-460.148600
764	-233.560626	-233.658126
1635	-360.520081	-360.039449
3991	-372.765028	-164.737820
3581	-319.540355	-319.216317
67	-172.006141	-168.662821
3845	-344.454717	-456.346888
1583	-345.655509	-345.832057
2897	-346.825923	-346.928090
2181	-340.656656	-452.758149
2100	-343.199390	-116.267796
529	-309.725786	-309.857616
3691	-352.852117	-352.356702
1141	-115.679136	-107.292820
21	-278.059333	-279.223254
2387	-391.391111	-395.731418
3654	-307.541973	-308.371116
1957	-206.721858	-155.200883
2138	-340.684371	-449.284272
262	-345.647032	-345.714785
2389	-361.728546	-362.486172
3824	-302.288055	-74.730803
3159	-324.612512	-325.275042
737	-336.836792	-452.377978
1507	-310.914024	-310.957452
3365	-396.458774	-313.056133
1405	-361.711854	-362.794045
2998	-246.027383	-245.952476
2191	-359.317050	-249.585572
1703	-286.154755	-282.910263
3177	-287.662612	-288.226694
60	-382.768883	-382.822062
1621	-346.884834	-346.973618
182	-324.474954	-324.855761
3403	-339.424322	-110.215518
3319	-376.604793	-174.244696
3276	-344.508729	-454.729336
3509	-288.685117	-288.852822
762	-346.863396	-346.816052
3043	-196.405320	-198.297313
1983	-320.792773	-321.215224
806	-308.768073	-308.993074
1724	-381.594558	-446.420639
1606	-308.462382	-308.865798
3635	-308.475489	-308.450154
2045	-324.495988	-325.403480
3645	-304.681903	-305.039255
3929	-321.233569	-321.030563
790	-341.836780	-342.160244
1975	-341.829025	-342.177788
3371	-286.517424	-423.720638
2820	-308.557865	-308.814608
2657	-308.451299	-308.899609
1862	-319.615129	-319.112136
3477	-348.046236	-348.033853
270	-372.752005	-160.977990
3338	-308.466631	-308.691687
2568	-325.718022	-325.799140
2298	-270.396464	-271.665018
1883	-346.839066	-346.887275
310	-308.480308	-308.766875
3350	-339.431591	-119.886361
3020	-287.430903	-288.787739
2782	-340.664407	-442.014518
2817	-340.641240	-449.006355
2469	-270.392444	-270.956319
1588	-323.678800	-445.781835
888	-323.328290	-322.232299
905	-360.513668	-359.726588
2478	-339.450173	-117.400211
336	-308.524858	-308.742159
2603	-341.863083	-342.043082
3369	-158.342346	-159.304133
2779	-381.606362	-453.243058
18	-309.719641	-309.861767
2589	-361.718361	-361.896538
3958	-291.015785	-290.960447
1585	-360.545832	-358.924911
152	-306.286325	-305.784749
2672	-355.556836	-248.486363
3521	-342.324182	-237.995473
2445	-324.576679	-325.346396
2092	-288.572051	-288.684228
3968	-287.425634	-289.061202
3513	-340.637067	-450.731587
3384	-357.949026	-358.255514
630	-273.762561	-273.835712
3781	-274.984614	-274.987682
793	-326.950540	-327.051821
909	-325.789320	-325.830467
508	-325.801512	-325.932077
45	-266.615452	-268.703740
2700	-304.687547	-304.962368
3065	-344.486202	-451.719008
2961	-348.061993	-348.067352
1275	-310.936083	-311.014292
2112	-304.729640	-305.059680
2349	-301.357553	-192.538013
537	-361.731930	-362.138642
2378	-339.490841	-116.731766
2850	-288.580309	-288.700093
1714	-132.718150	-129.778021
1166	-324.576650	-325.224954
1393	-271.647465	-271.891559
2978	-340.669862	-461.209901
3923	-309.737951	-309.905360
2273	-324.579188	-325.115925
3540	-321.236907	-320.753601
1848	-273.769835	-273.845146
1775	-306.353871	-305.402259
1824	-336.855265	-458.253142
3358	-326.934987	-327.063330
893	-232.317400	-371.542140
1728	-362.942862	-363.085570
2927	-324.500425	-324.961046
3986	-355.516778	-260.002348
1126	-270.392715	-272.084021
1878	-346.819711	-346.901889
113	-360.478880	-359.925854
359	-346.832402	-346.935566
914	-361.707841	-362.228977
2208	-286.486509	-420.154392
3265	-324.569062	-325.285888
154	-324.538764	-325.250074
3989	-272.542369	-272.812420
1476	-308.455419	-308.726933
2522	-307.545457	-308.322136
2105	-335.635972	-102.279800
3055	-285.313284	-69.128824
1657	-338.273162	-337.793713
2310	-338.194242	-337.803564
48	-304.689512	-305.032057
2145	-346.844016	-346.897814
3466	-325.794624	-325.910758
477	-265.399968	-263.941114
2726	-324.475651	-325.021914
2480	-344.385369	-451.267493
919	-272.589999	-272.783372
3912	-308.435951	-308.824118
2234	-272.580839	-272.834830
3599	-308.482454	-308.825887
922	-272.844560	-272.900687
624	-312.119017	-312.160184
1424	-212.438188	-213.295352
3377	-360.549337	-360.105680
920	-281.489179	-50.433609
821	-307.566593	-308.685670
3035	-344.404557	-429.563054
2904	-302.545112	-300.824042
236	-325.758113	-325.838983
2308	-324.460752	-324.770342
2983	-346.833689	-346.878777
3258	-324.473847	-324.751515
1308	-341.814212	-342.118935
3869	-324.525580	-325.470044
