no_training:1500	no_test:2493file identifier	 training data
1040	-268.307873
822	-336.845442
3232	-345.686487
222	-412.548009
2273	-324.579188
975	-357.171724
678	-308.506580
331	-309.734363
3917	-274.985822
917	-323.320690
1989	-287.426977
591	-325.760915
1543	-323.360471
825	-340.536374
3346	-318.327053
1251	-322.482659
3942	-287.507193
2194	-273.757530
929	-272.832690
619	-325.787161
2101	-361.717364
2771	-310.910278
2161	-361.735863
3912	-308.435951
857	-245.711897
3952	-269.175627
1943	-325.729335
3419	-335.590859
2079	-363.517297
911	-356.711832
3409	-356.696744
3617	-345.608658
1692	-362.862736
2684	-310.940657
1210	-340.641282
2952	-308.511290
575	-272.582834
1421	-360.526142
1346	-308.542644
2082	-302.567313
3101	-360.503577
1088	-291.017433
3603	-326.952955
1455	-381.570969
3490	-359.315205
2034	-345.586124
1544	-324.594826
2198	-382.804255
2190	-324.574822
2261	-233.260156
3465	-324.548021
352	-288.557016
2645	-362.923114
2982	-325.722723
3530	-309.739069
1931	-310.900102
2061	-345.638357
1050	-304.643392
795	-246.023231
2905	-307.206439
556	-272.600604
3241	-319.515995
2986	-340.629609
2681	-308.466840
342	-323.351196
861	-360.488871
259	-309.735245
3293	-360.535142
1910	-326.978724
1085	-231.092208
2379	-361.769162
2104	-379.006904
992	-377.811306
3549	-323.437779
113	-360.478880
1650	-341.836348
1361	-346.840635
2668	-310.906004
19	-309.720734
1025	-324.520219
1605	-345.703157
2625	-291.021574
3015	-359.362011
1870	-309.686187
564	-272.569586
1299	-348.043466
733	-345.660927
445	-319.610687
772	-381.599310
1913	-310.912131
1696	-320.785074
1225	-196.409349
3708	-270.397474
3723	-345.597175
1232	-336.811744
2762	-306.370119
664	-335.632054
3321	-251.726162
2245	-308.434866
3002	-269.479234
3742	-271.272557
1883	-346.839066
629	-309.712115
2691	-308.505543
255	-309.672030
2528	-308.467760
1048	-286.495416
1515	-360.502298
2254	-359.388326
956	-230.183076
430	-307.543210
2149	-341.878745
1103	-273.764642
1554	-320.728167
1875	-242.186010
680	-325.806369
3005	-249.248680
1546	-318.321510
1083	-309.726295
2403	-326.955365
3506	-320.804155
1496	-268.248371
2690	-231.093096
2414	-382.803358
3383	-360.602876
102	-307.230370
2769	-376.563238
1362	-249.387499
52	-345.627428
1277	-309.706892
597	-309.683901
2689	-309.673807
983	-341.851447
3245	-327.024699
1985	-339.481708
1353	-359.297643
670	-324.618078
3080	-344.436248
3613	-308.483617
901	-270.446915
2203	-310.911529
2894	-309.717750
2053	-320.769272
3268	-324.562156
1275	-310.936083
1514	-320.781098
3392	-361.774979
434	-338.195462
3083	-381.591448
2970	-339.501361
3960	-336.825944
3625	-326.948771
1237	-360.542541
2820	-308.557865
3258	-324.473847
2096	-345.661705
185	-361.726913
515	-287.727890
2046	-286.493052
1603	-232.363630
2909	-361.687451
3748	-376.556657
3936	-326.951067
761	-312.126820
2494	-274.984732
1670	-269.230258
16	-273.806874
2817	-340.641240
3442	-381.635659
3532	-344.464356
1358	-340.682075
61	-308.462933
3967	-273.758273
3337	-286.438448
611	-248.364357
1521	-323.665247
1052	-361.770383
1802	-361.715983
2564	-325.789398
683	-348.060054
2213	-287.433999
954	-324.612244
3844	-308.450468
3919	-304.721921
1686	-288.648208
3214	-344.426062
1658	-287.337578
2744	-288.573110
1747	-360.559076
3049	-324.610004
1828	-284.993731
2058	-356.710498
1329	-309.710338
2354	-387.558484
504	-356.680129
2584	-360.567154
267	-345.641113
2335	-346.825562
3007	-319.573727
2057	-288.540318
1904	-304.752598
1504	-360.489720
1309	-287.723848
18	-309.719641
558	-344.464151
3112	-327.021680
1970	-362.897428
1379	-325.731549
1352	-304.677606
3707	-271.620156
2436	-308.473229
1674	-360.499243
2516	-309.661518
1760	-326.940002
202	-226.160842
316	-341.858490
3238	-340.667053
29	-344.425700
1665	-336.802871
3932	-360.472117
563	-345.644179
1984	-287.441165
3447	-270.389803
3581	-319.540355
3312	-323.647099
2679	-312.130526
3846	-318.393987
646	-323.641347
1588	-323.678800
1595	-309.686571
1775	-306.353871
3769	-304.586424
1768	-289.789940
3075	-324.616343
1272	-308.486687
1161	-308.513516
3574	-398.876124
928	-345.665412
1092	-360.552974
491	-287.737498
3082	-272.586248
2567	-320.795216
595	-340.652012
2370	-360.496984
3955	-323.391458
2376	-346.840597
3004	-288.652346
226	-360.556344
170	-340.667287
2734	-309.719592
1409	-285.282853
2893	-274.985796
749	-249.280474
2596	-339.467484
227	-377.805829
2409	-324.595526
703	-340.656580
925	-307.567279
947	-322.454079
3701	-248.211932
533	-287.720383
3000	-309.688191
554	-340.688787
534	-324.575799
2032	-287.663174
662	-341.843824
496	-377.794221
3164	-344.379764
186	-340.606711
2294	-341.831947
3957	-307.291354
3718	-195.186772
433	-396.498209
13	-360.526646
3925	-325.718488
3851	-326.998454
3211	-310.908555
359	-346.832402
2078	-324.575989
3158	-269.271320
679	-340.668108
3041	-345.692143
2667	-308.455402
65	-312.125621
1432	-324.522792
3789	-273.762938
905	-360.513668
2717	-309.726244
1952	-344.408452
1044	-304.687053
3768	-227.338075
2455	-344.431301
657	-270.392759
2708	-308.512758
2360	-340.636727
2450	-312.124760
490	-231.142581
2394	-355.446449
1821	-308.473320
1987	-325.775071
3504	-308.561061
402	-312.124533
1178	-382.751729
1208	-345.608535
3290	-341.859618
1057	-391.518453
737	-336.836792
2945	-307.281910
1457	-288.573089
2732	-324.579850
1633	-247.201165
301	-324.570823
1365	-361.755045
1087	-324.508933
944	-320.766684
212	-324.605613
2823	-309.730966
669	-377.780670
1739	-303.454720
951	-307.548619
3042	-269.468415
422	-288.692943
3395	-248.436061
3055	-285.313284
2550	-271.628346
1789	-310.905299
1133	-308.517070
1289	-344.439723
2476	-346.865438
3040	-360.506446
2752	-381.632242
1485	-309.731369
2590	-340.650928
567	-339.489014
2467	-325.805017
2507	-291.014750
634	-154.960361
3020	-287.430903
3387	-309.727603
2224	-307.568767
3754	-324.570035
1389	-272.510742
508	-325.801512
2781	-288.581699
3970	-305.897998
2137	-324.588239
1347	-359.361259
1075	-325.751822
1800	-212.439286
2444	-318.641916
709	-286.134079
1431	-344.392695
3860	-308.505267
2092	-288.572051
1725	-360.495137
1581	-345.660520
1229	-288.582662
1116	-356.691214
3202	-310.908741
2237	-325.784144
2840	-284.048718
66	-337.302324
2979	-320.767064
2672	-355.556836
2495	-307.596472
2968	-310.909942
3172	-274.982310
633	-325.759393
1561	-325.749687
952	-325.717725
2483	-322.158791
1037	-306.397746
392	-345.637570
273	-323.312375
2143	-288.628466
716	-325.758431
1260	-270.417842
794	-248.143861
3856	-306.313590
2084	-361.708021
63	-287.377993
1884	-307.577822
2539	-321.276274
3520	-325.752207
1906	-324.613156
1026	-325.765414
655	-325.771459
345	-309.704732
1651	-273.809498
1209	-392.612820
1357	-375.307060
391	-345.584667
2147	-382.781806
2141	-307.287454
2381	-346.856604
2211	-340.648620
2106	-286.476486
1647	-343.242553
3058	-247.214450
3313	-360.526364
1968	-324.538807
2530	-345.673444
3298	-345.599182
3990	-303.459637
354	-285.174014
3018	-345.638117
1108	-341.839596
3771	-309.655144
741	-344.434318
1382	-360.492675
506	-234.516241
1302	-339.445855
3297	-360.526636
2311	-193.034988
3766	-344.436564
1051	-346.860404
272	-322.161948
2489	-250.583259
1313	-324.502042
3227	-348.043668
99	-336.813559
2640	-398.880824
3840	-309.681264
1805	-344.380468
1535	-324.463541
1673	-309.733829
2587	-376.609234
990	-309.684377
2969	-286.484904
1538	-348.050463
2497	-325.763216
540	-346.830523
2903	-308.505951
687	-346.841762
1255	-381.635881
1648	-345.660642
2984	-362.935648
1325	-356.758284
115	-356.682218
2594	-335.586914
436	-360.521191
3084	-325.781161
375	-346.857432
3637	-309.764115
2782	-340.664407
2080	-325.793131
3319	-376.604793
546	-306.365166
1420	-286.516174
1905	-231.145151
2733	-310.940764
3451	-319.606765
3611	-324.577560
399	-304.735224
2551	-325.792606
2204	-310.904876
2344	-305.915175
3163	-319.610683
3196	-297.530335
2362	-305.134491
3971	-360.530885
2138	-340.684371
3578	-286.432515
2868	-270.407057
90	-327.017113
1964	-309.726463
876	-325.807685
2077	-309.736028
823	-361.732840
2900	-272.554670
2326	-320.768781
915	-304.734226
3484	-341.890999
3798	-310.941861
3433	-308.465425
1240	-310.907666
2877	-324.556404
3657	-312.124380
1830	-345.641862
2621	-305.145002
2977	-310.909944
1876	-251.732828
1308	-341.814212
3592	-323.367866
1245	-310.907810
1185	-324.558175
1310	-307.529289
3882	-194.261089
673	-345.680831
1921	-310.904960
3448	-324.634377
389	-271.336957
884	-276.202586
1896	-326.971392
1547	-335.613384
1404	-346.883049
1853	-359.314227
2990	-376.661483
1450	-273.757658
3399	-307.229313
484	-351.639205
1474	-340.654517
1787	-325.795649
2478	-339.450173
1790	-345.664882
868	-312.124574
2834	-325.699665
2545	-324.614082
1400	-306.067385
1986	-344.459234
3632	-340.612805
311	-287.724713
1973	-340.637231
1117	-345.566120
889	-272.539307
3974	-323.433262
3608	-372.729173
2252	-382.779570
2735	-309.690179
2842	-308.450204
2534	-362.960595
835	-320.740782
1132	-310.938583
2568	-325.718022
1119	-304.733360
3807	-361.706503
3292	-326.937372
1220	-325.800532
360	-346.890881
1124	-271.651913
2215	-289.795079
1510	-322.425235
3180	-323.669200
1454	-288.652757
2844	-301.377995
1217	-325.773675
966	-339.467091
1135	-310.903412
2615	-360.501085
2013	-343.195410
3184	-308.439671
686	-391.370332
3407	-343.517848
3976	-273.765901
3488	-340.672417
2218	-325.756157
98	-303.553222
3402	-234.522504
2033	-310.919833
1959	-324.603913
2803	-327.013853
3491	-361.750275
1344	-341.767606
44	-309.735489
1213	-324.530103
349	-309.687623
725	-325.725266
3714	-265.398572
1832	-309.737802
1099	-231.975652
935	-269.154939
2191	-359.317050
582	-325.833302
1531	-345.640098
872	-309.711438
665	-288.571762
307	-302.239101
831	-346.867207
417	-344.440065
330	-286.408473
2553	-302.545562
939	-344.481802
3780	-323.320574
535	-248.416462
3141	-345.651109
2286	-309.728265
2548	-340.654465
816	-356.748545
1729	-361.740062
3467	-308.494487
2666	-303.423742
714	-356.669324
1895	-324.551432
3544	-312.133269
1592	-271.616430
654	-309.727166
3556	-276.202384
1839	-355.496901
2993	-346.825502
1719	-232.050342
3487	-210.101789
2989	-287.317913
1666	-289.872246
2182	-340.610000
738	-324.592221
3263	-285.326726
3638	-306.320806
3680	-305.904722
49	-396.507540
622	-341.886905
1988	-312.124451
3415	-308.495275
2349	-301.357553
3248	-322.477268
3213	-339.438949
2685	-344.426408
1079	-287.347000
2366	-286.466852
1322	-271.619912
1068	-308.470010
279	-306.012858
3369	-158.342346
2176	-345.608670
3133	-356.679691
3837	-343.468335
1394	-396.500849
230	-271.617434
373	-379.522177
3683	-308.510782
413	-301.369263
1320	-340.656628
2453	-268.273240
3458	-345.693035
2810	-273.763107
2720	-231.102112
1677	-344.412416
93	-340.615011
3861	-234.486176
3963	-271.323381
2815	-324.570906
720	-381.594735
439	-288.690999
3157	-335.619981
3940	-308.464824
539	-341.886521
443	-325.754109
1259	-288.590804
1982	-345.609374
2879	-265.401151
3314	-305.846541
1727	-324.606977
217	-271.648392
1567	-356.714706
2317	-308.503515
1542	-370.291993
3037	-288.567911
3423	-308.555641
2368	-325.804686
2757	-346.855643
225	-346.842403
2074	-285.300440
1941	-286.206129
189	-322.167165
2928	-324.540084
2566	-346.832253
328	-310.911163
3876	-304.574737
2193	-383.976576
1098	-356.649302
3642	-324.565306
2847	-307.566260
3977	-288.552886
3573	-325.730390
973	-325.790444
114	-361.772743
3001	-270.386138
1858	-343.238086
2773	-325.684055
1350	-343.076530
1414	-377.797879
1222	-325.805865
2481	-324.614891
3928	-377.799358
479	-77.308427
817	-345.619715
1912	-310.915653
43	-319.572842
3658	-309.682445
3325	-341.836362
39	-340.687222
3975	-309.693760
893	-232.317400
3627	-323.347112
1138	-308.444609
190	-354.290746
3310	-309.721850
3027	-336.811099
1264	-324.536694
1962	-382.756724
3886	-270.388222
2613	-338.214346
131	-345.603479
1494	-345.654016
1021	-232.328175
1951	-317.408548
2238	-281.495234
3284	-343.290242
994	-323.428670
3716	-361.720799
2419	-287.353473
3710	-308.565933
2630	-282.871678
923	-322.135797
706	-303.481839
2109	-321.219665
937	-306.397642
3551	-345.646761
51	-283.168740
1502	-340.679724
381	-341.835557
2477	-360.539944
2071	-246.029150
2560	-339.452794
924	-324.528533
3185	-348.053386
376	-309.732528
2140	-325.715372
1300	-324.595031
3230	-344.454591
891	-325.767721
849	-360.532987
1049	-323.336196
2145	-346.844016
1041	-371.504707
2441	-310.909223
2264	-346.831590
1678	-310.955296
1594	-323.433551
2107	-325.766177
2051	-325.790442
2864	-340.658990
2375	-360.564233
520	-309.720011
635	-324.578381
902	-310.940195
2336	-344.433499
2067	-280.248350
1056	-271.618179
3062	-381.573048
2665	-348.031230
2504	-325.805550
577	-343.087962
740	-344.452972
2650	-361.727711
2009	-273.812948
3426	-307.387663
485	-250.585183
2465	-339.464024
1415	-338.156727
2954	-305.915530
1387	-361.698635
2589	-361.718361
177	-362.872710
118	-352.905052
934	-345.650323
346	-307.586014
2212	-346.837271
1221	-344.436348
2156	-346.827596
3281	-309.716743
1866	-310.940708
3728	-234.474951
3853	-271.336383
1354	-382.790027
2937	-324.573883
3212	-360.575745
2976	-356.737615
968	-308.470667
3639	-345.680996
550	-319.568017
1402	-286.203815
701	-265.396194
2281	-345.643890
1619	-340.600021
642	-234.476516
2623	-235.700285
2028	-346.821466
3890	-341.849730
2127	-308.519863
3463	-304.735360
3354	-360.529236
1797	-194.267232
350	-320.793580
661	-335.635079
1010	-340.666160
3685	-381.602419
783	-273.806375
2956	-360.528914
1254	-325.753541
1842	-362.894239
1993	-339.504090
806	-308.768073
1236	-155.897345
1935	-361.677841
2765	-381.546975
2696	-353.269456
1630	-323.431776
257	-324.569867
1771	-287.657053
1704	-274.984793
2430	-304.688809
3811	-274.982348
3954	-271.611366
3494	-324.573795
1028	-360.421732
2243	-340.673964
2076	-274.982287
2386	-352.829520
2010	-323.385837
2888	-361.704536
2390	-270.097243
1851	-361.717868
850	-271.623957
70	-346.874234
1590	-344.415609
599	-343.312201
953	-392.650949
2742	-348.048844
3039	-341.851538
1094	-304.696023
1137	-271.622539
377	-360.527122
3190	-232.325947
2659	-324.461004
1763	-325.799404
3009	-307.265383
766	-312.133805
1122	-345.601318
851	-270.117027
2891	-308.511094
2144	-324.574829
2018	-286.492357
3911	-345.639354
2999	-307.237456
461	-273.773506
2897	-346.825923
2713	-310.904631
2647	-262.017735
154	-324.538764
1378	-346.867789
814	-308.509272
1118	-306.032266
2404	-323.340989
2818	-335.618370
401	-325.712603
2872	-288.581144
2293	-269.216495
1159	-325.779568
2907	-344.466563
2804	-344.433943
2047	-286.246880
2027	-376.585000
1925	-309.677276
753	-361.710299
3584	-281.484877
3495	-288.563768
3725	-309.710255
2991	-272.841336
2306	-287.354343
1292	-323.652284
2512	-346.823548
969	-325.797425
1316	-361.652250
2355	-336.816043
3315	-269.176979
368	-345.595021
3285	-247.192524
2291	-286.514923
3743	-325.726182
3187	-272.591906
1193	-324.550139
2328	-320.732586
2466	-325.785959
3672	-309.689612
3538	-271.350701
117	-211.295163
809	-361.738091
459	-348.056615
3121	-344.419977
50	-357.934562
3874	-323.344889
3272	-173.147782
14	-302.238859
1086	-272.587059
659	-326.976670
3597	-360.539435
1012	-266.609146
1235	-265.447270
3096	-338.175960
656	-376.605347
2217	-344.408081
2318	-348.039301
1820	-324.522751
409	-306.383308
1663	-232.351764
2561	-325.778234
3455	-270.401061
1067	-273.762417
785	-273.796695
779	-356.732185
3889	-360.533387
2825	-360.576433
3522	-309.691414
3339	-356.699649
3698	-360.508088
2632	-306.344083
2747	-301.332569
1706	-382.777508
1054	-323.427722
652	-345.620593
1744	-288.535621
3191	-284.360325
35	-343.197784
264	-339.450073
3731	-310.913156
2875	-344.475122
243	-323.389193
800	-324.611571
3066	-345.688382
403	-272.843742
878	-308.466070
3114	-309.692389
2260	-271.351786
1615	-287.344000
2541	-341.834413
2175	-324.545475
2435	-229.013797
2373	-302.564379
1871	-306.406578
3902	-382.757521
1570	-325.783642
2369	-273.760271
852	-361.731511
653	-344.473681
2225	-324.612179
203	-340.663148
3644	-345.587398
1298	-308.505512
2687	-377.816463
3907	-291.017966
2513	-345.631685
3703	-287.697316
3827	-270.435807
3028	-346.861640
2383	-324.593866
3756	-326.943546
126	-274.991042
3047	-285.293918
1620	-270.431243
2961	-348.061993
1165	-309.706371
1383	-344.398797
3	-346.838279
2199	-377.815601
68	-286.519735
278	-397.667072
3854	-346.867382
2325	-273.732431
1407	-235.694798
2777	-336.817321
1513	-306.368494
3775	-324.576188
3471	-416.384141
3635	-308.475489
1461	-346.899170
914	-361.707841
2019	-340.659620
2727	-271.330291
2926	-320.764569
174	-229.928448
2418	-304.734646
820	-326.934229
3328	-324.549529
1713	-323.381747
2855	-268.917900
1009	-266.763445
218	-285.311823
2718	-382.782995
210	-362.938898
470	-303.460335
1005	-273.786179
2611	-346.824672
2377	-236.916033
9	-344.468531
398	-345.636145
922	-272.844560
1475	-362.957353
677	-324.594116
3779	-308.476903
1889	-361.731388
169	-309.688569
1216	-308.465534
3278	-298.952950
294	-308.506421
555	-361.677945
1639	-345.640072
671	-310.897268
3137	-272.533448
832	-308.470270
463	-309.715058
3623	-341.892484
3740	-356.684693
1669	-287.426878
1668	-344.433140
796	-344.453746
2279	-309.711101
1918	-319.573117
2882	-322.444150
1345	-376.540686
1424	-212.438188
3186	-346.829695
3173	-325.791830
579	-281.480583
3539	-324.625415
3136	-340.660061
3073	-309.734862
877	-359.317823
428	-324.570042
2861	-288.654312
2702	-309.685148
1412	-242.195730
887	-361.720206
1215	-335.566430
675	-346.827397
1351	-309.733696
1479	-309.677142
460	-360.488733
3013	-346.883127
1134	-343.068226
838	-361.709679
2751	-273.787799
2600	-307.237880
1733	-322.169100
2437	-356.692640
2705	-270.384180
265	-236.916125
651	-232.334436
1601	-345.646864
3557	-344.382663
2540	-211.295796
2464	-297.555801
1806	-324.610229
3569	-272.588302
2348	-285.253877
2113	-344.391557
1681	-310.908780
1314	-324.460304
3276	-344.508729
1926	-273.773955
993	-317.364547
2399	-308.430606
1507	-310.914024
1684	-320.783029
244	-346.835129
3089	-327.025329
3866	-341.882531
775	-344.469204
1799	-346.861635
356	-372.741729
1000	-339.452428
304	-322.464725
3843	-309.717869
1939	-242.205627
603	-346.867624
3838	-271.318933
1536	-324.492974
3735	-360.522940
1894	-360.532510
1501	-288.653529
1974	-345.655745
3602	-361.683811
3128	-341.867138
2274	-308.463553
2056	-325.729141
1621	-346.884834
3235	-339.416290
3445	-286.508374
3469	-356.686540
590	-346.857871
1524	-272.550818
489	-356.745773
2094	-325.812885
1618	-345.629039
3365	-396.458774
514	-309.685045
3786	-308.759185
812	-308.509197
483	-309.705795
1484	-273.817328
2688	-284.964138
1181	-323.657279
3759	-270.393902
2123	-327.010026
1489	-266.777425
180	-360.505528
73	-233.293627
1923	-287.427777
3784	-344.450127
2904	-302.545112
204	-287.353313
2158	-340.663379
408	-208.863267
1748	-288.688929
2026	-272.837907
3901	-346.822424
321	-324.604397
1256	-312.119596
159	-273.773408
2397	-308.772292
1471	-346.857623
2413	-345.604177
3764	-308.483519
1241	-345.608395
2841	-360.524422
3859	-308.499978
2434	-377.845502
685	-320.029854
2188	-288.690060
628	-325.726991
2783	-272.537685
3372	-309.705858
1153	-325.764669
200	-345.625804
1097	-325.784473
1411	-327.023352
1160	-286.467220
614	-383.982605
2303	-309.719920
1045	-344.449852
2554	-345.649886
2779	-381.606362
1737	-323.398064
2843	-308.509454
1671	-309.708282
1781	-324.582445
2697	-360.495788
837	-360.512026
453	-375.430225
2470	-309.688189
3546	-233.219124
1282	-346.860539
3626	-310.902465
2653	-361.749428
2305	-376.633716
3745	-310.912788
298	-377.795528
787	-360.525379
3679	-320.794248
2617	-248.151318
3273	-288.589678
2664	-348.047695
3134	-271.319942
2262	-325.780603
2251	-430.448052
2357	-325.754267
3992	-319.576017
57	-345.635513
3921	-343.218379
1578	-233.217482
553	-271.666055
135	-301.341304
1591	-249.397368
1401	-307.265351
2536	-273.758980
3867	-356.726146
1375	-345.645053
1315	-288.533780
2555	-287.427764
2451	-359.328735
1167	-309.729139
33	-264.504487
1780	-345.606551
1573	-233.255259
2933	-360.538112
1990	-281.482892
3563	-227.798785
1377	-325.768959
38	-309.736982
2043	-344.484341
660	-271.630416
799	-310.910909
559	-362.935404
618	-308.467888
1555	-324.529724
3400	-289.799552
3204	-306.313706
1293	-271.369084
745	-344.464270
1459	-306.320451
987	-273.765811
1580	-271.339821
2796	-345.678871
3375	-324.594534
1453	-309.720334
2680	-340.664901
2160	-345.674929
1798	-312.126342
1508	-308.462196
3016	-309.730329
1148	-284.062954
3945	-304.737186
2833	-248.375248
1410	-273.759553
474	-281.476832
2755	-381.595252
1874	-416.367317
3393	-359.297522
3382	-341.145624
2758	-309.696640
1602	-318.339586
2981	-327.026688
3872	-340.691219
1070	-361.752301
282	-325.714378
1953	-308.457242
1807	-344.469516
1427	-340.646339
1367	-325.812267
2669	-309.763785
2314	-345.658870
3601	-308.749822
1815	-345.663783
22	-324.575190
501	-345.630685
1617	-355.508183
1343	-310.895432
3567	-309.693494
3466	-325.794624
3029	-285.281493
3188	-325.807242
112	-340.648166
2836	-345.652670
3891	-346.821929
1819	-249.292101
164	-340.675814
89	-249.259410
3388	-271.606364
1752	-296.265627
2263	-274.983122
1826	-285.242094
1370	-242.180146
100	-361.702143
2772	-343.232602
2207	-301.330754
86	-190.624631
107	-307.580090
2125	-310.908354
1837	-381.574917
220	-276.205821
208	-270.399081
3922	-270.394284
1187	-264.235803
2601	-333.464063
3386	-309.684862
2862	-309.693471
2395	-297.523583
762	-346.863396
450	-235.729507
3327	-348.059242
3019	-301.357437
2372	-322.217569
2829	-340.622886
94	-362.955075
2487	-361.694757
1773	-304.696646
2361	-304.727460
584	-309.681686
3621	-346.815715
3609	-269.176442
1039	-360.575277
3765	-453.654335
1359	-229.927277
2895	-273.764673
1019	-327.016183
3649	-343.292778
2658	-308.461040
2136	-263.278851
885	-324.623780
2471	-288.628801
3871	-346.859809
1172	-357.927353
299	-195.196751
75	-381.566310
3234	-287.349937
3721	-284.372483
1073	-233.249538
372	-337.283890
1223	-324.586663
1442	-308.465594
1776	-325.785476
786	-307.544728
3302	-324.577047
3088	-308.459859
759	-398.888473
544	-340.643340
2045	-324.495988
2967	-305.841708
3350	-339.431591
3209	-346.834502
3964	-336.853985
3038	-288.542113
2422	-325.718957
3561	-343.190300
55	-335.683118
2322	-355.508682
2499	-376.539208
1969	-360.529678
136	-343.240623
3570	-272.514475
2400	-345.592410
400	-376.570473
3913	-308.551230
3893	-341.097446
2359	-360.468392
3032	-360.508895
3165	-356.724041
899	-321.230055
2960	-271.360631
1340	-271.616723
183	-362.962787
3249	-325.739818
444	-340.665581
1332	-209.144909
581	-287.683128
1954	-226.144377
3969	-324.609784
2298	-270.396464
1676	-296.285473
1317	-344.393241
3085	-322.130736
3069	-346.878430
2745	-322.118085
3397	-356.702115
826	-248.137789
260	-359.369049
854	-383.971058
1801	-301.335636
397	-288.630839
3656	-310.918831
751	-361.724921
3251	-306.056425
3507	-376.594067
576	-345.655968
2692	-356.663387
3120	-309.689111
2878	-285.336744
133	-271.642927
982	-307.235414
2992	-343.202564
492	-305.904760
2740	-360.536920
3424	-348.051118
447	-271.627826
2919	-340.635773
2052	-325.809179
1572	-322.170570
1541	-310.912991
962	-376.587043
2910	-307.536915
3348	-304.715963
560	-344.385047
760	-324.605411
946	-324.577279
3422	-340.663929
2001	-346.833365
593	-303.525517
840	-289.871520
2746	-247.190194
2157	-309.686797
2278	-345.650717
3203	-308.459279
467	-273.793804
801	-273.763117
310	-308.480308
3949	-359.301320
682	-302.303791
3958	-291.015785
537	-361.731930
1201	-224.944660
277	-302.288351
231	-346.860243
1616	-272.539058
3572	-322.172641
1783	-320.761312
1758	-271.616401
1270	-307.571937
1408	-379.527030
2285	-340.578657
931	-361.763293
1971	-362.906662
1483	-309.723988
83	-344.434906
58	-304.683044
340	-273.789697
723	-361.717032
2716	-303.464433
2459	-273.761223
1395	-375.348487
1072	-272.554773
588	-309.684571
3734	-326.940196
347	-309.687405
3404	-309.733988
1526	-269.267574
2134	-344.433965
2345	-342.329232
531	-226.107205
1753	-375.351387
2275	-312.122563
1330	-324.575010
1530	-272.549380
1093	-325.718074
2710	-361.773017
1743	-346.856186
162	-232.324966
3808	-345.614760
2778	-325.711441
3816	-272.830720
1933	-270.396100
2521	-361.728609
3904	-356.716094
84	-345.610574
1537	-309.692993
283	-355.460155
2756	-153.742562
2036	-309.733888
2039	-360.553317
175	-361.754326
957	-360.490486
708	-306.313133
1036	-340.609236
980	-356.743821
2223	-288.657055
2505	-344.440744
1606	-308.462382
2849	-355.442748
2439	-324.485913
1836	-268.273739
2924	-348.045292
940	-325.787515
3078	-383.966179
1791	-272.554824
3655	-287.379629
1451	-348.052763
2767	-340.635968
3326	-381.616196
3145	-324.570872
341	-273.735711
1852	-309.685790
3813	-340.620847
1715	-286.486570
2799	-340.702898
1391	-323.317575
2511	-250.500016
1130	-346.826923
1381	-303.795699
191	-307.610450
3654	-307.541973
1386	-362.967171
3518	-340.655390
3944	-381.563295
2304	-286.431160
3480	-286.460642
213	-249.281074
473	-346.828378
3823	-303.527274
1707	-288.590006
3744	-339.414779
538	-324.494520
3600	-325.781571
1532	-309.731599
2892	-325.728271
270	-372.752005
2005	-305.155985
1463	-362.938449
1307	-303.460433
3237	-303.553222
3135	-272.569212
1861	-235.696852
2059	-345.674176
1004	-355.416555
2627	-235.695309
3724	-324.573480
906	-383.969892
517	-344.434827
426	-362.933001
606	-343.235457
1998	-324.536830
1552	-346.865957
1838	-356.685238
1151	-392.620909
764	-233.560626
348	-196.432825
476	-397.686127
3250	-360.517106
150	-309.732713
998	-302.306196
2177	-346.868453
649	-340.685408
1089	-344.451793

file identifier 	 test data 	 predicted
860	-397.697425	-392.457919
3751	-339.491316	-339.536388
1460	-309.684108	-309.685518
1929	-324.551800	-324.384531
3820	-340.655117	-269.946976
3425	-324.547564	-324.405048
1927	-361.739999	-361.640016
1326	-266.616319	-266.183421
1898	-360.497612	-353.157301
960	-310.940611	-310.740875
285	-249.362379	-194.242142
705	-362.953848	-362.720818
3713	-325.748400	-325.709171
829	-310.909285	-310.778561
2406	-306.386594	-298.166949
1469	-324.444698	-324.324854
2115	-266.626759	-266.431880
898	-305.906901	-305.836445
2170	-274.987123	-274.399920
2832	-250.585843	-250.975112
2562	-375.357530	-375.651967
2392	-272.551442	-272.300670
3156	-362.941094	-362.919669
3477	-348.046236	-347.290107
3223	-341.794931	-341.772438
3709	-340.613243	-259.734303
3568	-308.468418	-308.546506
2958	-324.580268	-324.288493
2953	-348.047609	-347.782607
2619	-326.939536	-326.812097
3896	-307.280331	-236.975542
2491	-381.634033	-310.810466
1327	-320.768458	-320.627835
819	-276.204532	-271.999205
1693	-234.474613	-234.823944
2267	-291.016020	-289.446181
469	-325.775843	-325.799715
1560	-340.645686	-262.079082
2821	-308.511516	-308.779143
1657	-338.273162	-338.819983
2008	-336.802659	-257.883835
3311	-344.433172	-264.807269
601	-324.603558	-324.140539
1284	-320.761539	-320.609401
2921	-310.904813	-310.873175
2831	-356.723059	-349.153384
394	-344.385642	-267.789453
2468	-307.193849	-234.537274
2300	-453.655583	-455.207252
1795	-356.736238	-349.016946
3749	-249.363949	-195.535058
384	-343.291812	-343.479063
224	-324.628594	-324.352131
318	-310.954514	-310.887366
1011	-310.942660	-310.795488
1446	-319.575102	-311.699519
3318	-308.513124	-308.783100
1817	-339.459612	-339.692050
3739	-324.566515	-324.548532
949	-344.463502	-263.996519
1865	-345.609914	-345.610120
423	-304.694187	-304.971110
305	-346.859213	-346.761706
269	-325.729080	-325.751436
2906	-340.657508	-264.287639
2461	-269.170508	-261.005149
1349	-286.542391	-212.881346
161	-285.276468	-285.479475
2315	-273.793520	-273.641338
262	-345.647032	-345.717742
3498	-381.585231	-305.192448
2485	-392.676111	-392.667747
903	-309.685872	-309.565770
1437	-376.547304	-376.892307
3817	-288.554600	-288.524740
2486	-307.239887	-237.687477
3810	-372.726782	-373.020480
1890	-371.608385	-370.769692
1611	-348.044714	-347.842901
2816	-310.905786	-310.676466
2549	-375.410333	-376.095844
1295	-346.829652	-346.744284
1197	-308.462932	-308.686583
468	-322.150234	-321.100654
91	-275.011437	-275.112420
1749	-302.579654	-294.444492
645	-308.540795	-308.903568
3772	-356.752251	-349.357808
2546	-248.018573	-246.049420
1899	-308.478846	-308.869816
1104	-287.315479	-287.162583
201	-308.561649	-308.703435
2828	-232.030352	-225.593150
545	-356.698773	-349.147277
64	-362.945802	-363.085589
2338	-268.888303	-268.622337
3474	-309.730988	-309.689185
598	-193.088340	-192.790470
532	-344.369744	-264.305270
3283	-287.404397	-287.124646
1562	-309.676327	-309.638538
834	-346.828689	-346.733829
1169	-346.819305	-346.652774
1188	-306.054267	-306.261453
477	-265.399968	-257.458729
3048	-381.616883	-308.677938
2983	-346.833689	-346.706048
3704	-348.035847	-347.634814
1234	-325.796704	-325.700926
1917	-325.790782	-325.808091
3732	-320.774305	-320.504091
156	-288.654408	-288.449294
1565	-325.735821	-325.747021
1810	-288.653294	-288.511758
3783	-310.912792	-310.796632
3379	-273.761967	-273.550284
2518	-360.566272	-352.857085
2031	-269.170061	-261.163446
3733	-309.678068	-309.626938
2236	-235.698987	-235.695401
420	-362.950092	-363.102812
1528	-360.446475	-352.632511
2200	-344.426799	-263.373389
1131	-324.580815	-324.506793
101	-324.507184	-323.968959
1480	-324.584824	-324.324119
715	-285.275928	-285.328327
2899	-310.930659	-310.734577
1261	-268.282665	-268.536611
807	-340.681309	-264.314756
1689	-336.823026	-259.530695
2503	-345.653983	-345.565198
1248	-304.732336	-304.964897
2870	-289.872470	-289.863393
2044	-373.173910	-407.142720
1338	-320.793141	-320.620276
188	-339.406341	-339.588736
821	-307.566593	-307.353297
3068	-306.015194	-306.352413
3123	-309.702150	-309.686304
3226	-339.491316	-339.536388
3478	-343.296547	-343.270709
3607	-325.801523	-325.768062
97	-286.495035	-216.930027
1462	-312.136049	-312.305934
507	-309.697879	-309.757353
627	-359.304956	-358.547918
3353	-324.514429	-324.448982
2282	-375.368783	-375.471099
2330	-287.681216	-288.000072
1654	-360.518768	-352.952406
2501	-232.377706	-182.199083
3087	-392.563319	-392.673087
256	-308.741915	-308.867911
1643	-310.910140	-310.826577
824	-310.952875	-310.749747
3288	-348.045786	-347.839694
2639	-302.580808	-294.520868
2827	-345.615042	-345.728511
1902	-324.615795	-324.396413
2614	-232.164586	-224.837018
3776	-320.773105	-320.712167
728	-309.678404	-309.665301
2365	-345.689766	-345.627083
965	-323.329385	-315.006226
2618	-361.768020	-361.682899
1297	-345.621773	-345.712558
3973	-356.659922	-348.983658
1076	-361.656187	-361.603872
2206	-312.126404	-312.312521
921	-325.682121	-325.723407
3605	-372.755216	-373.079102
2135	-346.861074	-346.805342
2930	-310.906738	-310.792054
3076	-247.198000	-247.283965
731	-355.501990	-355.486894
793	-326.950540	-327.571361
1662	-377.834156	-295.925512
755	-324.568345	-324.428996
1892	-382.805933	-382.814225
3246	-340.652252	-266.662242
1311	-288.545722	-288.401028
1981	-306.313924	-298.573469
23	-304.679494	-304.761828
2342	-309.680487	-309.744590
1441	-303.469082	-233.113665
1645	-324.477059	-324.379553
798	-208.842347	-208.115100
3476	-304.737418	-304.999062
2089	-308.469081	-308.675178
2105	-335.635972	-335.656784
184	-322.436757	-322.488289
2460	-345.631797	-345.607087
3286	-361.731914	-361.700558
3109	-324.582824	-324.496947
3575	-309.736328	-309.666891
2883	-308.757991	-308.753775
1397	-271.624640	-271.476831
1690	-339.426816	-339.139071
2955	-346.822341	-346.813921
382	-344.494711	-266.505461
2754	-309.674575	-309.838485
3661	-287.358011	-287.026749
3630	-287.660591	-287.975073
848	-309.744522	-309.687902
1667	-323.323781	-315.018375
3159	-324.612512	-324.464102
2543	-376.588479	-376.168551
2474	-357.944802	-358.071474
592	-307.614861	-307.438201
1110	-325.781398	-325.809955
3194	-301.367422	-301.298817
2649	-381.581036	-312.060157
690	-375.420808	-376.428701
151	-270.397623	-270.147532
3677	-307.571921	-307.502410
1203	-261.802956	-241.118581
1946	-346.841836	-346.804815
1845	-302.309526	-301.878744
3012	-276.205920	-275.028186
2881	-345.594203	-345.526033
3900	-308.465445	-308.654220
3720	-308.561301	-308.666691
548	-233.555951	-234.163916
3072	-340.671263	-255.164892
2838	-324.547436	-324.453610
782	-361.678341	-361.565777
3416	-320.770681	-320.621496
767	-346.861463	-346.770642
1043	-324.605875	-324.161965
326	-236.917664	-238.453183
811	-304.567859	-304.975065
2925	-301.394865	-301.289616
1574	-245.997884	-245.578063
3737	-361.714817	-361.472298
3650	-382.756764	-382.596660
1886	-302.286171	-302.332152
1271	-310.902165	-310.747125
134	-308.516376	-308.893549
1258	-344.472090	-263.959884
2388	-309.695742	-309.555218
1635	-360.520081	-353.131145
140	-309.676929	-309.698699
3052	-291.017787	-288.124815
3909	-310.945132	-310.784112
2312	-344.416076	-262.369266
967	-372.742461	-372.886299
2655	-235.723792	-235.163439
2241	-346.857051	-346.792222
3050	-303.940271	-296.266904
1059	-303.436180	-231.363197
803	-325.789564	-325.787426
1207	-324.584396	-324.586312
1445	-396.491525	-396.586101
2496	-326.954795	-326.805484
1557	-322.456250	-323.019959
46	-372.766726	-372.593854
976	-382.776658	-383.095738
3413	-308.440890	-308.599772
3061	-392.552088	-392.342669
1348	-309.683859	-309.648067
2195	-289.873479	-290.169466
1013	-271.300649	-271.617385
536	-323.348544	-314.958685
41	-345.649146	-345.702883
5	-351.628383	-351.598529
870	-345.646965	-345.668470
3421	-324.571081	-324.681414
623	-265.457424	-257.139036
2068	-308.471269	-308.585928
1125	-285.292217	-285.391417
2482	-268.321270	-268.560866
195	-296.296482	-296.603460
3801	-310.937414	-310.752744
2391	-310.927566	-310.698158
1958	-340.595950	-262.108044
2853	-325.794835	-325.706677
2914	-270.422403	-270.115377
1156	-154.972731	-155.972798
1155	-272.838189	-272.817255
1226	-195.226072	-165.539572
3373	-271.613890	-271.802376
1872	-272.566631	-272.332231
3599	-308.482454	-308.758784
163	-319.624414	-311.120671
3978	-282.861121	-286.425459
74	-310.918822	-310.816311
3903	-340.636306	-264.416426
1257	-346.855622	-346.838321
711	-341.849127	-341.936973
2016	-308.569875	-308.685683
2116	-340.646768	-262.185753
2741	-297.520999	-297.480246
1436	-375.359407	-375.276238
1841	-325.788368	-325.749718
1967	-288.573475	-288.576787
2075	-345.606444	-345.551083
2770	-288.588657	-288.594638
92	-301.343578	-301.349636
383	-361.702346	-361.683943
3403	-339.424322	-339.238834
524	-308.507004	-308.613640
3059	-363.508158	-363.482476
3648	-324.631468	-324.547559
1416	-308.514570	-308.852523
2456	-345.610758	-345.557524
2185	-344.343476	-268.913244
302	-340.632285	-271.654199
3247	-360.531175	-352.807294
3097	-309.716094	-309.667733
167	-310.912077	-310.873574
2911	-289.871661	-289.844823
3435	-361.728293	-361.666526
3770	-272.544060	-272.596383
1121	-333.449362	-333.540189
2808	-340.646073	-255.789716
3460	-288.678290	-288.326279
1720	-309.692095	-309.657823
2575	-308.759090	-308.678065
2313	-312.122262	-312.462199
3774	-305.130184	-304.839494
1652	-301.316399	-301.324103
3738	-274.982053	-273.259453
1492	-310.927319	-310.757023
2753	-310.904304	-310.890403
950	-324.580266	-324.365548
3138	-345.651520	-345.305499
1622	-346.869712	-346.864633
390	-306.070291	-306.359441
571	-339.423497	-338.957577
3943	-376.602183	-376.744720
2015	-308.518276	-308.468512
1175	-361.742598	-361.698766
549	-372.785072	-372.978253
3149	-372.694726	-373.300849
3767	-324.568597	-324.640782
1728	-362.942862	-362.973113
1218	-287.431740	-286.527060
472	-273.761356	-273.623891
3517	-396.475511	-396.030939
2035	-249.294409	-195.708489
2524	-392.642251	-392.495651
3849	-360.531172	-352.885612
437	-309.705971	-309.672317
3127	-327.010419	-326.806213
692	-362.917261	-362.925240
3225	-362.875945	-362.042838
2493	-346.822460	-346.895973
1323	-289.811983	-290.484019
2873	-307.545713	-307.426503
2072	-344.431636	-268.446092
2384	-281.469893	-281.506743
3888	-323.359825	-316.702797
1813	-307.550360	-307.589379
1014	-301.385442	-301.370154
295	-320.770299	-320.521459
3257	-308.472221	-308.647910
3542	-344.409533	-268.510785
24	-345.608180	-345.642001
119	-327.012568	-326.908559
3262	-235.693825	-236.018018
724	-320.775720	-320.652608
2678	-285.255563	-285.461918
3430	-341.828533	-341.921716
3265	-324.569062	-324.439702
3697	-312.119261	-311.959892
1392	-353.321142	-360.248571
732	-327.023478	-327.008806
1891	-323.382399	-315.211586
3239	-361.708121	-360.542717
2064	-309.687401	-309.659381
1189	-287.322957	-286.884507
3953	-325.792503	-325.608525
2620	-324.587670	-324.508436
2022	-344.425164	-268.295324
562	-456.105229	-454.836417
1509	-345.612220	-345.619587
615	-345.676743	-345.619595
3113	-324.531139	-324.409563
525	-273.812813	-273.759100
0	-351.615495	-351.647128
407	-287.508781	-287.196900
3461	-320.776316	-320.756281
995	-360.542928	-353.164640
676	-272.584377	-272.340114
355	-273.761263	-273.667338
2963	-287.651399	-287.889463
1698	-325.800949	-325.826503
3965	-273.764529	-273.482332
2951	-308.569129	-308.742442
2371	-307.253245	-234.016248
95	-351.666551	-351.620704
2353	-281.504579	-281.439835
276	-380.379743	-379.234475
1267	-341.841438	-341.930168
734	-233.242250	-232.743464
1288	-324.635136	-324.531011
1778	-305.036659	-304.770516
3835	-309.693085	-309.645634
2819	-360.551444	-353.041286
1750	-287.645651	-287.970120
1206	-342.315546	-342.388238
3022	-234.455424	-233.629167
2280	-359.345792	-359.258654
1730	-345.663299	-345.545543
3336	-308.477672	-308.646962
3017	-271.339346	-271.445244
2714	-398.878264	-398.825832
573	-286.504534	-217.287821
418	-324.565412	-324.469032
1945	-361.754136	-361.672166
3880	-357.942023	-357.780289
3303	-272.589883	-272.359101
2029	-380.417684	-380.171962
1741	-345.629842	-345.653208
1610	-196.406419	-198.047779
2021	-346.818246	-346.855997
3989	-272.542369	-272.161551
3805	-309.680682	-309.688829
3240	-338.234966	-338.191202
3755	-341.874216	-341.907953
3885	-304.728655	-305.028531
859	-308.468407	-308.583826
2854	-325.810616	-325.750818
40	-344.338878	-270.621999
2707	-310.915408	-310.811157
2240	-381.627040	-305.521318
1243	-323.582949	-244.038415
395	-234.447743	-233.472132
974	-303.468081	-234.810852
1553	-323.448965	-315.128429
17	-345.612580	-345.665198
1176	-288.584832	-288.647498
3334	-325.800680	-325.639188
3323	-232.335768	-183.017444
252	-305.913756	-305.894909
2573	-307.303421	-229.492941
797	-278.075775	-305.730559
3526	-249.285024	-196.333173
547	-360.540793	-352.932899
1439	-340.590431	-266.295412
237	-268.287661	-268.042438
2276	-309.679242	-309.609905
896	-323.312767	-315.193142
2805	-272.587161	-272.484572
2220	-272.538190	-272.131537
1174	-345.614442	-345.610769
1200	-346.908492	-346.718192
897	-345.659998	-345.723085
3521	-342.324182	-342.053240
2509	-344.380267	-264.457470
516	-312.134532	-311.137207
404	-324.595399	-324.427511
223	-339.501781	-339.635543
21	-278.059333	-307.582958
3308	-381.582831	-307.192011
3405	-269.206920	-261.971323
3385	-324.583090	-324.325488
1586	-272.837559	-272.825102
1881	-361.772040	-361.608414
1429	-288.579114	-288.521127
6	-345.687671	-346.037232
3170	-271.626697	-271.385264
153	-347.466594	-347.422367
3689	-308.467642	-308.746055
2865	-342.307696	-342.348513
1825	-271.656372	-271.499902
1318	-310.897519	-310.727789
3699	-355.497878	-355.460984
2706	-345.667357	-345.668393
250	-360.538828	-353.160571
2038	-348.056093	-347.953033
3652	-361.720088	-361.674706
2248	-377.773452	-299.428378
3762	-351.646368	-351.735757
2420	-340.625366	-262.556696
1456	-308.496384	-308.658280
643	-345.663386	-345.745250
1644	-325.774769	-325.806128
3148	-324.567513	-324.241248
2579	-273.765811	-273.957893
3927	-323.326298	-315.086963
3641	-360.485033	-352.683464
3446	-306.044918	-305.794744
1204	-361.704371	-361.843740
1522	-324.485746	-324.329004
176	-308.554162	-308.685629
3179	-270.408713	-269.690474
3300	-344.499155	-265.379637
3195	-274.982322	-274.074613
2239	-346.823312	-346.917356
3513	-340.637067	-259.030528
2558	-472.145935	-351.799120
3152	-335.591582	-335.762367
2812	-381.619786	-304.550107
991	-345.602096	-345.604723
862	-361.764434	-361.780355
2857	-362.899149	-362.619582
3631	-303.560350	-228.076299
1545	-308.468255	-308.680566
1680	-377.842223	-305.006394
2606	-323.344105	-315.938318
2226	-276.206257	-269.819323
3162	-324.546164	-324.450130
2789	-340.629283	-268.808965
3505	-274.983383	-274.725607
2715	-345.709596	-345.795957
25	-309.712046	-309.645937
1280	-356.683566	-349.376670
1114	-302.353948	-302.489151
214	-348.052027	-348.063739
1685	-338.273553	-338.873181
846	-270.434394	-270.088968
386	-325.776001	-325.830841
1994	-383.983835	-383.412785
480	-325.760797	-325.775449
1738	-273.759338	-273.699022
972	-341.869909	-341.910451
3906	-309.685651	-309.632390
2533	-265.438520	-257.223353
344	-343.305175	-343.266847
2122	-348.040439	-348.037140
3662	-360.469577	-352.865867
3355	-345.648365	-345.576711
2660	-307.582044	-307.342518
2412	-310.904086	-310.815282
466	-382.782183	-382.912287
1020	-303.566436	-228.591326
2934	-324.462733	-324.485889
2037	-345.620113	-345.560451
1691	-272.595294	-271.892034
3818	-308.470796	-308.708259
658	-307.234503	-232.841057
971	-324.624537	-324.593281
374	-372.796889	-373.028195
1600	-249.301818	-197.754737
370	-356.698196	-348.892262
3236	-310.912270	-310.741785
1158	-268.251114	-268.327334
2657	-308.451299	-308.859057
667	-360.533083	-352.821732
2725	-269.218553	-262.064962
1312	-381.612501	-308.904458
778	-324.573162	-324.372356
2454	-288.578155	-288.508411
3562	-360.524672	-353.148883
2837	-325.730097	-325.746030
2469	-270.392444	-270.268767
2458	-361.683558	-361.739635
3524	-308.455477	-308.818543
2153	-309.673226	-309.644566
2095	-348.034975	-347.641312
3794	-317.361117	-315.636625
1008	-248.448467	-240.204136
478	-119.052475	-135.753205
1006	-336.843788	-266.329457
1614	-325.736331	-325.704103
2284	-359.298380	-358.263193
3306	-361.650084	-361.918356
621	-310.899323	-310.788237
322	-346.832352	-346.773244
442	-356.712228	-349.340134
3274	-196.407957	-198.345138
943	-303.497783	-231.832391
2572	-360.495461	-352.800320
192	-310.897684	-310.783732
2169	-356.733974	-349.190388
1540	-285.217962	-285.607523
1520	-309.728493	-309.655857
1380	-288.625728	-288.504245
2576	-306.418503	-297.792000
3332	-376.610619	-376.487193
1273	-355.513035	-355.463716
2940	-339.418028	-339.350323
2201	-452.728039	-419.691127
143	-302.355005	-302.418664
3271	-454.878708	-426.757783
1613	-346.890723	-346.787758
3370	-396.486664	-396.446551
3548	-79.764152	-101.007357
2448	-346.833271	-346.854873
1198	-308.449457	-308.679752
1656	-323.352987	-314.699297
791	-309.662433	-309.718350
3374	-324.551244	-324.440396
2712	-274.985024	-274.631712
713	-308.484017	-308.752324
105	-309.727110	-309.624944
770	-381.612946	-310.727697
1961	-197.629416	-209.612782
2000	-309.736479	-309.686159
251	-265.386781	-257.430845
2457	-382.757134	-382.973156
1023	-309.663477	-309.634475
207	-285.281032	-285.322599
3206	-346.853173	-346.847697
155	-324.571682	-324.261172
286	-324.563745	-324.471127
3366	-323.268818	-314.472057
1238	-360.499088	-352.604817
1924	-340.591587	-269.584951
3107	-281.504745	-281.577935
2320	-362.876210	-362.963856
765	-317.447668	-317.832967
613	-309.689486	-309.569016
1022	-310.902683	-310.822522
457	-380.372151	-379.440547
3176	-432.852890	-432.970766
1101	-307.244627	-235.519985
970	-310.911364	-310.779126
3643	-309.660190	-309.639200
639	-270.405973	-269.358599
128	-303.785832	-303.802542
1149	-325.796862	-325.755992
306	-307.335530	-234.140198
3676	-346.840522	-346.835746
144	-271.323089	-271.894052
3361	-324.558989	-324.398960
1840	-360.536972	-353.255138
3620	-359.351415	-359.430981
2364	-360.507160	-352.736503
429	-288.570364	-288.414292
2069	-346.855971	-346.794456
1035	-284.385189	-285.099722
647	-338.268974	-338.518658
3668	-309.700336	-309.461502
1757	-285.313612	-285.145303
486	-288.678720	-288.482598
1466	-340.657975	-260.929444
3634	-340.646592	-257.056822
3363	-345.658313	-345.993889
3892	-271.608843	-271.495416
996	-307.544316	-307.487986
2759	-393.905418	-390.112781
710	-340.625597	-266.840131
130	-274.988525	-275.394611
1324	-270.399280	-269.499506
319	-352.845678	-345.059079
2307	-346.859945	-346.569000
2227	-356.712771	-349.246347
138	-362.875317	-362.579877
2661	-323.448833	-315.058059
2920	-326.952797	-326.713019
2974	-396.486691	-396.355257
2	-324.551643	-324.417251
1702	-251.727632	-250.759855
1337	-286.498779	-211.633906
366	-324.576206	-324.325026
1723	-307.290176	-235.937274
1756	-326.935440	-325.739128
3667	-249.293044	-197.639925
1831	-323.386306	-314.955951
1090	-272.500426	-272.482428
774	-395.551843	-393.434462
3939	-317.386479	-317.900452
1061	-343.531666	-335.485763
1003	-308.516378	-308.754540
1863	-381.631601	-310.399501
1997	-271.666841	-271.214922
2508	-324.574476	-324.448380
2050	-362.937518	-363.068262
2097	-345.639692	-345.611148
332	-304.692914	-304.904868
3254	-287.469473	-286.932541
2582	-320.773768	-320.641655
963	-345.645239	-345.653874
1369	-392.662003	-392.735206
3192	-313.554802	-314.373603
1878	-346.819711	-346.756794
3299	-325.725069	-325.754616
640	-345.616264	-345.639508
1960	-345.602645	-345.628993
2271	-310.916474	-310.726002
942	-325.715957	-325.692608
1709	-326.941251	-326.852622
1854	-382.743932	-382.689015
1173	-344.465017	-259.972852
2542	-326.951186	-327.007472
2002	-286.504040	-219.426358
2229	-319.560814	-312.118292
2591	-325.773278	-325.702069
3364	-305.057353	-305.308068
855	-271.614051	-271.522460
3715	-381.567301	-314.850286
3981	-249.257629	-192.897908
2235	-318.409670	-318.378551
3147	-338.530072	-338.735526
1265	-227.324775	-227.749219
1127	-345.659797	-345.644141
3550	-341.825957	-341.820356
242	-340.623533	-266.590871
3242	-397.707881	-392.822379
2629	-356.679047	-348.818800
1139	-270.382725	-270.240081
3829	-323.654114	-246.198473
261	-310.905322	-310.667389
3161	-309.678595	-309.645791
234	-308.467880	-308.622944
2996	-324.566568	-324.354262
828	-361.684892	-361.677258
1736	-273.764207	-273.670433
2787	-324.505365	-324.281053
1857	-307.540766	-307.525995
2850	-288.580309	-288.519935
1641	-340.647224	-265.185846
3324	-345.641848	-345.902158
1636	-233.551389	-235.235525
2525	-324.569051	-324.294444
1722	-362.946707	-362.976827
1714	-132.718150	-128.496776
2087	-286.484121	-215.331625
3908	-272.847530	-273.024862
303	-375.328197	-374.635624
2628	-359.341296	-359.140808
266	-308.477155	-308.554408
2523	-344.512144	-270.983980
3130	-270.427802	-269.860450
3132	-309.670613	-309.487205
3822	-309.665941	-309.665053
369	-361.733362	-361.696392
839	-302.254301	-301.412802
171	-361.745138	-361.764041
3616	-225.221461	-222.728701
2938	-346.875201	-346.813032
2017	-310.940345	-310.921347
863	-285.288405	-285.314210
1785	-273.751900	-273.533227
3296	-345.650105	-345.608794
296	-345.688916	-345.566052
166	-325.729970	-325.779793
3067	-271.304881	-271.781482
3796	-341.875439	-341.821847
111	-344.470970	-261.809273
1569	-234.503085	-234.191453
2367	-361.723620	-361.655573
2737	-322.442708	-322.846070
2656	-376.622509	-376.857856
3124	-308.562031	-308.798914
3051	-192.736096	-193.101821
3129	-361.692023	-361.767456
2931	-361.729140	-361.726021
1788	-345.646841	-345.731010
3434	-360.560766	-352.943083
2884	-324.471313	-324.384344
3155	-376.605641	-376.796293
1291	-285.276634	-285.322462
2592	-308.486071	-308.760051
2111	-348.048744	-348.120144
1937	-287.438379	-286.306451
916	-345.608831	-346.106907
1995	-362.946041	-363.018486
3220	-273.806349	-273.699993
2711	-322.460671	-322.525718
2255	-360.513163	-352.808278
2099	-288.573876	-288.485205
1335	-283.156647	-280.577441
2683	-309.686061	-309.631933
1224	-308.420805	-308.631524
3629	-359.312853	-359.062897
1422	-361.728608	-361.574190
2704	-320.786981	-320.571281
1143	-367.635675	-364.443856
3865	-362.899954	-362.793155
580	-360.537290	-353.098699
371	-380.374978	-380.148779
1190	-377.830859	-302.642578
1793	-325.725688	-325.888168
3923	-309.737951	-309.694536
3757	-281.482952	-281.526536
2663	-361.722327	-361.776940
1634	-324.563073	-324.406303
2230	-262.056533	-265.501059
2785	-310.915445	-310.896806
3664	-269.219315	-261.589724
26	-301.359287	-301.245739
3868	-360.526225	-352.740649
3847	-356.693135	-349.111544
1177	-325.808092	-325.786470
3256	-153.459846	-146.727757
145	-310.929561	-310.771457
2129	-356.722498	-349.000684
209	-308.493663	-308.742308
2682	-324.528297	-324.426453
2852	-274.986857	-273.984739
1877	-287.407788	-287.054433
2577	-381.600777	-307.840525
127	-322.216227	-322.003113
3857	-340.686134	-263.266452
2634	-326.927446	-326.608450
2070	-114.483613	-46.192716
148	-345.629933	-345.658783
249	-306.347185	-298.357728
3035	-344.404557	-268.646714
1965	-288.555445	-288.463708
2922	-352.890573	-345.184384
2768	-340.690205	-257.867786
2724	-376.591176	-376.780370
2581	-234.469389	-232.602550
2287	-310.905485	-310.858396
3636	-324.624318	-324.448733
1631	-345.642285	-345.665334
3694	-338.246643	-331.134662
2151	-289.802108	-289.965709
2445	-324.576679	-324.373318
3453	-321.254976	-320.658417
2556	-321.958604	-322.009246
2932	-285.320198	-285.135230
3826	-372.742383	-373.335695
927	-340.676668	-260.941721
211	-357.939331	-357.917979
1571	-470.915515	-410.448945
3576	-325.729906	-325.694371
3512	-340.641866	-271.325907
3391	-306.403144	-298.009173
1782	-308.555419	-308.747809
632	-361.705069	-361.643050
1321	-234.472577	-233.388984
1179	-343.195060	-343.128036
3804	-324.573632	-324.379192
1385	-309.679840	-309.663457
2183	-339.459869	-339.605201
2651	-273.744309	-273.678746
757	-345.678211	-345.623185
385	-305.159206	-305.311890
1814	-360.537947	-353.050944
1339	-285.316421	-285.216013
2994	-345.597078	-345.644135
815	-285.324641	-285.122427
1774	-324.585556	-324.509284
3074	-272.553250	-272.091878
2699	-346.864540	-346.769462
3565	-286.474509	-214.560656
3351	-285.306999	-285.242012
1066	-375.344926	-375.725022
771	-346.903261	-346.863521
2939	-352.864008	-344.950533
2479	-271.622821	-271.522261
1102	-116.609549	-145.450275
3428	-288.564752	-288.529078
1080	-288.570006	-288.438152
3486	-437.484875	-0.065440
3060	-270.441145	-270.095224
3031	-270.411205	-270.444625
2174	-324.606491	-324.399780
239	-270.446608	-270.264353
3410	-271.316922	-271.912378
1529	-354.275774	-354.963369
2502	-309.685960	-309.653904
2583	-346.859078	-346.828370
2086	-308.486338	-308.805603
1523	-340.646229	-265.943871
3559	-309.721434	-309.693244
452	-324.575287	-324.434601
1796	-307.536544	-307.264777
1252	-301.395982	-301.532512
405	-273.804251	-273.785542
912	-323.344400	-315.245732
865	-304.728720	-305.108072
3481	-357.941534	-357.857676
123	-269.263476	-260.787214
3063	-317.413890	-318.428447
3930	-338.542975	-338.781086
419	-312.128001	-312.736313
3803	-287.351460	-287.107720
3360	-382.810709	-382.800801
1341	-301.373831	-301.405877
3553	-346.830674	-346.523947
1470	-272.542270	-272.495653
2901	-318.323005	-318.296755
3142	-376.617653	-376.743417
3417	-354.292460	-354.756380
1303	-345.676156	-345.676974
3431	-323.229212	-314.542040
879	-303.556846	-232.400243
3125	-308.510840	-308.794619
475	-304.691568	-305.021226
805	-309.658574	-309.648257
2108	-267.944278	-267.302005
3026	-250.478855	-250.331650
3665	-323.329494	-315.194982
2378	-339.490841	-339.341136
1583	-345.655509	-345.484047
3218	-325.743746	-325.711918
3722	-308.759135	-308.834736
410	-325.835955	-325.754749
2172	-308.472272	-308.679025
2721	-271.401725	-270.891096
1887	-361.696319	-361.828226
1916	-360.557411	-353.119512
886	-304.728323	-305.096655
2120	-381.630205	-307.212504
2686	-340.697732	-261.738610
1192	-326.947461	-326.456215
727	-272.562906	-272.450888
2103	-346.834331	-346.775288
1559	-380.372123	-379.414714
37	-381.587333	-306.353172
1867	-324.583096	-324.229170
2234	-272.580839	-272.410708
2446	-361.740252	-361.593245
3577	-361.716705	-361.737742
1366	-345.633122	-345.571596
2693	-340.638326	-261.567726
3154	-309.714008	-309.660890
3653	-309.763576	-309.738165
2760	-155.908941	-155.569354
1016	-305.129953	-305.121358
3482	-281.480993	-281.721929
1491	-344.421383	-264.541840
3081	-302.557878	-294.281671
2845	-307.602080	-307.367765
1032	-346.816694	-346.839332
2114	-307.528446	-307.363667
60	-382.768883	-382.790576
788	-324.467888	-324.306847
2393	-324.608961	-324.380794
3408	-287.661454	-288.067067
1699	-272.541597	-272.239733
1812	-307.275809	-232.033098
2943	-340.654874	-270.847577
2024	-306.349032	-298.295893
139	-338.257996	-337.669446
1053	-340.610046	-267.637880
3108	-361.653332	-361.657461
187	-341.842120	-341.908794
2730	-286.492223	-216.608139
747	-359.350089	-359.263654
1869	-269.207716	-261.243171
1477	-303.462312	-226.964056
2929	-345.638912	-345.590553
1632	-340.673967	-266.746242
53	-285.330157	-285.379688
986	-347.459586	-347.241831
3199	-273.811544	-273.626910
1660	-274.985107	-273.045829
3645	-304.681903	-304.922339
624	-312.119017	-311.880209
3104	-310.941183	-310.810477
941	-340.652570	-265.807758
1976	-346.831692	-346.768252
3092	-340.610697	-269.834667
913	-352.855499	-345.123192
979	-309.713440	-309.653925
2822	-310.902197	-310.763121
3095	-339.431197	-339.151207
182	-324.474954	-324.443012
1406	-375.394844	-374.693548
620	-346.820834	-346.765330
702	-379.000257	-378.746595
396	-372.782655	-373.007471
1612	-310.902795	-310.770356
3345	-312.120708	-312.269011
3044	-363.519194	-363.397507
3618	-309.731536	-309.638544
3210	-336.808333	-260.512538
530	-360.503506	-353.059209
2020	-272.514099	-272.575489
2515	-323.341413	-315.191856
519	-309.687078	-309.452383
1481	-376.634518	-376.960753
3628	-272.509064	-272.738956
3122	-232.329070	-183.960609
34	-306.355655	-298.173856
1084	-309.711894	-309.605879
2673	-345.652182	-345.479501
3819	-397.692021	-391.454920
955	-345.632414	-345.694484
1144	-264.255612	-263.318443
32	-287.509315	-287.128607
2432	-274.987245	-274.641575
362	-289.871990	-289.418124
2472	-209.159302	-208.869474
1563	-376.575382	-376.727720
2949	-346.838702	-346.796860
3966	-376.570141	-376.589395
2398	-319.533364	-311.184130
3852	-361.710525	-361.699359
2443	-288.547509	-288.579268
2519	-323.585680	-245.077259
1500	-345.609230	-345.614959
2119	-323.665987	-242.750979
2429	-306.081547	-305.796802
1199	-377.813742	-296.532312
2874	-309.725707	-309.656040
1755	-304.686811	-304.935171
1166	-324.576650	-324.507121
1305	-319.621560	-311.278074
1811	-346.855968	-346.667407
120	-323.345161	-315.362472
2701	-326.942959	-326.799899
3583	-325.721011	-325.789984
1754	-269.221561	-261.001659
45	-266.615452	-266.277769
2401	-263.280728	-262.779012
2179	-361.698233	-361.762876
2654	-304.679740	-304.984684
2319	-271.316064	-271.284655
1792	-363.504227	-363.386371
3483	-308.500974	-308.914361
3508	-309.675176	-309.613121
3427	-325.793904	-325.661429
3420	-306.358581	-298.125313
3916	-273.810780	-273.540445
1212	-304.733723	-304.985265
2806	-234.476081	-234.136830
883	-340.647778	-257.787214
2006	-339.486095	-339.500528
3384	-357.949026	-358.090891
2321	-381.536295	-314.450425
2272	-324.528642	-324.388584
2055	-304.724717	-305.135946
1306	-288.682324	-288.696164
3053	-490.831786	-475.183974
2222	-340.678668	-263.156846
2985	-304.745635	-305.079711
3189	-324.510378	-324.401783
2871	-308.460407	-308.635132
2527	-297.554699	-297.561580
2604	-304.743934	-305.075556
2671	-344.377098	-269.076319
730	-336.821088	-261.186794
333	-308.507517	-308.730953
3338	-308.466631	-308.941413
2794	-304.681399	-304.833388
1609	-210.001565	-209.641057
3110	-236.917458	-236.161508
1885	-345.647670	-345.637273
3541	-379.527167	-379.348963
1587	-322.133444	-321.991679
1568	-324.555249	-324.361781
2256	-303.503801	-226.290574
7	-309.722879	-309.607773
233	-301.382062	-301.665222
1230	-323.396217	-315.211010
378	-356.705084	-348.896147
1286	-310.906869	-310.805358
2042	-232.364952	-182.389664
867	-283.179781	-280.918132
566	-303.472917	-236.580212
1042	-305.904676	-305.909569
3295	-231.069318	-232.227639
2442	-345.636611	-345.578130
357	-307.245430	-238.582209
1438	-356.728392	-349.056852
3693	-273.779498	-273.587292
367	-360.491873	-352.895690
1363	-355.525451	-355.519344
364	-117.824798	-133.323765
327	-324.607903	-324.169295
1356	-271.372094	-271.663532
12	-377.816587	-299.324736
2761	-309.696507	-309.618891
497	-287.470402	-286.840993
3228	-381.648857	-313.815402
1930	-341.835805	-341.866771
147	-345.615452	-345.714523
2012	-382.788561	-382.522187
3663	-344.446747	-265.434707
2324	-346.831385	-346.719687
2547	-323.328581	-315.359921
3079	-270.401391	-270.448979
76	-325.685245	-325.858562
3341	-291.021228	-291.188732
2277	-383.973315	-383.822374
845	-40.478930	-97.887576
152	-306.286325	-298.156868
1418	-325.725274	-325.799850
3598	-340.671493	-265.379425
1550	-301.345683	-301.404036
1374	-322.175807	-321.461236
707	-381.585428	-313.447283
292	-308.517192	-308.869178
1903	-309.678054	-309.656746
964	-291.014970	-291.115174
542	-382.793238	-382.803354
3579	-356.677429	-349.080376
137	-287.440932	-286.299299
3800	-346.862839	-346.745800
699	-307.243079	-235.944956
3875	-309.655400	-309.494119
856	-324.568212	-324.531511
124	-271.621961	-271.447094
3531	-344.458268	-270.746628
630	-273.762561	-273.631261
3790	-286.502445	-220.362196
1950	-232.331230	-184.251326
3692	-281.505078	-281.426604
2427	-339.474134	-339.658231
3169	-310.902849	-310.826883
3070	-281.491976	-281.476274
2332	-342.335241	-343.369552
317	-325.797397	-325.823755
1604	-347.456674	-347.354931
920	-281.489179	-281.464836
977	-285.160699	-284.321805
1425	-288.648476	-288.617072
2030	-273.804223	-273.735212
1901	-362.946498	-362.711630
1856	-321.958301	-321.961695
3143	-286.432042	-217.204631
1585	-360.545832	-353.546456
981	-303.499320	-234.839030
2421	-249.395323	-191.536411
56	-345.599154	-345.612176
3793	-381.580932	-309.098966
482	-272.599303	-271.159547
205	-269.465281	-202.327428
3335	-275.020322	-276.139378
518	-289.791234	-288.949330
2350	-341.853951	-342.079931
810	-269.144656	-260.820926
2246	-287.318502	-287.218677
2593	-321.252793	-320.829221
3440	-322.135917	-322.049946
3033	-325.785262	-325.762933
1765	-285.335887	-285.288693
3126	-360.523204	-353.020318
2288	-345.612787	-345.632582
3986	-355.516778	-355.457459
2514	-354.197108	-351.102310
3046	-322.057728	-321.921170
4	-270.439280	-270.064775
1449	-308.507220	-308.619909
3056	-269.180682	-261.507749
1393	-271.647465	-271.657980
132	-308.469258	-308.580430
3537	-346.860694	-346.835975
3443	-346.866543	-346.794265
3881	-357.951284	-357.979962
3406	-286.459793	-217.010886
1627	-301.363590	-301.284930
2624	-309.699280	-309.609487
2839	-362.930315	-362.917810
81	-318.390876	-318.196301
909	-325.789320	-325.768569
3791	-360.491959	-352.868972
841	-361.736259	-361.600600
1030	-309.683546	-309.670660
2610	-309.711468	-309.651665
1868	-326.949224	-326.886036
1152	-308.448572	-308.685004
1443	-346.867442	-346.708944
3289	-270.437636	-270.277286
108	-345.614707	-345.589453
3687	-325.793945	-325.954980
1017	-308.419735	-308.814459
3264	-307.260972	-232.863469
681	-312.126544	-312.615713
3564	-303.533472	-236.536414
1695	-344.411060	-266.367677
1228	-345.640969	-345.495386
1276	-340.667317	-259.273767
1388	-250.583643	-250.617101
106	-362.952198	-362.815767
2171	-359.346839	-359.230354
8	-272.545439	-272.890692
978	-324.545574	-324.413533
2462	-325.752244	-325.788590
3197	-309.714859	-309.694937
1638	-344.481904	-265.420935
2014	-371.537915	-371.775152
2081	-273.775864	-273.865095
2396	-307.546144	-307.350046
1154	-310.937644	-310.715569
3688	-322.476720	-322.490000
3357	-361.779217	-362.013068
3615	-210.071468	-209.151608
2975	-345.579201	-345.586258
2337	-324.588418	-324.067063
3301	-371.491061	-370.784997
1290	-345.660459	-345.655190
874	-271.611192	-271.613985
3619	-325.779372	-325.788050
776	-325.781815	-325.766006
2334	-472.135006	-352.879302
3294	-340.693392	-268.424875
2807	-269.176124	-260.945959
721	-185.648533	-26.375146
641	-322.439472	-322.507019
3832	-346.836423	-346.786199
780	-308.769557	-308.864656
254	-285.284456	-285.332673
3462	-272.538255	-272.431820
3987	-324.506120	-324.278150
932	-361.764881	-361.736823
3968	-287.425634	-287.116045
1426	-381.607770	-306.919446
2784	-273.803873	-273.729180
3229	-271.614305	-271.469429
650	-193.034094	-193.196178
2887	-345.641890	-345.372100
596	-325.754527	-325.780968
1046	-271.618580	-271.508561
528	-288.538806	-288.424947
2824	-304.720708	-305.000636
412	-372.768039	-372.791126
456	-336.811524	-259.675070
2133	-323.338627	-314.985350
3260	-345.595084	-345.607767
1992	-325.723538	-325.765839
1333	-270.359564	-270.428625
2340	-310.899612	-310.707090
493	-336.819674	-264.970803
293	-377.807580	-302.601039
2438	-392.565188	-391.675562
1296	-345.612257	-345.727502
82	-309.701458	-309.695999
587	-307.283919	-236.341433
748	-324.572987	-324.316828
3746	-309.736797	-309.712753
268	-362.957295	-362.954053
3243	-377.816466	-301.514579
198	-303.934323	-305.609062
526	-344.430692	-261.242050
3244	-323.320332	-315.059547
3848	-324.564634	-324.454807
1120	-353.283458	-360.662253
3678	-285.255880	-285.342460
1978	-281.485530	-281.364155
336	-308.524858	-308.886511
609	-377.817369	-295.791989
3367	-269.216969	-260.937841
907	-381.607752	-306.271674
769	-271.361537	-271.682379
1239	-356.710448	-349.168923
2876	-360.574465	-353.033115
2788	-345.596027	-345.536505
1263	-345.642008	-345.597295
2186	-320.782523	-320.701377
1862	-319.615129	-310.942010
3684	-362.958208	-362.812317
2677	-309.684577	-309.617940
1015	-344.454928	-261.782440
1034	-356.732791	-349.225028
1934	-341.769746	-341.892469
1413	-247.214861	-247.100261
3352	-272.834623	-272.735000
997	-361.688335	-361.591664
3287	-271.458576	-271.415858
1183	-325.750970	-325.735367
3894	-322.469844	-322.665479
1824	-336.855265	-265.031447
2269	-308.452310	-308.721222
2598	-308.508949	-308.729264
3116	-312.128429	-311.626580
3010	-361.720579	-361.783442
2327	-381.624797	-304.780889
569	-376.620836	-376.753227
625	-308.514390	-308.734037
1712	-345.612640	-345.626343
1834	-381.615289	-305.871042
2268	-302.558547	-294.363958
3647	-325.794522	-325.791620
3979	-345.651111	-346.114545
2811	-326.944158	-327.076201
543	-310.937295	-310.736550
509	-307.238995	-238.537367
3036	-310.907823	-310.809550
141	-287.734664	-288.211482
313	-361.721849	-361.765166
1129	-340.618148	-260.721487
3736	-355.517745	-355.623768
3307	-318.647923	-318.514109
2574	-273.812881	-273.737937
1106	-231.106310	-231.291397
3168	-323.614890	-241.438087
1767	-285.277900	-285.602722
3034	-360.418556	-352.948829
3514	-340.654233	-265.282260
2131	-320.777849	-320.585047
3086	-360.507527	-352.800097
3516	-324.634527	-324.421308
3224	-286.504546	-219.322678
1435	-193.963318	-195.608617
314	-233.255379	-233.041337
3961	-308.561152	-308.707027
1818	-371.535911	-371.335083
1827	-343.492484	-335.847107
1002	-287.689262	-288.042999
792	-310.898648	-310.813141
2428	-309.682996	-309.830257
2595	-303.465315	-233.590063
1932	-310.911279	-310.862812
3146	-289.872162	-289.348934
2946	-345.649552	-345.779552
1281	-308.457113	-308.753305
3593	-304.614300	-304.856764
864	-323.337623	-315.131874
3450	-382.824468	-382.671619
789	-324.581906	-324.415168
2675	-303.787203	-303.699137
1649	-346.868661	-346.815608
3475	-321.247305	-321.847724
3316	-264.261826	-262.929652
1844	-325.808754	-325.821951
358	-272.544323	-272.726781
1164	-340.611734	-266.886543
80	-392.672883	-392.781560
361	-376.622353	-376.589654
2846	-273.780933	-273.631032
1726	-381.506605	-312.822968
2863	-287.423372	-286.818473
689	-341.818686	-341.937197
448	-346.831139	-346.817966
3982	-324.592116	-324.539674
880	-345.648463	-345.568971
1746	-396.470299	-396.441053
1679	-288.576381	-288.510313
2858	-346.862070	-346.819786
1150	-308.551121	-308.559113
3700	-361.717469	-361.751540
1717	-345.603646	-345.592507
3252	-340.610842	-264.366918
568	-303.458583	-235.160974
529	-309.725786	-309.647159
1864	-312.133063	-311.598187
2927	-324.500425	-324.365539
2801	-310.932716	-310.754309
1196	-346.840727	-346.801468
2800	-287.478272	-287.069117
3750	-346.838572	-346.906233
2258	-303.453218	-235.427822
3547	-324.582904	-324.680204
2798	-307.259167	-237.215315
263	-341.853650	-341.819871
3329	-310.909123	-310.817006
62	-309.677968	-309.677308
1498	-340.654582	-263.768542
3489	-308.508824	-308.764039
3201	-346.845480	-346.727095
1527	-271.621836	-271.457742
2902	-271.653205	-271.508062
2851	-356.699504	-349.235609
1105	-302.306944	-301.897367
2449	-341.841190	-341.885341
1708	-324.502429	-324.369333
438	-381.565482	-305.688852
1963	-325.761942	-325.777031
2168	-310.899911	-310.876440
335	-361.729115	-361.674519
1071	-360.495618	-352.834245
1816	-344.357220	-267.715634
2405	-318.344936	-318.293200
3773	-345.602641	-345.621307
3624	-324.614194	-324.482333
1957	-206.721858	-18.617104
735	-309.716570	-309.735066
3727	-285.317454	-284.969914
1062	-324.496997	-324.344568
258	-371.546126	-372.097303
2948	-382.790431	-382.521312
2411	-193.075202	-192.619066
3006	-308.470648	-308.601366
241	-309.718177	-309.666688
2249	-392.653825	-392.501564
2978	-340.669862	-274.124990
3349	-207.916786	-209.947183
3457	-324.559213	-324.627675
3207	-355.520098	-355.586727
215	-356.645883	-349.064844
589	-340.604189	-260.850871
3377	-360.549337	-352.792514
3343	-320.735225	-320.680277
2244	-414.351653	-319.224754
523	-345.565792	-345.545122
122	-339.419649	-339.134832
3139	-344.437158	-269.101627
1467	-345.613895	-345.523338
2155	-343.243883	-343.088078
696	-356.709466	-349.085937
3862	-271.646263	-271.548669
87	-490.834069	-478.169239
181	-412.528245	-408.413974
2860	-345.600676	-345.556395
1029	-325.751230	-325.761783
3093	-334.424572	-334.905830
3858	-308.459001	-308.625214
1372	-381.574124	-312.223431
3356	-270.447268	-270.275631
1794	-325.712420	-325.777010
843	-308.437835	-308.772851
2121	-324.619773	-324.192615
363	-320.778723	-320.726979
494	-345.611057	-345.693931
3077	-336.822591	-266.204930
1448	-372.747155	-372.459293
736	-325.799293	-325.732902
2333	-338.234590	-337.845144
2603	-341.863083	-341.806640
616	-345.676243	-345.638927
752	-324.557693	-324.427110
1278	-362.942040	-362.712516
1285	-346.860450	-346.798263
146	-377.813815	-296.558716
2776	-313.573888	-314.356723
3347	-286.510514	-215.872361
2208	-286.486509	-218.090466
1777	-265.408147	-257.395642
688	-324.491475	-324.420268
1833	-302.579718	-294.427284
1231	-324.569596	-324.727910
2709	-345.632155	-345.604461
2402	-235.696227	-235.734798
1593	-335.598739	-335.824603
3604	-273.812100	-273.700467
1759	-305.906809	-305.769297
3008	-323.359336	-315.042601
343	-360.502305	-352.747976
1848	-273.769835	-273.633395
77	-348.062001	-347.889485
3411	-286.134060	-278.121743
3429	-274.987297	-275.007166
3899	-337.265273	-333.347215
729	-343.084333	-343.170399
1111	-335.656557	-335.793573
698	-274.985880	-275.293232
1624	-340.670034	-269.065628
309	-309.718312	-309.726163
495	-342.297848	-341.991282
3941	-231.108368	-230.444579
3105	-346.821661	-346.812683
926	-345.680086	-345.541803
103	-291.024232	-291.289816
1687	-344.407598	-269.697971
1033	-339.482903	-339.519166
718	-392.601894	-392.459504
1850	-323.407987	-314.842342
3280	-344.483775	-264.193344
2526	-340.601771	-257.612481
274	-272.539126	-271.613753
938	-331.411639	-322.993668
1433	-325.729800	-325.938183
88	-345.655534	-345.710842
3763	-344.416821	-268.282307
1031	-304.643927	-304.967248
1972	-233.542445	-234.919408
3090	-287.362939	-287.054314
1735	-320.791360	-320.683690
289	-321.949791	-321.987484
2292	-343.246371	-343.025997
431	-361.712798	-361.728581
193	-307.285557	-238.018344
2007	-308.499105	-308.654574
1983	-320.792773	-320.656713
1516	-249.358446	-196.837203
424	-309.717380	-309.666704
3946	-286.438084	-214.967843
2532	-301.405558	-301.417913
206	-309.688611	-309.462293
2128	-308.504896	-308.732428
1027	-360.529992	-353.184739
2159	-324.581067	-324.497054
2205	-318.391203	-318.256295
3761	-352.866322	-345.210318
3528	-233.262752	-232.666712
2936	-324.504178	-324.312770
2299	-280.273691	-280.491106
415	-309.692626	-309.534116
3719	-320.742924	-320.556509
3153	-340.622406	-259.547792
1398	-234.469383	-233.895052
1761	-376.622507	-376.786367
2426	-340.650391	-265.572759
2995	-381.584942	-312.026469
3833	-324.559324	-324.423421
3984	-344.418857	-265.524450
691	-361.734668	-361.682544
1428	-265.391486	-257.418956
746	-273.802095	-273.504735
830	-320.767103	-320.588834
1473	-340.678945	-269.292899
149	-380.415966	-380.373247
3659	-340.683837	-262.335404
1626	-345.619567	-345.627330
594	-325.809558	-325.778351
1996	-356.687774	-349.034021
411	-397.680771	-391.291981
585	-229.918003	-230.118001
1721	-339.479764	-339.663496
440	-307.226474	-234.493948
3269	-381.624381	-304.514239
2726	-324.475651	-324.406750
3614	-288.627505	-288.510859
300	-324.602433	-324.456372
2073	-345.600119	-345.511910
668	-267.103350	-266.618775
1688	-324.567893	-324.531968
3590	-340.660106	-274.101625
1328	-376.531779	-376.347146
3344	-325.748658	-325.692950
3824	-302.288055	-302.237554
353	-197.632222	-210.177335
3681	-310.914919	-310.807697
2066	-432.401755	-401.636062
2180	-340.665904	-263.144316
1697	-345.613396	-345.647420
3021	-360.495540	-352.772208
2065	-340.537496	-256.886150
1549	-340.689515	-260.177377
1694	-273.743311	-273.543733
1804	-324.542706	-324.443699
2473	-324.497671	-324.422717
1268	-344.411146	-268.034139
2570	-324.626187	-324.490524
1195	-285.287913	-284.929482
2918	-271.326117	-271.378193
2323	-310.954565	-310.763290
1227	-322.155306	-322.384763
324	-307.534482	-307.393813
2025	-249.363808	-197.757302
3259	-359.368793	-359.361954
610	-324.629068	-324.452417
245	-340.656722	-265.900935
1949	-340.674935	-259.010727
3270	-273.788787	-273.771595
3275	-308.757315	-308.856105
2197	-309.684327	-309.636042
2856	-376.586976	-376.521626
1262	-356.712023	-349.069067
2063	-344.402806	-268.512944
2616	-272.542567	-272.335083
2642	-324.578146	-324.464430
1979	-308.462923	-308.694763
3221	-308.477915	-308.618748
1233	-265.440660	-257.120553
2232	-56.525887	-84.130490
427	-382.798099	-382.405882
3915	-309.687698	-309.630887
1579	-288.589020	-288.566554
3580	-345.661657	-345.772878
2259	-361.734611	-361.514294
2517	-308.462063	-308.703013
1734	-359.354596	-359.446631
1682	-269.215705	-260.881783
3787	-381.580675	-302.461005
2980	-274.983908	-273.599235
3398	-304.686259	-304.943406
648	-287.422111	-286.890469
406	-359.295180	-358.445560
3472	-340.657197	-262.985145
3456	-276.206318	-261.569652
229	-361.648305	-361.756684
3111	-318.340705	-318.446115
2544	-381.632480	-305.817300
3869	-324.525580	-324.438674
2083	-322.434119	-322.487428
1847	-325.753767	-325.805108
3855	-304.746925	-305.075461
1146	-339.465889	-339.604422
1246	-318.406529	-318.230782
2452	-344.424745	-263.471523
3003	-325.798735	-325.753997
1849	-324.547957	-324.483545
351	-345.625747	-345.436449
3140	-284.987905	-285.039838
1214	-341.865386	-341.814940
1274	-309.686648	-309.646976
2797	-345.646914	-345.637292
2004	-346.839235	-346.773166
2380	-327.025010	-327.643263
2998	-246.027383	-246.267702
1202	-361.725394	-361.789851
1751	-339.469166	-339.706547
1914	-288.576123	-288.459345
637	-360.557419	-353.231728
1772	-361.717972	-361.784988
919	-272.589999	-272.515814
2965	-344.689237	-344.927853
3956	-345.698757	-345.750471
666	-381.593528	-306.737571
2385	-310.911571	-310.805700
617	-376.521083	-376.705350
1928	-326.927990	-325.762707
3131	-303.560907	-232.172424
2164	-304.744503	-305.073921
2588	-376.538277	-376.533423
3686	-344.462681	-269.870951
1444	-304.691748	-304.900492
1171	-325.721867	-325.729074
3706	-345.687338	-345.534854
2100	-343.199390	-342.996268
3831	-451.528971	-275.174808
712	-294.081616	-2.478540
2270	-355.497046	-355.558006
2602	-345.645491	-345.673594
2959	-289.795007	-289.729218
722	-310.935212	-310.782362
557	-312.122696	-312.437864
2736	-310.922181	-310.274446
2764	-195.179738	-164.759695
3752	-345.686524	-345.952193
3217	-306.392828	-298.088623
3934	-381.630276	-309.597453
1136	-271.296056	-271.564086
1922	-248.132701	-247.407114
551	-382.817123	-382.962392
2167	-309.681554	-309.712124
3914	-325.805781	-325.755046
888	-323.328290	-315.057767
3500	-323.345473	-316.515371
1405	-361.711854	-361.697597
743	-309.719124	-309.745750
2253	-325.818163	-325.716772
1623	-229.615446	-229.963365
2674	-342.352279	-342.836399
2626	-305.900638	-305.684233
1701	-344.428649	-271.185412
3675	-360.534222	-353.296369
1642	-344.345376	-267.299342
3545	-310.915918	-310.690216
1390	-340.660793	-264.631570
3171	-345.599912	-345.569391
2139	-381.581478	-304.515204
1482	-312.132386	-311.933986
3175	-309.649998	-309.696989
2250	-339.462492	-339.676610
1512	-346.839595	-346.771973
2809	-344.506029	-264.560059
2173	-304.678340	-304.890806
3587	-322.421320	-323.142043
2885	-309.686862	-309.632933
2242	-362.870426	-362.570446
3825	-93.411888	-64.225587
1855	-360.497728	-353.370166
3439	-301.389192	-301.340167
2896	-356.725069	-349.004768
3222	-344.494043	-269.089563
2424	-273.764093	-273.053476
500	-308.452306	-308.653733
3454	-376.600944	-376.718072
1835	-376.631067	-376.827707
2189	-325.762375	-325.730909
1180	-306.364186	-297.924531
2908	-271.620997	-271.585128
1724	-381.594558	-313.365477
3511	-324.552260	-324.453276
2049	-344.463291	-265.536391
985	-320.770329	-320.603748
1558	-270.389386	-270.401902
2835	-362.925466	-363.052053
2166	-343.239068	-343.097688
2011	-270.099401	-216.807907
790	-341.836780	-342.093412
1920	-361.714679	-361.741675
2407	-377.829134	-305.911299
329	-380.402442	-380.373009
3582	-344.436500	-264.864323
315	-302.472397	-294.531568
2749	-340.645995	-270.710129
3030	-324.500475	-324.306761
2283	-231.111403	-230.977200
513	-355.518342	-355.561636
1334	-273.765782	-273.640500
2310	-338.194242	-338.412357
636	-382.818623	-382.787249
3926	-325.748612	-325.754217
1490	-309.691591	-309.644922
3983	-322.115604	-321.811554
197	-233.549368	-235.007458
2382	-380.343633	-379.597309
844	-324.606050	-324.563020
2126	-270.399529	-270.383318
3412	-335.628480	-335.589761
503	-355.514134	-355.415969
3103	-340.631134	-266.175995
1476	-308.455419	-308.674493
2529	-229.969129	-230.475188
804	-248.395289	-240.906398
240	-286.517094	-218.879212
1373	-324.557383	-324.559889
3499	-309.702237	-309.674399
2694	-317.396153	-318.432388
2923	-325.801905	-325.783760
3277	-354.254979	-352.655071
54	-195.186228	-166.939425
2637	-325.687098	-325.872603
3378	-325.831718	-325.789251
1762	-361.755551	-361.718775
1211	-286.498633	-216.629292
1253	-312.126356	-311.995216
1909	-345.630398	-345.471451
2973	-324.604156	-324.340175
1564	-288.555332	-288.508279
238	-233.253760	-232.670724
85	-272.550580	-271.732059
684	-361.753989	-361.798468
948	-336.827390	-264.389563
1	-360.499843	-352.707425
455	-340.664551	-257.682481
2492	-396.477101	-396.146209
1396	-346.886411	-346.879766
157	-376.519880	-376.595431
2488	-363.508158	-363.482477
3266	-287.736841	-288.123526
2090	-308.473428	-308.694396
1287	-355.515622	-356.042155
1764	-304.725676	-305.079943
1505	-308.487195	-308.716915
173	-396.486463	-396.331798
1279	-377.837977	-299.668454
142	-307.594137	-307.396140
3682	-291.017820	-288.309533
704	-235.696677	-235.449030
3758	-272.557350	-272.531665
1576	-247.184334	-247.038377
2214	-245.994065	-246.030598
2041	-346.821470	-346.745848
2295	-305.898313	-305.858119
527	-324.629301	-324.408362
1675	-271.277972	-271.540543
2597	-412.494644	-408.962572
612	-397.697891	-392.175037
1511	-271.315027	-270.517824
1024	-302.535621	-294.172636
3596	-285.328258	-285.314104
1944	-325.796840	-325.737151
1784	-324.497693	-324.406026
1191	-360.510716	-352.836305
1664	-310.904974	-310.961304
36	-344.382282	-270.609393
1938	-341.826148	-342.155246
3839	-231.155780	-230.406408
216	-307.283509	-235.023567
2416	-344.406447	-262.611470
631	-371.449232	-369.833166
936	-382.773457	-382.745738
700	-310.938181	-310.754498
2351	-304.614169	-304.902708
1452	-308.467331	-308.700645
3879	-339.483894	-339.615316
446	-305.831164	-305.772219
3610	-360.476593	-352.669258
2302	-492.008892	-443.786132
894	-338.247875	-338.973874
904	-345.608456	-345.764639
1081	-310.912796	-310.816643
3464	-234.470922	-233.920426
1661	-322.148261	-322.586222
605	-456.103432	-458.683134
3115	-340.620294	-262.714125
110	-346.869123	-346.772832
3160	-362.937857	-362.988654
933	-270.430832	-270.320844
481	-307.573371	-307.480877
3782	-262.035127	-268.285383
3873	-348.051405	-347.626553
2607	-275.007113	-275.260773
1376	-348.053064	-348.058939
2117	-346.839895	-346.755146
487	-307.223588	-238.817704
2723	-324.554067	-324.446853
3100	-361.716824	-361.617824
2886	-324.530742	-324.391835
2475	-381.524347	-318.346206
2102	-361.723581	-361.699272
1107	-267.060326	-265.159316
1069	-375.370023	-375.817006
325	-345.637577	-345.806945
158	-308.540079	-308.794835
3864	-288.639421	-288.501549
2786	-327.009009	-326.918222
1907	-346.819476	-346.723444
3991	-372.765028	-372.965582
2181	-340.656656	-266.351148
3674	-309.731169	-309.686315
1468	-345.650338	-345.683593
1440	-270.441325	-270.132317
2729	-323.315925	-315.184148
2184	-360.501473	-353.473922
20	-270.370102	-270.542362
2859	-362.909074	-362.968693
3167	-309.688639	-309.679142
1506	-339.437849	-339.580018
3376	-273.775510	-273.851997
873	-273.763068	-273.799262
1488	-320.766344	-320.744345
871	-309.680919	-309.655129
3183	-345.642870	-345.563869
3702	-362.951503	-362.584296
471	-324.532283	-324.346920
3536	-352.836930	-345.209597
3920	-319.574905	-311.719473
2790	-287.732329	-288.071363
512	-346.861026	-346.783118
1486	-380.373644	-379.623899
1823	-340.656176	-262.152799
3396	-273.815873	-273.576236
3929	-321.233569	-321.976499
1497	-251.731545	-251.575445
1499	-320.779994	-320.703704
2150	-324.570860	-324.443338
781	-362.918463	-362.980141
3947	-382.782251	-382.470742
3842	-376.587741	-376.501307
1123	-375.393636	-375.638634
3785	-348.045948	-348.046886
221	-310.917273	-310.820036
2266	-289.766576	-289.501553
3535	-323.235679	-314.965188
847	-324.608363	-324.515371
719	-309.693538	-309.640883
3117	-346.824942	-346.863215
2612	-345.627545	-345.770185
3673	-309.691463	-309.710942
2997	-380.371074	-380.653014
1142	-309.702591	-309.716851
910	-270.384937	-270.330012
441	-380.414967	-380.065216
1683	-346.829154	-346.780490
522	-309.680641	-309.410741
3933	-307.569255	-307.575165
1112	-287.644079	-287.962913
3905	-395.515911	-393.490350
3558	-339.464817	-339.677064
1646	-340.684749	-263.738467
1399	-341.826906	-341.752072
945	-264.243028	-264.710307
1843	-362.899677	-362.308962
984	-248.443503	-240.581722
2484	-344.359905	-270.385593
3741	-169.860788	-170.136501
1478	-309.691634	-309.650610
890	-344.458979	-265.193000
2631	-380.316551	-380.168939
3444	-289.794376	-289.415484
695	-345.700085	-344.958665
2703	-309.722894	-309.653395
961	-326.950279	-326.674139
1947	-303.533559	-233.332664
959	-492.026657	-443.184448
2490	-343.078368	-343.080077
3671	-326.941692	-326.749468
1301	-309.679190	-309.689960
3492	-345.645245	-345.606710
1100	-380.373569	-379.941662
2935	-297.516418	-296.914482
1147	-304.755780	-305.031600
247	-304.688358	-304.736302
3024	-251.729571	-252.106923
3253	-281.476938	-281.629773
2247	-348.046805	-347.931998
498	-273.791878	-273.525129
3231	-380.446861	-380.444364
3552	-325.793166	-325.647253
866	-340.620625	-260.574398
1556	-340.659506	-262.436964
3828	-288.650589	-288.552341
2425	-322.435505	-322.600123
3747	-324.521162	-324.420485
454	-265.283843	-256.074850
3585	-308.497008	-308.569321
1919	-407.364323	-350.437420
11	-356.688211	-349.328499
1077	-326.938562	-326.772633
1846	-344.370966	-265.601006
1809	-324.559733	-324.560180
3459	-346.831382	-346.765947
570	-275.012535	-275.733956
638	-345.695868	-345.550902
1803	-270.394458	-270.352167
2670	-326.934805	-326.389392
3305	-310.955141	-310.791509
2695	-346.871133	-346.884297
199	-309.673895	-309.637167
3371	-286.517424	-220.896576
2813	-232.063900	-226.075962
129	-308.512092	-308.744716
3174	-272.844804	-273.189895
1860	-308.507458	-308.791471
2431	-309.684774	-309.653145
1242	-308.508254	-308.497156
488	-346.861837	-346.595769
3696	-308.474441	-308.777889
3485	-324.614459	-324.505050
1115	-325.773014	-325.686041
3594	-272.544482	-272.599675
1599	-304.689816	-304.749060
2950	-360.498298	-352.921217
1745	-264.171923	-263.918177
717	-380.401348	-380.216332
3951	-326.977685	-326.698767
858	-340.661797	-261.878279
1109	-333.411326	-332.183296
380	-307.581989	-307.369714
3438	-312.132858	-312.575926
1703	-286.154755	-278.617360
2309	-272.583285	-272.064384
2410	-361.673369	-361.764511
2110	-341.867094	-341.928502
1434	-344.482088	-266.632421
3950	-270.439135	-270.177141
541	-325.714161	-325.771830
168	-325.810050	-325.842873
3560	-286.463470	-214.470384
836	-324.606601	-324.474212
3317	-269.177232	-260.830228
2054	-302.588564	-294.721972
3815	-288.574763	-288.450768
3331	-233.545899	-233.952566
1141	-115.679136	-112.205569
3910	-309.703111	-309.637147
768	-193.039603	-193.500271
116	-346.831175	-346.790339
3812	-271.623066	-271.558461
2228	-308.518356	-308.602896
248	-339.489875	-339.624226
2867	-361.734339	-361.636949
3878	-360.554015	-353.169021
1464	-381.610550	-307.258629
3473	-360.527434	-352.851920
784	-377.848074	-300.879079
280	-271.324234	-271.399993
435	-306.309029	-297.938787
179	-362.928160	-362.701366
1732	-269.170665	-261.270041
3233	-304.691526	-304.883382
2728	-304.742823	-305.075843
2559	-319.571638	-310.946447
1977	-312.131398	-312.782689
1038	-267.106213	-267.829466
1700	-320.782427	-320.823208
3358	-326.934987	-327.000956
900	-288.561991	-288.468878
2780	-272.545389	-272.862212
2209	-382.781841	-382.461260
1786	-325.785038	-325.705926
739	-309.678703	-309.638566
3509	-288.685117	-288.458854
3527	-309.716030	-309.650640
1936	-360.564423	-352.969365
3651	-303.463214	-227.138443
2352	-288.589622	-288.711657
882	-169.557758	-34.967837
1503	-327.014214	-326.841274
3394	-376.613178	-376.807164
1770	-309.719198	-309.657220
1808	-356.676972	-348.894826
1742	-288.583008	-288.502280
1705	-286.218259	-278.684257
2142	-324.624987	-324.512286
2363	-324.610150	-324.502434
3972	-359.339915	-359.335726
3712	-300.148891	-303.016412
1065	-360.485823	-353.275384
2506	-307.526911	-307.328295
297	-325.833945	-325.854594
697	-340.621200	-270.512370
1417	-381.586740	-311.300515
1533	-309.671865	-309.644789
3098	-345.658421	-345.454476
2791	-194.254127	-188.006486
2826	-308.764658	-308.798880
3589	-324.543443	-324.288381
1145	-312.129019	-312.743298
3834	-324.589539	-324.441351
3622	-304.726439	-305.078793
808	-320.774349	-320.710620
3519	-376.604739	-375.047505
3436	-361.762744	-361.713076
67	-172.006141	-172.499408
3566	-325.830752	-325.916576
2085	-309.695312	-309.669000
1740	-376.599676	-376.532119
3877	-340.623773	-263.109268
3208	-288.572843	-288.550942
1074	-304.697680	-304.972710
1893	-344.385273	-268.491419
291	-304.683134	-304.966807
2869	-306.113519	-306.018459
3389	-309.689740	-309.662467
414	-192.762455	-192.727780
2347	-308.476587	-308.715177
1007	-235.694216	-235.863651
3554	-309.689751	-309.658721
2316	-306.361448	-298.288467
2763	-272.548325	-272.698540
365	-361.740208	-361.781528
1731	-381.565314	-318.871605
2433	-324.552283	-324.581796
3938	-345.645388	-345.543182
3814	-361.745554	-361.269391
3788	-361.725962	-361.657292
3330	-323.360126	-315.254633
421	-288.627624	-288.570983
1126	-270.392715	-270.182178
2187	-310.904927	-310.808474
505	-338.531538	-338.604558
1162	-309.684472	-309.667149
1168	-308.454820	-308.794416
3711	-303.469034	-229.404475
3633	-380.412093	-379.693923
2917	-267.068488	-266.794394
3555	-360.547370	-353.060302
3935	-289.875063	-288.543760
1829	-382.804482	-382.981219
3091	-341.869641	-341.832031
1096	-309.689595	-309.622418
674	-346.879260	-347.032281
2537	-317.434422	-317.952518
1879	-288.594527	-288.410234
3830	-346.817778	-346.815815
1128	-361.695007	-361.744198
235	-270.375081	-270.298461
2662	-345.635068	-345.581907
3895	-325.808333	-325.789306
3320	-310.952127	-310.754081
2866	-344.431605	-269.184451
2343	-325.781464	-325.841905
178	-188.042067	-187.576745
958	-302.599262	-294.093432
908	-310.911406	-310.787351
2062	-303.437471	-231.806512
3863	-346.804974	-346.870562
999	-308.512721	-308.875569
3333	-361.709769	-361.831222
3753	-271.652242	-271.858396
3931	-288.683173	-288.456861
3985	-324.548763	-324.373781
3304	-346.843297	-346.790416
2942	-325.778444	-325.752615
3043	-196.405320	-199.230664
2132	-377.826580	-298.291462
1205	-304.682331	-305.045135
604	-320.777491	-320.710857
79	-324.605178	-324.332289
521	-262.065493	-266.285068
2957	-323.644468	-248.121129
3543	-287.318584	-287.390825
2719	-286.477365	-217.071779
2898	-310.940190	-310.686611
3845	-344.454717	-265.529483
2329	-324.557240	-324.373502
1063	-265.440996	-257.220466
818	-387.475673	-380.349229
2676	-325.784384	-325.755453
2971	-312.131841	-312.234646
827	-303.556664	-227.675093
1882	-273.764420	-273.659900
464	-324.485629	-324.375063
2608	-306.369631	-298.379928
2098	-327.020807	-326.954392
2535	-272.835594	-273.076577
813	-361.733052	-361.708581
2635	-323.324700	-314.884157
881	-234.470813	-233.909309
3071	-273.789182	-273.657027
552	-340.639366	-264.693302
2290	-343.224836	-342.808162
1584	-251.727102	-252.109025
3591	-273.762889	-273.845661
3948	-340.614465	-270.384727
121	-361.711483	-361.400350
2389	-361.728546	-361.735052
2571	-309.686348	-309.629831
3502	-376.564063	-376.741645
2165	-319.567241	-311.217433
78	-270.472470	-270.063879
3646	-305.130313	-304.679670
287	-307.560718	-307.320574
1566	-380.438011	-380.185492
1822	-344.395150	-265.937588
1064	-276.202311	-266.658437
1629	-272.526778	-272.328987
833	-325.761605	-325.706231
3795	-310.908453	-310.822329
3503	-266.630629	-266.320985
3897	-324.519277	-324.164616
2889	-341.871347	-341.841785
3267	-320.776472	-320.733648
1364	-267.963366	-267.880092
3200	-265.433051	-257.245958
3595	-345.600227	-345.690240
2356	-323.346816	-314.919541
1911	-272.582516	-272.260405
2510	-325.797299	-325.746508
1058	-324.585402	-324.521933
2308	-324.460752	-324.470964
3322	-272.536448	-272.167559
853	-76.404702	-72.410438
2221	-308.512137	-308.729926
1991	-285.282532	-284.885880
253	-305.838224	-305.844743
2408	-356.708234	-349.487433
1487	-345.665813	-345.479902
449	-325.753993	-325.811593
432	-344.390227	-262.329563
1900	-309.689410	-309.611245
1447	-469.758395	-432.477282
895	-356.728690	-349.194956
2339	-326.954728	-326.931588
1525	-345.608193	-345.708136
1640	-304.583737	-304.902129
2423	-338.238743	-338.466978
3887	-242.196351	-242.136304
2210	-325.710772	-325.816192
3898	-356.700248	-349.028761
869	-327.026488	-326.711537
2599	-355.457663	-355.417706
583	-285.016369	-284.523159
3151	-362.873906	-362.824292
3342	-153.787612	-159.236641
1518	-309.683200	-309.759316
2578	-324.576080	-324.481072
1423	-344.413850	-263.792611
3452	-361.758902	-362.282235
2890	-309.738198	-309.747237
2196	-338.559964	-338.459367
3106	-273.735646	-273.546679
2738	-324.555069	-324.296922
2447	-323.330261	-314.767904
284	-360.500454	-352.671510
172	-282.667163	-217.606966
1430	-361.720960	-361.594823
1113	-234.484521	-234.442648
1163	-397.709232	-392.350515
15	-288.542593	-288.490041
2636	-306.112153	-306.072109
2040	-317.409527	-318.102495
3119	-301.090914	-301.651265
2374	-285.279236	-285.267964
2774	-310.910631	-310.818751
72	-325.720699	-325.764403
1880	-346.873992	-346.906512
2093	-324.473588	-324.431122
2586	-191.810916	-191.424142
1184	-286.506282	-215.787920
3381	-309.731402	-309.663825
1266	-324.582035	-324.476702
2023	-317.402836	-317.494492
2722	-344.423318	-268.742822
246	-313.537245	-311.755407
1625	-320.776082	-320.537048
572	-356.752533	-349.375913
3468	-345.710017	-345.918082
1548	-306.308471	-298.028864
2698	-344.434438	-265.787780
3841	-371.541704	-371.474865
3215	-320.793270	-320.628851
626	-288.653249	-288.529191
2552	-340.624424	-260.676742
3588	-272.549011	-271.743460
2916	-340.655601	-255.239168
2192	-307.232824	-236.898958
875	-376.554863	-376.965190
3729	-376.562796	-376.638118
1716	-325.784331	-325.822747
1269	-307.563525	-307.148924
312	-234.485640	-234.571250
3309	-274.989422	-273.364220
3525	-340.662316	-265.516247
502	-306.349558	-298.388722
1655	-338.217210	-338.292950
3064	-326.983087	-326.889039
750	-344.384630	-268.340087
1710	-361.726166	-361.791346
1495	-286.516879	-217.020762
2792	-362.944759	-362.232838
3057	-301.381127	-301.364912
763	-308.429953	-308.683911
2947	-355.510313	-355.433834
334	-245.983375	-246.724136
3216	-344.380260	-266.849512
2358	-322.169697	-322.070897
1170	-310.895183	-310.870308
165	-327.013034	-326.939016
1186	-359.296697	-358.303483
1577	-355.468067	-355.442229
1247	-325.770105	-325.751903
1597	-336.805704	-257.197718
1368	-288.584029	-288.514395
3884	-323.333263	-314.974704
2569	-281.476967	-281.404646
1355	-361.727678	-361.727889
2739	-362.946034	-362.848872
693	-234.520624	-233.857918
586	-376.582598	-376.517420
1001	-304.724431	-304.966554
2091	-346.904050	-346.883895
379	-391.337881	-391.420266
510	-234.491176	-234.203445
3023	-323.343769	-315.247762
2500	-286.498235	-214.893295
1140	-304.683966	-305.023951
27	-324.573866	-324.384110
3529	-341.843027	-341.767420
3802	-356.724118	-349.030490
744	-249.332005	-192.788882
3102	-310.903589	-310.775342
1304	-356.679729	-348.832990
3670	-286.248451	-278.087191
1055	-345.681183	-345.805173
1955	-339.498757	-339.634039
2162	-340.613712	-264.786279
773	-309.674485	-309.654859
3612	-309.738513	-309.677092
2346	-310.909551	-310.886939
3045	-310.906568	-310.802271
1095	-324.603415	-324.219167
2163	-324.503356	-324.383086
3401	-338.175569	-338.430648
499	-340.611683	-263.811472
3760	-280.314080	-279.797434
2148	-309.718089	-309.645552
3730	-291.017996	-291.216815
742	-272.588370	-272.531014
1596	-492.022084	-451.809953
1060	-345.713205	-345.759242
2585	-249.269471	-194.919465
3414	-285.313674	-285.948281
2233	-319.556235	-311.448145
388	-340.594424	-263.881768
989	-272.839582	-272.666095
3261	-232.025930	-224.847273
2257	-307.238509	-238.552216
2048	-235.699029	-235.490703
3418	-308.467120	-308.633115
1294	-345.612830	-345.714941
2641	-270.394309	-270.298298
3515	-346.852204	-346.805356
3205	-341.842686	-342.013740
2793	-306.384286	-299.491781
1078	-309.738888	-309.592728
2988	-310.923406	-310.553389
2848	-339.419688	-339.127129
1672	-336.831068	-263.944457
125	-228.992613	-230.213822
3660	-288.651313	-288.473955
3717	-275.014300	-276.109531
1182	-304.738393	-305.154765
2178	-339.455981	-339.548271
802	-359.306313	-359.152191
2341	-377.784360	-301.513016
236	-325.758113	-325.775245
1249	-272.543724	-272.488774
2296	-309.691365	-309.648942
1244	-345.616998	-345.625839
194	-308.496245	-308.530535
2609	-322.351046	-322.949735
602	-275.010289	-275.186473
3924	-270.393737	-270.283757
2538	-344.417597	-264.062903
574	-271.665153	-271.480561
3118	-236.917873	-237.510264
3523	-325.728070	-325.739990
1465	-382.796989	-382.640728
2743	-234.516409	-234.274010
69	-265.441614	-257.101965
2605	-346.869041	-346.792587
2913	-361.630982	-361.775922
2814	-325.804528	-325.886914
1908	-286.508233	-214.593726
2154	-360.512793	-352.795533
2748	-321.271406	-321.102006
3479	-265.289023	-256.982829
1018	-354.272548	-355.610389
2941	-340.635024	-265.540391
1628	-345.637174	-345.649360
3777	-339.431092	-339.660683
1598	-308.471397	-308.907034
3797	-376.587519	-376.412745
2830	-325.800699	-325.762399
2643	-372.711859	-372.647131
2265	-360.469291	-352.681292
1283	-345.605635	-345.723810
3291	-362.911941	-362.893675
3099	-324.530718	-324.080021
1637	-343.503600	-335.908286
2563	-247.215049	-246.962711
3606	-310.906553	-310.785587
28	-324.630221	-324.453149
3359	-325.733758	-325.870546
1956	-308.461475	-308.617946
2731	-272.836211	-272.460236
232	-490.793044	-474.288641
1384	-361.755719	-361.686654
465	-266.553159	-266.443809
3178	-345.605421	-345.612988
3340	-229.879598	-230.729933
3781	-274.984614	-275.007261
2498	-288.539500	-288.464840
3640	-309.692577	-309.677334
1250	-309.686189	-309.718812
2880	-346.831172	-346.774595
600	-268.859550	-265.908350
607	-301.373496	-301.333342
2415	-340.676441	-262.147208
1873	-346.842529	-346.609597
1519	-352.874613	-344.982382
104	-360.574432	-353.344787
1342	-361.712098	-361.111532
1082	-310.901659	-310.824884
271	-361.759779	-361.671230
1534	-340.632075	-264.256453
1336	-334.362330	-334.700086
3150	-310.942587	-310.767787
1942	-382.751274	-382.481685
30	-325.717105	-325.852031
219	-307.221351	-238.458020
338	-272.544500	-272.860946
694	-344.360007	-267.612724
1975	-341.829025	-341.976555
451	-362.932378	-362.003583
1718	-356.706262	-349.116453
2088	-362.871515	-362.545474
288	-355.557059	-355.356981
290	-348.056024	-347.893035
3279	-356.732861	-349.129210
196	-341.759398	-341.983806
1711	-345.611239	-345.614269
3666	-309.735874	-309.718237
3441	-372.686714	-373.444027
160	-309.685140	-309.606784
3988	-309.707600	-309.629936
2652	-317.377404	-317.078820
758	-307.574899	-307.243966
2580	-309.722373	-309.709682
2440	-317.433049	-317.956221
2112	-304.729640	-305.103608
1769	-324.569009	-324.169602
3534	-320.785748	-320.724472
1157	-309.691584	-309.658679
462	-234.474088	-234.251514
2417	-336.838171	-259.782448
1551	-324.575851	-324.328960
565	-356.730212	-349.350702
3501	-318.409788	-318.329033
2964	-362.945907	-362.914353
1589	-324.608694	-324.447657
3432	-297.523580	-297.269354
1219	-306.334850	-297.471797
3449	-297.510804	-297.289994
3025	-324.573338	-324.504209
2231	-346.825174	-346.840354
1999	-233.547877	-234.163312
663	-323.347275	-315.513689
3255	-345.578846	-345.490396
3390	-309.736085	-309.701783
3870	-345.605387	-345.522364
3691	-352.852117	-345.203796
2480	-344.385369	-272.282403
1766	-270.387395	-269.752718
281	-322.479769	-322.301093
3368	-308.496367	-308.688629
1539	-382.755486	-382.821179
2520	-307.284294	-231.971154
3470	-416.814878	-398.728786
3836	-346.833711	-346.786574
2766	-285.279992	-285.817316
416	-271.318448	-271.826031
2646	-325.800095	-325.834652
2915	-344.371144	-265.894941
756	-325.798888	-325.815544
1371	-288.596392	-288.453548
2331	-308.516808	-308.787686
1966	-302.558699	-294.260127
2297	-322.412936	-322.469663
2802	-325.804486	-325.861060
228	-346.859384	-346.800514
3540	-321.236907	-321.667893
3362	-345.632413	-345.633084
672	-345.661057	-345.603849
2124	-345.600825	-345.561620
930	-346.898838	-346.878567
1897	-197.629387	-211.236647
3792	-360.525610	-352.911231
3198	-288.680991	-288.523014
2962	-309.686114	-309.618958
2944	-309.687280	-309.646559
1517	-359.342366	-359.156573
47	-247.225618	-247.273806
2219	-265.437885	-257.100467
308	-303.428586	-233.933777
1360	-362.941781	-362.967344
3962	-341.865856	-341.787081
1779	-288.583563	-288.536759
3166	-326.949535	-326.866916
608	-309.688960	-309.649125
988	-341.827199	-342.247907
71	-346.864282	-346.848716
726	-346.870614	-346.754279
754	-361.718210	-361.718172
3586	-287.506415	-287.202259
2633	-324.627681	-324.481370
3821	-308.427345	-308.752760
3726	-382.754967	-382.602594
2003	-324.579943	-324.386519
561	-264.226909	-262.776755
3937	-361.713179	-361.601630
42	-376.564691	-376.841742
3959	-305.831035	-305.858138
2130	-271.612772	-271.455004
1653	-157.116735	-155.877767
3883	-308.516508	-308.587606
578	-382.825717	-382.686555
842	-360.514766	-352.904296
425	-289.769718	-289.708538
3177	-287.662612	-288.340421
1575	-334.447259	-334.879284
3695	-309.651827	-309.647308
918	-310.917344	-310.756477
275	-344.442225	-265.690203
2118	-324.560961	-324.386444
1319	-308.560759	-308.718059
511	-320.778636	-320.639509
3219	-339.428557	-339.525023
3799	-291.018995	-290.049666
2622	-346.829131	-346.834128
458	-340.699868	-258.605919
1047	-346.836177	-346.801277
3193	-320.725883	-320.545201
1458	-288.648179	-288.949367
48	-304.689512	-304.904063
2972	-320.764992	-320.628782
2648	-325.728744	-325.711764
1403	-308.462299	-308.678160
1419	-344.350927	-271.074953
2463	-288.576502	-288.505188
3918	-289.794194	-289.624247
3144	-308.472241	-308.795506
2216	-308.505718	-308.720019
3705	-345.665479	-345.705833
3809	-310.902628	-310.834883
3065	-344.486202	-270.772447
3182	-287.440436	-286.493398
10	-344.512001	-271.294494
3014	-269.263802	-261.251195
3669	-285.267165	-285.444395
1472	-306.080007	-306.270036
2700	-304.687547	-304.793317
1607	-303.462115	-229.036183
3493	-232.333258	-181.803315
320	-232.333410	-183.384398
2531	-157.115484	-156.068045
3850	-308.528193	-308.815511
3011	-310.902708	-310.880578
387	-268.248806	-268.012846
1493	-335.643923	-335.717846
892	-288.621895	-288.560240
339	-356.705991	-348.986963
59	-248.430371	-240.901731
1915	-361.705669	-361.534359
337	-312.123120	-312.575930
2289	-325.766945	-325.730901
323	-309.647349	-309.654777
31	-359.310420	-359.190583
3282	-362.972786	-362.941625
3496	-302.303890	-302.301903
2152	-308.540101	-308.685635
2638	-309.688194	-309.668612
2644	-320.786990	-320.657147
644	-376.595314	-375.890341
3181	-307.209274	-235.925347
3497	-392.627857	-392.116473
2557	-273.774103	-273.758705
2750	-268.301176	-268.088486
96	-375.359188	-376.015881
2301	-324.616647	-324.359326
1659	-487.002792	-476.130777
1888	-276.201993	-275.714924
1194	-381.612648	-305.333567
3380	-345.606939	-345.666496
2966	-308.428791	-308.661395
2522	-307.545457	-307.363034
1608	-361.758032	-361.841772
1331	-310.941319	-310.813148
2565	-345.591597	-345.502277
3690	-346.829378	-346.792203
1582	-361.735290	-361.586153
1948	-195.158734	-167.329093
2987	-271.618137	-271.506856
1091	-309.678344	-309.634549
109	-158.340943	-160.235574
2387	-391.391111	-390.504315
3778	-309.700675	-309.716733
2775	-382.812383	-382.800457
2202	-324.602888	-324.356531
1980	-345.680616	-345.652334
3094	-324.601619	-324.578565
2795	-379.572458	-379.923795
3437	-288.585212	-288.359297
777	-307.544712	-307.423347
3571	-309.676719	-309.597676
2146	-310.932540	-310.775266
393	-323.334482	-315.042000
1940	-334.429558	-335.102717
3533	-232.036378	-225.759255
3510	-340.674744	-266.499691
2912	-346.883119	-346.843512
2060	-362.945811	-362.791499
1859	-324.577613	-324.293261
3980	-372.708066	-373.152895
3806	-309.676410	-309.668360
3054	-269.129580	-260.087561
