no_training:1500	no_test:2493file identifier	 training data
2120	-381.630205
3141	-345.651109
1534	-340.632075
1564	-288.555332
1051	-346.860404
3087	-392.563319
2096	-345.661705
1457	-288.573089
645	-308.540795
1872	-272.566631
1842	-362.894239
342	-323.351196
559	-362.935404
1964	-309.726463
3045	-310.906568
1671	-309.708282
454	-265.283843
2651	-273.744309
1928	-326.927990
23	-304.679494
3459	-346.831382
779	-356.732185
1541	-310.912991
2082	-302.567313
2290	-343.224836
2381	-346.856604
1034	-356.732791
1513	-306.368494
1703	-286.154755
2941	-340.635024
3393	-359.297522
3932	-360.472117
3874	-323.344889
561	-264.226909
2652	-317.377404
1390	-340.660793
847	-324.608363
3797	-376.587519
3462	-272.538255
219	-307.221351
2138	-340.684371
3126	-360.523204
471	-324.532283
2426	-340.650391
1912	-310.915653
3355	-345.648365
2018	-286.492357
696	-356.709466
966	-339.467091
1575	-334.447259
2978	-340.669862
2010	-323.385837
1622	-346.869712
3224	-286.504546
343	-360.502305
1245	-310.907810
3670	-286.248451
3935	-289.875063
752	-324.557693
1262	-356.712023
1503	-327.014214
1353	-359.297643
3398	-304.686259
3118	-236.917873
3842	-376.587741
1190	-377.830859
1685	-338.273553
2509	-344.380267
2916	-340.655601
850	-271.623957
3058	-247.214450
207	-285.281032
2597	-412.494644
344	-343.305175
1769	-324.569009
2409	-324.595526
3981	-249.257629
3611	-324.577560
259	-309.735245
2573	-307.303421
803	-325.789564
1324	-270.399280
3117	-346.824942
2648	-325.728744
3815	-288.574763
851	-270.117027
3761	-352.866322
3854	-346.867382
1169	-346.819305
1812	-307.275809
1981	-306.313924
1719	-232.050342
1822	-344.395150
1767	-285.277900
3204	-306.313706
1539	-382.755486
3835	-309.693085
741	-344.434318
2050	-362.937518
3957	-307.291354
552	-340.639366
3228	-381.648857
2638	-309.688194
3363	-345.658313
1861	-235.696852
105	-309.727110
3015	-359.362011
3163	-319.610683
154	-324.538764
491	-287.737498
1759	-305.906809
3406	-286.459793
2464	-297.555801
675	-346.827397
1490	-309.691591
426	-362.933001
1610	-196.406419
737	-336.836792
977	-285.160699
2103	-346.834331
2118	-324.560961
3686	-344.462681
2499	-376.539208
313	-361.721849
314	-233.255379
921	-325.682121
3343	-320.735225
3121	-344.419977
3971	-360.530885
3583	-325.721011
2353	-281.504579
1460	-309.684108
432	-344.390227
761	-312.126820
3851	-326.998454
3859	-308.499978
1882	-273.764420
2014	-371.537915
2065	-340.537496
2762	-306.370119
1598	-308.471397
1954	-226.144377
2852	-274.986857
465	-266.553159
2826	-308.764658
3072	-340.671263
1240	-310.907666
2200	-344.426799
3559	-309.721434
2079	-363.517297
1108	-341.839596
1057	-391.518453
354	-285.174014
880	-345.648463
744	-249.332005
10	-344.512001
1421	-360.526142
624	-312.119017
1279	-377.837977
690	-375.420808
3158	-269.271320
3551	-345.646761
3855	-304.746925
1746	-396.470299
3958	-291.015785
857	-245.711897
3739	-324.566515
2786	-327.009009
629	-309.712115
2813	-232.063900
1922	-248.132701
1194	-381.612648
517	-344.434827
2488	-363.508158
3826	-372.742383
3525	-340.662316
526	-344.430692
2673	-345.652182
1578	-233.217482
1840	-360.536972
657	-270.392759
1650	-341.836348
544	-340.643340
2361	-304.727460
1392	-353.321142
1370	-242.180146
63	-287.377993
1378	-346.867789
1331	-310.941319
2711	-322.460671
3014	-269.263802
370	-356.698196
361	-376.622353
1388	-250.583643
3655	-287.379629
51	-283.168740
1825	-271.656372
2100	-343.199390
2094	-325.812885
1321	-234.472577
654	-309.727166
1249	-272.543724
197	-233.549368
1666	-289.872246
1047	-346.836177
2643	-372.711859
132	-308.469258
1299	-348.043466
570	-275.012535
3297	-360.526636
582	-325.833302
3337	-286.438448
2020	-272.514099
700	-310.938181
2992	-343.202564
2996	-324.566568
1823	-340.656176
2350	-341.853951
3061	-392.552088
310	-308.480308
3991	-372.765028
148	-345.629933
2151	-289.802108
3390	-309.736085
3564	-303.533472
2586	-191.810916
2184	-360.501473
3332	-376.610619
2513	-345.631685
1336	-334.362330
1041	-371.504707
2848	-339.419688
1427	-340.646339
2877	-324.556404
3619	-325.779372
2510	-325.797299
3569	-272.588302
2108	-267.944278
3248	-322.477268
2071	-246.029150
2134	-344.433965
3622	-304.726439
217	-271.648392
3804	-324.573632
913	-352.855499
3544	-312.133269
1770	-309.719198
1113	-234.484521
2226	-276.206257
1697	-345.613396
411	-397.680771
2237	-325.784144
2677	-309.684577
3817	-288.554600
3377	-360.549337
480	-325.760797
2627	-235.695309
1883	-346.839066
246	-313.537245
1773	-304.696646
2357	-325.754267
2451	-359.328735
2907	-344.466563
2503	-345.653983
527	-324.629301
2304	-286.431160
1934	-341.769746
764	-233.560626
1492	-310.927319
730	-336.821088
3448	-324.634377
3988	-309.707600
1878	-346.819711
3749	-249.363949
6	-345.687671
1371	-288.596392
3097	-309.716094
1711	-345.611239
3229	-271.614305
941	-340.652570
1889	-361.731388
2342	-309.680487
3565	-286.474509
997	-361.688335
274	-272.539126
922	-272.844560
2241	-346.857051
1027	-360.529992
3546	-233.219124
1644	-325.774769
1939	-242.205627
3500	-323.345473
1052	-361.770383
2169	-356.733974
3674	-309.731169
511	-320.778636
1068	-308.470010
3307	-318.647923
2009	-273.812948
2969	-286.484904
238	-233.253760
1758	-271.616401
2964	-362.945907
3963	-271.323381
3125	-308.510840
1640	-304.583737
1718	-356.706262
1686	-288.648208
1439	-340.590431
1969	-360.529678
745	-344.464270
2855	-268.917900
3243	-377.816466
978	-324.545574
273	-323.312375
2811	-326.944158
302	-340.632285
2174	-324.606491
709	-286.134079
3172	-274.982310
869	-327.026488
3718	-195.186772
759	-398.888473
1367	-325.812267
216	-307.283509
1296	-345.612257
3362	-345.632413
349	-309.687623
873	-273.763068
2735	-309.690179
2977	-310.909944
1031	-304.643927
3244	-323.320332
1373	-324.557383
2722	-344.423318
3884	-323.333263
646	-323.641347
2654	-304.679740
1007	-235.694216
1884	-307.577822
2484	-344.359905
123	-269.263476
3595	-345.600227
351	-345.625747
3004	-288.652346
472	-273.761356
440	-307.226474
656	-376.605347
1656	-323.352987
2741	-297.520999
1398	-234.469383
2856	-376.586976
2454	-288.578155
1305	-319.621560
1980	-345.680616
956	-230.183076
565	-356.730212
2602	-345.645491
3807	-361.706503
765	-317.447668
2552	-340.624424
3168	-323.614890
1672	-336.831068
3787	-381.580675
1228	-345.640969
3947	-382.782251
1157	-309.691584
2295	-305.898313
198	-303.934323
934	-345.650323
3210	-336.808333
812	-308.509197
3582	-344.436500
1072	-272.554773
1000	-339.452428
1269	-307.563525
2152	-308.540101
1325	-356.758284
984	-248.443503
2390	-270.097243
2095	-348.034975
2771	-310.910278
1974	-345.655745
2588	-376.538277
3173	-325.791830
1680	-377.842223
62	-309.677968
337	-312.123120
3944	-381.563295
2889	-341.871347
2363	-324.610150
2293	-269.216495
3283	-287.404397
973	-325.790444
902	-310.940195
2637	-325.687098
419	-312.128001
1859	-324.577613
1170	-310.895183
2311	-193.034988
2605	-346.869041
1805	-344.380468
3709	-340.613243
1341	-301.373831
1998	-324.536830
3318	-308.513124
2555	-287.427764
1674	-360.499243
1420	-286.516174
911	-356.711832
421	-288.627624
1530	-272.549380
455	-340.664551
3278	-298.952950
1083	-309.726295
2726	-324.475651
3906	-309.685651
477	-265.399968
2199	-377.815601
3250	-360.517106
341	-273.735711
647	-338.268974
3669	-285.267165
1594	-323.433551
1501	-288.653529
3736	-355.517745
97	-286.495035
1172	-357.927353
3211	-310.908555
1543	-323.360471
484	-351.639205
2974	-396.486691
2675	-303.787203
3938	-345.645388
291	-304.683134
1989	-287.426977
1150	-308.551121
1651	-273.809498
3078	-383.966179
553	-271.666055
3872	-340.691219
1924	-340.591587
1887	-361.696319
3323	-232.335768
2497	-325.763216
2906	-340.657508
453	-375.430225
1845	-302.309526
725	-325.725266
2870	-289.872470
2536	-273.758980
2701	-326.942959
1351	-309.733696
1729	-361.740062
214	-348.052027
786	-307.544728
661	-335.635079
1885	-345.647670
1645	-324.477059
228	-346.859384
1716	-325.784331
3510	-340.674744
573	-286.504534
3645	-304.681903
1614	-325.736331
2291	-286.514923
1447	-469.758395
3486	-437.484875
372	-337.283890
3806	-309.676410
1560	-340.645686
3899	-337.265273
3102	-310.903589
232	-490.793044
1432	-324.522792
708	-306.313133
697	-340.621200
1727	-324.606977
3802	-356.724118
2480	-344.385369
2684	-310.940657
1572	-322.170570
618	-308.467888
2355	-336.816043
2318	-348.039301
788	-324.467888
3940	-308.464824
2161	-361.735863
1337	-286.498779
875	-376.554863
1902	-324.615795
3151	-362.873906
867	-283.179781
1102	-116.609549
300	-324.602433
1146	-339.465889
3242	-397.707881
3441	-372.686714
152	-306.286325
2439	-324.485913
2232	-56.525887
22	-324.575190
41	-345.649146
1307	-303.460433
649	-340.685408
3258	-324.473847
362	-289.871990
2550	-271.628346
1265	-227.324775
3624	-324.614194
2935	-297.516418
1801	-301.335636
2671	-344.377098
3397	-356.702115
181	-412.528245
2406	-306.386594
2431	-309.684774
3870	-345.605387
907	-381.607752
1897	-197.629387
3776	-320.773105
3563	-227.798785
2030	-273.804223
44	-309.735489
390	-306.070291
3541	-379.527167
1749	-302.579654
2985	-304.745635
17	-345.612580
768	-193.039603
1952	-344.408452
1923	-287.427777
3586	-287.506415
2871	-308.460407
989	-272.839582
3320	-310.952127
2942	-325.778444
3852	-361.710525
817	-345.619715
307	-302.239101
3550	-341.825957
681	-312.126544
3052	-291.017787
277	-302.288351
1375	-345.645053
3827	-270.435807
1110	-325.781398
3432	-297.523580
3082	-272.586248
2717	-309.726244
2807	-269.176124
2262	-325.780603
1657	-338.273162
556	-272.600604
423	-304.694187
2758	-309.696640
579	-281.480583
954	-324.612244
156	-288.654408
2733	-310.940764
1216	-308.465534
3351	-285.306999
1199	-377.813742
1281	-308.457113
290	-348.056024
2702	-309.685148
3946	-286.438084
569	-376.620836
3666	-309.735874
2502	-309.685960
1451	-348.052763
2019	-340.659620
3189	-324.510378
928	-345.665412
3644	-345.587398
2083	-322.434119
1343	-310.895432
43	-319.572842
1870	-309.686187
2902	-271.653205
643	-345.663386
68	-286.519735
983	-341.851447
1554	-320.728167
2070	-114.483613
1238	-360.499088
3973	-356.659922
3534	-320.785748
2825	-360.576433
286	-324.563745
1319	-308.560759
257	-324.569867
2107	-325.766177
3663	-344.446747
3823	-303.527274
800	-324.611571
2625	-291.021574
3961	-308.561152
180	-360.505528
641	-322.439472
1933	-270.396100
2769	-376.563238
3012	-276.205920
2303	-309.719920
588	-309.684571
2512	-346.823548
2387	-391.391111
57	-345.635513
1960	-345.602645
2416	-344.406447
175	-361.754326
59	-248.430371
2994	-345.597078
2300	-453.655583
3421	-324.571081
535	-248.416462
3514	-340.654233
1659	-487.002792
2105	-335.635972
2921	-310.904813
3376	-273.775510
1540	-285.217962
1195	-285.287913
917	-323.320690
470	-303.460335
2195	-289.873479
230	-271.617434
1927	-361.739999
3702	-362.951503
16	-273.806874
3694	-338.246643
560	-344.385047
1405	-361.711854
297	-325.833945
3249	-325.739818
3954	-271.611366
3865	-362.899954
3784	-344.450127
1094	-304.696023
2566	-346.832253
1921	-310.904960
2609	-322.351046
1300	-324.595031
1038	-267.106213
1687	-344.407598
3289	-270.437636
935	-269.154939
2631	-380.316551
3453	-321.254976
3909	-310.945132
3429	-274.987297
3684	-362.958208
2640	-398.880824
2029	-380.417684
144	-271.323089
2683	-309.686061
89	-249.259410
2489	-250.583259
3336	-308.477672
1833	-302.579718
77	-348.062001
321	-324.604397
1335	-283.156647
3549	-323.437779
1740	-376.599676
2753	-310.904304
2703	-309.722894
887	-361.720206
457	-380.372151
2061	-345.638357
1219	-306.334850
1454	-288.652757
1762	-361.755551
1029	-325.751230
600	-268.859550
1970	-362.897428
3069	-346.878430
2273	-324.579188
3131	-303.560907
2048	-235.699029
474	-281.476832
905	-360.513668
3638	-306.320806
3347	-286.510514
2130	-271.612772
331	-309.734363
1404	-346.883049
2463	-288.576502
2279	-309.711101
3596	-285.328258
895	-356.728690
400	-376.570473
1732	-269.170665
1428	-265.391486
684	-361.753989
2579	-273.765811
3678	-285.255880
3780	-323.320574
1552	-346.865957
285	-249.362379
1959	-324.603913
3266	-287.736841
2402	-235.696227
1202	-361.725394
3481	-357.941534
2787	-324.505365
2864	-340.658990
781	-362.918463
2518	-360.566272
3494	-324.573795
2710	-361.773017
3060	-270.441145
172	-282.667163
2092	-288.572051
3703	-287.697316
3507	-376.594067
330	-286.408473
2213	-287.433999
1629	-272.526778
1966	-302.558699
2574	-273.812881
1669	-287.426878
2145	-346.844016
1930	-341.835805
276	-380.379743
1330	-324.575010
1435	-193.963318
3801	-310.937414
882	-169.557758
1548	-306.308471
1017	-308.419735
1506	-339.437849
371	-380.374978
619	-325.787161
316	-341.858490
199	-309.673895
834	-346.828689
3531	-344.458268
3479	-265.289023
369	-361.733362
3690	-346.829378
3717	-275.014300
797	-278.075775
1050	-304.643392
74	-310.918822
1122	-345.601318
2063	-344.402806
3795	-310.908453
2767	-340.635968
240	-286.517094
3708	-270.397474
3106	-273.735646
3044	-363.519194
614	-383.982605
2888	-361.704536
2085	-309.695312
3137	-272.533448
2	-324.551643
2205	-318.391203
2629	-356.679047
3386	-309.684862
1152	-308.448572
1204	-361.704371
3532	-344.464356
2132	-377.826580
2836	-345.652670
298	-377.795528
488	-346.861837
447	-271.627826
1647	-343.242553
942	-325.715957
3923	-309.737951
823	-361.732840
1067	-273.762417
1846	-344.370966
2910	-307.536915
140	-309.676929
987	-273.765811
1695	-344.411060
192	-310.897684
2646	-325.800095
2815	-324.570906
3692	-281.505078
691	-361.734668
3701	-248.211932
3813	-340.620847
2181	-340.656656
258	-371.546126
1607	-303.462115
215	-356.645883
3046	-322.057728
2462	-325.752244
2122	-348.040439
1313	-324.502042
520	-309.720011
2330	-287.681216
3285	-247.192524
1396	-346.886411
785	-273.796695
3704	-348.035847
2219	-265.437885
3444	-289.794376
85	-272.550580
1907	-346.819476
1318	-310.897519
860	-397.697425
86	-190.624631
1137	-271.622539
821	-307.566593
1941	-286.206129
2956	-360.528914
1987	-325.775071
2374	-285.279236
1698	-325.800949
3673	-309.691463
2136	-263.278851
986	-347.459586
1295	-346.829652
3446	-306.044918
1298	-308.505512
1621	-346.884834
2866	-344.431605
1231	-324.569596
2274	-308.463553
1391	-323.317575
2821	-308.511516
2973	-324.604156
1589	-324.608694
1025	-324.520219
1744	-288.535621
2789	-340.629283
3026	-250.478855
813	-361.733052
3547	-324.582904
2692	-356.663387
3829	-323.654114
153	-347.466594
2455	-344.431301
3465	-324.548021
2779	-381.606362
2395	-297.523583
2236	-235.698987
3680	-305.904722
2600	-307.237880
3070	-281.491976
1856	-321.958301
3288	-348.045786
1316	-361.652250
2838	-324.547436
3035	-344.404557
3375	-324.594534
3810	-372.726782
2399	-308.430606
2224	-307.568767
303	-375.328197
1340	-271.616723
315	-302.472397
996	-307.544316
2962	-309.686114
515	-287.727890
441	-380.414967
2698	-344.434438
3724	-324.573480
806	-308.768073
1022	-310.902683
2863	-287.423372
1013	-271.300649
533	-287.720383
3271	-454.878708
3700	-361.717469
1660	-274.985107
769	-271.361537
3263	-285.326726
2694	-317.396153
139	-338.257996
2332	-342.335241
2765	-381.546975
1579	-288.589020
3073	-309.734862
2041	-346.821470
3403	-339.424322
1665	-336.802871
3059	-363.508158
1810	-288.653294
2370	-360.496984
2285	-340.578657
3381	-309.731402
1103	-273.764642
2448	-346.833271
2088	-362.871515
1637	-343.503600
1348	-309.683859
433	-396.498209
775	-344.469204
3096	-338.175960
3951	-326.977685
3520	-325.752207
82	-309.701458
820	-326.934229
1940	-334.429558
340	-273.789697
3312	-323.647099
686	-391.370332
2900	-272.554670
3915	-309.687698
3095	-339.431197
2333	-338.234590
3457	-324.559213
3358	-326.934987
3767	-324.568597
492	-305.904760
2603	-341.863083
374	-372.796889
543	-310.937295
3389	-309.689740
3812	-271.623066
1661	-322.148261
149	-380.415966
256	-308.741915
1616	-272.539058
3011	-310.902708
2453	-268.273240
120	-323.345161
1056	-271.618179
1868	-326.949224
205	-269.465281
3034	-360.418556
1505	-308.487195
2993	-346.825502
2042	-232.364952
974	-303.468081
3031	-270.411205
3116	-312.128429
1322	-271.619912
395	-234.447743
3727	-285.317454
234	-308.467880
1743	-346.856186
3147	-338.530072
965	-323.329385
3949	-359.301320
2696	-353.269456
2948	-382.790431
621	-310.899323
225	-346.842403
815	-285.324641
3693	-273.779498
586	-376.582598
1903	-309.678054
3165	-356.724041
1580	-271.339821
2620	-324.587670
3936	-326.951067
2618	-361.768020
208	-270.399081
3676	-346.840522
3220	-273.806349
2133	-323.338627
3476	-304.737418
2755	-381.595252
1766	-270.387395
326	-236.917664
261	-310.905322
2240	-381.627040
131	-345.603479
3463	-304.735360
2207	-301.330754
1176	-288.584832
1808	-356.676972
1625	-320.776082
222	-412.548009
3156	-362.941094
2979	-320.767064
3164	-344.379764
264	-339.450073
2326	-320.768781
397	-288.630839
1014	-301.385442
3198	-288.680991
1191	-360.510716
1706	-382.777508
2220	-272.538190
3214	-344.426062
1053	-340.610046
489	-356.745773
1788	-345.646841
1636	-233.551389
1646	-340.684749
3093	-334.424572
2772	-343.232602
2951	-308.569129
164	-340.675814
3755	-341.874216
3844	-308.450468
3201	-346.845480
1547	-335.613384
3647	-325.794522
2147	-382.781806
2110	-341.867094
1538	-348.050463
2819	-360.551444
633	-325.759393
145	-310.929561
671	-310.897268
521	-262.065493
18	-309.719641
346	-307.586014
3751	-339.491316
2396	-307.546144
892	-288.621895
2084	-361.708021
2495	-307.596472
386	-325.776001
3656	-310.918831
1306	-288.682324
945	-264.243028
2991	-272.841336
1159	-325.779568
2949	-346.838702
2162	-340.613712
1508	-308.462196
1384	-361.755719
3625	-326.948771
252	-305.913756
3185	-348.053386
2966	-308.428791
1461	-346.899170
3887	-242.196351
1992	-325.723538
890	-344.458979
3098	-345.658421
2366	-286.466852
796	-344.453746
2378	-339.490841
1691	-272.595294
368	-345.595021
1664	-310.904974
2874	-309.725707
748	-324.572987
506	-234.516241
2468	-307.193849
3905	-395.515911
2225	-324.612179
999	-308.512721
636	-382.818623
2884	-324.471313
2657	-308.451299
1642	-344.345376
46	-372.766726
0	-351.615495
1101	-307.244627
2457	-382.757134
1895	-324.551432
2567	-320.795216
114	-361.772743
173	-396.486463
3171	-345.599912
1356	-271.372094
2561	-325.778234
3199	-273.811544
325	-345.637577
1478	-309.691634
2435	-229.013797
1314	-324.460304
3989	-272.542369
2340	-310.899612
925	-307.567279
3571	-309.676719
3075	-324.616343
1136	-271.296056
1021	-232.328175
604	-320.777491
3354	-360.529236
170	-340.667287
1458	-288.648179
3883	-308.516508
3831	-451.528971
1518	-309.683200
1182	-304.738393
3758	-272.557350
699	-307.243079
187	-341.842120
3074	-272.553250
281	-322.479769
2662	-345.635068
3785	-348.045948
2686	-340.697732
3136	-340.660061
571	-339.423497
355	-273.761263
373	-379.522177
496	-377.794221
118	-352.905052
2475	-381.524347
1064	-276.202311
936	-382.773457
814	-308.509272
3302	-324.577047
587	-307.283919
1528	-360.446475
394	-344.385642
991	-345.602096
2727	-271.330291
378	-356.705084
727	-272.562906
3714	-265.398572
91	-275.011437
3016	-309.730329
1779	-288.583563
2405	-318.344936
1162	-309.684472
689	-341.818686
2604	-304.743934
3144	-308.472241
1919	-407.364323
899	-321.230055
1765	-285.335887
293	-377.807580
1584	-251.727102
3792	-360.525610
1967	-288.573475
366	-324.576206
1795	-356.736238
2261	-233.260156
2129	-356.722498
1402	-286.203815
1504	-360.489720
1309	-287.723848
1824	-336.855265
655	-325.771459
3105	-346.821661
1730	-345.663299
1648	-345.660642
2164	-304.744503
766	-312.133805
2861	-288.654312
1419	-344.350927
2270	-355.497046
3748	-376.556657
1016	-305.129953
3145	-324.570872
3094	-324.601619
3328	-324.549529
1705	-286.218259
2068	-308.471269
1433	-325.729800
2583	-346.859078
669	-377.780670
3615	-210.071468
1284	-320.761539
1515	-360.502298
67	-172.006141
951	-307.548619
2296	-309.691365
637	-360.557419
2002	-286.504040
3000	-309.688191
2137	-324.588239
3419	-335.590859
1411	-327.023352
1551	-324.575851
1242	-308.508254
64	-362.945802
1486	-380.373644
3952	-269.175627
1294	-345.612830
1091	-309.678344
631	-371.449232
2707	-310.915408
3916	-273.810780
28	-324.630221
2344	-305.915175
2080	-325.793131
3170	-271.626697
1679	-288.576381
3901	-346.822424
2878	-285.336744
1310	-307.529289
182	-324.474954
2875	-344.475122
2635	-323.324700
2352	-288.589622
3821	-308.427345
3937	-361.713179
839	-302.254301
3840	-309.681264
704	-235.696677
944	-320.766684
1576	-247.184334
532	-344.369744
2441	-310.909223
1024	-302.535621
770	-381.612946
3962	-341.865856
3517	-396.475511
2023	-317.402836
3903	-340.636306
3889	-360.533387
3018	-345.638117
1273	-355.513035
255	-309.672030
2887	-345.641890
3032	-360.508895
2401	-263.280728
3594	-272.544482
3426	-307.387663
1652	-301.316399
2681	-308.466840
3238	-340.667053
3100	-361.716824
58	-304.683044
2306	-287.354343
130	-274.988525
3282	-362.972786
2594	-335.586914
2255	-360.513163
2098	-327.020807
611	-248.364357
311	-287.724713
3311	-344.433172
1516	-249.358446
2939	-352.864008
467	-273.793804
2664	-348.047695
3523	-325.728070
1455	-381.570969
3515	-346.852204
2323	-310.954565
2443	-288.547509
396	-372.782655
3832	-346.836423
2961	-348.061993
2628	-359.341296
993	-317.364547
1520	-309.728493
1965	-288.555445
3750	-346.838572
861	-360.488871
3966	-376.570141
2708	-308.512758
509	-307.238995
2931	-361.729140
3269	-381.624381
3943	-376.602183
3729	-376.562796
2976	-356.737615
3825	-93.411888
747	-359.350089
1815	-345.663783
2822	-310.902197
1891	-323.382399
1357	-375.307060
317	-325.797397
3274	-196.407957
2365	-345.689766
1835	-376.631067
486	-288.678720
162	-232.324966
245	-340.656722
2053	-320.769272
3677	-307.571921
1517	-359.342366
3182	-287.440436
1832	-309.737802
1995	-362.946041
3020	-287.430903
200	-345.625804
3956	-345.698757
466	-382.782183
2557	-273.774103
855	-271.614051
1446	-319.575102
888	-323.328290
3081	-302.557878
1667	-323.323781
1061	-343.531666
2845	-307.602080
384	-343.291812
1946	-346.841836
1797	-194.267232
2310	-338.194242
3344	-325.748658
3672	-309.689612
1241	-345.608395
1323	-289.811983
2338	-268.888303
3537	-346.860694
1500	-345.609230
990	-309.684377
1877	-287.407788
1690	-339.426816
3152	-335.591582
1721	-339.479764
2032	-287.663174
3773	-345.602641
716	-325.758431
1913	-310.912131
2953	-348.047609
1798	-312.126342
2599	-355.457663
138	-362.875317
2621	-305.145002
1592	-271.616430
2734	-309.719592
1658	-287.337578
1107	-267.060326
706	-303.481839
773	-309.674485
3798	-310.941861
2104	-379.006904
2078	-324.575989
188	-339.406341
1453	-309.720334
3643	-309.660190
2264	-346.831590
1482	-312.132386
3711	-303.469034
304	-322.464725
2568	-325.718022
1549	-340.689515
3123	-309.702150
3030	-324.500475
436	-360.521191
1638	-344.481904
919	-272.589999
2479	-271.622821
920	-281.489179
3964	-336.853985
2113	-344.391557
3084	-325.781161
3255	-345.578846
3982	-324.592116
2801	-310.932716
1089	-344.451793
1009	-266.763445
1308	-341.814212
1394	-396.500849
2641	-270.394309
382	-344.494711
3086	-360.507527
3253	-281.476938
2256	-303.503801
1712	-345.612640
202	-226.160842
3292	-326.937372
1135	-310.903412
3434	-360.560766
1347	-359.361259
2548	-340.654465
2665	-348.031230
1438	-356.728392
24	-345.608180
682	-302.303791
3409	-356.696744
2101	-361.717364
2442	-345.636611
3104	-310.941183
3057	-301.381127
1044	-304.687053
1567	-356.714706
2444	-318.641916
1096	-309.689595
3572	-322.172641
3530	-309.739069
30	-325.717105
903	-309.685872
462	-234.474088
1605	-345.703157
2501	-232.377706
2276	-309.679242
2912	-346.883119
3974	-323.433262
1876	-251.732828
1092	-360.552974
3436	-361.762744
1077	-326.938562
574	-271.665153
2461	-269.170508
2730	-286.492223
267	-345.641113
3918	-289.794194
1213	-324.530103
1471	-346.857623
1048	-286.495416
3430	-341.828533
1916	-360.557411
2526	-340.601771
2229	-319.560814
1581	-345.660520
1804	-324.542706
3730	-291.017996
2192	-307.232824
377	-360.527122
1502	-340.679724
2231	-346.825174
2210	-325.710772
931	-361.763293
3613	-308.483617
3926	-325.748612
3933	-307.569255
2433	-324.552283
1139	-270.382725
3262	-235.693825
3913	-308.551230
734	-233.242250
1838	-356.685238
1189	-287.322957
1938	-341.826148
836	-324.606601
3836	-346.833711
448	-346.831139
309	-309.718312
1618	-345.629039
3562	-360.524672
2761	-309.696507
2749	-340.645995
3753	-271.652242
2404	-323.340989
909	-325.789320
3570	-272.514475
1968	-324.538807
763	-308.429953
1542	-370.291993
687	-346.841762
479	-77.308427
981	-303.499320
1997	-271.666841
3025	-324.573338
102	-307.230370
615	-345.676743
609	-377.817369
1227	-322.155306
1147	-304.755780
937	-306.397642
1465	-382.796989
3741	-169.860788
2521	-361.728609
2790	-287.732329
383	-361.702346
1612	-310.902795
2688	-284.964138
1119	-304.733360
2286	-309.728265
562	-456.105229
3222	-344.494043
967	-372.742461
3411	-286.134060
2860	-345.600676
2347	-308.476587
2724	-376.591176
1735	-320.791360
334	-245.983375
1363	-355.525451
1714	-132.718150
3135	-272.569212
3777	-339.431092
1143	-367.635675
613	-309.689486
497	-287.470402
762	-346.863396
3878	-360.554015
1075	-325.751822
2466	-325.785959
1693	-234.474613
2393	-324.608961
610	-324.629068
3331	-233.545899
898	-305.906901
2554	-345.649886
1937	-287.438379
2682	-324.528297
2995	-381.584942
707	-381.585428
1739	-303.454720
3886	-270.388222
289	-321.949791
1198	-308.449457
438	-381.565482
2959	-289.795007
1255	-381.635881
1566	-380.438011
640	-345.616264
3405	-269.206920
666	-381.593528
37	-381.587333
452	-324.575287
1129	-340.618148
2676	-325.784384
2832	-250.585843
3365	-396.458774
1688	-324.567893
414	-192.762455
2432	-274.987245
2051	-325.790442
584	-309.681686
1850	-323.407987
3423	-308.555641
3361	-324.558989
282	-325.714378
2425	-322.435505

file identifier 	 test data 	 predicted
1949	-340.674935	-343.022627
159	-273.773408	-308.132397
2598	-308.508949	-298.800507
2045	-324.495988	-331.275778
3605	-372.755216	-364.326244
3774	-305.130184	-303.535009
740	-344.452972	-347.832865
3245	-327.024699	-329.172695
1993	-339.504090	-346.076706
3055	-285.313284	-275.383408
729	-343.084333	-346.876505
1498	-340.654582	-341.821238
518	-289.791234	-299.331247
1387	-361.698635	-358.832521
2117	-346.839895	-343.870092
221	-310.917273	-298.061144
2167	-309.681554	-312.648399
2245	-308.434866	-308.620079
3488	-340.672417	-348.920744
948	-336.827390	-336.285606
798	-208.842347	-271.154099
305	-346.859213	-335.463165
807	-340.681309	-339.930956
2905	-307.206439	-300.185154
2614	-232.164586	-227.423235
968	-308.470667	-308.761314
1214	-341.865386	-349.093218
2806	-234.476081	-220.160381
4	-270.439280	-275.937580
3184	-308.439671	-318.563381
2551	-325.792606	-336.199251
3373	-271.613890	-277.827303
2246	-287.318502	-282.834259
2873	-307.545713	-288.240622
2915	-344.371144	-351.864180
3627	-323.347112	-316.778368
1858	-343.238086	-335.868206
910	-270.384937	-284.578535
754	-361.718210	-370.991100
1493	-335.643923	-335.703163
1018	-354.272548	-376.456842
2833	-248.375248	-260.141754
2612	-345.627545	-343.764853
268	-362.957295	-379.957424
2963	-287.651399	-285.690140
718	-392.601894	-392.880569
3566	-325.830752	-322.788805
3042	-269.468415	-285.933399
3752	-345.686524	-335.742174
1250	-309.686189	-316.649393
3279	-356.732861	-359.714678
2299	-280.273691	-264.234348
2642	-324.578146	-334.383980
3811	-274.982348	-291.098785
594	-325.809558	-317.046431
2127	-308.519863	-307.195131
3987	-324.506120	-320.663771
617	-376.521083	-367.128456
3715	-381.567301	-380.229805
1254	-325.753541	-346.056692
3861	-234.486176	-242.193031
2491	-381.634033	-396.747725
96	-375.359188	-367.928102
2465	-339.464024	-364.105267
722	-310.935212	-316.222082
1830	-345.641862	-345.547884
503	-355.514134	-346.701107
54	-195.186228	-169.483137
347	-309.687405	-303.095684
1764	-304.725676	-295.239977
1901	-362.946498	-374.614473
2312	-344.416076	-330.866375
487	-307.223588	-322.713291
2044	-373.173910	-351.498909
1161	-308.513516	-298.331173
2808	-340.646073	-347.716030
2026	-272.837907	-270.805065
301	-324.570823	-329.315153
2823	-309.730966	-323.114016
1225	-196.409349	-176.681314
1569	-234.503085	-243.947321
2850	-288.580309	-277.542576
1466	-340.657975	-350.078342
1961	-197.629416	-192.358658
1481	-376.634518	-375.192402
694	-344.360007	-339.167871
3111	-318.340705	-315.746954
1104	-287.315479	-287.956367
2384	-281.469893	-277.831793
2043	-344.484341	-354.494457
1826	-285.242094	-288.072577
979	-309.713440	-300.240328
868	-312.124574	-288.439840
2883	-308.757991	-316.217670
2309	-272.583285	-285.899778
1879	-288.594527	-276.795748
1267	-341.841438	-339.422461
2239	-346.823312	-361.086643
842	-360.514766	-360.199394
2697	-360.495788	-358.600716
3114	-309.692389	-313.047356
3040	-360.506446	-373.455709
2514	-354.197108	-346.088390
3713	-325.748400	-319.429810
3217	-306.392828	-301.683424
2322	-355.508682	-363.993515
2193	-383.976576	-385.952085
50	-357.934562	-334.836962
1709	-326.941251	-336.836994
3794	-317.361117	-313.019855
756	-325.798888	-326.581821
306	-307.335530	-320.891840
1207	-324.584396	-321.630373
1774	-324.585556	-318.636871
3260	-345.595084	-329.778276
358	-272.544323	-246.357462
2859	-362.909074	-372.129009
630	-273.762561	-278.183264
595	-340.652012	-339.482527
963	-345.645239	-343.418720
1167	-309.729139	-318.112925
324	-307.534482	-283.394854
2214	-245.994065	-267.740334
3439	-301.389192	-303.084063
2418	-304.734646	-309.951162
2373	-302.564379	-299.438417
1546	-318.321510	-307.331646
3597	-360.539435	-363.005653
1724	-381.594558	-369.826485
1694	-273.743311	-297.722242
3661	-287.358011	-275.351433
1349	-286.542391	-300.667192
3468	-345.710017	-335.116732
3824	-302.288055	-295.643887
190	-354.290746	-369.601500
2987	-271.618137	-296.213684
2770	-288.588657	-321.839010
2124	-345.600825	-314.534706
2460	-345.631797	-355.148090
1472	-306.080007	-307.778259
2331	-308.516808	-318.841934
3451	-319.606765	-316.341709
2119	-323.665987	-301.684284
2972	-320.764992	-328.647678
2617	-248.151318	-251.165752
632	-361.705069	-360.343584
178	-188.042067	-209.101044
3019	-301.357437	-290.929670
635	-324.578381	-333.125010
2062	-303.437471	-281.268984
856	-324.568212	-329.928934
2970	-339.501361	-335.808479
670	-324.618078	-324.682653
3766	-344.436564	-333.213123
3308	-381.582831	-359.581470
685	-320.029854	-329.854855
3555	-360.547370	-362.310064
3455	-270.401061	-294.334717
1185	-324.558175	-333.967562
551	-382.817123	-383.660694
2634	-326.927446	-324.355816
914	-361.707841	-367.640406
2589	-361.718361	-357.284653
458	-340.699868	-341.433950
3218	-325.743746	-326.367338
547	-360.540793	-356.869556
2679	-312.130526	-306.429018
2886	-324.530742	-309.437330
212	-324.605613	-326.889967
79	-324.605178	-327.916780
2058	-356.710498	-363.914402
3122	-232.329070	-235.544483
2540	-211.295796	-209.947832
1258	-344.472090	-353.804062
3233	-304.691526	-304.926027
3687	-325.793945	-322.440868
598	-193.088340	-123.210136
84	-345.610574	-327.353344
3493	-232.333258	-242.199474
1224	-308.420805	-308.629221
878	-308.466070	-302.706791
1728	-362.942862	-340.883423
3786	-308.759185	-289.466051
3017	-271.339346	-288.541424
3585	-308.497008	-300.856998
3590	-340.660106	-335.039738
422	-288.692943	-296.064144
2713	-310.904631	-308.603708
1001	-304.724431	-305.004629
2515	-323.341413	-318.448372
1015	-344.454928	-345.816364
1100	-380.373569	-354.246655
2516	-309.661518	-303.797113
1910	-326.978724	-333.487152
3738	-274.982053	-256.324181
2482	-268.321270	-237.104155
1565	-325.735821	-331.403582
1304	-356.679729	-363.408377
1813	-307.550360	-332.100901
2294	-341.831947	-344.165703
2928	-324.540084	-324.850292
109	-158.340943	-256.668434
992	-377.811306	-380.883436
982	-307.235414	-292.245232
1124	-271.651913	-263.520157
1477	-303.462312	-287.675777
126	-274.991042	-227.447466
1778	-305.036659	-302.268915
1945	-361.754136	-347.682293
3150	-310.942587	-319.658110
45	-266.615452	-260.262350
923	-322.135797	-307.738865
1676	-296.285473	-296.669428
536	-323.348544	-313.810001
3527	-309.716030	-294.982265
651	-232.334436	-228.754305
233	-301.382062	-289.176811
248	-339.489875	-347.287441
1803	-270.394458	-271.353968
3264	-307.260972	-312.115303
163	-319.624414	-323.916998
1641	-340.647224	-357.450056
416	-271.318448	-272.656178
1286	-310.906869	-299.828859
1936	-360.564423	-367.613842
1085	-231.092208	-225.781796
642	-234.476516	-196.879402
1984	-287.441165	-290.468689
2424	-273.764093	-309.445740
1655	-338.217210	-346.794415
1816	-344.357220	-341.604149
2436	-308.473229	-308.672033
1467	-345.613895	-337.814554
3422	-340.663929	-340.621040
2636	-306.112153	-306.828255
3304	-346.843297	-335.185686
1563	-376.575382	-383.856565
1631	-345.642285	-339.970596
1274	-309.686648	-328.720387
1994	-383.983835	-415.953306
478	-119.052475	-756.450232
2477	-360.539944	-365.879711
3056	-269.180682	-271.977018
2745	-322.118085	-318.534994
3567	-309.693494	-284.370045
2504	-325.805550	-328.912949
3705	-345.665479	-337.986626
1626	-345.619567	-332.371109
870	-345.646965	-342.466909
555	-361.677945	-336.595537
1339	-285.316421	-275.561184
1121	-333.449362	-324.226114
545	-356.698773	-351.156788
2763	-272.548325	-294.607069
758	-307.574899	-283.752558
2950	-360.498298	-361.662479
3747	-324.521162	-335.622133
1755	-304.686811	-286.348530
1429	-288.579114	-294.554573
3450	-382.824468	-388.026064
160	-309.685140	-306.643606
36	-344.382282	-354.770681
75	-381.566310	-368.530621
1639	-345.640072	-343.430584
3223	-341.794931	-342.004925
3783	-310.912792	-323.144173
1865	-345.609914	-332.782394
1141	-115.679136	-207.884304
3599	-308.482454	-301.787909
1282	-346.860539	-342.851067
3130	-270.427802	-298.071301
2348	-285.253877	-296.447155
1780	-345.606551	-324.646988
124	-271.621961	-277.506519
1479	-309.677142	-324.385406
2102	-361.723581	-363.473885
106	-362.952198	-360.443161
408	-208.863267	-252.358181
713	-308.484017	-306.948658
1076	-361.656187	-358.925253
1430	-361.720960	-349.470598
1915	-361.705669	-356.595222
1362	-249.387499	-266.721321
201	-308.561649	-320.555786
2728	-304.742823	-309.737791
2738	-324.555069	-328.691444
1193	-324.550139	-328.892569
3579	-356.677429	-341.527849
1536	-324.492974	-327.438124
485	-250.585183	-246.940348
3522	-309.691414	-328.029358
1473	-340.678945	-336.331179
2275	-312.122563	-312.112083
2742	-348.048844	-350.355515
2775	-382.812383	-401.239180
2386	-352.829520	-372.867283
1098	-356.649302	-374.592962
3477	-348.046236	-309.269619
2244	-414.351653	-374.361599
2142	-324.624987	-306.763588
1084	-309.711894	-323.067221
65	-312.125621	-311.625906
2013	-343.195410	-333.384274
1535	-324.463541	-323.638922
789	-324.581906	-330.125698
2407	-377.829134	-329.276680
3399	-307.229313	-297.907656
3930	-338.542975	-320.812864
1215	-335.566430	-332.399014
528	-288.538806	-293.100462
672	-345.661057	-356.881058
2563	-247.215049	-204.066872
176	-308.554162	-320.673473
2467	-325.805017	-329.883636
2208	-286.486509	-291.743994
2354	-387.558484	-375.468616
1154	-310.937644	-324.859219
2894	-309.717750	-310.772657
1409	-285.282853	-275.639486
332	-304.692914	-326.603556
2388	-309.695742	-324.459400
2606	-323.344105	-304.265654
3977	-288.552886	-290.603251
1315	-288.533780	-279.491617
774	-395.551843	-389.991272
980	-356.743821	-364.579828
2398	-319.533364	-334.860790
2729	-323.315925	-310.593544
1290	-345.660459	-341.768591
266	-308.477155	-309.397169
3691	-352.852117	-349.767939
253	-305.838224	-312.969851
558	-344.464151	-344.483435
3197	-309.714859	-370.529612
348	-196.432825	-228.697721
2869	-306.113519	-306.975201
2172	-308.472272	-321.307983
146	-377.813815	-383.587875
2160	-345.674929	-347.911900
1379	-325.731549	-346.951059
2967	-305.841708	-311.938084
443	-325.754109	-340.861626
2872	-288.581144	-276.154524
1005	-273.786179	-288.865444
2054	-302.588564	-317.698364
1990	-281.482892	-278.157955
3979	-345.651111	-336.512861
749	-249.280474	-238.474876
1099	-231.975652	-296.896933
1604	-347.456674	-347.725426
29	-344.425700	-350.681223
1684	-320.783029	-311.969097
2752	-381.632242	-371.354687
2298	-270.396464	-270.004208
2680	-340.664901	-349.204735
827	-303.556664	-301.556051
625	-308.514390	-313.938635
1400	-306.067385	-256.221106
2596	-339.467484	-339.628016
1117	-345.566120	-332.859764
2087	-286.484121	-276.223904
3892	-271.608843	-276.748274
2984	-362.935648	-352.997663
567	-339.489014	-342.488089
3099	-324.530718	-292.489918
35	-343.197784	-327.666792
1483	-309.723988	-305.788696
1834	-381.615289	-386.765949
473	-346.828378	-334.668652
8	-272.545439	-274.899729
76	-325.685245	-315.077820
3890	-341.849730	-357.834450
1431	-344.392695	-326.011213
3699	-355.497878	-361.645494
468	-322.150234	-328.322855
365	-361.740208	-354.919760
3782	-262.035127	-251.217752
3009	-307.265383	-313.767172
846	-270.434394	-266.837988
2144	-324.574829	-325.232864
717	-380.401348	-383.901075
1556	-340.659506	-340.919596
119	-327.012568	-338.799543
1436	-375.359407	-369.369631
2367	-361.723620	-354.728910
2831	-356.723059	-366.384882
3054	-269.129580	-256.588106
714	-356.669324	-348.476860
648	-287.422111	-275.479904
2364	-360.507160	-361.877214
3838	-271.318933	-273.379547
2750	-268.301176	-238.879936
1634	-324.563073	-322.730177
265	-236.916125	-203.596329
2397	-308.772292	-322.181932
1260	-270.417842	-266.389027
2006	-339.486095	-343.619154
1037	-306.397746	-284.824379
1599	-304.689816	-310.715715
660	-271.630416	-268.994234
1443	-346.867442	-353.737240
3548	-79.764152	-624.004009
3757	-281.482952	-276.631407
3992	-319.576017	-329.895681
3458	-345.693035	-333.874371
402	-312.124533	-317.777943
2924	-348.045292	-346.047514
1898	-360.497612	-365.083778
2217	-344.408081	-341.334532
431	-361.712798	-371.609640
3038	-288.542113	-284.609375
1270	-307.571937	-317.243994
2024	-306.349032	-315.497021
134	-308.516376	-312.790695
1831	-323.386306	-318.006058
739	-309.678703	-323.565134
439	-288.690999	-300.354689
782	-361.678341	-365.422985
2474	-357.944802	-345.339146
21	-278.059333	-280.830393
1187	-264.235803	-246.920786
3658	-309.682445	-307.784960
1617	-355.508183	-353.681038
1042	-305.904676	-327.809174
445	-319.610687	-320.611818
3760	-280.314080	-251.690760
885	-324.623780	-323.735064
1352	-304.677606	-324.251369
3931	-288.683173	-287.528624
381	-341.835557	-356.353519
78	-270.472470	-285.631882
939	-344.481802	-348.054914
1900	-309.689410	-333.649799
3317	-269.177232	-261.146917
2879	-265.401151	-267.625927
3237	-303.553222	-306.614908
2143	-288.628466	-292.296619
578	-382.825717	-393.144365
2593	-321.252793	-319.885294
1942	-382.751274	-405.337877
3830	-346.817778	-362.837334
894	-338.247875	-308.217976
2535	-272.835594	-241.355633
2469	-270.392444	-279.460188
2228	-308.518356	-320.905996
512	-346.861026	-328.289532
3654	-307.541973	-294.772242
988	-341.827199	-330.460823
3819	-397.692021	-387.419619
449	-325.753993	-334.015877
2802	-325.804486	-311.632393
816	-356.748545	-359.055483
247	-304.688358	-296.116186
52	-345.627428	-342.120018
962	-376.587043	-364.279068
1338	-320.793141	-314.880520
2328	-320.732586	-303.461979
3740	-356.684693	-358.049154
3437	-288.585212	-282.309395
2633	-324.627681	-328.749048
1821	-308.473320	-309.991686
3232	-345.686487	-352.657623
3033	-325.785262	-308.266178
1415	-338.156727	-332.010542
3631	-303.560350	-310.665047
772	-381.599310	-371.223541
564	-272.569586	-281.236782
872	-309.711438	-331.926760
107	-307.580090	-299.800266
442	-356.712228	-363.049227
2584	-360.567154	-345.664057
1557	-322.456250	-332.769022
2004	-346.839235	-340.599720
3592	-323.367866	-347.707426
1976	-346.831692	-362.341658
401	-325.712603	-320.394793
1272	-308.486687	-299.769133
2615	-360.501085	-375.989553
3929	-321.233569	-316.831118
2649	-381.581036	-361.527050
490	-231.142581	-228.897669
1722	-362.946707	-362.696396
1218	-287.431740	-288.789148
3651	-303.463214	-280.970572
2580	-309.722373	-314.482950
994	-323.428670	-334.270773
1802	-361.715983	-343.241594
1197	-308.462932	-299.332533
48	-304.689512	-293.007250
3315	-269.176979	-275.096447
2278	-345.650717	-336.426046
1880	-346.873992	-373.132807
2001	-346.833365	-333.320869
2528	-308.467760	-303.384541
2882	-322.444150	-307.370874
2351	-304.614169	-303.215162
1713	-323.381747	-343.240849
2159	-324.581067	-335.566427
777	-307.544712	-310.630840
171	-361.745138	-359.970842
1485	-309.731369	-318.368813
1701	-344.428649	-349.753750
3251	-306.056425	-306.047245
451	-362.932378	-379.754623
3799	-291.018995	-301.772129
239	-270.446608	-284.737509
3934	-381.630276	-373.530617
1280	-356.683566	-349.200941
3850	-308.528193	-283.086519
949	-344.463502	-343.110416
70	-346.874234	-366.690342
460	-360.488733	-359.452223
3635	-308.475489	-309.362570
958	-302.599262	-313.406790
2141	-307.287454	-314.915272
1010	-340.666160	-343.607824
14	-302.238859	-296.423332
2148	-309.718089	-317.411432
1266	-324.582035	-326.070475
2525	-324.569051	-326.501314
1220	-325.800532	-314.311306
3764	-308.483519	-313.937021
3127	-327.010419	-335.690916
2437	-356.692640	-350.210598
226	-360.556344	-382.968651
501	-345.630685	-357.295877
523	-345.565792	-332.585127
98	-303.553222	-304.715738
3911	-345.639354	-331.366467
1495	-286.516879	-289.477409
854	-383.971058	-388.681652
3410	-271.316922	-259.389435
189	-322.167165	-304.139193
3324	-345.641848	-325.012344
3497	-392.627857	-390.588646
627	-359.304956	-372.748352
2520	-307.284294	-313.649420
3418	-308.467120	-314.495905
783	-273.806375	-262.616385
1312	-381.612501	-385.305256
2253	-325.818163	-331.114204
469	-325.775843	-323.887032
510	-234.491176	-258.245401
906	-383.969892	-399.497473
1440	-270.441325	-265.738037
3927	-323.326298	-320.805769
2904	-302.545112	-297.144712
3013	-346.883127	-372.283972
3754	-324.570035	-333.401815
1675	-271.277972	-276.643084
3970	-305.897998	-281.204277
1776	-325.785476	-336.754272
2926	-320.764569	-328.196337
262	-345.647032	-345.693008
333	-308.507517	-348.276648
864	-323.337623	-312.560898
2788	-345.596027	-340.326952
3276	-344.508729	-351.335823
27	-324.573866	-331.442610
960	-310.940611	-311.509718
3256	-153.459846	-149.430891
32	-287.509315	-294.698408
3518	-340.655390	-348.506844
859	-308.468407	-305.180845
3573	-325.730390	-319.871126
3912	-308.435951	-303.102184
2507	-291.014750	-295.801382
3866	-341.882531	-343.406309
1829	-382.804482	-396.506935
1158	-268.251114	-294.096966
1291	-285.276634	-294.624853
519	-309.687078	-309.052658
2699	-346.864540	-327.621735
3511	-324.552260	-314.837406
835	-320.740782	-323.633440
1418	-325.725274	-322.070030
500	-308.452306	-314.339216
608	-309.688960	-296.716162
3257	-308.472221	-305.770178
3610	-360.476593	-371.152353
53	-285.330157	-286.907965
2011	-270.099401	-265.201977
3391	-306.403144	-312.066109
2135	-346.861074	-343.486574
1293	-271.369084	-222.161806
1368	-288.584029	-306.101652
2748	-321.271406	-326.231243
3608	-372.729173	-374.367266
209	-308.493663	-303.841993
589	-340.604189	-368.743256
2301	-324.616647	-345.148043
2820	-308.557865	-312.666103
1359	-229.927277	-203.563314
3513	-340.637067	-344.771732
793	-326.950540	-308.677580
2562	-375.357530	-375.732449
3241	-319.515995	-327.508030
3028	-346.861640	-337.268797
1350	-343.076530	-344.181463
2434	-377.845502	-395.206764
792	-310.898648	-346.728868
3384	-357.949026	-378.940977
3922	-270.394284	-257.493345
3857	-340.686134	-341.515839
2212	-346.837271	-324.129749
2500	-286.498235	-281.227306
1702	-251.727632	-264.505440
1395	-375.348487	-376.601032
3219	-339.428557	-339.767256
3737	-361.714817	-351.380613
1263	-345.642008	-342.553633
1635	-360.520081	-356.245354
2666	-303.423742	-279.138775
3305	-310.955141	-298.693050
2854	-325.810616	-324.833303
415	-309.692626	-337.773306
3177	-287.662612	-305.944513
3990	-303.459637	-302.154577
1423	-344.413850	-334.478340
481	-307.573371	-308.993460
288	-355.557059	-349.571104
437	-309.705971	-309.491796
1745	-264.171923	-259.313282
1385	-309.679840	-317.423208
712	-294.081616	-248.960402
2506	-307.526911	-314.778927
3864	-288.639421	-262.551735
2216	-308.505718	-311.898479
1999	-233.547877	-199.642809
3745	-310.912788	-314.052406
1489	-266.777425	-248.751078
2575	-308.759090	-283.499102
2021	-346.818246	-359.509901
889	-272.539307	-278.218458
2099	-288.573876	-280.910595
2000	-309.736479	-301.602398
336	-308.524858	-300.165924
3907	-291.017966	-297.873816
2630	-282.871678	-254.134977
136	-343.240623	-331.249567
2719	-286.477365	-282.035934
1914	-288.576123	-257.097977
2251	-430.448052	-351.444815
3023	-323.343769	-318.107641
1932	-310.911279	-326.384933
1653	-157.116735	-150.347738
2927	-324.500425	-324.294558
2126	-270.399529	-285.142780
2839	-362.930315	-378.231438
2379	-361.769162	-354.736156
1230	-323.396217	-321.598848
3350	-339.431591	-330.732775
2564	-325.789398	-319.941782
2898	-310.940190	-306.805891
2380	-327.025010	-310.689890
1519	-352.874613	-358.584557
2223	-288.657055	-300.118355
3108	-361.653332	-354.254450
1201	-224.944660	-304.134609
1696	-320.785074	-329.836731
1153	-325.764669	-335.842348
3134	-271.319942	-273.560125
1623	-229.615446	-184.685398
3162	-324.546164	-335.933655
3646	-305.130313	-310.961676
2458	-361.683558	-361.983789
3629	-359.312853	-364.916525
826	-248.137789	-256.837122
583	-285.016369	-300.472521
3505	-274.983383	-278.582117
95	-351.666551	-339.787142
810	-269.144656	-269.813429
1317	-344.393241	-347.483011
3161	-309.678595	-330.717588
1509	-345.612220	-350.984318
3659	-340.683837	-339.732212
1168	-308.454820	-309.435249
2206	-312.126404	-341.062239
2943	-340.654874	-348.508375
2440	-317.433049	-318.910723
1853	-359.314227	-351.828938
3628	-272.509064	-280.351540
1851	-361.717868	-355.355459
1374	-322.175807	-325.297216
2086	-308.486338	-308.527443
2485	-392.676111	-382.583223
3412	-335.628480	-328.557543
1760	-326.940002	-325.075653
1726	-381.506605	-368.896679
2376	-346.840597	-318.557735
318	-310.954514	-327.982176
2445	-324.576679	-323.500242
11	-356.688211	-362.750647
3719	-320.742924	-313.099916
278	-397.667072	-397.609722
1177	-325.808092	-326.882931
3808	-345.614760	-342.052656
1511	-271.315027	-249.164232
1532	-309.731599	-320.596869
3535	-323.235679	-326.487959
3716	-361.720799	-362.065239
1069	-375.370023	-365.761810
1259	-288.590804	-284.548807
1276	-340.667317	-347.608889
2804	-344.433943	-346.729658
3155	-376.605641	-376.978041
3863	-346.804974	-364.481491
2773	-325.684055	-307.107346
3064	-326.983087	-338.976526
2781	-288.581699	-289.389362
1181	-323.657279	-298.265774
223	-339.501781	-338.925966
760	-324.605411	-332.074389
296	-345.688916	-364.348410
3917	-274.985822	-272.968561
3623	-341.892484	-337.624331
3383	-360.602876	-361.469448
1881	-361.772040	-354.990311
3166	-326.949535	-324.872478
2492	-396.477101	-388.622383
1817	-339.459612	-345.731096
1380	-288.625728	-317.792637
224	-324.628594	-325.952518
3770	-272.544060	-277.097773
3978	-282.861121	-281.693459
3027	-336.811099	-335.608065
1793	-325.725688	-333.861664
3294	-340.693392	-347.624252
1986	-344.459234	-353.435167
3675	-360.534222	-367.408808
3671	-326.941692	-328.883547
196	-341.759398	-345.916615
345	-309.704732	-320.016216
3	-346.838279	-329.465828
1904	-304.752598	-296.654102
1597	-336.805704	-331.192337
284	-360.500454	-355.307556
3190	-232.325947	-210.747694
26	-301.359287	-299.497717
1820	-324.522751	-322.317303
2493	-346.822460	-354.023848
1704	-274.984793	-260.487179
379	-391.337881	-391.144260
2215	-289.795079	-292.963295
2810	-273.763107	-261.050543
3985	-324.548763	-340.600750
3490	-359.315205	-362.299286
1630	-323.431776	-339.188328
626	-288.653249	-273.232819
2478	-339.450173	-331.597975
2037	-345.620113	-340.512930
2165	-319.567241	-319.791382
3837	-343.468335	-341.156872
751	-361.724921	-360.904650
3521	-342.324182	-295.992874
2556	-321.958604	-329.240149
398	-345.636145	-358.093025
1059	-303.436180	-306.120735
3408	-287.661454	-291.772331
596	-325.754527	-332.734808
3771	-309.655144	-299.943748
3614	-288.627505	-291.797089
428	-324.570042	-331.490520
3029	-285.281493	-297.470400
721	-185.648533	-252.253029
3110	-236.917458	-199.729946
1456	-308.496384	-314.726652
1752	-296.265627	-297.894110
809	-361.738091	-375.552595
2429	-306.081547	-300.765144
15	-288.542593	-293.280722
243	-323.389193	-335.139738
122	-339.419649	-339.418873
483	-309.705795	-326.383106
2576	-306.418503	-310.228600
1608	-361.758032	-345.076069
1587	-322.133444	-317.798597
840	-289.871520	-304.471836
2320	-362.876210	-352.409014
3882	-194.261089	-235.725395
2656	-376.622509	-380.973499
193	-307.285557	-301.493492
1066	-375.344926	-382.847456
61	-308.462933	-299.478741
376	-309.732528	-310.857235
3948	-340.614465	-340.453362
424	-309.717380	-310.074461
2723	-324.554067	-324.331579
1049	-323.336196	-325.805696
776	-325.781815	-328.986395
2074	-285.300440	-256.859468
31	-359.310420	-367.181284
2965	-344.689237	-332.472288
1320	-340.656628	-343.288275
1043	-324.605875	-331.482874
710	-340.625597	-334.593596
678	-308.506580	-317.507513
1097	-325.784473	-337.894377
1988	-312.124451	-310.593056
3928	-377.799358	-372.071699
2553	-302.545562	-298.020609
866	-340.620625	-356.717009
3790	-286.502445	-281.514997
3484	-341.890999	-334.352007
142	-307.594137	-290.985756
1463	-362.938449	-377.838892
1032	-346.816694	-338.875280
3600	-325.781571	-328.966791
1613	-346.890723	-326.244240
1570	-325.783642	-327.113695
66	-337.302324	-363.423889
3765	-453.654335	-445.351671
3809	-310.902628	-306.603916
3280	-344.483775	-350.946148
829	-310.909285	-314.247763
2428	-309.682996	-272.672750
3382	-341.145624	-327.148956
2936	-324.504178	-321.939579
3642	-324.565306	-321.921524
3254	-287.469473	-292.397085
2922	-352.890573	-351.833450
73	-233.293627	-249.483038
2346	-310.909551	-307.063284
2983	-346.833689	-351.052702
929	-272.832690	-255.167078
2284	-359.298380	-370.922842
1786	-325.785038	-313.751440
985	-320.770329	-314.270855
87	-490.834069	-496.353065
2183	-339.459869	-335.730352
932	-361.764881	-355.764778
3904	-356.716094	-352.345100
2858	-346.862070	-349.854832
2056	-325.729141	-319.768141
3685	-381.602419	-368.244928
360	-346.890881	-348.000845
3303	-272.589883	-303.142067
1700	-320.782427	-313.293030
1437	-376.547304	-367.030378
1875	-242.186010	-232.948841
2389	-361.728546	-365.476950
1133	-308.517070	-318.427679
2909	-361.687451	-365.777811
2417	-336.838171	-336.127645
3545	-310.915918	-304.546848
5	-351.628383	-350.363943
141	-287.734664	-312.722033
2336	-344.433499	-348.420834
1232	-336.811744	-338.177645
2188	-288.690060	-288.788219
3334	-325.800680	-337.300001
3146	-289.872162	-312.790012
3357	-361.779217	-371.109268
1205	-304.682331	-299.454456
3049	-324.610004	-317.974953
2541	-341.834413	-342.716181
2828	-232.030352	-220.172976
3972	-359.339915	-373.790825
1354	-382.790027	-396.537500
3148	-324.567513	-312.105694
3584	-281.484877	-288.177143
1782	-308.555419	-319.842798
3291	-362.911941	-351.260973
3470	-416.814878	-356.521486
3063	-317.413890	-312.559143
2072	-344.431636	-345.136398
3091	-341.869641	-315.660954
3540	-321.236907	-316.025890
698	-274.985880	-309.984632
1624	-340.670034	-331.583220
3341	-291.021228	-284.950569
3010	-361.720579	-362.587240
3464	-234.470922	-218.779278
3960	-336.825944	-334.827787
2740	-360.536920	-346.645170
1510	-322.425235	-318.270296
2624	-309.699280	-288.905720
893	-232.317400	-189.226076
1794	-325.712420	-311.266880
3950	-270.439135	-285.561380
3975	-309.693760	-253.613577
1165	-309.706371	-311.886320
2247	-348.046805	-322.647833
2587	-376.609234	-376.054035
385	-305.159206	-304.344259
456	-336.811524	-334.523245
2360	-340.636727	-342.327950
3955	-323.391458	-321.306351
92	-301.343578	-307.920229
877	-359.317823	-377.391668
236	-325.758113	-308.460073
2131	-320.777849	-317.679859
2189	-325.762375	-332.821047
3053	-490.831786	-504.689754
3200	-265.433051	-271.195307
644	-376.595314	-389.301075
269	-325.729080	-322.393494
115	-356.682218	-355.175783
3756	-326.943546	-314.538570
3330	-323.360126	-316.304209
2639	-302.580808	-304.500200
2289	-325.766945	-338.400070
3191	-284.360325	-254.514244
2486	-307.239887	-311.402233
463	-309.715058	-305.799690
3744	-339.414779	-344.980497
1689	-336.823026	-371.972561
3593	-304.614300	-298.192215
2076	-274.982287	-274.507444
883	-340.647778	-335.649958
3581	-319.540355	-320.693043
1397	-271.624640	-297.246531
2538	-344.417597	-326.800209
2341	-377.784360	-386.966190
3791	-360.491959	-345.557810
482	-272.599303	-231.050964
1106	-231.106310	-221.087185
1355	-361.727678	-352.727152
2005	-305.155985	-312.020107
476	-397.686127	-398.064089
2356	-323.346816	-322.166761
3848	-324.564634	-318.828022
320	-232.333410	-225.068029
3236	-310.912270	-295.785250
2419	-287.353473	-284.587347
1814	-360.537947	-360.289299
1748	-288.688929	-290.319244
3021	-360.495540	-359.178623
2175	-324.545475	-332.702171
2709	-345.632155	-325.169516
1422	-361.728608	-372.221561
1550	-301.345683	-294.937084
2880	-346.831172	-345.654676
3843	-309.717869	-327.900488
1035	-284.385189	-261.202061
406	-359.295180	-364.049002
444	-340.665581	-340.183184
2177	-346.868453	-339.710575
1271	-310.902165	-307.561991
155	-324.571682	-331.410702
3113	-324.531139	-314.546753
3062	-381.573048	-369.046179
3176	-432.852890	-388.465590
943	-303.497783	-308.919834
3221	-308.477915	-307.276657
879	-303.556846	-308.203293
3533	-232.036378	-212.583900
110	-346.869123	-328.609770
1377	-325.768959	-327.588804
659	-326.976670	-348.919147
3735	-360.522940	-349.793127
3368	-308.496367	-311.050598
808	-320.774349	-315.424681
3746	-309.736797	-309.739780
1226	-195.226072	-262.846350
218	-285.311823	-281.434454
3092	-340.610697	-334.525574
3066	-345.688382	-359.184820
1054	-323.427722	-336.995361
1944	-325.796840	-344.629772
1811	-346.855968	-322.794245
2324	-346.831385	-356.203749
3322	-272.536448	-277.000591
2847	-307.566260	-291.915880
1818	-371.535911	-356.317703
838	-361.709679	-366.931684
1140	-304.683966	-312.056122
1668	-344.433140	-360.398233
3489	-308.508824	-312.652929
3475	-321.247305	-327.989113
1413	-247.214861	-247.339390
2611	-346.824672	-342.309460
2081	-273.775864	-277.450014
49	-396.507540	-371.285700
3508	-309.675176	-313.710249
2988	-310.923406	-293.888681
947	-322.454079	-321.170322
2940	-339.418028	-341.206890
280	-271.324234	-267.591927
25	-309.712046	-312.524334
3637	-309.764115	-327.691700
952	-325.717725	-338.302355
168	-325.810050	-313.516272
2198	-382.804255	-385.156488
356	-372.741729	-370.223827
3124	-308.562031	-318.699116
3378	-325.831718	-332.419634
2774	-310.910631	-302.563852
2017	-310.940345	-315.465076
1364	-267.963366	-281.388641
3402	-234.522504	-218.945175
3284	-343.290242	-358.431328
210	-362.938898	-365.496119
3039	-341.851538	-342.707214
541	-325.714161	-334.440331
3495	-288.563768	-279.345549
1063	-265.440996	-268.132435
2483	-322.158791	-297.093092
2066	-432.401755	-419.700644
2739	-362.946034	-363.250229
1123	-375.393636	-373.833809
357	-307.245430	-299.987417
2277	-383.973315	-414.772795
1741	-345.629842	-315.141813
2920	-326.952797	-333.833334
2055	-304.724717	-306.853395
2339	-326.954728	-303.392561
3630	-287.660591	-277.016344
508	-325.801512	-319.370716
3077	-336.822591	-336.851995
1252	-301.395982	-299.827616
3275	-308.757315	-291.540478
2423	-338.238743	-350.995667
557	-312.122696	-324.474487
3875	-309.655400	-308.744244
853	-76.404702	59.020966
3969	-324.609784	-330.543102
2250	-339.462492	-338.727758
1278	-362.942040	-385.415106
1527	-271.621836	-282.192633
2254	-359.388326	-359.003216
1070	-361.752301	-337.862043
2982	-325.722723	-319.913319
3876	-304.574737	-288.611622
1093	-325.718074	-326.805391
2222	-340.678668	-340.119434
3502	-376.564063	-380.754486
3895	-325.808333	-313.039968
3413	-308.440890	-307.281656
679	-340.668108	-367.040524
3924	-270.393737	-252.414013
924	-324.528533	-332.196154
1210	-340.641282	-343.472698
3474	-309.730988	-304.617729
3364	-305.057353	-309.067144
128	-303.785832	-284.876709
3265	-324.569062	-295.857004
475	-304.691568	-303.146280
736	-325.799293	-312.053268
1632	-340.673967	-344.846066
530	-360.503506	-341.294334
3772	-356.752251	-357.662373
3578	-286.432515	-288.970945
1956	-308.461475	-310.965891
703	-340.656580	-336.318516
99	-336.813559	-342.110630
1591	-249.397368	-258.666906
420	-362.950092	-388.898647
1148	-284.062954	-294.286989
1239	-356.710448	-354.955994
3340	-229.879598	-213.677773
3834	-324.589539	-328.044939
3524	-308.455477	-312.090002
3235	-339.416290	-364.918829
3360	-382.810709	-393.650303
2759	-393.905418	-396.981188
3428	-288.564752	-285.341240
3425	-324.547564	-333.096128
2570	-324.626187	-341.475489
1603	-232.363630	-246.082972
3636	-324.624318	-316.065975
970	-310.911364	-309.491341
3352	-272.834623	-255.106018
3335	-275.020322	-306.788034
3805	-309.680682	-322.136269
1869	-269.207716	-269.155914
3612	-309.738513	-291.035175
3504	-308.561061	-307.198910
2691	-308.505543	-319.647655
502	-306.349558	-301.140118
581	-287.683128	-263.549559
2585	-249.269471	-248.217226
90	-327.017113	-315.225744
2645	-362.923114	-344.396725
2827	-345.615042	-357.932644
150	-309.732713	-320.742699
3367	-269.216969	-288.789162
2171	-359.346839	-355.603495
1620	-270.431243	-265.591089
3159	-324.612512	-317.322165
2403	-326.955365	-312.879299
1908	-286.508233	-286.582537
1852	-309.685790	-311.906021
3088	-308.459859	-302.402683
692	-362.917261	-386.703735
606	-343.235457	-319.238886
1619	-340.600021	-337.530636
1512	-346.839595	-345.733713
2345	-342.329232	-365.087952
242	-340.623533	-340.020311
3499	-309.702237	-312.551210
2372	-322.217569	-320.543995
3580	-345.661657	-340.981670
2191	-359.317050	-341.605556
2097	-345.639692	-327.162003
1496	-268.248371	-247.470837
2523	-344.512144	-340.519138
329	-380.402442	-389.920942
975	-357.171724	-351.323050
1180	-306.364186	-296.214659
2038	-348.056093	-324.682035
1251	-322.482659	-307.905106
185	-361.726913	-356.705812
2034	-345.586124	-339.867060
1886	-302.286171	-300.009024
639	-270.405973	-292.463577
2265	-360.469291	-362.102238
2712	-274.985024	-265.711159
1737	-323.398064	-343.955013
203	-340.663148	-351.336195
1717	-345.603646	-345.350342
2944	-309.687280	-302.347321
3338	-308.466631	-314.892050
1212	-304.733723	-309.851490
3112	-327.021680	-309.612556
1444	-304.691748	-307.026930
165	-327.013034	-354.919950
2411	-193.075202	-175.405338
2892	-325.728271	-338.880346
1768	-289.789940	-286.709978
1931	-310.900102	-338.291380
3206	-346.853173	-353.009483
1149	-325.796862	-316.815269
1476	-308.455419	-304.129835
3543	-287.318584	-295.698385
83	-344.434906	-339.154886
946	-324.577279	-332.389980
3542	-344.409533	-341.846962
2533	-265.438520	-264.788939
2185	-344.343476	-342.234365
2756	-153.742562	-299.636688
1649	-346.868661	-341.925121
3720	-308.561301	-313.482803
2327	-381.624797	-380.841942
1991	-285.282532	-291.886545
3818	-308.470796	-311.726521
2669	-309.763785	-330.127649
3005	-249.248680	-238.664946
3443	-346.866543	-351.650534
572	-356.752533	-355.747498
260	-359.369049	-355.407246
2263	-274.983122	-298.681652
1771	-287.657053	-284.156248
1462	-312.136049	-339.719196
3557	-344.382663	-329.947920
3939	-317.386479	-318.755417
1078	-309.738888	-300.294584
40	-344.338878	-343.971619
2218	-325.756157	-320.980080
2123	-327.010026	-324.250874
2791	-194.254127	-207.606251
1074	-304.697680	-303.617214
1747	-360.559076	-370.858530
663	-323.347275	-316.530087
1045	-344.449852	-331.052355
2190	-324.574822	-343.475584
2420	-340.625366	-348.798796
2121	-324.619773	-356.195377
1329	-309.710338	-330.386412
3589	-324.543443	-316.944319
3632	-340.612805	-344.755569
1020	-303.566436	-306.769579
1544	-324.594826	-326.605215
2607	-275.007113	-226.244271
167	-310.912077	-283.928123
3089	-327.025329	-346.639055
3908	-272.847530	-281.270386
616	-345.676243	-359.205994
3003	-325.798735	-333.738186
112	-340.648166	-344.691820
3793	-381.580932	-356.593472
805	-309.658574	-315.200151
2073	-345.600119	-342.675961
1369	-392.662003	-392.442648
1256	-312.119596	-293.974554
3380	-345.606939	-347.623774
3893	-341.097446	-381.412991
1772	-361.717972	-354.001554
1160	-286.467220	-281.255228
2868	-270.407057	-274.102125
235	-270.375081	-277.970459
2368	-325.804686	-310.205778
2209	-382.781841	-373.128786
1223	-324.586663	-328.310883
3175	-309.649998	-317.906153
2923	-325.801905	-328.299911
3498	-381.585231	-388.128805
3290	-341.859618	-331.468824
3846	-318.393987	-320.893932
1972	-233.542445	-252.755436
623	-265.457424	-269.434130
2794	-304.681399	-307.470882
1023	-309.663477	-312.513163
2622	-346.829131	-351.014431
1497	-251.731545	-251.071985
1196	-346.840727	-344.642818
3968	-287.425634	-278.843328
3138	-345.651520	-350.802631
60	-382.768883	-412.074261
3553	-346.830674	-352.740324
1806	-324.610229	-325.187428
2798	-307.259167	-308.314116
2805	-272.587161	-278.204861
2532	-301.405558	-308.621679
1558	-270.389386	-285.428547
1112	-287.644079	-289.579760
1184	-286.506282	-284.676670
2178	-339.455981	-340.581663
563	-345.644179	-350.272251
2960	-271.360631	-287.691200
388	-340.594424	-349.834349
3847	-356.693135	-361.291151
1105	-302.306944	-312.977051
886	-304.728323	-298.463531
3194	-301.367422	-301.989143
3001	-270.386138	-263.337639
1046	-271.618580	-296.913284
2059	-345.674176	-341.096992
711	-341.849127	-339.501125
3788	-361.725962	-352.887709
1982	-345.609374	-362.078236
1344	-341.767606	-326.941803
1785	-273.751900	-315.809002
2155	-343.243883	-325.901636
1819	-249.292101	-242.334595
1654	-360.518768	-346.170429
3067	-271.304881	-274.642893
926	-345.680086	-359.328962
3342	-153.787612	-159.518410
1217	-325.773675	-330.004408
732	-327.023478	-314.504414
1244	-345.616998	-349.030567
2413	-345.604177	-346.720591
575	-272.582834	-273.450346
701	-265.396194	-262.400215
3047	-285.293918	-275.497915
2747	-301.332569	-298.231615
42	-376.564691	-370.758446
566	-303.472917	-290.625170
1662	-377.834156	-390.368870
1125	-285.292217	-281.300486
1366	-345.633122	-345.809866
1156	-154.972731	-412.005884
1055	-345.681183	-351.369843
2470	-309.688189	-268.843561
2971	-312.131841	-304.836302
3664	-269.219315	-272.830091
603	-346.867624	-336.704830
3568	-308.468418	-318.303858
1417	-381.586740	-385.944952
3759	-270.393902	-279.243122
795	-246.023231	-264.060801
2109	-321.219665	-322.780781
2706	-345.667357	-358.250647
534	-324.575799	-335.944866
2896	-356.725069	-357.888603
1261	-268.282665	-272.368111
493	-336.819674	-332.822058
2957	-323.644468	-315.564035
2968	-310.909942	-291.140387
2895	-273.764673	-264.736826
1233	-265.440660	-262.133245
3435	-361.728293	-369.117558
622	-341.886905	-335.704290
3267	-320.776472	-327.176008
2865	-342.307696	-343.998272
750	-344.384630	-338.786116
1002	-287.689262	-274.742603
3609	-269.176442	-249.632401
2534	-362.960595	-335.072281
3215	-320.793270	-316.919977
3433	-308.465425	-309.208208
3634	-340.646592	-344.628962
2693	-340.638326	-342.312700
824	-310.952875	-310.385784
2211	-340.648620	-347.709135
2768	-340.690205	-341.780354
127	-322.216227	-318.878042
3321	-251.726162	-227.039167
2918	-271.326117	-286.297592
3226	-339.491316	-339.649712
2430	-304.688809	-323.813374
1844	-325.808754	-335.156580
1790	-345.664882	-353.316412
2782	-340.664407	-338.851046
605	-456.103432	-470.188482
2067	-280.248350	-276.614349
3313	-360.526364	-387.789755
94	-362.955075	-367.322622
254	-285.284456	-294.703377
1828	-284.993731	-264.156738
2287	-310.905485	-297.938841
3710	-308.565933	-322.996250
1499	-320.779994	-320.506836
2031	-269.170061	-247.403332
2678	-285.255563	-281.176027
446	-305.831164	-299.889709
3261	-232.025930	-232.358633
237	-268.287661	-278.462513
3487	-210.101789	-245.544884
2201	-452.728039	-438.704630
540	-346.830523	-356.928787
3319	-376.604793	-370.415865
1011	-310.942660	-329.870234
292	-308.517192	-323.496201
1171	-325.721867	-333.139214
705	-362.953848	-356.804037
2721	-271.401725	-269.124830
3407	-343.517848	-319.904694
505	-338.531538	-331.449162
1166	-324.576650	-333.619696
2016	-308.569875	-309.317692
620	-346.820834	-358.236574
3174	-272.844804	-250.639629
3180	-323.669200	-314.002678
3225	-362.875945	-363.993992
969	-325.797425	-328.491753
1917	-325.790782	-337.355469
1775	-306.353871	-318.725166
2650	-361.727711	-348.692995
3650	-382.756764	-380.291969
787	-360.525379	-353.586863
2060	-362.945811	-363.322142
2049	-344.463291	-353.097258
1529	-354.275774	-361.237516
653	-344.473681	-333.990026
1586	-272.837559	-292.497204
2267	-291.016020	-294.878292
3558	-339.464817	-342.175632
177	-362.872710	-362.971945
220	-276.205821	-325.295853
504	-356.680129	-358.968323
1246	-318.406529	-325.326195
1918	-319.573117	-322.770306
3420	-306.358581	-312.266621
2764	-195.179738	-241.038464
2422	-325.718957	-316.886667
3065	-344.486202	-334.544086
580	-360.537290	-364.907124
3528	-233.262752	-253.796968
1480	-324.584824	-313.176285
3467	-308.494487	-317.969040
2687	-377.816463	-377.906528
3326	-381.616196	-389.493700
1531	-345.640098	-354.564699
1372	-381.574124	-381.717602
100	-361.702143	-340.807041
2999	-307.237456	-297.468115
2316	-306.361448	-322.142300
206	-309.688611	-318.136141
845	-40.478930	-189.682922
1383	-344.398797	-336.822464
3316	-264.261826	-251.663795
693	-234.520624	-241.422203
1590	-344.415609	-346.126492
1843	-362.899677	-380.036442
3154	-309.714008	-324.407352
338	-272.544500	-287.670797
1545	-308.468255	-316.439976
2524	-392.642251	-382.469761
3115	-340.620294	-351.797760
3839	-231.155780	-254.765722
350	-320.793580	-311.897734
1890	-371.608385	-397.545654
3041	-345.692143	-338.911940
459	-348.056615	-350.160109
3310	-309.721850	-297.893244
1863	-381.631601	-379.042688
2090	-308.473428	-323.635159
3862	-271.646263	-300.530327
2700	-304.687547	-318.832739
2057	-288.540318	-285.214600
591	-325.760915	-338.075586
3438	-312.132858	-298.789587
2672	-355.556836	-351.647467
916	-345.608831	-345.512815
2908	-271.620997	-270.570093
2731	-272.836211	-231.511000
3900	-308.465445	-300.165012
3128	-341.867138	-353.984293
2280	-359.345792	-367.002995
1683	-346.829154	-360.186092
2546	-248.018573	-308.957607
1948	-195.158734	-280.217697
848	-309.744522	-305.084393
1163	-397.709232	-419.043032
1188	-306.054267	-284.397243
1593	-335.598739	-330.785212
179	-362.928160	-377.018711
3153	-340.622406	-344.813282
2313	-312.122262	-344.435064
2867	-361.734339	-341.554150
1975	-341.829025	-338.937399
2235	-318.409670	-322.139330
3942	-287.507193	-287.414429
2012	-382.788561	-368.849279
2459	-273.761223	-290.569714
169	-309.688569	-291.006485
548	-233.555951	-209.767199
19	-309.720734	-313.537561
2655	-235.723792	-176.243111
2590	-340.650928	-340.119415
2476	-346.865438	-336.484573
3688	-322.476720	-318.383348
702	-379.000257	-375.246637
1173	-344.465017	-342.053427
2106	-286.476486	-286.545927
1019	-327.016183	-329.443817
1065	-360.485823	-371.920797
790	-341.836780	-341.444098
2998	-246.027383	-244.630487
1751	-339.469166	-343.816427
2377	-236.916033	-250.291121
3945	-304.737186	-302.428444
1926	-273.773955	-305.022673
3036	-310.907823	-316.401426
3941	-231.108368	-238.060776
2799	-340.702898	-343.391352
2830	-325.800699	-324.825710
1935	-361.677841	-338.796284
964	-291.014970	-307.144882
295	-320.770299	-334.157455
728	-309.678404	-324.730728
3216	-344.380260	-340.267809
327	-324.607903	-335.248434
3205	-341.842686	-370.916374
3914	-325.805781	-328.106865
2234	-272.580839	-280.962576
3639	-345.680996	-364.289333
3252	-340.610842	-337.491516
3921	-343.218379	-346.452908
550	-319.568017	-325.884289
738	-324.592221	-322.436623
3461	-320.776316	-309.939566
3869	-324.525580	-336.100252
3440	-322.135917	-325.576908
531	-226.107205	-220.844477
183	-362.962787	-336.004339
3469	-356.686540	-360.550610
2571	-309.686348	-308.092487
2369	-273.760271	-289.849895
1175	-361.742598	-356.100201
2243	-340.673964	-340.881851
1247	-325.770105	-335.150303
3281	-309.716743	-322.065533
2146	-310.932540	-298.243544
3424	-348.051118	-345.834471
3877	-340.623773	-348.996981
2610	-309.711468	-308.770044
673	-345.680831	-347.173201
1248	-304.732336	-299.361332
3449	-297.510804	-298.888498
2732	-324.579850	-348.349216
1114	-302.353948	-305.580450
2308	-324.460752	-317.128517
1947	-303.533559	-294.411238
2221	-308.512137	-297.142986
2929	-345.638912	-364.340057
529	-309.725786	-318.945507
3286	-361.731914	-368.897970
2334	-472.135006	-494.368599
780	-308.769557	-329.141632
2549	-375.410333	-371.901796
1537	-309.692993	-305.020224
1236	-155.897345	-183.529184
830	-320.767103	-321.720592
2704	-320.786981	-315.977184
3828	-288.650589	-300.911238
1328	-376.531779	-370.984528
1345	-376.540686	-383.839867
3230	-344.454591	-356.831367
3273	-288.589678	-292.630867
2203	-310.911529	-328.914419
662	-341.843824	-334.495842
3556	-276.202384	-259.995997
1222	-325.805865	-321.737740
1333	-270.359564	-263.736496
1006	-336.843788	-327.439968
353	-197.632222	-213.318407
1715	-286.486570	-281.649954
3202	-310.908741	-315.640753
2914	-270.422403	-272.654465
3103	-340.631134	-337.880760
1142	-309.702591	-300.237494
577	-343.087962	-343.008179
2027	-376.585000	-378.171799
677	-324.594116	-306.650091
1522	-324.485746	-318.077347
174	-229.928448	-214.997169
1873	-346.842529	-342.768761
3400	-289.799552	-284.730110
3024	-251.729571	-258.273804
3416	-320.770681	-320.048101
1474	-340.654517	-350.097843
1682	-269.215705	-274.109091
1459	-306.320451	-317.464613
746	-273.802095	-253.699799
3008	-323.359336	-326.258682
375	-346.857432	-360.686327
2490	-343.078368	-339.728312
3471	-416.384141	-394.805092
1750	-287.645651	-292.345970
3183	-345.642870	-346.517008
3856	-306.313590	-311.168304
3762	-351.646368	-355.156816
9	-344.468531	-351.622887
2725	-269.218553	-279.064039
1562	-309.676327	-302.881235
231	-346.860243	-357.656597
3743	-325.726182	-333.234896
2793	-306.384286	-322.155487
2307	-346.859945	-332.780745
3002	-269.479234	-281.238592
2266	-289.766576	-297.678213
1441	-303.469082	-306.308384
3665	-323.329494	-330.700987
2705	-270.384180	-263.242949
2841	-360.524422	-357.179642
2582	-320.773768	-315.953306
1736	-273.764207	-273.030954
2743	-234.516409	-222.539671
2531	-157.115484	-237.453114
3157	-335.619981	-338.105999
13	-360.526646	-363.669657
2446	-361.740252	-356.486958
2522	-307.545457	-312.825491
2608	-306.369631	-328.729315
1977	-312.131398	-219.690931
972	-341.869909	-362.500351
3293	-360.535142	-365.895269
108	-345.614707	-343.247236
757	-345.678211	-342.772446
1611	-348.044714	-356.978470
1192	-326.947461	-328.524588
2149	-341.878745	-330.777308
1448	-372.747155	-373.012112
34	-306.355655	-283.555334
312	-234.485640	-316.056404
3668	-309.700336	-304.975153
794	-248.143861	-241.168058
1979	-308.462923	-300.978928
804	-248.395289	-260.271988
1403	-308.462299	-309.069340
2471	-288.628801	-301.000898
612	-397.697891	-391.485350
1839	-355.496901	-365.681038
3212	-360.575745	-350.871147
2028	-346.821466	-332.815870
3394	-376.613178	-370.398973
69	-265.441614	-263.704870
1673	-309.733829	-324.754793
244	-346.835129	-350.021843
2989	-287.317913	-268.421791
1292	-323.652284	-317.141008
157	-376.519880	-375.688675
1155	-272.838189	-274.673422
3169	-310.902849	-302.634912
3209	-346.834502	-347.287031
3496	-302.303890	-300.326502
2305	-376.633716	-351.501740
2816	-310.905786	-308.795135
3231	-380.446861	-368.512648
435	-306.309029	-316.845188
2511	-250.500016	-272.125914
1600	-249.301818	-269.537718
3501	-318.409788	-330.764181
2292	-343.246371	-367.981104
367	-360.491873	-361.368269
1442	-308.465594	-313.992027
3076	-247.198000	-261.003130
3607	-325.801523	-348.529455
3681	-310.914919	-305.832676
323	-309.647349	-301.821306
2954	-305.915530	-298.102768
2414	-382.803358	-396.246180
811	-304.567859	-301.570496
3415	-308.495275	-300.966995
2542	-326.951186	-331.376194
2359	-360.468392	-357.886698
3299	-325.725069	-324.301908
695	-345.700085	-379.139927
554	-340.688787	-352.536779
2362	-305.134491	-320.170572
1287	-355.515622	-395.327398
634	-154.960361	-446.857687
638	-345.695868	-356.307087
2783	-272.537685	-277.585201
1040	-268.307873	-269.056303
1028	-360.421732	-364.964796
1663	-232.351764	-249.154741
1080	-288.570006	-279.641121
407	-287.508781	-301.906607
3359	-325.733758	-343.716454
3648	-324.631468	-324.934654
724	-320.775720	-313.264660
2990	-376.661483	-364.021362
3234	-287.349937	-278.762184
3140	-284.987905	-263.254002
39	-340.687222	-344.557432
1285	-346.860450	-337.237766
3695	-309.651827	-313.060061
3925	-325.718488	-328.555012
1601	-345.646864	-341.455482
3604	-273.812100	-288.205494
2690	-231.093096	-262.111879
1470	-272.542270	-260.588469
1943	-325.729335	-328.989065
1414	-377.797879	-389.355532
537	-361.731930	-349.666271
2853	-325.794835	-334.564939
1257	-346.855622	-366.131466
391	-345.584667	-345.826799
3107	-281.504745	-282.464399
599	-343.312201	-342.732668
602	-275.010289	-281.964558
1723	-307.290176	-314.926373
1809	-324.559733	-329.375902
2093	-324.473588	-318.608246
241	-309.718177	-306.082357
387	-268.248806	-263.144678
1857	-307.540766	-311.355591
3763	-344.416821	-332.551420
3880	-357.942023	-359.524549
731	-355.501990	-359.075871
1571	-470.915515	-473.716854
3725	-309.710255	-328.396093
3142	-376.617653	-363.572927
2632	-306.344083	-321.906858
628	-325.726991	-319.481298
1609	-210.001565	-191.248905
2780	-272.545389	-268.286135
2046	-286.493052	-280.596165
1036	-340.609236	-347.696970
1568	-324.555249	-326.375429
3845	-344.454717	-348.810293
3192	-313.554802	-314.862610
1386	-362.967171	-368.800747
2626	-305.900638	-320.924765
3480	-286.460642	-299.114748
3606	-310.906553	-299.472263
3478	-343.296547	-350.069235
2456	-345.610758	-345.465359
3483	-308.500974	-308.424448
3529	-341.843027	-349.226280
3371	-286.517424	-285.414511
2325	-273.732431	-276.509363
3295	-231.069318	-270.747858
2529	-229.969129	-257.303999
1595	-309.686571	-315.409517
1526	-269.267574	-268.871788
1783	-320.761312	-336.648365
3679	-320.794248	-309.508682
1837	-381.574917	-382.808296
352	-288.557016	-288.649044
735	-309.716570	-327.026478
3349	-207.916786	-249.264971
409	-306.383308	-271.987434
858	-340.661797	-349.661392
2744	-288.573110	-292.783379
1627	-301.363590	-301.658396
399	-304.735224	-301.228748
1892	-382.805933	-388.834457
2186	-320.782523	-319.634010
1699	-272.541597	-281.467688
2893	-274.985796	-270.313549
3509	-288.685117	-290.401052
784	-377.848074	-365.587826
2952	-308.511290	-333.621572
897	-345.659998	-340.424456
3775	-324.576188	-339.799936
116	-346.831175	-342.396370
2317	-308.503515	-318.914326
3919	-304.721921	-317.895630
2375	-360.564233	-361.505995
3385	-324.583090	-337.041061
3822	-309.665941	-300.419886
1164	-340.611734	-321.131277
876	-325.807685	-329.294401
1234	-325.796704	-328.085905
186	-340.606711	-336.519617
2849	-355.442748	-364.597439
1487	-345.665813	-344.967045
959	-492.026657	-497.092682
912	-323.344400	-328.394955
191	-307.610450	-307.613022
2259	-361.734611	-351.182188
2986	-340.629609	-342.961529
294	-308.506421	-329.848597
590	-346.857871	-343.120747
822	-336.845442	-344.527208
3417	-354.292460	-357.883530
2077	-309.736028	-318.240765
2754	-309.674575	-301.436134
971	-324.624537	-321.598097
3898	-356.700248	-357.131382
1450	-273.757658	-295.074165
1708	-324.502429	-320.825735
1115	-325.773014	-330.769953
3554	-309.689751	-309.157347
3396	-273.815873	-269.243006
3618	-309.731536	-296.118326
2321	-381.536295	-367.308020
3601	-308.749822	-296.067173
2844	-301.377995	-297.589865
3871	-346.859809	-343.269495
250	-360.538828	-355.082308
1131	-324.580815	-324.082197
3427	-325.793904	-333.063242
359	-346.832402	-354.602888
778	-324.573162	-331.935127
2283	-231.111403	-247.675325
1452	-308.467331	-314.028904
3732	-320.774305	-322.502338
1909	-345.630398	-342.169241
688	-324.491475	-319.544624
3306	-361.650084	-357.187878
3325	-341.836362	-340.002972
427	-382.798099	-376.346220
129	-308.512092	-305.692097
3967	-273.758273	-302.632681
101	-324.507184	-334.073318
2792	-362.944759	-355.473112
263	-341.853650	-341.157103
3587	-322.421320	-298.237106
55	-335.683118	-341.708923
2601	-333.464063	-316.550009
2335	-346.825562	-348.544739
3731	-310.913156	-299.018541
464	-324.485629	-332.897499
1327	-320.768458	-333.399981
3853	-271.336383	-303.166372
3626	-310.902465	-312.354532
3298	-345.599182	-348.644466
927	-340.676668	-346.499664
2187	-310.904927	-288.064060
3193	-320.725883	-316.101416
3667	-249.293044	-245.588470
513	-355.518342	-359.504925
2052	-325.809179	-297.657936
2715	-345.709596	-344.786053
2421	-249.395323	-261.993185
2591	-325.773278	-334.556816
2450	-312.124760	-315.292503
828	-361.684892	-358.637104
658	-307.234503	-313.282391
3301	-371.491061	-379.256704
950	-324.580266	-321.980488
71	-346.864282	-339.602770
2661	-323.448833	-321.002825
3043	-196.405320	-170.300072
3442	-381.635659	-382.552608
499	-340.611683	-342.030205
2530	-345.673444	-346.024755
833	-325.761605	-327.562456
1958	-340.595950	-342.617428
1710	-361.726166	-345.349264
1983	-320.792773	-322.012369
133	-271.642927	-229.285585
3327	-348.059242	-356.430256
2925	-301.394865	-295.184084
2846	-273.780933	-276.317961
1577	-355.468067	-354.435219
940	-325.787515	-318.834522
3119	-301.090914	-298.821754
1867	-324.583096	-304.760796
1962	-382.756724	-376.097782
568	-303.458583	-300.122448
1888	-276.201993	-273.596365
3167	-309.688639	-318.144060
1081	-310.912796	-302.357159
430	-307.543210	-284.885401
791	-309.662433	-302.599705
1866	-310.940708	-316.034521
3816	-272.830720	-226.748611
1753	-375.351387	-368.601088
3712	-300.148891	-298.147242
1301	-309.679190	-326.893908
3591	-273.762889	-260.529892
683	-348.060054	-307.888494
3617	-345.608658	-331.673647
832	-308.470270	-297.243530
1491	-344.421383	-330.060051
3139	-344.437158	-346.737715
3574	-398.876124	-393.322075
664	-335.632054	-372.372898
2125	-310.908354	-298.716089
1573	-233.255259	-251.924900
2128	-308.504896	-306.078615
2349	-301.357553	-296.800121
1781	-324.582445	-324.279457
3953	-325.792503	-323.183781
2170	-274.987123	-266.090958
3833	-324.559324	-327.317940
801	-273.763117	-271.165266
1416	-308.514570	-324.632687
1144	-264.255612	-233.683184
2508	-324.574476	-325.400074
908	-310.911406	-324.411673
3300	-344.499155	-350.802950
1	-360.499843	-371.809710
2337	-324.588418	-332.354275
1179	-343.195060	-353.639151
3682	-291.017820	-316.996260
1836	-268.273739	-257.331350
1311	-288.545722	-279.956007
1533	-309.671865	-295.894228
3227	-348.043668	-350.521729
393	-323.334482	-322.172018
1174	-345.614442	-341.413778
2481	-324.614891	-338.140591
3482	-281.480993	-283.882576
2757	-346.855643	-351.491125
852	-361.731511	-344.261837
2382	-380.343633	-379.109774
2911	-289.871661	-285.396816
494	-345.611057	-346.204826
3213	-339.438949	-338.966000
3814	-361.745554	-357.995155
1406	-375.394844	-358.252876
3392	-361.774979	-368.300323
1039	-360.575277	-348.389458
319	-352.845678	-361.811743
3728	-234.474951	-243.250507
137	-287.440932	-284.198727
1012	-266.609146	-267.005114
2447	-323.330261	-327.014549
3560	-286.463470	-280.840837
1346	-308.542644	-306.912159
1963	-325.761942	-323.608372
841	-361.736259	-349.430468
3959	-305.831035	-311.512442
3083	-381.591448	-393.826256
2695	-346.871133	-361.446848
2670	-326.934805	-324.210627
2527	-297.554699	-297.545769
2937	-324.573883	-324.754181
3885	-304.728655	-310.225636
2660	-307.582044	-312.859056
2945	-307.281910	-299.572001
2238	-281.495234	-282.110004
412	-372.768039	-374.112694
1525	-345.608193	-349.172031
328	-310.911163	-314.328819
871	-309.680919	-291.123283
3129	-361.692023	-352.773352
3447	-270.389803	-248.169552
2955	-346.822341	-351.920820
2667	-308.455402	-311.472488
1118	-306.032266	-280.652269
3891	-346.821929	-337.765881
2022	-344.425164	-306.968843
2139	-381.581478	-377.579609
1521	-323.665247	-308.396414
976	-382.776658	-388.172014
3976	-273.765901	-264.584669
272	-322.161948	-327.617115
592	-307.614861	-299.732119
799	-310.910909	-317.890303
2857	-362.899149	-358.231524
3186	-346.829695	-347.158657
3491	-361.750275	-347.248554
2559	-319.571638	-319.791552
818	-387.475673	-380.227699
1871	-306.406578	-310.835438
3519	-376.604739	-388.652618
1971	-362.906662	-364.914513
2343	-325.781464	-341.815830
1523	-340.646229	-350.007244
227	-377.805829	-409.071070
1071	-360.495618	-353.136009
3466	-325.794624	-332.161316
1130	-346.826923	-356.033600
2204	-310.904876	-284.820227
3894	-322.469844	-326.892963
1200	-346.908492	-358.157551
753	-361.710299	-333.203838
2689	-309.673807	-304.560059
3696	-308.474441	-317.293842
2958	-324.580268	-321.848064
3868	-360.526225	-370.799303
3897	-324.519277	-296.358223
1283	-345.605635	-345.003185
2766	-285.279992	-283.862879
1615	-287.344000	-286.494009
3779	-308.476903	-304.497583
576	-345.655968	-345.840837
3983	-322.115604	-317.943377
1978	-281.485530	-282.730434
723	-361.717032	-353.410927
3132	-309.670613	-320.762543
1393	-271.647465	-238.322899
3621	-346.815715	-345.969509
3841	-371.541704	-364.839661
2547	-323.328581	-333.171719
1973	-340.637231	-345.021706
1087	-324.508933	-334.245424
668	-267.103350	-247.927765
1475	-362.957353	-361.619522
3196	-297.530335	-291.805960
2901	-318.323005	-318.669352
1332	-209.144909	-219.930864
2668	-310.906004	-327.546677
3683	-308.510782	-312.238731
195	-296.296482	-289.292355
3910	-309.703111	-309.899092
1606	-308.462382	-305.216257
3633	-380.412093	-378.000378
434	-338.195462	-348.024488
2168	-310.899911	-268.309299
2658	-308.461040	-323.590998
2899	-310.930659	-321.790985
2166	-343.239068	-334.341934
2319	-271.316064	-262.503593
819	-276.204532	-249.555373
2487	-361.694757	-357.653242
1929	-324.551800	-325.833237
3657	-312.124380	-298.485359
1692	-362.862736	-357.076674
1151	-392.620909	-371.600266
3920	-319.574905	-317.284487
1268	-344.411146	-322.624285
3037	-288.567911	-282.129492
3512	-340.641866	-341.431932
844	-324.606050	-321.598888
719	-309.693538	-302.622715
2716	-303.464433	-302.858109
2202	-324.602888	-317.964890
3109	-324.582824	-316.745573
1088	-291.017433	-286.702963
3006	-308.470648	-332.996836
3333	-361.709769	-349.578220
2932	-285.320198	-272.446896
1841	-325.788368	-310.642138
665	-288.571762	-272.543743
2438	-392.565188	-408.230124
3178	-345.605421	-341.341986
498	-273.791878	-299.515482
667	-360.533083	-358.232792
1906	-324.613156	-318.292730
2592	-308.486071	-299.673094
3707	-271.620156	-278.687471
676	-272.584377	-282.604366
1791	-272.554824	-284.225542
3456	-276.206318	-234.835135
3207	-355.520098	-354.791029
1434	-344.482088	-345.720266
2558	-472.145935	-480.447886
3820	-340.655117	-343.902790
3492	-345.645245	-354.494131
1412	-242.195730	-266.230936
3268	-324.562156	-331.793646
3247	-360.531175	-365.700844
2572	-360.495461	-333.198978
1561	-325.749687	-335.995153
2383	-324.593866	-314.359308
3431	-323.229212	-308.285088
2271	-310.916474	-295.118088
2111	-348.048744	-355.415779
1401	-307.265351	-291.795479
1731	-381.565314	-361.343807
549	-372.785072	-373.702696
915	-304.734226	-309.679245
3697	-312.119261	-327.834864
1524	-272.550818	-244.086288
308	-303.428586	-302.411425
1678	-310.955296	-309.241442
3404	-309.733988	-315.645853
1073	-233.249538	-228.163853
1742	-288.583008	-285.060616
3653	-309.763576	-319.963160
3803	-287.351460	-296.481070
2829	-340.622886	-339.871918
2257	-307.238509	-283.556423
2778	-325.711441	-309.464916
283	-355.460155	-357.497089
38	-309.736982	-319.543606
995	-360.542928	-351.765184
953	-392.650949	-391.397264
601	-324.603558	-342.113447
3689	-308.467642	-308.972122
1361	-346.840635	-325.807646
2663	-361.722327	-366.600023
1116	-356.691214	-347.861422
2812	-381.619786	-382.622826
1058	-324.585402	-316.055534
2800	-287.478272	-281.278400
538	-324.494520	-329.356106
2795	-379.572458	-382.544949
158	-308.540079	-296.208334
2140	-325.715372	-333.284365
1899	-308.478846	-291.385319
2544	-381.632480	-379.783453
1109	-333.411326	-331.954895
3575	-309.736328	-307.967655
1277	-309.706892	-312.707026
417	-344.440065	-340.434761
364	-117.824798	-549.263515
2233	-319.556235	-311.348881
3473	-360.527434	-369.688322
3516	-324.634527	-319.315828
1761	-376.622507	-370.604721
1326	-266.616319	-259.810472
3781	-274.984614	-300.654682
2714	-398.878264	-385.880810
2519	-323.585680	-269.600229
2751	-273.787799	-276.860756
12	-377.816587	-370.302971
2394	-355.446449	-360.899853
3395	-248.436061	-231.096432
335	-361.729115	-350.380575
3022	-234.455424	-218.862335
2881	-345.594203	-350.389368
3050	-303.940271	-305.543024
339	-356.705991	-356.840006
103	-291.024232	-309.526340
2784	-273.803873	-239.514046
1985	-339.481708	-340.090376
279	-306.012858	-309.797363
1757	-285.313612	-290.955505
3472	-340.657197	-341.457218
3270	-273.788787	-290.755493
1864	-312.133063	-333.766043
2315	-273.793520	-277.919664
2410	-361.673369	-359.905027
1484	-273.817328	-287.739904
901	-270.446915	-283.975903
2179	-361.698233	-352.729877
275	-344.442225	-325.031721
3640	-309.692577	-309.606203
1796	-307.536544	-309.291336
3526	-249.285024	-251.828180
3598	-340.671493	-338.137205
1062	-324.496997	-325.885948
2843	-308.509454	-312.241560
2760	-155.908941	-339.840918
1720	-309.692095	-321.855057
1574	-245.997884	-253.802877
2182	-340.610000	-343.468718
2173	-304.678340	-318.514723
93	-340.615011	-342.011513
1425	-288.648476	-285.347099
1449	-308.507220	-318.531359
514	-309.685045	-311.578613
1553	-323.448965	-325.489065
3346	-318.327053	-312.539963
2047	-286.246880	-283.250589
3965	-273.764529	-270.257723
3539	-324.625415	-341.976517
2897	-346.825923	-363.848923
715	-285.275928	-294.567551
3506	-320.804155	-318.465151
2008	-336.802659	-338.728441
862	-361.764434	-353.644146
72	-325.720699	-318.554237
843	-308.437835	-307.684292
392	-345.637570	-327.645515
2039	-360.553317	-364.346539
1090	-272.500426	-276.785496
522	-309.680641	-363.059278
1003	-308.516378	-305.439627
771	-346.903261	-364.635010
3652	-361.720088	-366.081583
1585	-360.545832	-352.185120
2685	-344.426408	-351.787828
2933	-360.538112	-375.767475
2947	-355.510313	-353.473866
3902	-382.757521	-390.733419
3240	-338.234966	-345.946627
2156	-346.827596	-332.678106
2797	-345.646914	-364.166403
524	-308.507004	-326.315590
249	-306.347185	-270.916452
251	-265.386781	-255.344685
2371	-307.253245	-310.474089
938	-331.411639	-327.562515
955	-345.632414	-338.781767
3721	-284.372483	-265.808363
3538	-271.350701	-290.282097
3723	-345.597175	-334.963848
1874	-416.367317	-393.342047
3366	-323.268818	-317.225130
2302	-492.008892	-506.158768
1602	-318.339586	-314.416492
1128	-361.695007	-368.030975
33	-264.504487	-236.178127
1382	-360.492675	-352.463861
720	-381.594735	-390.346661
2157	-309.686797	-319.216043
2946	-345.649552	-362.672291
1203	-261.802956	-253.196381
3387	-309.727603	-316.334070
3339	-356.699649	-349.916370
3734	-326.940196	-333.837339
539	-341.886521	-367.021214
507	-309.697879	-300.450813
3143	-286.432042	-255.951239
2112	-304.729640	-300.883636
2903	-308.505951	-315.930771
20	-270.370102	-272.682606
2015	-308.518276	-301.447559
1756	-326.935440	-326.428135
3698	-360.508088	-369.623117
2040	-317.409527	-315.363152
1784	-324.497693	-321.132893
3414	-285.313674	-284.639446
904	-345.608456	-329.113596
2449	-341.841190	-343.070974
1920	-361.714679	-364.646330
2230	-262.056533	-287.404709
650	-193.034094	-168.349028
2153	-309.673226	-307.850645
2007	-308.499105	-296.046558
3620	-359.351415	-362.176735
896	-323.312767	-312.068502
1095	-324.603415	-326.459158
1807	-344.469516	-326.471157
117	-211.295163	-194.776937
2809	-344.506029	-344.497776
1145	-312.129019	-298.802294
1950	-232.331230	-228.189953
403	-272.843742	-285.223309
1138	-308.444609	-312.259712
2545	-324.614082	-338.184177
270	-372.752005	-372.140146
2919	-340.635773	-349.936291
2817	-340.641240	-353.936693
2415	-340.676441	-344.949383
2803	-327.013853	-323.683195
3849	-360.531172	-352.871033
2842	-308.450204	-301.304285
1407	-235.694798	-227.791019
2116	-340.646768	-350.676260
1264	-324.536694	-328.574394
1004	-355.416555	-346.443237
3896	-307.280331	-313.467552
3602	-361.683811	-359.088596
461	-273.773506	-267.276899
380	-307.581989	-304.962820
3149	-372.694726	-384.151899
2674	-342.352279	-321.617395
1235	-265.447270	-264.096252
2248	-377.773452	-367.415358
3309	-274.989422	-259.173355
1596	-492.022084	-492.224489
2543	-376.588479	-383.441046
3561	-343.190300	-338.039253
113	-360.478880	-365.564922
2796	-345.678871	-337.009232
1734	-359.354596	-362.081888
1026	-325.765414	-330.356352
1297	-345.621773	-329.746849
3800	-346.862839	-326.290768
3195	-274.982322	-252.021025
3208	-288.572843	-290.399530
194	-308.496245	-296.221645
2272	-324.528642	-320.671377
2613	-338.214346	-324.484352
1237	-360.542541	-357.156345
865	-304.728720	-300.468393
2314	-345.658870	-346.549976
1132	-310.938583	-304.114611
1559	-380.372123	-384.840010
2505	-344.440744	-337.670555
2720	-231.102112	-258.709751
2033	-310.919833	-277.567501
3259	-359.368793	-379.548264
1186	-359.296697	-338.157694
1677	-344.412416	-332.280567
2258	-303.453218	-302.543671
1410	-273.759553	-271.132277
2282	-375.368783	-374.916981
3616	-225.221461	-177.553469
184	-322.436757	-335.684235
3353	-324.514429	-316.742823
166	-325.729970	-308.683439
585	-229.918003	-247.940289
1389	-272.510742	-296.886522
2737	-322.442708	-311.433252
2252	-382.779570	-372.727200
1288	-324.635136	-314.002550
2619	-326.939536	-322.766825
1060	-345.713205	-343.018320
1120	-353.283458	-350.870417
2176	-345.608670	-360.689594
3296	-345.650105	-344.398483
2577	-381.600777	-395.901350
1221	-344.436348	-356.002785
3649	-343.292778	-351.126621
1953	-308.457242	-301.836081
3768	-227.338075	-225.369717
495	-342.297848	-338.459167
884	-276.202586	-270.773470
2150	-324.570860	-330.809158
900	-288.561991	-282.585663
2659	-324.461004	-313.825367
1289	-344.439723	-346.405706
413	-301.369263	-302.779696
1445	-396.491525	-378.474079
3576	-325.729906	-312.256907
2227	-356.712771	-370.492281
2818	-335.618370	-336.313061
2412	-310.904086	-336.405558
1358	-340.682075	-345.334286
1848	-273.769835	-296.926640
1365	-361.755045	-363.384958
2498	-288.539500	-286.606678
3370	-396.486664	-384.717958
742	-272.588370	-271.939957
125	-228.992613	-200.403181
2876	-360.574465	-348.137299
1303	-345.676156	-346.170033
3181	-307.209274	-295.696213
1957	-206.721858	-262.327593
3860	-308.505267	-313.212227
593	-303.525517	-292.893593
2885	-309.686862	-289.689360
1792	-363.504227	-357.262102
2623	-235.700285	-261.587580
2560	-339.452794	-342.710155
767	-346.861463	-345.371151
1733	-322.169100	-329.036301
1134	-343.068226	-366.131613
1206	-342.315546	-349.904667
2408	-356.708234	-422.879257
3246	-340.652252	-339.320538
2249	-392.653825	-383.174379
1896	-326.971392	-333.821280
1086	-272.587059	-268.116688
1464	-381.610550	-382.534006
47	-247.225618	-277.614479
121	-361.711483	-368.707016
3090	-287.362939	-293.114443
2035	-249.294409	-250.425268
1342	-361.712098	-370.896185
1860	-308.507458	-295.975567
1847	-325.753767	-338.570477
3984	-344.418857	-360.651844
674	-346.879260	-360.414024
1488	-320.766344	-326.057137
3133	-356.679691	-362.925577
2980	-274.983908	-231.351604
2473	-324.497671	-323.840464
161	-285.276468	-261.738760
2862	-309.693471	-314.149191
3272	-173.147782	-182.041346
2260	-271.351786	-309.949492
1583	-345.655509	-345.516006
3662	-360.469577	-325.100956
1253	-312.126356	-309.792122
1951	-317.408548	-315.371542
1670	-269.230258	-239.653391
1334	-273.765782	-296.589020
2392	-272.551442	-252.877449
56	-345.599154	-340.846941
3348	-304.715963	-279.109896
425	-289.769718	-266.855980
3796	-341.875439	-331.382633
2997	-380.371074	-369.787136
2537	-317.434422	-318.104555
2569	-281.476967	-283.123060
2329	-324.557240	-326.716461
1360	-362.941781	-365.965199
2281	-345.643890	-351.884701
2975	-345.579201	-343.187969
652	-345.620593	-367.114454
2115	-266.626759	-282.477299
1681	-310.908780	-327.946165
2163	-324.503356	-315.508041
229	-361.648305	-345.317266
755	-324.568345	-331.328262
1426	-381.607770	-368.599041
3742	-271.272557	-272.523750
957	-360.490486	-366.560020
2565	-345.591597	-330.200834
3379	-273.761967	-261.454205
3445	-286.508374	-304.699049
147	-345.615452	-337.683859
1468	-345.650338	-340.414459
2834	-325.699665	-319.307106
542	-382.793238	-363.355879
1302	-339.445855	-339.866444
3660	-288.651313	-305.989796
2595	-303.465315	-305.278208
3881	-357.951284	-333.388363
3160	-362.937857	-356.924688
1707	-288.590006	-298.097725
1275	-310.936083	-319.658903
88	-345.655534	-362.826973
1033	-339.482903	-338.009935
2938	-346.875201	-342.409948
1738	-273.759338	-273.510691
2158	-340.663379	-342.498213
2517	-308.462063	-296.148767
1209	-392.612820	-382.174520
450	-235.729507	-283.939507
961	-326.950279	-343.586363
1178	-382.751729	-380.096329
1862	-319.615129	-321.827309
3277	-354.254979	-354.422112
111	-344.470970	-349.826344
1777	-265.408147	-272.905228
733	-345.660927	-343.237181
2288	-345.612787	-357.931940
3986	-355.516778	-356.706652
3726	-382.754967	-368.342693
418	-324.565412	-344.099648
2196	-338.559964	-335.761889
1469	-324.444698	-325.643145
1582	-361.735290	-356.094353
831	-346.867207	-363.055569
3401	-338.175569	-331.565109
891	-325.767721	-323.806946
516	-312.134532	-327.339439
1030	-309.683546	-321.489634
3980	-372.708066	-375.152588
1955	-339.498757	-340.990404
825	-340.536374	-346.268291
3641	-360.485033	-359.542768
881	-234.470813	-243.641331
2824	-304.720708	-304.189196
1854	-382.743932	-388.548708
2452	-344.424745	-358.401814
1893	-344.385273	-342.452545
3101	-360.503577	-357.280581
1633	-247.201165	-255.446747
3577	-361.716705	-346.560770
1725	-360.495137	-376.377975
405	-273.804251	-275.660141
3329	-310.909123	-310.964310
2578	-324.576080	-334.388708
151	-270.397623	-279.908051
1763	-325.799404	-334.139547
1789	-310.905299	-334.475895
1381	-303.795699	-299.042038
1494	-345.654016	-333.639305
1754	-269.221561	-287.358101
1376	-348.053064	-341.268480
930	-346.898838	-356.733440
2075	-345.606444	-340.101709
3452	-361.758902	-371.547529
2776	-313.573888	-310.359993
2891	-308.511094	-326.020885
3454	-376.600944	-377.734339
3536	-352.836930	-362.022747
3120	-309.689111	-310.027027
2644	-320.786990	-316.453295
1008	-248.448467	-252.924620
607	-301.373496	-304.668283
2391	-310.927566	-285.096170
322	-346.832352	-335.170153
3314	-305.846541	-306.831961
3179	-270.408713	-255.085752
3051	-192.736096	-216.686573
3552	-325.793166	-342.780434
204	-287.353313	-275.623190
1514	-320.781098	-315.541204
2242	-362.870426	-360.017776
389	-271.336957	-282.984745
3733	-309.678068	-317.359236
546	-306.365166	-286.297337
2917	-267.068488	-285.630924
1183	-325.750970	-329.558928
3888	-323.359825	-308.718012
3873	-348.051405	-334.985216
271	-361.759779	-364.593840
2653	-361.749428	-358.572834
363	-320.778723	-317.460653
3188	-325.807242	-324.979631
2494	-274.984732	-293.691784
2539	-321.276274	-329.032215
1082	-310.901659	-321.327969
1424	-212.438188	-215.419027
2581	-234.469389	-259.679688
1126	-270.392715	-263.600590
1855	-360.497728	-372.347574
2496	-326.954795	-304.969545
3603	-326.952955	-322.148466
3867	-356.726146	-362.316889
2064	-309.687401	-303.712851
2089	-308.469081	-299.920479
2197	-309.684327	-302.846600
2069	-346.855971	-366.966742
2930	-310.906738	-314.300444
3503	-266.630629	-270.763081
2890	-309.738198	-306.880249
3588	-272.549011	-300.790974
3071	-273.789182	-265.470201
1111	-335.656557	-333.857080
3485	-324.614459	-326.477783
3080	-344.436248	-343.208500
2154	-360.512793	-366.801918
2385	-310.911571	-303.411049
3187	-272.591906	-271.793577
2268	-302.558547	-293.279987
1911	-272.582516	-272.010195
2814	-325.804528	-321.810320
2091	-346.904050	-332.192698
81	-318.390876	-324.073715
213	-249.281074	-266.512156
3356	-270.447268	-263.772741
1894	-360.532510	-353.870674
80	-392.672883	-392.438763
2400	-345.592410	-330.001875
1229	-288.582662	-298.466717
3007	-319.573727	-310.866848
2851	-356.699504	-361.038754
802	-359.306313	-369.729403
299	-195.196751	-189.121420
3858	-308.459001	-324.306364
849	-360.532987	-373.373955
410	-325.835955	-313.048096
3203	-308.459279	-309.761875
837	-360.512026	-363.322943
2180	-340.665904	-353.397022
404	-324.595399	-340.960052
3372	-309.705858	-325.227413
1127	-345.659797	-330.903187
3345	-312.120708	-287.984556
726	-346.870614	-342.088043
1507	-310.914024	-291.959259
2785	-310.915445	-304.584919
3778	-309.700675	-324.882738
1800	-212.439286	-191.988939
2003	-324.579943	-338.699587
2777	-336.817321	-338.710711
918	-310.917344	-309.443384
1588	-323.678800	-304.593128
2114	-307.528446	-303.655546
2647	-262.017735	-246.156704
1555	-324.529724	-322.537075
2036	-309.733888	-318.280073
2616	-272.542567	-256.371733
2025	-249.363808	-268.888140
429	-288.570364	-282.900936
2427	-339.474134	-339.226957
1996	-356.687774	-356.870102
1643	-310.910140	-313.885704
3460	-288.678290	-295.037092
1208	-345.608535	-354.757166
2472	-209.159302	-188.222406
1408	-379.527030	-382.261015
3068	-306.015194	-317.080111
3085	-322.130736	-304.780577
1849	-324.547957	-321.158010
933	-270.430832	-281.945488
3769	-304.586424	-313.328552
2718	-382.782995	-362.894051
998	-302.306196	-312.927792
3879	-339.483894	-339.060953
1925	-309.677276	-306.598370
287	-307.560718	-283.056725
1905	-231.145151	-254.171291
2269	-308.452310	-312.201231
3239	-361.708121	-353.652861
3722	-308.759135	-297.997095
743	-309.719124	-340.895489
3079	-270.401391	-275.063951
104	-360.574432	-378.068363
2981	-327.026688	-337.431967
135	-301.341304	-306.731714
1211	-286.498633	-273.492212
1079	-287.347000	-293.172316
1787	-325.795649	-316.506453
3048	-381.616883	-372.656836
3369	-158.342346	-123.738014
680	-325.806369	-328.956339
2297	-322.412936	-331.932175
2736	-310.922181	-331.195555
3388	-271.606364	-285.385565
863	-285.288405	-286.662508
2835	-362.925466	-356.473278
1399	-341.826906	-341.799692
3287	-271.458576	-293.010841
1243	-323.582949	-300.898949
525	-273.812813	-283.420513
2837	-325.730097	-324.550552
2194	-273.757530	-269.738359
1799	-346.861635	-345.940916
7	-309.722879	-313.631723
874	-271.611192	-283.040119
2358	-322.169697	-326.215830
2746	-247.190194	-271.140951
597	-309.683901	-313.350674
3374	-324.551244	-326.144073
1628	-345.637174	-354.115360
1827	-343.492484	-345.296011
2934	-324.462733	-326.579535
3706	-345.687338	-357.600405
143	-302.355005	-300.183748
211	-357.939331	-369.062777
2913	-361.630982	-348.894154
3789	-273.762938	-255.846947
2840	-284.048718	-291.175560
