no_training:1500	no_test:2493file identifier	 training data
2192	-307.232824
3596	-285.328258
2299	-280.273691
2377	-236.916033
2241	-346.857051
1570	-325.783642
309	-309.718312
1899	-308.478846
1301	-309.679190
1012	-266.609146
813	-361.733052
2365	-345.689766
1327	-320.768458
3794	-317.361117
1003	-308.516378
141	-287.734664
1037	-306.397746
1636	-233.551389
3612	-309.738513
1855	-360.497728
3346	-318.327053
3118	-236.917873
3402	-234.522504
2879	-265.401151
3721	-284.372483
381	-341.835557
667	-360.533083
2846	-273.780933
1730	-345.663299
2624	-309.699280
3230	-344.454591
1478	-309.691634
2203	-310.911529
144	-271.323089
533	-287.720383
766	-312.133805
3369	-158.342346
1564	-288.555332
3890	-341.849730
2181	-340.656656
1625	-320.776082
1209	-392.612820
2190	-324.574822
3151	-362.873906
3700	-361.717469
2262	-325.780603
3464	-234.470922
2135	-346.861074
668	-267.103350
3771	-309.655144
2261	-233.260156
2782	-340.664407
1214	-341.865386
2646	-325.800095
2084	-361.708021
712	-294.081616
2247	-348.046805
3106	-273.735646
2162	-340.613712
1402	-286.203815
2579	-273.765811
1876	-251.732828
3326	-381.616196
2964	-362.945907
2744	-288.573110
3089	-327.025329
343	-360.502305
2658	-308.461040
1266	-324.582035
3666	-309.735874
688	-324.491475
3706	-345.687338
1224	-308.420805
2290	-343.224836
1355	-361.727678
1346	-308.542644
873	-273.763068
2237	-325.784144
573	-286.504534
273	-323.312375
1271	-310.902165
2962	-309.686114
3903	-340.636306
37	-381.587333
2386	-352.829520
2222	-340.678668
773	-309.674485
2885	-309.686862
2761	-309.696507
3636	-324.624318
3157	-335.619981
1946	-346.841836
636	-382.818623
3836	-346.833711
677	-324.594116
2998	-246.027383
1074	-304.697680
1859	-324.577613
3242	-397.707881
2569	-281.476967
3130	-270.427802
3873	-348.051405
3718	-195.186772
1655	-338.217210
1182	-304.738393
1835	-376.631067
2698	-344.434438
1969	-360.529678
1605	-345.703157
1150	-308.551121
3255	-345.578846
626	-288.653249
3638	-306.320806
3530	-309.739069
3043	-196.405320
3837	-343.468335
808	-320.774349
2788	-345.596027
2882	-322.444150
1869	-269.207716
467	-273.793804
1136	-271.296056
2958	-324.580268
3749	-249.363949
1870	-309.686187
1227	-322.155306
67	-172.006141
3609	-269.176442
2038	-348.056093
2925	-301.394865
1632	-340.673967
2322	-355.508682
3240	-338.234966
209	-308.493663
1164	-340.611734
1050	-304.643392
2132	-377.826580
1786	-325.785038
3828	-288.650589
3926	-325.748612
2606	-323.344105
2102	-361.723581
2189	-325.762375
3888	-323.359825
3007	-319.573727
1087	-324.508933
539	-341.886521
2235	-318.409670
3065	-344.486202
3838	-271.318933
3012	-276.205920
3018	-345.638117
1954	-226.144377
3198	-288.680991
202	-226.160842
145	-310.929561
2905	-307.206439
3075	-324.616343
1555	-324.529724
2272	-324.528642
2347	-308.476587
961	-326.950279
3507	-376.594067
1971	-362.906662
2058	-356.710498
2733	-310.940764
266	-308.477155
465	-266.553159
2647	-262.017735
2170	-274.987123
3762	-351.646368
3259	-359.368793
1567	-356.714706
2614	-232.164586
1448	-372.747155
248	-339.489875
3598	-340.671493
434	-338.195462
938	-331.411639
3654	-307.541973
3928	-377.799358
2854	-325.810616
751	-361.724921
638	-345.695868
1408	-379.527030
871	-309.680919
3136	-340.660061
3519	-376.604739
2509	-344.380267
346	-307.586014
3553	-346.830674
3674	-309.731169
2153	-309.673226
1321	-234.472577
2736	-310.922181
6	-345.687671
3430	-341.828533
3848	-324.564634
895	-356.728690
360	-346.890881
1785	-273.751900
3179	-270.408713
739	-309.678703
838	-361.709679
2060	-362.945811
2250	-339.462492
3912	-308.435951
3497	-392.627857
3594	-272.544482
1128	-361.695007
3148	-324.567513
2617	-248.151318
3667	-249.293044
2974	-396.486691
3111	-318.340705
829	-310.909285
3267	-320.776472
2311	-193.034988
1821	-308.473320
3635	-308.475489
1193	-324.550139
2608	-306.369631
2121	-324.619773
581	-287.683128
1126	-270.392715
2790	-287.732329
1790	-345.664882
233	-301.382062
3758	-272.557350
2302	-492.008892
3704	-348.035847
173	-396.486463
1877	-287.407788
1617	-355.508183
1455	-381.570969
3423	-308.555641
2098	-327.020807
3202	-310.908741
764	-233.560626
3969	-324.609784
204	-287.353313
783	-273.806375
2474	-357.944802
3475	-321.247305
831	-346.867207
3629	-359.312853
1171	-325.721867
2627	-235.695309
983	-341.851447
1952	-344.408452
656	-376.605347
2976	-356.737615
3518	-340.655390
1718	-356.706262
3228	-381.648857
517	-344.434827
2382	-380.343633
2826	-308.764658
1383	-344.398797
3103	-340.631134
1532	-309.731599
790	-341.836780
2888	-361.704536
3039	-341.851538
645	-308.540795
71	-346.864282
1793	-325.725688
3426	-307.387663
3793	-381.580932
2425	-322.435505
1253	-312.126356
2085	-309.695312
2186	-320.782523
301	-324.570823
1439	-340.590431
702	-379.000257
2133	-323.338627
3049	-324.610004
3059	-363.508158
3028	-346.861640
2938	-346.875201
3440	-322.135917
180	-360.505528
347	-309.687405
3550	-341.825957
478	-119.052475
1459	-306.320451
1369	-392.662003
3235	-339.416290
630	-273.762561
3309	-274.989422
1001	-304.724431
2798	-307.259167
846	-270.434394
435	-306.309029
1058	-324.585402
3593	-304.614300
2031	-269.170061
2067	-280.248350
1462	-312.136049
1416	-308.514570
3753	-271.652242
878	-308.466070
91	-275.011437
3744	-339.414779
742	-272.588370
1494	-345.654016
265	-236.916125
2320	-362.876210
3983	-322.115604
3877	-340.623773
3465	-324.548021
2465	-339.464024
2356	-323.346816
199	-309.673895
137	-287.440932
2027	-376.585000
431	-361.712798
1016	-305.129953
1784	-324.497693
2068	-308.471269
2738	-324.555069
3899	-337.265273
662	-341.843824
2838	-324.547436
589	-340.604189
1927	-361.739999
224	-324.628594
883	-340.647778
826	-248.137789
3185	-348.053386
61	-308.462933
355	-273.761263
928	-345.665412
2519	-323.585680
2632	-306.344083
2766	-285.279992
2520	-307.284294
1020	-303.566436
738	-324.592221
1135	-310.903412
1606	-308.462382
2835	-362.925466
3585	-308.497008
806	-308.768073
393	-323.334482
366	-324.576206
3094	-324.601619
461	-273.773506
3624	-324.614194
774	-395.551843
2059	-345.674176
1966	-302.558699
1811	-346.855968
3608	-372.729173
3897	-324.519277
3213	-339.438949
958	-302.599262
1436	-375.359407
3206	-346.853173
1205	-304.682331
473	-346.828378
3388	-271.606364
1514	-320.781098
514	-309.685045
1918	-319.573117
340	-273.789697
1767	-285.277900
3201	-346.845480
290	-348.056024
693	-234.520624
2937	-324.573883
383	-361.702346
3766	-344.436564
208	-270.399081
1088	-291.017433
1621	-346.884834
3491	-361.750275
3494	-324.573795
2680	-340.664901
1252	-301.395982
3284	-343.290242
2762	-306.370119
352	-288.557016
996	-307.544316
3727	-285.317454
444	-340.665581
3050	-303.940271
237	-268.287661
3693	-273.779498
392	-345.637570
2282	-375.368783
3210	-336.808333
1077	-326.938562
616	-345.676243
38	-309.736982
3935	-289.875063
1997	-271.666841
156	-288.654408
1010	-340.666160
287	-307.560718
1759	-305.906809
602	-275.010289
2011	-270.099401
3175	-309.649998
2055	-304.724717
3525	-340.662316
36	-344.382282
14	-302.238859
3968	-287.425634
2877	-324.556404
3545	-310.915918
1446	-319.575102
2138	-340.684371
2986	-340.629609
2062	-303.437471
414	-192.762455
3377	-360.549337
306	-307.335530
1510	-322.425235
849	-360.532987
2251	-430.448052
2391	-310.927566
547	-360.540793
3122	-232.329070
1083	-309.726295
1550	-301.345683
1131	-324.580815
1756	-326.935440
2149	-341.878745
391	-345.584667
2328	-320.732586
1582	-361.735290
2417	-336.838171
2495	-307.596472
2994	-345.597078
1460	-309.684108
1019	-327.016183
3289	-270.437636
949	-344.463502
2883	-308.757991
1934	-341.769746
3733	-309.678068
1145	-312.129019
1059	-303.436180
2143	-288.628466
380	-307.581989
516	-312.134532
1656	-323.352987
3317	-269.177232
1000	-339.452428
2056	-325.729141
24	-345.608180
1185	-324.558175
205	-269.465281
1453	-309.720334
2949	-346.838702
1324	-270.399280
3029	-285.281493
613	-309.689486
520	-309.720011
2594	-335.586914
41	-345.649146
2672	-355.556836
3748	-376.556657
3341	-291.021228
2462	-325.752244
1892	-382.805933
1317	-344.393241
623	-265.457424
1579	-288.589020
1690	-339.426816
1107	-267.060326
1395	-375.348487
3467	-308.494487
1427	-340.646339
2424	-273.764093
3027	-336.811099
235	-270.375081
2023	-317.402836
2582	-320.773768
2305	-376.633716
312	-234.485640
379	-391.337881
2774	-310.910631
771	-346.903261
3652	-361.720088
1297	-345.621773
706	-303.481839
646	-323.641347
1504	-360.489720
769	-271.361537
372	-337.283890
2869	-306.113519
2479	-271.622821
723	-361.717032
3324	-345.641848
2626	-305.900638
3760	-280.314080
1560	-340.645686
2896	-356.725069
1325	-356.758284
1397	-271.624640
2122	-348.040439
3211	-310.908555
3025	-324.573338
1179	-343.195060
272	-322.161948
3116	-312.128429
3739	-324.566515
2409	-324.595526
281	-322.479769
2389	-361.728546
2116	-340.646768
2258	-303.453218
3743	-325.726182
3800	-346.862839
1502	-340.679724
2295	-305.898313
950	-324.580266
386	-325.776001
1914	-288.576123
3096	-338.175960
3552	-325.793166
120	-323.345161
2524	-392.642251
275	-344.442225
3489	-308.508824
242	-340.623533
1697	-345.613396
805	-309.658574
1441	-303.469082
1776	-325.785476
969	-325.797425
492	-305.904760
385	-305.159206
3590	-340.660106
910	-270.384937
2728	-304.742823
733	-345.660927
2172	-308.472272
999	-308.512721
1234	-325.796704
1593	-335.598739
1461	-346.899170
3479	-265.289023
2638	-309.688194
874	-271.611192
3952	-269.175627
1268	-344.411146
840	-289.871520
2229	-319.560814
3907	-291.017966
3013	-346.883127
3297	-360.526636
1409	-285.282853
758	-307.574899
760	-324.605411
135	-301.341304
1517	-359.342366
1684	-320.783029
1388	-250.583643
1246	-318.406529
1828	-284.993731
2927	-324.500425
2671	-344.377098
3514	-340.654233
1245	-310.907810
330	-286.408473
2699	-346.864540
3948	-340.614465
3367	-269.216969
3146	-289.872162
3788	-361.725962
2289	-325.766945
3470	-416.814878
3203	-308.459279
2326	-320.768781
3108	-361.653332
15	-288.542593
3152	-335.591582
3601	-308.749822
3649	-343.292778
637	-360.557419
1278	-362.942040
633	-325.759393
2706	-345.667357
3194	-301.367422
1392	-353.321142
682	-302.303791
1117	-345.566120
1822	-344.395150
2628	-359.341296
1854	-382.743932
426	-362.933001
2629	-356.679047
1905	-231.145151
3429	-274.987297
1775	-306.353871
1569	-234.503085
2802	-325.804486
2843	-308.509454
568	-303.458583
684	-361.753989
1333	-270.359564
2371	-307.253245
1373	-324.557383
2677	-309.684577
3290	-341.859618
119	-327.012568
559	-362.935404
46	-372.766726
197	-233.549368
1491	-344.421383
1711	-345.611239
2985	-304.745635
2615	-360.501085
1421	-360.526142
3017	-271.339346
3069	-346.878430
1424	-212.438188
133	-271.642927
1281	-308.457113
151	-270.397623
3914	-325.805781
564	-272.569586
3105	-346.821661
2612	-345.627545
1763	-325.799404
879	-303.556846
0	-351.615495
1099	-231.975652
1319	-308.560759
2206	-312.126404
2331	-308.516808
3140	-284.987905
3850	-308.528193
2413	-345.604177
1802	-361.715983
3143	-286.432042
2739	-362.946034
2035	-249.294409
1765	-285.335887
2685	-344.426408
1452	-308.467331
3261	-232.025930
735	-309.716570
3887	-242.196351
405	-273.804251
1548	-306.308471
1496	-268.248371
987	-273.765811
2046	-286.493052
3764	-308.483519
1865	-345.609914
2397	-308.772292
73	-233.293627
2120	-381.630205
1173	-344.465017
2881	-345.594203
3606	-310.906553
487	-307.223588
3366	-323.268818
3227	-348.043668
3447	-270.389803
196	-341.759398
2014	-371.537915
3615	-210.071468
981	-303.499320
1687	-344.407598
2945	-307.281910
3546	-233.219124
2918	-271.326117
2045	-324.495988
584	-309.681686
3176	-432.852890
1683	-346.829154
3184	-308.439671
743	-309.719124
1766	-270.387395
3869	-324.525580
3830	-346.817778
3785	-348.045948
3055	-285.313284
1031	-304.643927
2175	-324.545475
2049	-344.463291
3902	-382.757521
624	-312.119017
2165	-319.567241
3981	-249.257629
1430	-361.720960
3248	-322.477268
3214	-344.426062
1428	-265.391486
2960	-271.360631
3656	-310.918831
2831	-356.723059
511	-320.778636
2288	-345.612787
2814	-325.804528
1986	-344.459234
2339	-326.954728
2903	-308.505951
2280	-359.345792
842	-360.514766
2545	-324.614082
1505	-308.487195
3247	-360.531175
1125	-285.292217
1378	-346.867789
1423	-344.413850
621	-310.899323
2471	-288.628801
2890	-309.738198
1187	-264.235803
2848	-339.419688
903	-309.685872
1572	-322.170570
2440	-317.433049
3196	-297.530335
207	-285.281032
2789	-340.629283
419	-312.128001
1833	-302.579718
2541	-341.834413
2648	-325.728744
3236	-310.912270
1049	-323.336196
3853	-271.336383
3435	-361.728293
811	-304.567859
2284	-359.298380
2681	-308.466840
1242	-308.508254
255	-309.672030
2125	-310.908354
192	-310.897684
3857	-340.686134
1035	-284.385189
1223	-324.586663
594	-325.809558
1612	-310.902795
1953	-308.457242
294	-308.506421
902	-310.940195
232	-490.793044
484	-351.639205
634	-154.960361
3191	-284.360325
3233	-304.691526
885	-324.623780
1357	-375.307060
3501	-318.409788
2765	-381.546975
3163	-319.610683
1803	-270.394458
3955	-323.391458
2343	-325.781464
695	-345.700085
2689	-309.673807
438	-381.565482
534	-324.575799
696	-356.709466
1472	-306.080007
3144	-308.472241
485	-250.585183
3147	-338.530072
1247	-325.770105
1129	-340.618148
1391	-323.317575
3815	-288.574763
2437	-356.692640
3510	-340.674744
887	-361.720206
576	-345.655968
1124	-271.651913
1551	-324.575851
1600	-249.301818
246	-313.537245
225	-346.842403
2704	-320.786981
582	-325.833302
3385	-324.583090
592	-307.614861
1657	-338.273162
3901	-346.822424
2686	-340.697732
3586	-287.506415
2301	-324.616647
1622	-346.869712
1229	-288.582662
2260	-271.351786
1092	-360.552974
1111	-335.656557
730	-336.821088
1443	-346.867442
3250	-360.517106
855	-271.614051
3932	-360.472117
2358	-322.169697
2064	-309.687401
532	-344.369744
3659	-340.683837
1806	-324.610229
1995	-362.946041
505	-338.531538
2723	-324.554067
974	-303.468081
2161	-361.735863
2089	-308.469081
1589	-324.608694
3734	-326.940196
2992	-343.202564
1739	-303.454720
3298	-345.599182
1539	-382.755486
2316	-306.361448
3448	-324.634377
2505	-344.440744
2405	-318.344936
531	-226.107205
3484	-341.890999
2979	-320.767064
1991	-285.282532
3254	-287.469473
923	-322.135797
3881	-357.951284
3583	-325.721011
1873	-346.842529
3791	-360.491959
859	-308.468407
3088	-308.459859
3112	-327.021680
3562	-360.524672
424	-309.717380
3208	-288.572843
2461	-269.170508
1274	-309.686648
176	-308.554162
1343	-310.895432
2639	-302.580808
937	-306.397642
2150	-324.570860
2034	-345.586124
260	-359.369049
3033	-325.785262
1470	-272.542270
1980	-345.680616
627	-359.304956
1522	-324.485746
3084	-325.781161
1779	-288.583563
2773	-325.684055
2198	-382.804255
3738	-274.982053
3177	-287.662612
719	-309.693538
3276	-344.508729
3927	-323.326298
2294	-341.831947
2654	-304.679740
747	-359.350089
1744	-288.535621
418	-324.565412
2118	-324.560961
608	-309.688960
3452	-361.758902
3311	-344.433172
415	-309.692626
3401	-338.175569
453	-375.430225
3526	-249.285024
731	-355.501990
1798	-312.126342
298	-377.795528
3843	-309.717869
1447	-469.758395
2863	-287.423372
2167	-309.681554
26	-301.359287
2191	-359.317050
3891	-346.821929
2188	-288.690060
2246	-287.318502
750	-344.384630
3133	-356.679691
3639	-345.680996
231	-346.860243
172	-282.667163
167	-310.912077
1350	-343.076530
320	-232.333410
2564	-325.789398
76	-325.685245
3808	-345.614760
815	-285.324641
3611	-324.577560
387	-268.248806
2904	-302.545112
3277	-354.254979
3149	-372.694726
1887	-361.696319
2755	-381.595252
94	-362.955075
1311	-288.545722
2193	-383.976576
2159	-324.581067
2204	-310.904876
2833	-248.375248
780	-308.769557
3974	-323.433262
2516	-309.661518
2134	-344.433965
852	-361.731511
2100	-343.199390
1949	-340.674935
1490	-309.691591
2760	-155.908941
794	-248.143861
1882	-273.764420
108	-345.614707
375	-346.857432
3092	-340.610697
2352	-288.589622
3396	-273.815873
3412	-335.628480
779	-356.732185
2811	-326.944158
3990	-303.459637
327	-324.607903
3570	-272.514475
3618	-309.731536
2900	-272.554670
3841	-371.541704
914	-361.707841
3643	-309.660190
3723	-345.597175
446	-305.831164
2408	-356.708234
104	-360.574432
400	-376.570473
1437	-376.547304
1976	-346.831692
2684	-310.940657
3127	-327.010419
1079	-287.347000
3528	-233.262752
1167	-309.729139
2571	-309.686348
3332	-376.610619
319	-352.845678
3252	-340.610842
1007	-235.694216
3549	-323.437779
2429	-306.081547
767	-346.861463
417	-344.440065
3737	-361.714817
1608	-361.758032
3153	-340.622406
3305	-310.955141
1053	-340.610046
3072	-340.671263
1614	-325.736331
455	-340.664551
3571	-309.676719
1845	-302.309526
558	-344.464151
2418	-304.734646
87	-490.834069
43	-319.572842
1719	-232.050342
3524	-308.455477
140	-309.676929
939	-344.481802
2157	-309.686797
3460	-288.678290
862	-361.764434
535	-248.416462
3854	-346.867382
63	-287.377993
1381	-303.795699
3655	-287.379629
2223	-288.657055
1599	-304.689816
1691	-272.595294
1500	-345.609230
2202	-324.602888
2442	-345.636611
310	-308.480308
3085	-322.130736
3125	-308.510840
3688	-322.476720
1737	-323.398064
2796	-345.678871
1525	-345.608193
315	-302.472397
2725	-269.218553
762	-346.863396
1431	-344.392695
2902	-271.653205
1157	-309.691584
331	-309.734363
1715	-286.486570
509	-307.238995
1139	-270.382725
1401	-307.265351
1280	-356.683566
3664	-269.219315
3246	-340.652252
458	-340.699868
1210	-340.641282
703	-340.656580
11	-356.688211
3508	-309.675176
2991	-272.841336
2257	-307.238509
276	-380.379743
1358	-340.682075
3159	-324.612512
249	-306.347185
1432	-324.522792
553	-271.666055
2664	-348.047695
775	-344.469204
825	-340.536374
3889	-360.533387
3282	-362.972786
1204	-361.704371
2438	-392.565188
2729	-323.315925
3321	-251.726162
243	-323.389193
1307	-303.460433
1515	-360.502298
3138	-345.651520
3154	-309.714008
3699	-355.497878
2239	-346.823312
1535	-324.463541
1758	-271.616401
364	-117.824798
2158	-340.663379
2853	-325.794835
2230	-262.056533
1842	-362.894239
538	-324.494520
3301	-371.491061
2720	-231.102112
2245	-308.434866
1382	-360.492675
2097	-345.639692
354	-285.174014
2451	-359.328735
1863	-381.631601
2178	-339.455981
3711	-303.469034
518	-289.791234
3011	-310.902708
3906	-309.685651
3419	-335.590859
3816	-272.830720
2679	-312.130526
2213	-287.433999
2242	-362.870426
3480	-286.460642
358	-272.544323
1386	-362.967171
3703	-287.697316
80	-392.672883
2603	-341.863083
2094	-325.812885
1299	-348.043466
29	-344.425700
2581	-234.469389
1036	-340.609236
1466	-340.657975
658	-307.234503
2688	-284.964138
1805	-344.380468
1411	-327.023352
2839	-362.930315
470	-303.460335
427	-382.798099
285	-249.362379
915	-304.734226
2521	-361.728609
1153	-325.764669
610	-324.629068
3933	-307.569255
445	-319.610687
1761	-376.622507
3551	-345.646761
105	-309.727110
3456	-276.206318
397	-288.630839
1434	-344.482088
314	-233.255379
3322	-272.536448
1839	-355.496901
3097	-309.716094
1819	-249.292101
778	-324.573162
1916	-360.557411
32	-287.509315
2642	-324.578146
356	-372.741729
198	-303.934323
1352	-304.677606
1642	-344.345376
1426	-381.607770
614	-383.982605
335	-361.729115
1644	-325.774769
512	-346.861026
3627	-323.347112
396	-372.782655
3115	-340.620294
2578	-324.576080
3365	-396.458774
1235	-265.447270
3860	-308.505267
572	-356.752533
1883	-346.839066
1174	-345.614442
2847	-307.566260
1537	-309.692993
293	-377.807580
193	-307.285557
3637	-309.764115
3286	-361.731914
1269	-307.563525
2855	-268.917900
1075	-325.751822
251	-265.386781
3217	-306.392828
449	-325.753993
619	-325.787161
1565	-325.735821
847	-324.608363
1051	-346.860404
3421	-324.571081
1425	-288.648476
854	-383.971058
3493	-232.333258
2807	-269.176124
3360	-382.810709
2822	-310.902197
2710	-361.773017
1816	-344.357220
882	-169.557758
1988	-312.124451
3249	-325.739818
115	-356.682218
3135	-272.569212
3053	-490.831786
590	-346.857871
2924	-348.045292
3002	-269.479234
2003	-324.579943
2053	-320.769272
2313	-312.122262
3408	-287.661454
166	-325.729970
3804	-324.573632
162	-232.324966
3323	-232.335768
900	-288.561991
1650	-341.836348
1520	-309.728493
2970	-339.501361
1591	-249.397368
2665	-348.031230
2944	-309.687280
3686	-344.462681
1249	-272.543724
1405	-361.711854
812	-308.509197
1824	-336.855265
591	-325.760915
430	-307.543210
3728	-234.474951
1659	-487.002792
3150	-310.942587
548	-233.555951
3820	-340.655117
3	-346.838279
3394	-376.613178
2018	-286.492357
1534	-340.632075
1677	-344.412416
1370	-242.180146
1664	-310.904974
1161	-308.513516
700	-310.938181
2069	-346.855971
2785	-310.915445
3671	-326.941692
3823	-303.527274
1675	-271.277972
34	-306.355655
1575	-334.447259
98	-303.553222
1115	-325.773014
1177	-325.808092
1086	-272.587059
3531	-344.458268
924	-324.528533
3950	-270.439135
845	-40.478930
1764	-304.725676
3989	-272.542369
3767	-324.568597
299	-195.196751
2154	-360.512793
2484	-344.359905
264	-339.450073
339	-356.705991
1112	-287.644079
3032	-360.508895
912	-323.344400
3225	-362.875945
1039	-360.575277
3863	-346.804974
3978	-282.861121
909	-325.789320
2727	-271.330291
1222	-325.805865
3729	-376.562796
2609	-322.351046
1738	-273.759338
1143	-367.635675
303	-375.328197
421	-288.627624
1858	-343.238086
3047	-285.293918
1729	-361.740062
2499	-376.539208
2481	-324.614891
2585	-249.269471
1292	-323.652284
2381	-346.856604
3875	-309.655400
223	-339.501781
2444	-318.641916
2335	-346.825562
1787	-325.795649
3644	-345.587398
2152	-308.540101
966	-339.467091
2267	-291.016020
3237	-303.553222
471	-324.532283
2487	-361.694757
2086	-308.486338
2387	-391.391111
191	-307.610450
1507	-310.914024
554	-340.688787
1120	-353.283458
30	-325.717105
2390	-270.097243
2737	-322.442708
732	-327.023478
3547	-324.582904
3098	-345.658421
3477	-348.046236
483	-309.705795
1910	-326.978724
768	-193.039603
2276	-309.679242
3458	-345.693035
1493	-335.643923
3279	-356.732861
1008	-248.448467
1473	-340.678945
1794	-325.712420
3669	-285.267165
3516	-324.634527
1773	-304.696646
186	-340.606711
3795	-310.908453
1705	-286.218259
3697	-312.119261
2892	-325.728271
344	-343.305175
3944	-381.563295
3789	-273.762938
609	-377.817369
1939	-242.205627
3661	-287.358011
2110	-341.867094
744	-249.332005
1140	-304.683966
1483	-309.723988
3846	-318.393987
3722	-308.759135
2364	-360.507160
1175	-361.742598
3384	-357.949026
814	-308.509272
3865	-362.899954
2745	-322.118085
2692	-356.663387
3162	-324.546164
3310	-309.721850
2607	-275.007113
1108	-341.839596
1413	-247.214861
1921	-310.904960
1451	-348.052763
3132	-309.670613
2538	-344.417597
2590	-340.650928
3783	-310.912792
3492	-345.645245
1506	-339.437849
3909	-310.945132
403	-272.843742
368	-345.595021
3424	-348.051118
1861	-235.696852
2318	-348.039301
2212	-346.837271
1733	-322.169100
3280	-344.483775
641	-322.439472
472	-273.761356
3986	-355.516778
965	-323.329385
674	-346.879260
2000	-309.736479
1666	-289.872246
1256	-312.119596
1230	-323.396217
1556	-340.659506
284	-360.500454
1897	-197.629387
1951	-317.408548
642	-234.476516
2946	-345.649552
944	-320.766684
3607	-325.801523
2	-324.551643
22	-324.575190
3104	-310.941183
336	-308.524858
2750	-268.301176
3391	-306.403144
3186	-346.829695
1817	-339.459612
1208	-345.608535
3965	-273.764529
2570	-324.626187
2950	-360.498298
13	-360.526646
3687	-325.793945
1336	-334.362330
1508	-308.462196
3560	-286.463470
436	-360.521191
3712	-300.148891
2529	-229.969129
2549	-375.410333
819	-276.204532
2997	-380.371074
2447	-323.330261
2164	-304.744503
694	-344.360007
230	-271.617434
1144	-264.255612
3399	-307.229313
150	-309.732713
3709	-340.613243
2337	-324.588418
2876	-360.574465
1497	-251.731545
1371	-288.596392
365	-361.740208
1450	-273.757658
2329	-324.557240
1155	-272.838189
3189	-324.510378
3181	-307.209274
3466	-325.794624
1783	-320.761312
2096	-345.661705
1850	-323.407987
1133	-308.517070
2048	-235.699029
3188	-325.807242
714	-356.669324
8	-272.545439
875	-376.554863
2232	-56.525887
66	-337.302324
2860	-345.600676
2551	-325.792606
789	-324.581906
689	-341.818686
1919	-407.364323
262	-345.647032
1753	-375.351387
3287	-271.458576
669	-377.780670
2897	-346.825923
2423	-338.238743
2136	-263.278851
2036	-309.733888
3565	-286.474509
998	-302.306196
2231	-346.825174
2700	-304.687547
2004	-346.839235
1041	-371.504707
333	-308.507517
2753	-310.904304
466	-382.782183
1990	-281.482892
1713	-323.381747
1197	-308.462932
2978	-340.669862
3834	-324.589539
1261	-268.282665
2081	-273.775864
1034	-356.732791
3338	-308.466631
3499	-309.702237
2467	-325.805017
2552	-340.624424
1626	-345.619567
3468	-345.710017
308	-303.428586
491	-287.737498
3058	-247.214450
3275	-308.757315
146	-377.813815
2523	-344.512144
1344	-341.767606
1590	-344.415609
2873	-307.545713
3831	-451.528971
2956	-360.528914
756	-325.798888
2907	-344.466563
2285	-340.578657
908	-310.911406
3842	-376.587741
1458	-288.648179
2849	-355.442748
429	-288.570364
3219	-339.428557
3554	-309.689751
2099	-288.573876
3918	-289.794194
678	-308.506580
1814	-360.537947
1258	-344.472090
188	-339.406341
2001	-346.833365
692	-362.917261
968	-308.470667
1745	-264.171923
754	-361.718210
2015	-308.518276
1329	-309.710338
2799	-340.702898
2940	-339.418028
2293	-269.216495
3371	-286.517424
3114	-309.692389
2722	-344.423318
1509	-345.612220
286	-324.563745
1134	-343.068226
597	-309.683901
329	-380.402442
2872	-288.581144
206	-309.688611
1944	-325.796840
2776	-313.573888
2492	-396.477101
3245	-327.024699
2384	-281.469893
3496	-302.303890
1232	-336.811744
142	-307.594137
2810	-273.763107
2718	-382.782995
178	-188.042067
3696	-308.474441
3351	-285.306999
3634	-340.646592
2454	-288.578155
976	-382.776658
3376	-273.775510
2256	-303.503801
1543	-323.360471
256	-308.741915

file identifier 	 test data 	 predicted
3941	-231.108368	-230.304890
792	-310.898648	-311.225131
1449	-308.507220	-302.808313
2605	-346.869041	-348.269073
165	-327.013034	-338.124138
1962	-382.756724	-383.341234
3670	-286.248451	-277.343543
3382	-341.145624	-355.685698
2650	-361.727711	-349.841155
102	-307.230370	-306.453486
3077	-336.822591	-336.237538
1060	-345.713205	-346.959098
1530	-272.549380	-292.898089
3880	-357.942023	-353.259399
1104	-287.315479	-282.827983
1396	-346.886411	-349.882734
2735	-309.690179	-300.133528
992	-377.811306	-382.115071
1066	-375.344926	-380.039059
416	-271.318448	-265.968979
1076	-361.656187	-382.039133
1113	-234.484521	-166.962870
746	-273.802095	-297.969663
2827	-345.615042	-350.451912
3221	-308.477915	-299.445283
1338	-320.793141	-316.015048
1180	-306.364186	-317.730790
3898	-356.700248	-346.172259
494	-345.611057	-344.021379
257	-324.569867	-321.661330
1831	-323.386306	-343.029441
980	-356.743821	-346.199974
3563	-227.798785	-323.434216
1837	-381.574917	-381.469503
1923	-287.427777	-300.831720
3327	-348.059242	-331.669483
1701	-344.428649	-354.214787
864	-323.337623	-319.511642
402	-312.124533	-332.297507
1920	-361.714679	-365.615095
159	-273.773408	-372.403372
3168	-323.614890	-317.450935
1100	-380.373569	-371.603056
2784	-273.803873	-251.946443
1769	-324.569009	-332.318716
1306	-288.682324	-285.339025
618	-308.467888	-311.490933
1393	-271.647465	-250.201031
3174	-272.844804	-286.715641
3822	-309.665941	-313.888422
68	-286.519735	-292.253348
3523	-325.728070	-329.298876
3156	-362.941094	-353.532265
2431	-309.684774	-322.856403
3415	-308.495275	-298.811593
718	-392.601894	-403.693663
2981	-327.026688	-324.928772
2017	-310.940345	-302.841828
278	-397.667072	-405.281831
1735	-320.791360	-316.216900
1610	-196.406419	-219.228616
2448	-346.833271	-338.967993
2375	-360.564233	-351.053686
3864	-288.639421	-286.261743
2795	-379.572458	-384.889874
2022	-344.425164	-335.841808
1486	-380.373644	-377.015300
943	-303.497783	-297.672686
1257	-346.855622	-353.257231
2455	-344.431301	-336.132107
2385	-310.911571	-289.515885
1679	-288.576381	-279.791981
1800	-212.439286	-204.307350
1477	-303.462312	-311.914812
229	-361.648305	-344.038925
2008	-336.802659	-340.620637
1255	-381.635881	-380.818657
1792	-363.504227	-362.960643
2550	-271.628346	-266.415645
305	-346.859213	-330.918983
21	-278.059333	-288.313163
2460	-345.631797	-331.351750
3539	-324.625415	-336.328437
1586	-272.837559	-254.717345
2730	-286.492223	-275.547957
741	-344.434318	-340.113605
2644	-320.786990	-308.416394
2376	-346.840597	-323.717195
2032	-287.663174	-286.557829
2820	-308.557865	-309.172951
3473	-360.527434	-366.603340
1004	-355.416555	-353.034797
3182	-287.440436	-309.571148
3591	-273.762889	-276.108766
2767	-340.635968	-339.762220
2114	-307.528446	-296.450117
469	-325.775843	-346.167344
787	-360.525379	-350.200990
1026	-325.765414	-332.413930
477	-265.399968	-260.052554
2757	-346.855643	-333.657920
929	-272.832690	-246.756112
3716	-361.720799	-359.475112
1017	-308.419735	-304.216419
843	-308.437835	-299.014451
3471	-416.384141	-403.159299
1911	-272.582516	-283.384345
1627	-301.363590	-292.566537
85	-272.550580	-297.080866
3375	-324.594534	-320.025669
3603	-326.952955	-331.980827
1148	-284.062954	-289.082384
3205	-341.842686	-354.159038
1231	-324.569596	-335.279616
2637	-325.687098	-332.518670
720	-381.594735	-384.345924
2526	-340.601771	-336.178863
3610	-360.476593	-358.696777
1308	-341.814212	-344.861394
3685	-381.602419	-381.325668
1471	-346.857623	-339.286443
10	-344.512001	-338.613092
721	-185.648533	-237.306718
797	-278.075775	-276.645191
2673	-345.652182	-343.599805
3557	-344.382663	-345.754602
711	-341.849127	-319.632604
644	-376.595314	-388.898033
2618	-361.768020	-361.023314
3239	-361.708121	-338.693595
3658	-309.682445	-306.893396
240	-286.517094	-293.694982
3923	-309.737951	-307.342981
2983	-346.833689	-345.095591
388	-340.594424	-364.143815
2281	-345.643890	-345.969182
2177	-346.868453	-345.747411
3368	-308.496367	-300.885342
3763	-344.416821	-342.484543
3037	-288.567911	-284.630322
1254	-325.753541	-337.904428
3904	-356.716094	-343.724860
1866	-310.940708	-309.550814
2862	-309.693471	-306.628735
2304	-286.431160	-298.214045
1639	-345.640072	-344.511816
2912	-346.883119	-346.148483
2777	-336.817321	-339.406153
832	-308.470270	-301.943703
2663	-361.722327	-356.255931
84	-345.610574	-331.634892
3226	-339.491316	-334.921607
905	-360.513668	-351.431349
1749	-302.579654	-309.383798
288	-355.557059	-351.302592
3884	-323.333263	-328.248635
3345	-312.120708	-338.126261
1481	-376.634518	-366.952395
793	-326.950540	-324.188395
3330	-323.360126	-327.205294
1349	-286.542391	-281.936987
2703	-309.722894	-299.008472
3691	-352.852117	-343.245808
3757	-281.482952	-280.202247
982	-307.235414	-294.364933
3120	-309.689111	-311.385786
3101	-360.503577	-357.616490
44	-309.735489	-305.969721
1417	-381.586740	-396.226068
1213	-324.530103	-341.053171
2226	-276.206257	-269.282601
3987	-324.506120	-331.013929
919	-272.589999	-265.865437
1791	-272.554824	-268.119617
1982	-345.609374	-352.056476
1740	-376.599676	-369.646202
816	-356.748545	-359.492969
2370	-360.496984	-355.722839
59	-248.430371	-214.825710
1062	-324.496997	-330.457413
3752	-345.686524	-332.878677
117	-211.295163	-174.268550
3622	-304.726439	-296.177573
2430	-304.688809	-308.520255
2621	-305.145002	-311.120363
3285	-247.192524	-221.234837
529	-309.725786	-306.747833
2457	-382.757134	-381.961960
1886	-302.286171	-302.639709
1347	-359.361259	-342.288502
2894	-309.717750	-308.069506
2851	-356.699504	-351.972478
2446	-361.740252	-355.042534
957	-360.490486	-361.778030
326	-236.917664	-222.113183
3578	-286.432515	-317.992934
2174	-324.606491	-327.129447
2456	-345.610758	-349.028111
1006	-336.843788	-327.858196
1429	-288.579114	-289.213912
3400	-289.799552	-286.727174
670	-324.618078	-330.318311
3001	-270.386138	-241.391755
2640	-398.880824	-400.110059
106	-362.952198	-335.866169
2287	-310.905485	-322.935282
3229	-271.614305	-243.672916
2051	-325.790442	-329.608373
1680	-377.842223	-382.609802
2101	-361.717364	-363.061995
921	-325.682121	-317.604399
2834	-325.699665	-320.051553
3023	-323.343769	-328.963368
1479	-309.677142	-314.957198
1068	-308.470010	-305.714721
2119	-323.665987	-339.170793
1985	-339.481708	-341.652843
2233	-319.556235	-313.614565
657	-270.392759	-288.211813
1102	-116.609549	-529.871331
134	-308.516376	-318.550702
2263	-274.983122	-293.353698
1704	-274.984793	-300.567642
2234	-272.580839	-291.513945
3066	-345.688382	-350.748408
569	-376.620836	-367.658396
493	-336.819674	-329.861353
3042	-269.468415	-283.989583
1943	-325.729335	-331.893102
715	-285.275928	-301.374756
2734	-309.719592	-310.505839
2973	-324.604156	-319.346267
442	-356.712228	-357.203220
3680	-305.904722	-291.943971
1653	-157.116735	-162.315535
1936	-360.564423	-379.316839
1961	-197.629416	-152.727111
3533	-232.036378	-241.345138
3126	-360.523204	-372.372638
2346	-310.909551	-291.127485
680	-325.806369	-332.437068
1546	-318.321510	-322.137701
2911	-289.871661	-297.237111
2184	-360.501473	-332.833230
267	-345.641113	-351.930121
2115	-266.626759	-259.387048
1964	-309.726463	-311.828300
496	-377.794221	-381.243353
53	-285.330157	-287.878455
3835	-309.693085	-299.892220
1580	-271.339821	-256.431833
935	-269.154939	-252.306363
3745	-310.912788	-309.218431
649	-340.685408	-340.038207
2443	-288.547509	-300.761016
1192	-326.947461	-325.530348
1838	-356.685238	-341.190796
3064	-326.983087	-307.835442
3134	-271.319942	-272.721356
1288	-324.635136	-323.710690
3463	-304.735360	-301.313454
2926	-320.764569	-319.791373
1334	-273.765782	-279.541386
990	-309.684377	-302.969150
1239	-356.710448	-345.983485
1523	-340.646229	-342.148797
2711	-322.460671	-324.467334
2341	-377.784360	-382.902084
3858	-308.459001	-304.371399
884	-276.202586	-221.805425
1027	-360.529992	-364.414271
729	-343.084333	-335.677344
1468	-345.650338	-345.308375
3859	-308.499978	-315.765872
169	-309.688569	-319.307939
736	-325.799293	-312.172631
925	-307.567279	-290.715247
3724	-324.573480	-321.116707
917	-323.320690	-307.476133
3444	-289.794376	-273.486254
3599	-308.482454	-301.748940
3517	-396.475511	-400.150210
3640	-309.692577	-303.263436
2088	-362.871515	-347.211569
3782	-262.035127	-256.114280
1552	-346.865957	-343.007641
1199	-377.813742	-368.281568
2932	-285.320198	-277.713854
3354	-360.529236	-337.058861
318	-310.954514	-330.612137
498	-273.791878	-253.603013
1410	-273.759553	-262.688362
2602	-345.645491	-352.868374
1499	-320.779994	-317.088975
1172	-357.927353	-357.083628
820	-326.934229	-316.661305
3359	-325.733758	-338.961716
1097	-325.784473	-326.380683
3349	-207.916786	-249.194528
504	-356.680129	-355.960915
3006	-308.470648	-337.027060
2052	-325.809179	-323.024672
3520	-325.752207	-331.281524
3939	-317.386479	-307.004668
1526	-269.267574	-276.635125
1801	-301.335636	-296.761737
2091	-346.904050	-332.078095
1585	-360.545832	-371.577482
2630	-282.871678	-332.222610
1091	-309.678344	-325.616940
2809	-344.506029	-335.541524
2613	-338.214346	-324.043618
1528	-360.446475	-351.709174
3294	-340.693392	-336.339721
3008	-323.359336	-328.450560
1009	-266.763445	-283.699301
2641	-270.394309	-257.744995
1901	-362.946498	-371.907974
3803	-287.351460	-276.729228
1547	-335.613384	-340.402164
1353	-359.297643	-346.442930
2185	-344.343476	-347.490066
1813	-307.550360	-323.689945
2511	-250.500016	-263.150997
3062	-381.573048	-373.792849
625	-308.514390	-305.926396
1554	-320.728167	-315.088033
179	-362.928160	-380.144813
835	-320.740782	-329.301157
3308	-381.582831	-401.481297
2047	-286.246880	-280.588466
2584	-360.567154	-355.057325
3128	-341.867138	-336.636800
99	-336.813559	-340.521601
1710	-361.726166	-360.346526
2816	-310.905786	-284.646522
422	-288.692943	-294.693395
2435	-229.013797	-301.228639
3827	-270.435807	-256.677345
836	-324.606601	-329.835633
2815	-324.570906	-323.527721
571	-339.423497	-349.851787
2954	-305.915530	-296.439316
2536	-273.758980	-275.142088
3817	-288.554600	-288.808628
521	-262.065493	-265.198401
2106	-286.476486	-290.943381
1165	-309.706371	-317.124481
2935	-297.516418	-303.143365
3574	-398.876124	-394.307416
1361	-346.840635	-333.694401
317	-325.797397	-329.333971
1206	-342.315546	-344.231334
1917	-325.790782	-330.588387
2865	-342.307696	-363.367526
1723	-307.290176	-309.179082
1240	-310.907666	-316.252647
673	-345.680831	-345.516595
2952	-308.511290	-303.628509
3078	-383.966179	-425.079230
601	-324.603558	-327.548394
1024	-302.535621	-315.205041
1678	-310.955296	-302.539811
3934	-381.630276	-378.588858
1098	-356.649302	-354.206582
3951	-326.977685	-338.607862
1200	-346.908492	-344.547856
2332	-342.335241	-344.818904
2079	-363.517297	-367.845343
3851	-326.998454	-330.586131
2265	-360.469291	-360.227826
1878	-346.819711	-344.243464
761	-312.126820	-300.819720
1868	-326.949224	-329.955630
1228	-345.640969	-339.725592
818	-387.475673	-407.082879
1782	-308.555419	-317.935219
1101	-307.244627	-304.213975
2469	-270.392444	-279.133260
2482	-268.321270	-281.749148
1834	-381.615289	-406.403307
2028	-346.821466	-330.116197
2653	-361.749428	-367.897048
1843	-362.899677	-380.541803
216	-307.283509	-317.436213
1879	-288.594527	-279.703230
2597	-412.494644	-387.154265
2209	-382.781841	-389.303421
3564	-303.533472	-315.899501
123	-269.263476	-273.797854
2243	-340.673964	-347.463623
1207	-324.584396	-313.541523
1852	-309.685790	-308.331418
1475	-362.957353	-347.214442
2406	-306.386594	-322.389246
1594	-323.433551	-319.045753
1433	-325.729800	-307.276194
3411	-286.134060	-281.513804
2694	-317.396153	-315.728020
1151	-392.620909	-378.117736
2666	-303.423742	-293.063148
460	-360.488733	-360.817081
2768	-340.690205	-333.546436
679	-340.668108	-343.350747
503	-355.514134	-348.885191
605	-456.103432	-468.981572
3356	-270.447268	-271.895474
1080	-288.570006	-278.765194
2758	-309.696640	-300.870015
2354	-387.558484	-365.273360
3777	-339.431092	-347.555596
3498	-381.585231	-387.046652
1159	-325.779568	-331.435912
2483	-322.158791	-315.053538
2510	-325.797299	-317.901713
2393	-324.608961	-313.439456
1874	-416.367317	-406.295213
617	-376.521083	-371.367421
254	-285.284456	-296.241067
3404	-309.733988	-309.328831
1788	-345.646841	-341.091879
82	-309.701458	-309.288845
2468	-307.193849	-317.279819
2244	-414.351653	-373.055989
78	-270.472470	-279.546714
1620	-270.431243	-271.890422
1857	-307.540766	-310.892710
185	-361.726913	-362.932283
118	-352.905052	-346.016746
378	-356.705084	-365.376840
1067	-273.762417	-278.703676
1529	-354.275774	-354.280520
2547	-323.328581	-318.227903
2324	-346.831385	-363.630065
2842	-308.450204	-304.762372
1922	-248.132701	-254.645401
2506	-307.526911	-318.728496
1768	-289.789940	-307.931441
1328	-376.531779	-362.544029
3197	-309.714859	-292.442669
2400	-345.592410	-346.839987
2112	-304.729640	-309.990779
2024	-306.349032	-320.717199
2702	-309.685148	-304.718794
2146	-310.932540	-291.702686
3681	-310.914919	-320.883326
259	-309.735245	-302.483446
1983	-320.792773	-312.609195
587	-307.283919	-281.031488
3966	-376.570141	-373.458364
543	-310.937295	-331.576540
39	-340.687222	-340.942027
1277	-309.706892	-300.805673
408	-208.863267	-161.858009
3036	-310.907823	-325.939380
3432	-297.523580	-302.875994
3512	-340.641866	-341.083844
3896	-307.280331	-312.064266
3405	-269.206920	-273.929068
550	-319.568017	-302.183437
1170	-310.895183	-320.080435
3772	-356.752251	-359.825221
586	-376.582598	-369.054433
2107	-325.766177	-337.624461
665	-288.571762	-281.049867
2141	-307.287454	-310.410244
1915	-361.705669	-373.775341
3662	-360.469577	-349.486550
765	-317.447668	-313.688214
1489	-266.777425	-374.892021
1686	-288.648208	-298.577299
3082	-272.586248	-245.654387
3431	-323.229212	-328.583963
2207	-301.330754	-299.605942
19	-309.720734	-289.607241
786	-307.544728	-306.739450
817	-345.619715	-348.565600
1422	-361.728608	-354.058065
1932	-310.911279	-330.071785
1015	-344.454928	-358.635581
2572	-360.495461	-352.809738
1909	-345.630398	-348.816785
3216	-344.380260	-351.674789
2169	-356.733974	-352.282053
3821	-308.427345	-302.539807
443	-325.754109	-325.133473
332	-304.692914	-296.076868
2071	-246.029150	-224.115382
2780	-272.545389	-271.169771
1810	-288.653294	-287.293450
821	-307.566593	-320.787633
3566	-325.830752	-320.044199
3180	-323.669200	-336.746970
3220	-273.806349	-262.434039
337	-312.123120	-331.659274
3580	-345.661657	-353.640522
2378	-339.490841	-348.900576
3971	-360.530885	-366.060841
2763	-272.548325	-282.927292
3922	-270.394284	-252.431369
890	-344.458979	-339.493898
2832	-250.585843	-222.145806
154	-324.538764	-338.251265
1754	-269.221561	-290.968666
2080	-325.793131	-332.531600
1283	-345.605635	-348.229458
2866	-344.431605	-334.919419
2531	-157.115484	-224.492121
1469	-324.444698	-325.554761
3416	-320.770681	-322.685374
2298	-270.396464	-280.089744
1900	-309.689410	-334.253461
3522	-309.691414	-333.521466
155	-324.571682	-327.843122
2466	-325.785959	-333.112823
3886	-270.388222	-271.108149
1571	-470.915515	-481.135519
3844	-308.450468	-308.029525
302	-340.632285	-336.061647
3045	-310.906568	-315.573483
441	-380.414967	-377.165640
3876	-304.574737	-310.030726
2475	-381.524347	-387.822809
200	-345.625804	-349.755527
3361	-324.558989	-313.488740
325	-345.637577	-344.562330
579	-281.480583	-291.164996
328	-310.911163	-324.751187
300	-324.602433	-326.172392
3872	-340.691219	-345.549964
2910	-307.536915	-320.176603
3587	-322.421320	-325.227939
2317	-308.503515	-310.289001
2667	-308.455402	-310.031487
3251	-306.056425	-310.292936
1576	-247.184334	-254.089415
2179	-361.698233	-372.544901
2109	-321.219665	-322.503616
27	-324.573866	-327.807302
1241	-345.608395	-352.471248
3299	-325.725069	-341.611660
1366	-345.633122	-340.631237
3231	-380.446861	-372.208173
3959	-305.831035	-306.569814
557	-312.122696	-305.186522
795	-246.023231	-247.030297
349	-309.687623	-309.297339
373	-379.522177	-365.456296
3713	-325.748400	-317.944080
2898	-310.940190	-310.818553
2857	-362.899149	-362.928887
1279	-377.837977	-369.529808
1592	-271.616430	-278.971702
3288	-348.045786	-346.054944
277	-302.288351	-301.688689
3991	-372.765028	-378.476012
809	-361.738091	-365.143313
486	-288.678720	-298.758126
3730	-291.017996	-291.630016
3541	-379.527167	-375.106432
17	-345.612580	-335.272238
194	-308.496245	-307.850001
868	-312.124574	-366.649889
3947	-382.782251	-376.734108
2117	-346.839895	-330.124630
536	-323.348544	-305.526638
3893	-341.097446	-342.719332
2216	-308.505718	-313.413600
759	-398.888473	-399.706144
3393	-359.297522	-371.295308
268	-362.957295	-368.003743
740	-344.452972	-336.614577
1977	-312.131398	-281.865998
1186	-359.296697	-349.330482
1716	-325.784331	-341.901941
2087	-286.484121	-284.973797
979	-309.713440	-300.016202
3504	-308.561061	-317.960040
1181	-323.657279	-309.970094
1212	-304.733723	-313.014217
3325	-341.836362	-323.449837
1751	-339.469166	-336.606876
3537	-346.860694	-371.814069
1264	-324.536694	-310.076235
2500	-286.498235	-279.682624
2182	-340.610000	-352.762773
3270	-273.788787	-253.426766
2436	-308.473229	-331.201966
3641	-360.485033	-368.432643
3647	-325.794522	-323.435998
1032	-346.816694	-343.282734
1267	-341.841438	-337.053610
1574	-245.997884	-237.751227
2803	-327.013853	-325.256751
3579	-356.677429	-348.467183
526	-344.430692	-345.350900
2515	-323.341413	-311.419065
2473	-324.497671	-330.176429
513	-355.518342	-357.702072
3707	-271.620156	-268.265183
1609	-210.001565	-224.778526
3057	-301.381127	-298.889640
3502	-376.564063	-376.426944
3642	-324.565306	-320.612785
676	-272.584377	-279.477153
3698	-360.508088	-369.135217
2708	-308.512758	-305.197857
2488	-363.508158	-362.726644
1189	-287.322957	-290.949815
3407	-343.517848	-357.634700
728	-309.678404	-312.733006
2434	-377.845502	-394.509676
2528	-308.467760	-310.436327
3014	-269.263802	-270.417373
2219	-265.437885	-270.592252
1303	-345.676156	-348.844371
3740	-356.684693	-347.486446
459	-348.056615	-323.688074
1339	-285.316421	-282.574847
269	-325.729080	-326.220944
3304	-346.843297	-329.718863
556	-272.600604	-276.234106
3770	-272.544060	-276.449717
3490	-359.315205	-348.739744
101	-324.507184	-317.448394
2266	-289.766576	-287.305011
1726	-381.506605	-376.642227
3677	-307.571921	-324.998652
2269	-308.452310	-299.166721
1720	-309.692095	-333.756873
956	-230.183076	-269.296868
2764	-195.179738	-232.654137
2874	-309.725707	-314.103464
3172	-274.982310	-291.078815
1752	-296.265627	-260.406590
2530	-345.673444	-344.733757
1263	-345.642008	-351.849531
212	-324.605613	-317.369707
2171	-359.346839	-357.555951
1105	-302.306944	-291.264883
1438	-356.728392	-367.238025
1602	-318.339586	-298.949842
361	-376.622353	-372.121173
3811	-274.982348	-286.536736
3410	-271.316922	-284.045290
519	-309.687078	-324.757722
3478	-343.296547	-331.578203
2955	-346.822341	-342.271436
3678	-285.255880	-303.536930
3370	-396.486664	-378.484054
3087	-392.563319	-387.711444
3244	-323.320332	-326.062780
3630	-287.660591	-291.015985
2401	-263.280728	-272.951769
3095	-339.431197	-347.471768
2794	-304.681399	-310.075592
3256	-153.459846	-55.012814
2279	-309.711101	-301.570818
3503	-266.630629	-260.961379
3193	-320.725883	-314.963564
1623	-229.615446	-392.879040
2296	-309.691365	-304.013417
1337	-286.498779	-268.320942
2990	-376.661483	-376.668348
412	-372.768039	-373.179030
2936	-324.504178	-328.016803
3428	-288.564752	-276.875217
3395	-248.436061	-232.969225
1540	-285.217962	-281.136937
3682	-291.017820	-327.071560
83	-344.434906	-336.295909
2966	-308.428791	-315.590560
3316	-264.261826	-251.809027
1601	-345.646864	-332.545541
1480	-324.584824	-329.905579
2953	-348.047609	-336.957101
1941	-286.206129	-281.858387
1703	-286.154755	-297.285811
2754	-309.674575	-307.345067
1081	-310.912796	-311.966226
3034	-360.418556	-368.105087
3540	-321.236907	-339.996934
3621	-346.815715	-336.308129
2823	-309.730966	-325.667524
2072	-344.431636	-337.205416
3543	-287.318584	-285.238139
3883	-308.516508	-321.092698
3348	-304.715963	-294.038685
2504	-325.805550	-315.277237
2497	-325.763216	-319.130395
1545	-308.468255	-299.226830
2199	-377.815601	-371.948402
1394	-396.500849	-406.769610
74	-310.918822	-287.978641
2016	-308.569875	-312.161164
963	-345.645239	-357.017891
2812	-381.619786	-379.009818
3892	-271.608843	-293.282775
1243	-323.582949	-306.575003
3786	-308.759185	-304.330641
2824	-304.720708	-294.357602
2432	-274.987245	-277.951307
3183	-345.642870	-345.758552
2696	-353.269456	-346.409762
2297	-322.412936	-336.177464
2360	-340.636727	-334.383095
3705	-345.665479	-347.305809
3982	-324.592116	-314.996957
1826	-285.242094	-277.886608
3070	-281.491976	-280.513271
70	-346.874234	-366.407818
3879	-339.483894	-332.400516
3905	-395.515911	-396.224574
1368	-288.584029	-288.780520
1360	-362.941781	-361.812148
3602	-361.683811	-355.144875
1519	-352.874613	-344.656347
1260	-270.417842	-269.987608
1746	-396.470299	-406.018455
226	-360.556344	-369.243466
2649	-381.581036	-367.641447
934	-345.650323	-349.149611
181	-412.528245	-386.460600
2988	-310.923406	-293.967197
103	-291.024232	-285.774293
631	-371.449232	-378.312294
2806	-234.476081	-236.395757
580	-360.537290	-369.684804
3963	-271.323381	-263.582822
2861	-288.654312	-295.920883
2691	-308.505543	-312.587328
1780	-345.606551	-343.791644
2781	-288.581699	-295.163112
647	-338.268974	-340.649604
666	-381.593528	-391.258468
853	-76.404702	-142.942279
2330	-287.681216	-299.441731
2061	-345.638357	-341.955360
263	-341.853650	-340.597519
3819	-397.692021	-399.892486
1084	-309.711894	-301.519052
2399	-308.430606	-294.349191
770	-381.612946	-372.322611
2619	-326.939536	-307.114904
2867	-361.734339	-372.609663
3916	-273.810780	-298.901579
1418	-325.725274	-317.643121
1699	-272.541597	-270.518375
2542	-326.951186	-322.444716
3343	-320.735225	-306.718008
2507	-291.014750	-285.538393
920	-281.489179	-283.215371
1322	-271.619912	-275.008849
1201	-224.944660	-279.396682
2325	-273.732431	-287.820560
2040	-317.409527	-312.431266
362	-289.871990	-302.948709
3826	-372.742383	-374.571900
3900	-308.465445	-296.771381
2362	-305.134491	-323.537166
149	-380.415966	-373.755774
2103	-346.834331	-375.971699
3736	-355.517745	-362.075058
3044	-363.519194	-354.002199
3631	-303.560350	-298.100861
1069	-375.370023	-380.188849
1728	-362.942862	-349.417555
3357	-361.779217	-357.026206
2419	-287.353473	-296.532071
184	-322.436757	-329.147121
3481	-357.941534	-368.099826
3258	-324.473847	-334.228052
863	-285.288405	-278.317523
1265	-227.324775	-164.644023
3158	-269.271320	-273.312421
482	-272.599303	-285.276120
2249	-392.653825	-392.324903
463	-309.715058	-310.562004
3307	-318.647923	-307.421137
3868	-360.526225	-371.235572
42	-376.564691	-384.380353
640	-345.616264	-329.113025
3937	-361.713179	-366.020762
3663	-344.446747	-326.199428
3437	-288.585212	-275.514835
2340	-310.899612	-316.440941
1285	-346.860450	-344.623714
291	-304.683134	-290.254089
1158	-268.251114	-261.054084
3119	-301.090914	-307.897157
3482	-281.480993	-273.999968
2558	-472.145935	-451.514150
2477	-360.539944	-349.624976
528	-288.538806	-274.061162
464	-324.485629	-320.000415
1965	-288.555445	-280.004836
3488	-340.672417	-339.035810
2980	-274.983908	-314.982115
2928	-324.540084	-321.690928
3532	-344.464356	-352.611214
3845	-344.454717	-335.735762
3675	-360.534222	-352.950281
3335	-275.020322	-324.475043
2678	-285.255563	-281.395827
153	-347.466594	-328.497415
1290	-345.660459	-336.910204
2891	-308.511094	-307.272961
1906	-324.613156	-325.238869
2463	-288.576502	-273.080463
1603	-232.363630	-238.298645
1682	-269.215705	-259.089385
2548	-340.654465	-352.572982
152	-306.286325	-311.748462
907	-381.607752	-380.721375
2687	-377.816463	-357.634151
2012	-382.788561	-377.799513
2982	-325.722723	-324.949783
515	-287.727890	-296.520810
2137	-324.588239	-318.228266
867	-283.179781	-265.367468
1891	-323.382399	-337.729824
2622	-346.829131	-350.834786
33	-264.504487	-251.142010
1527	-271.621836	-276.676582
2830	-325.800699	-329.996536
1559	-380.372123	-383.714651
2480	-344.385369	-343.486844
894	-338.247875	-333.539667
3422	-340.663929	-341.168872
3024	-251.729571	-254.871271
3051	-192.736096	-239.314082
1194	-381.612648	-381.470982
827	-303.556664	-297.170585
3957	-307.291354	-313.880645
3894	-322.469844	-333.942950
2194	-273.757530	-287.029502
2942	-325.778444	-347.361767
2527	-297.554699	-299.298398
603	-346.867624	-334.009912
1722	-362.946707	-359.303550
1398	-234.469383	-227.051579
1132	-310.938583	-297.053816
2864	-340.658990	-338.351906
3839	-231.155780	-226.901346
2073	-345.600119	-316.176188
1106	-231.106310	-203.032705
3450	-382.824468	-383.450624
2748	-321.271406	-335.424993
782	-361.678341	-356.124203
2668	-310.906004	-287.428441
1904	-304.752598	-311.621323
3441	-372.686714	-372.840450
3406	-286.459793	-290.374383
236	-325.758113	-328.848841
456	-336.811524	-336.367049
945	-264.243028	-265.401182
2271	-310.916474	-299.154288
542	-382.793238	-378.404184
1248	-304.732336	-307.134164
2537	-317.434422	-316.695350
978	-324.545574	-333.879858
1889	-361.731388	-361.075706
2076	-274.982287	-293.703321
3840	-309.681264	-323.136682
1674	-360.499243	-363.839449
2840	-284.048718	-267.356205
2518	-360.566272	-350.287763
3809	-310.902628	-285.964314
502	-306.349558	-307.497590
1219	-306.334850	-297.961814
3555	-360.547370	-361.939555
2577	-381.600777	-399.376017
2124	-345.600825	-349.318699
2591	-325.773278	-326.771020
2314	-345.658870	-335.346156
3747	-324.521162	-338.079629
1676	-296.285473	-242.855945
3374	-324.551244	-322.816626
2968	-310.909942	-304.652482
2656	-376.622509	-373.727888
951	-307.548619	-303.463316
2514	-354.197108	-369.037938
1960	-345.602645	-345.113782
1096	-309.689595	-308.599285
3702	-362.951503	-366.555799
1304	-356.679729	-354.040078
2636	-306.112153	-319.740432
2813	-232.063900	-457.579600
1975	-341.829025	-340.960712
1660	-274.985107	-255.602828
2783	-272.537685	-263.049989
3833	-324.559324	-328.013912
56	-345.599154	-354.309046
3714	-265.398572	-279.371907
2589	-361.718361	-362.301309
2344	-305.915175	-305.029125
1420	-286.516174	-282.311532
3915	-309.687698	-298.013755
791	-309.662433	-299.720620
964	-291.014970	-292.814904
880	-345.648463	-349.037092
1141	-115.679136	79.636792
413	-301.369263	-302.353072
1797	-194.267232	-179.955417
927	-340.676668	-354.116806
1950	-232.331230	-236.040603
1221	-344.436348	-350.980846
1888	-276.201993	-267.714246
606	-343.235457	-335.193932
2546	-248.018573	-240.280103
2856	-376.586976	-357.392879
776	-325.781815	-330.317776
2255	-360.513163	-354.602929
3278	-298.952950	-315.025801
395	-234.447743	-240.940910
1553	-323.448965	-330.714709
2350	-341.853951	-342.193999
2005	-305.155985	-295.809077
323	-309.647349	-307.701607
3165	-356.724041	-365.641483
918	-310.917344	-299.323606
3759	-270.393902	-246.616459
1215	-335.566430	-334.591165
2972	-320.764992	-322.146745
474	-281.476832	-272.216323
2065	-340.537496	-326.199149
2478	-339.450173	-332.301393
2224	-307.568767	-316.067044
401	-325.712603	-333.502616
650	-193.034094	-210.220193
1542	-370.291993	-389.031118
1054	-323.427722	-322.544504
1127	-345.659797	-332.096215
2211	-340.648620	-334.264090
3581	-319.540355	-317.493829
2252	-382.779570	-373.061206
1376	-348.053064	-355.997558
351	-345.625747	-341.613297
1742	-288.583008	-288.869741
1584	-251.727102	-255.960378
2532	-301.405558	-291.429362
3775	-324.576188	-330.025560
1809	-324.559733	-312.711754
3600	-325.781571	-328.178452
50	-357.934562	-316.603764
3513	-340.637067	-335.529108
3616	-225.221461	-248.404222
985	-320.770329	-314.111195
583	-285.016369	-279.591368
1404	-346.883049	-355.169691
3750	-346.838572	-356.277140
2837	-325.730097	-318.608056
607	-301.373496	-295.047500
3166	-326.949535	-308.686046
2142	-324.624987	-325.413861
866	-340.620625	-328.593667
2967	-305.841708	-304.670270
1335	-283.156647	-266.886954
648	-287.422111	-289.387225
1312	-381.612501	-373.310332
595	-340.652012	-351.636257
3754	-324.570035	-335.252831
1649	-346.868661	-352.057719
2770	-288.588657	-297.800589
2868	-270.407057	-257.273892
1566	-380.438011	-373.234665
1364	-267.963366	-318.837815
3668	-309.700336	-327.326166
2534	-362.960595	-354.726409
3117	-346.824942	-347.316496
389	-271.336957	-280.878317
54	-195.186228	-145.993514
997	-361.688335	-369.701706
1345	-376.540686	-374.046009
1487	-345.665813	-342.119379
1588	-323.678800	-308.356977
1384	-361.755719	-367.641496
1085	-231.092208	-151.206020
7	-309.722879	-301.565778
2030	-273.804223	-258.423640
3536	-352.836930	-349.166950
75	-381.566310	-371.202969
112	-340.648166	-359.714711
892	-288.621895	-297.519691
1849	-324.547957	-323.966558
2292	-343.246371	-353.965431
2470	-309.688189	-299.038490
2355	-336.816043	-353.347927
2724	-376.591176	-356.958770
1495	-286.516879	-268.290507
1661	-322.148261	-318.686028
3160	-362.937857	-361.538283
3761	-352.866322	-358.553986
2884	-324.471313	-326.076772
2205	-318.391203	-317.131931
1270	-307.571937	-327.085450
127	-322.216227	-316.727948
239	-270.446608	-270.536222
3799	-291.018995	-306.131147
2019	-340.659620	-335.786829
2396	-307.546144	-304.183523
525	-273.812813	-303.626711
1708	-324.502429	-314.469679
2610	-309.711468	-309.471866
654	-309.727166	-309.460608
55	-335.683118	-324.729257
2200	-344.426799	-350.490703
1698	-325.800949	-330.839169
2930	-310.906738	-334.489041
1667	-323.323781	-326.425752
2643	-372.711859	-368.701124
60	-382.768883	-415.083847
2984	-362.935648	-364.175375
1196	-346.840727	-363.317859
2054	-302.588564	-309.196557
190	-354.290746	-349.793416
2414	-382.803358	-390.453660
570	-275.012535	-267.153768
2859	-362.909074	-382.544263
1840	-360.536972	-356.992335
2421	-249.395323	-257.592351
3832	-346.836423	-349.715175
651	-232.334436	-243.335041
3433	-308.465425	-309.569833
1030	-309.683546	-309.792950
2714	-398.878264	-403.121916
2029	-380.417684	-381.110029
1957	-206.721858	-326.436500
1138	-308.444609	-300.486098
1305	-319.621560	-313.705233
2218	-325.756157	-320.471861
2398	-319.533364	-332.022193
3500	-323.345473	-312.184317
2078	-324.575989	-333.943933
2020	-272.514099	-267.545132
1890	-371.608385	-386.909704
1095	-324.603415	-327.267576
23	-304.679494	-291.645921
2887	-345.641890	-346.807353
1928	-326.927990	-325.565237
2359	-360.468392	-367.145617
588	-309.684571	-293.894962
374	-372.796889	-377.851157
3320	-310.952127	-319.765809
1154	-310.937644	-311.466881
3155	-376.605641	-363.463372
3717	-275.014300	-317.945372
1732	-269.170665	-244.066682
1808	-356.676972	-352.987970
3964	-336.853985	-339.309216
541	-325.714161	-321.992805
3420	-306.358581	-318.016596
802	-359.306313	-359.364570
1463	-362.938449	-352.254200
942	-325.715957	-326.154036
724	-320.775720	-322.076827
3577	-361.716705	-357.492186
3929	-321.233569	-335.852594
1799	-346.861635	-341.788083
1089	-344.451793	-343.077266
578	-382.825717	-376.919455
1524	-272.550818	-250.197518
2309	-272.583285	-277.307199
2662	-345.635068	-336.393865
168	-325.810050	-327.353088
3976	-273.765901	-291.877506
810	-269.144656	-261.017989
2915	-344.371144	-347.064202
2821	-308.511516	-319.177144
1354	-382.790027	-399.317675
1276	-340.667317	-340.119599
3056	-269.180682	-276.355273
2690	-231.093096	-207.729103
1244	-345.616998	-359.112101
796	-344.453746	-344.047922
3829	-323.654114	-349.493727
807	-340.681309	-342.821878
481	-307.573371	-306.425496
171	-361.745138	-368.903066
1714	-132.718150	-557.687589
279	-306.012858	-299.300716
3708	-270.397474	-248.394105
3856	-306.313590	-324.260081
1630	-323.431776	-315.519444
1651	-273.809498	-286.245845
2934	-324.462733	-325.032084
1646	-340.684749	-329.639467
1011	-310.942660	-324.726567
2576	-306.418503	-310.762442
217	-271.648392	-276.234670
1638	-344.481904	-349.160596
745	-344.464270	-339.334018
1851	-361.717868	-356.865432
3882	-194.261089	-202.095174
2404	-323.340989	-316.541904
2635	-323.324700	-322.327891
2858	-346.862070	-352.294926
3449	-297.510804	-293.110744
5	-351.628383	-355.227523
860	-397.697425	-404.884768
2380	-327.025010	-312.918885
376	-309.732528	-315.430871
3765	-453.654335	-453.485474
1044	-304.687053	-298.938007
549	-372.785072	-368.065918
3414	-285.313674	-311.611308
1178	-382.751729	-393.670589
1907	-346.819476	-323.828563
889	-272.539307	-285.761852
2077	-309.736028	-315.095456
946	-324.577279	-323.537005
143	-302.355005	-299.021207
1013	-271.300649	-268.347194
1668	-344.433140	-344.705444
2657	-308.451299	-315.433419
1875	-242.186010	-225.142903
2333	-338.234590	-341.618828
1984	-287.441165	-292.185307
2485	-392.676111	-400.126859
3474	-309.730988	-311.341368
2989	-287.317913	-288.921064
1518	-309.683200	-297.367816
3380	-345.606939	-357.898016
2108	-267.944278	-248.656496
1399	-341.826906	-339.989356
2793	-306.384286	-333.885753
2996	-324.566568	-322.994929
705	-362.953848	-350.911541
394	-344.385642	-360.526638
2775	-382.812383	-386.806267
1109	-333.411326	-337.544230
2227	-356.712771	-362.652694
2906	-340.657508	-341.375422
1156	-154.972731	-205.324918
3295	-231.069318	-211.112527
3035	-344.404557	-339.035411
3347	-286.510514	-282.695322
2759	-393.905418	-391.806744
2388	-309.695742	-297.180457
599	-343.312201	-324.179570
1094	-304.696023	-278.106462
3650	-382.756764	-367.569508
3913	-308.551230	-323.672321
35	-343.197784	-327.210168
2574	-273.812881	-313.753043
1685	-338.273553	-341.796523
1191	-360.510716	-384.137824
1974	-345.655745	-347.456412
3195	-274.982322	-288.806190
2410	-361.673369	-359.218680
3329	-310.909123	-306.349604
1184	-286.506282	-277.995272
2533	-265.438520	-273.907401
1176	-288.584832	-306.182748
90	-327.017113	-297.473929
1981	-306.313924	-329.981236
3355	-345.648365	-347.045946
1065	-360.485823	-370.070040
901	-270.446915	-268.757974
2498	-288.539500	-266.721790
2009	-273.812948	-278.150874
1724	-381.594558	-387.377904
1820	-324.522751	-320.083523
612	-397.697891	-403.480834
2361	-304.727460	-293.077155
2002	-286.504040	-285.157573
3595	-345.600227	-349.186832
3511	-324.552260	-304.259513
507	-309.697879	-305.587986
3781	-274.984614	-317.108951
893	-232.317400	-224.076261
2254	-359.388326	-363.821606
2139	-381.581478	-393.886085
3731	-310.913156	-313.314786
1613	-346.890723	-328.390004
2693	-340.638326	-344.105635
2752	-381.632242	-385.499398
716	-325.758431	-328.817758
672	-345.661057	-365.692209
3790	-286.502445	-276.578887
490	-231.142581	-191.344658
2595	-303.465315	-298.989039
3755	-341.874216	-340.445850
1057	-391.518453	-418.158568
3746	-309.736797	-313.208261
3584	-281.484877	-299.188437
1725	-360.495137	-363.754530
1634	-324.563073	-314.668338
3389	-309.689740	-317.089109
16	-273.806874	-278.056829
3083	-381.591448	-361.729633
833	-325.761605	-332.587934
1331	-310.941319	-298.498603
1302	-339.445855	-321.830629
2420	-340.625366	-338.282418
1	-360.499843	-377.621094
3313	-360.526364	-383.711238
307	-302.239101	-297.274158
2732	-324.579850	-330.752960
2655	-235.723792	-239.289132
1195	-285.287913	-272.481566
3485	-324.614459	-330.237773
3457	-324.559213	-322.166788
2303	-309.719920	-313.170803
2817	-340.641240	-338.766184
2187	-310.904927	-308.410673
2797	-345.646914	-351.670072
363	-320.778723	-322.839479
3679	-320.794248	-323.668233
1562	-309.676327	-295.867129
1631	-345.642285	-344.700763
2553	-302.545562	-303.309957
2611	-346.824672	-331.032898
1291	-285.276634	-297.991214
3067	-271.304881	-269.094693
2716	-303.464433	-309.155661
3614	-288.627505	-300.916993
2075	-345.606444	-334.061345
3302	-324.577047	-315.554793
3810	-372.726782	-365.085277
1363	-355.525451	-351.415185
2300	-453.655583	-432.709231
147	-345.615452	-336.770910
1762	-361.755551	-358.042506
2599	-355.457663	-352.774562
3628	-272.509064	-277.851390
1596	-492.022084	-508.562190
313	-361.721849	-362.383579
2675	-303.787203	-309.684387
1578	-233.217482	-221.290726
896	-323.312767	-326.602208
3131	-303.560907	-296.146185
960	-310.940611	-309.724181
195	-296.296482	-283.670472
2726	-324.475651	-330.415205
2563	-247.215049	-185.966729
916	-345.608831	-333.740030
2025	-249.363808	-261.157175
1365	-361.755045	-378.766103
3271	-454.878708	-433.150895
2975	-345.579201	-359.681528
2554	-345.649886	-340.260265
2057	-288.540318	-281.544271
2961	-348.061993	-343.930295
2525	-324.569051	-318.694747
3263	-285.326726	-281.784493
3438	-312.132858	-323.651335
3171	-345.599912	-347.953442
857	-245.711897	-320.172328
3954	-271.611366	-280.284494
1484	-273.817328	-319.290942
1372	-381.574124	-392.700699
1998	-324.536830	-325.971174
2395	-297.523583	-295.368028
1046	-271.618580	-280.665999
1119	-304.733360	-299.865932
1118	-306.032266	-333.598195
3113	-324.531139	-313.548780
1993	-339.504090	-345.976914
2588	-376.538277	-371.110184
2264	-346.831590	-359.468751
1853	-359.314227	-345.826099
1830	-345.641862	-331.130246
3336	-308.477672	-321.853583
3342	-153.787612	-258.174442
480	-325.760797	-323.768347
1989	-287.426977	-285.220975
1090	-272.500426	-277.065574
107	-307.580090	-304.911230
3561	-343.190300	-343.255754
3807	-361.706503	-342.473506
3273	-288.589678	-286.985142
1385	-309.679840	-308.666863
3016	-309.730329	-316.164991
1330	-324.575010	-324.523917
2452	-344.424745	-346.234173
1955	-339.498757	-328.799653
2916	-340.655601	-346.368957
2561	-325.778234	-335.528444
510	-234.491176	-216.231493
3919	-304.721921	-313.491146
881	-234.470813	-231.879100
2598	-308.508949	-302.524492
972	-341.869909	-348.234271
2587	-376.609234	-376.464280
2943	-340.654874	-325.497659
1340	-271.616723	-248.569016
941	-340.652570	-340.044737
2129	-356.722498	-357.155587
844	-324.606050	-315.754830
218	-285.311823	-290.932247
2033	-310.919833	-308.667629
3855	-304.746925	-315.400154
552	-340.639366	-355.444510
3812	-271.623066	-295.483835
2517	-308.462063	-304.592055
710	-340.625597	-337.145659
1688	-324.567893	-335.820901
2535	-272.835594	-256.943062
2993	-346.825502	-348.867037
995	-360.542928	-356.328371
1994	-383.983835	-388.831708
3476	-304.737418	-292.841210
1309	-287.723848	-282.444262
409	-306.383308	-316.426635
1377	-325.768959	-325.713208
1163	-397.709232	-408.976836
3107	-281.504745	-280.072598
2901	-318.323005	-325.409194
2215	-289.795079	-286.090356
3573	-325.730390	-330.191123
1286	-310.906869	-309.803717
1930	-341.835805	-343.919260
841	-361.736259	-354.761193
454	-265.283843	-274.926227
1216	-308.465534	-302.519254
110	-346.869123	-330.469880
1640	-304.583737	-298.741948
2163	-324.503356	-325.704560
653	-344.473681	-343.950840
913	-352.855499	-340.912088
1903	-309.678054	-307.524456
437	-309.705971	-346.710480
3472	-340.657197	-339.964470
2819	-360.551444	-355.436772
2829	-340.622886	-337.901726
1978	-281.485530	-272.482727
499	-340.611683	-360.082623
1696	-320.785074	-327.259469
3515	-346.852204	-368.393137
1225	-196.409349	-183.059640
3030	-324.500475	-324.732788
341	-273.735711	-295.849145
1444	-304.691748	-301.002005
2756	-153.742562	-107.483087
629	-309.712115	-303.557047
2707	-310.915408	-316.680681
1531	-345.640098	-340.545795
3268	-324.562156	-329.049787
3589	-324.543443	-320.903340
2449	-341.841190	-348.417773
359	-346.832402	-358.266759
3333	-361.709769	-327.271091
989	-272.839582	-252.275502
3806	-309.676410	-298.132014
1926	-273.773955	-296.263910
1757	-285.313612	-286.790067
3953	-325.792503	-329.388103
1533	-309.671865	-308.693726
3741	-169.860788	-228.959891
2697	-360.495788	-359.308032
2575	-308.759090	-317.080546
3632	-340.612805	-350.401317
3300	-344.499155	-333.998983
1665	-336.802871	-327.627763
2583	-346.859078	-347.827906
1233	-265.440660	-256.011198
3769	-304.586424	-310.768808
2379	-361.769162	-361.840568
2323	-310.954565	-318.562425
1387	-361.698635	-362.164503
2123	-327.010026	-325.469748
1731	-381.565314	-374.669243
1818	-371.535911	-375.328207
3362	-345.632413	-356.794863
1236	-155.897345	-122.851189
1323	-289.811983	-304.994687
737	-336.836792	-345.363580
1771	-287.657053	-283.484532
2601	-333.464063	-344.133013
804	-248.395289	-290.857838
1541	-310.912991	-306.949866
65	-312.125621	-296.551072
2144	-324.574829	-309.602170
138	-362.875317	-352.530358
3756	-326.943546	-326.971853
428	-324.570042	-326.474113
1121	-333.449362	-344.249743
865	-304.728720	-308.169414
3911	-345.639354	-330.803502
1706	-382.777508	-363.063230
772	-381.599310	-378.958969
2042	-232.364952	-236.478641
228	-346.859384	-334.954104
2166	-343.239068	-359.109462
2544	-381.632480	-386.154299
3977	-288.552886	-287.039104
3949	-359.301320	-352.655464
970	-310.911364	-314.001268
585	-229.918003	-245.946693
296	-345.688916	-345.034124
872	-309.711438	-314.343410
1183	-325.750970	-323.844598
2259	-361.734611	-357.556968
2273	-324.579188	-277.021360
1198	-308.449457	-302.843176
2274	-308.463553	-309.855948
3613	-308.483617	-296.388538
1867	-324.583096	-315.464521
3372	-309.705858	-316.559690
1979	-308.462923	-293.971946
3797	-376.587519	-365.910895
1298	-308.505512	-310.502173
1881	-361.772040	-382.799296
691	-361.734668	-353.908792
899	-321.230055	-299.514664
823	-361.732840	-368.091478
1375	-345.645053	-342.905532
3080	-344.436248	-331.284202
784	-377.848074	-363.090243
1287	-355.515622	-347.687679
2596	-339.467484	-337.986210
2240	-381.627040	-395.045085
116	-346.831175	-342.561411
1595	-309.686571	-300.973030
253	-305.838224	-314.595098
2160	-345.674929	-348.021671
97	-286.495035	-290.193699
660	-271.630416	-271.080079
697	-340.621200	-328.798767
655	-325.771459	-311.012241
3269	-381.624381	-375.636500
1864	-312.133063	-321.049305
1296	-345.612257	-337.531158
390	-306.070291	-274.066203
947	-322.454079	-331.141452
113	-360.478880	-364.956644
1348	-309.683859	-310.397062
3626	-310.902465	-297.485191
1812	-307.275809	-313.445407
1465	-382.796989	-374.427770
1681	-310.908780	-338.043304
452	-324.575287	-323.025056
2113	-344.391557	-333.210282
2731	-272.836211	-251.355664
1122	-345.601318	-351.742528
3486	-437.484875	-438.998583
1407	-235.694798	-206.590850
1316	-361.652250	-360.248138
1374	-322.175807	-308.134254
3381	-309.731402	-312.856486
1063	-265.440996	-267.024674
214	-348.052027	-355.078857
522	-309.680641	-332.170389
1938	-341.826148	-335.275898
1652	-301.316399	-286.434998
953	-392.650949	-399.398777
238	-233.253760	-214.292814
2214	-245.994065	-238.721202
600	-268.859550	-296.109202
726	-346.870614	-350.198382
563	-345.644179	-345.766314
164	-340.675814	-329.060461
2787	-324.505365	-307.904831
3505	-274.983383	-279.838781
593	-303.525517	-304.040359
2772	-343.232602	-364.638862
271	-361.759779	-373.835881
1142	-309.702591	-299.913902
3292	-326.937372	-306.542869
3223	-341.794931	-325.599936
1419	-344.350927	-353.942812
3442	-381.635659	-394.416267
3726	-382.754967	-369.266301
1992	-325.723538	-321.692201
3266	-287.736841	-279.629588
2007	-308.499105	-316.676423
1692	-362.862736	-362.352028
2539	-321.276274	-328.545045
1741	-345.629842	-342.142962
1414	-377.797879	-377.256526
476	-397.686127	-397.746431
3306	-361.650084	-347.706176
954	-324.612244	-326.684839
3436	-361.762744	-366.401199
798	-208.842347	-243.488982
47	-247.225618	-229.657821
2411	-193.075202	-223.762527
3079	-270.401391	-265.891183
1736	-273.764207	-271.022706
2383	-324.593866	-320.805260
3397	-356.702115	-360.988380
1289	-344.439723	-345.360044
370	-356.698196	-359.814725
1356	-271.372094	-275.073479
3199	-273.811544	-270.909518
2180	-340.665904	-338.290254
888	-323.328290	-326.381709
1893	-344.385273	-348.241602
1275	-310.936083	-306.417052
3801	-310.937414	-310.057589
876	-325.807685	-312.747096
1807	-344.469516	-348.833569
57	-345.635513	-349.307712
2652	-317.377404	-296.541437
3732	-320.774305	-321.542285
861	-360.488871	-382.838751
2999	-307.237456	-305.443838
936	-382.773457	-387.843843
3617	-345.608658	-339.428067
1940	-334.429558	-331.905978
1967	-288.573475	-282.840034
2948	-382.790431	-374.565896
2140	-325.715372	-329.610724
1362	-249.387499	-257.763962
2939	-352.864008	-339.417413
3646	-305.130313	-298.099407
748	-324.572987	-327.543349
1022	-310.902683	-305.707662
3569	-272.588302	-268.033503
834	-346.828689	-331.446560
2963	-287.651399	-284.498469
3487	-210.101789	-212.348445
1872	-272.566631	-300.403942
3061	-392.552088	-363.524266
1672	-336.831068	-332.219847
2922	-352.890573	-356.566275
3040	-360.506446	-356.385872
3015	-359.362011	-348.772532
1259	-288.590804	-272.723476
1774	-324.585556	-316.369854
425	-289.769718	-256.062901
1332	-209.144909	-277.763265
1162	-309.684472	-313.008371
523	-345.565792	-352.545823
2852	-274.986857	-252.974149
3257	-308.472221	-308.830056
3866	-341.882531	-338.056324
241	-309.718177	-309.105751
2880	-346.831172	-337.381605
3293	-360.535142	-367.991896
2445	-324.576679	-324.919472
1573	-233.255259	-235.790079
687	-346.841762	-342.721410
292	-308.517192	-309.341142
131	-345.603479	-334.538176
611	-248.364357	-260.156654
2021	-346.818246	-340.418094
3344	-325.748658	-309.602902
69	-265.441614	-259.803511
2315	-273.793520	-252.652246
3559	-309.721434	-315.044652
628	-325.726991	-324.719358
2197	-309.684327	-315.419324
139	-338.257996	-329.240538
2458	-361.683558	-348.951123
2147	-382.781806	-389.718762
1294	-345.612830	-342.024660
183	-362.962787	-349.457868
3110	-236.917458	-223.627228
2373	-302.564379	-307.712286
2836	-345.652670	-332.362272
822	-336.845442	-341.810362
1615	-287.344000	-271.910439
1743	-346.856186	-343.691190
2749	-340.645995	-341.409923
3979	-345.651111	-336.213078
2593	-321.252793	-324.483294
1942	-382.751274	-399.470299
1598	-308.471397	-287.122837
555	-361.677945	-338.846608
3109	-324.582824	-319.600966
1467	-345.613895	-327.801785
258	-371.546126	-374.119549
3619	-325.779372	-321.078976
3871	-346.859809	-333.917103
3020	-287.430903	-285.093336
3568	-308.468418	-312.316610
2633	-324.627681	-324.377363
1038	-267.106213	-196.518685
781	-362.918463	-352.091298
2306	-287.354343	-284.766002
2917	-267.068488	-224.343969
2310	-338.194242	-338.302329
448	-346.831139	-329.713228
2959	-289.795007	-281.789205
163	-319.624414	-327.128034
2074	-285.300440	-309.799254
3318	-308.513124	-298.958740
1023	-309.663477	-319.739753
2913	-361.630982	-357.117685
3665	-323.329494	-326.123504
1929	-324.551800	-316.457596
3921	-343.218379	-339.299074
2238	-281.495234	-291.544129
357	-307.245430	-292.102309
3303	-272.589883	-276.519771
2895	-273.764673	-285.822413
410	-325.835955	-329.205457
3970	-305.897998	-295.341705
3192	-313.554802	-296.885013
1611	-348.044714	-356.138979
973	-325.790444	-328.728455
1968	-324.538807	-324.856163
2131	-320.777849	-319.027089
1064	-276.202311	-420.401655
1147	-304.755780	-310.189298
560	-344.385047	-332.783246
2472	-209.159302	-225.541066
3173	-325.791830	-326.041464
955	-345.632414	-340.459658
3123	-309.702150	-314.269093
201	-308.561649	-316.308034
1272	-308.486687	-296.416656
3093	-334.424572	-332.791788
2351	-304.614169	-307.043970
2941	-340.635024	-329.706782
2634	-326.927446	-319.193262
3141	-345.651109	-352.078778
984	-248.443503	-260.914098
3005	-249.248680	-255.110093
182	-324.474954	-337.214729
1033	-339.482903	-345.426441
713	-308.484017	-304.468405
837	-360.512026	-351.451632
2513	-345.631685	-340.632039
2342	-309.680487	-314.470143
3825	-93.411888	396.213333
2095	-348.034975	-319.526953
2412	-310.904086	-326.432301
2368	-325.804686	-329.907345
177	-362.872710	-344.332737
124	-271.621961	-277.975597
1476	-308.455419	-310.755050
2908	-271.620997	-268.049667
500	-308.452306	-306.578628
3204	-306.313706	-301.026984
497	-287.470402	-307.029512
2712	-274.985024	-277.752953
1474	-340.654517	-347.340662
1924	-340.591587	-333.058648
348	-196.432825	-242.222883
2674	-342.352279	-338.053669
114	-361.772743	-356.885128
3648	-324.631468	-328.099514
3142	-376.617653	-367.668435
2676	-325.784384	-330.947236
1633	-247.201165	-195.936368
2841	-360.524422	-353.947842
544	-340.643340	-333.195104
3209	-346.834502	-356.650305
1226	-195.226072	-192.548736
3102	-310.903589	-293.231711
1042	-305.904676	-315.007744
2111	-348.048744	-368.750509
620	-346.820834	-339.155552
3676	-346.840522	-325.777114
324	-307.534482	-299.691802
3291	-362.911941	-350.876556
111	-344.470970	-350.578525
3725	-309.710255	-297.561612
1116	-356.691214	-360.705821
2041	-346.821470	-331.989272
489	-356.745773	-358.061489
3802	-356.724118	-343.771690
675	-346.827397	-351.922327
2372	-322.217569	-325.402329
3459	-346.831382	-338.231139
1847	-325.753767	-343.090033
1624	-340.670034	-338.707539
3818	-308.470796	-290.042415
3124	-308.562031	-293.562388
2921	-310.904813	-301.773664
2746	-247.190194	-233.466805
2092	-288.572051	-294.845371
3495	-288.563768	-291.950407
2210	-325.710772	-307.326635
1750	-287.645651	-266.463148
1202	-361.725394	-361.715499
3796	-341.875439	-344.187967
488	-346.861837	-342.861835
3956	-345.698757	-340.132199
3885	-304.728655	-308.127977
2580	-309.722373	-302.527651
1747	-360.559076	-355.030499
3073	-309.734862	-318.953089
1149	-325.796862	-314.241066
1641	-340.647224	-343.837812
3319	-376.604793	-376.301986
3274	-196.407957	-211.086082
1925	-309.677276	-318.082622
1912	-310.915653	-319.991786
423	-304.694187	-299.357708
3074	-272.553250	-281.505903
1061	-343.531666	-361.563156
1501	-288.653529	-294.762882
3353	-324.514429	-342.074017
1055	-345.681183	-351.699420
1654	-360.518768	-332.401609
3773	-345.602641	-348.816393
432	-344.390227	-340.779097
2176	-345.608670	-343.740005
1637	-343.503600	-344.782867
3849	-360.531172	-363.889421
2560	-339.452794	-349.801203
799	-310.910909	-315.122333
3315	-269.176979	-274.082115
3684	-362.958208	-357.766349
3363	-345.658313	-348.421520
800	-324.611571	-326.402387
3443	-346.866543	-354.532033
283	-355.460155	-355.978510
1293	-271.369084	-306.850224
1629	-272.526778	-307.084972
3060	-270.441145	-277.626609
1190	-377.830859	-389.986235
3265	-324.569062	-321.104129
1513	-306.368494	-314.928466
2312	-344.416076	-351.589737
652	-345.620593	-340.929193
3461	-320.776316	-327.664993
2392	-272.551442	-284.723755
2416	-344.406447	-349.409796
3980	-372.708066	-373.137254
1511	-271.315027	-270.528355
3169	-310.902849	-315.592197
3692	-281.505078	-280.224054
3068	-306.015194	-323.602127
574	-271.665153	-260.803335
3958	-291.015785	-285.965631
3527	-309.716030	-302.264306
3026	-250.478855	-246.916875
3943	-376.602183	-370.004188
3544	-312.133269	-319.113516
2270	-355.497046	-351.641503
977	-285.160699	-280.475603
1937	-287.438379	-275.384813
2044	-373.173910	-351.039407
546	-306.365166	-310.704911
566	-303.472917	-279.141788
986	-347.459586	-348.855847
3582	-344.436500	-353.937054
210	-362.938898	-359.078013
3264	-307.260972	-310.893050
187	-341.842120	-360.685325
3521	-342.324182	-381.524386
2489	-250.583259	-250.052800
3296	-345.650105	-341.171493
136	-343.240623	-337.384875
1521	-323.665247	-344.719778
2013	-343.195410	-349.203323
2026	-272.837907	-237.994063
1663	-232.351764	-226.525641
661	-335.635079	-337.510817
3312	-323.647099	-336.703748
3038	-288.542113	-285.719122
3852	-361.710525	-360.162370
100	-361.702143	-365.638219
3387	-309.727603	-326.966334
2083	-322.434119	-322.799414
967	-372.742461	-371.143750
3331	-233.545899	-217.936216
3054	-269.129580	-243.249610
3690	-346.829378	-351.016724
220	-276.205821	-260.459967
2338	-268.888303	-298.373959
353	-197.632222	-242.750522
707	-381.585428	-391.720951
2771	-310.910278	-310.565270
1168	-308.454820	-309.714460
304	-322.464725	-329.315283
3004	-288.652346	-299.207471
1673	-309.733829	-309.496487
3178	-345.605421	-347.722393
1351	-309.733696	-298.787336
911	-356.711832	-357.134259
1400	-306.067385	-307.814192
3137	-272.533448	-273.541248
3917	-274.985822	-295.261024
3715	-381.567301	-389.604560
2427	-339.474134	-337.265013
3334	-325.800680	-326.018392
2104	-379.006904	-381.244801
708	-306.313133	-287.252091
2217	-344.408081	-341.513412
2715	-345.709596	-332.393951
2394	-355.446449	-357.262612
2556	-321.958604	-300.805276
1488	-320.766344	-324.375412
1597	-336.805704	-340.740623
1203	-261.802956	-190.644285
1072	-272.554773	-237.994349
1342	-361.712098	-355.597046
2126	-270.399529	-277.940351
1025	-324.520219	-312.134920
3222	-344.494043	-376.320329
3720	-308.561301	-317.166480
2010	-323.385837	-330.929309
856	-324.568212	-320.337375
1557	-322.456250	-358.613013
3908	-272.847530	-268.145279
3588	-272.549011	-291.839955
2914	-270.422403	-271.400674
506	-234.516241	-244.498019
3538	-271.350701	-274.603765
219	-307.221351	-286.207366
1237	-360.542541	-372.563235
3895	-325.808333	-311.637583
161	-285.276468	-280.053700
3041	-345.692143	-340.479322
1544	-324.594826	-321.077278
501	-345.630685	-347.076144
2090	-308.473428	-310.807629
3283	-287.404397	-288.356087
3076	-247.198000	-169.506676
2573	-307.303421	-297.961738
727	-272.562906	-271.614668
3386	-309.684862	-321.586769
3689	-308.467642	-298.495450
622	-341.886905	-321.378196
2886	-324.530742	-310.466165
2459	-273.761223	-265.250623
3048	-381.616883	-374.632936
9	-344.468531	-337.746711
2717	-309.726244	-324.834931
2721	-271.401725	-260.081752
659	-326.976670	-323.250829
2082	-302.567313	-320.033815
213	-249.281074	-245.549540
316	-341.858490	-344.642063
1694	-273.743311	-268.036202
3425	-324.547564	-324.147243
3940	-308.464824	-309.426140
788	-324.467888	-318.161748
81	-318.390876	-317.656520
1211	-286.498633	-278.067165
2486	-307.239887	-300.536654
3930	-338.542975	-344.803676
2695	-346.871133	-349.668571
3657	-312.124380	-319.406682
338	-272.544500	-278.302720
3243	-377.816466	-357.810574
3910	-309.703111	-341.620008
524	-308.507004	-306.561768
2792	-362.944759	-349.865602
3469	-356.686540	-339.185137
2600	-307.237880	-302.737063
3232	-345.686487	-345.008389
3534	-320.785748	-315.842319
175	-361.754326	-369.576304
2778	-325.711441	-331.998415
3972	-359.339915	-366.033567
1014	-301.385442	-301.599382
3862	-271.646263	-312.721389
940	-325.787515	-326.180680
3253	-281.476938	-271.593352
3139	-344.437158	-347.149124
2522	-307.545457	-316.084768
3984	-344.418857	-357.352629
1412	-242.195730	-246.516944
975	-357.171724	-377.487028
3992	-319.576017	-317.234131
1804	-324.542706	-314.047322
988	-341.827199	-337.659765
109	-158.340943	-116.150387
1146	-339.465889	-332.761208
345	-309.704732	-328.100426
3824	-302.288055	-304.639230
4	-270.439280	-264.045644
2540	-211.295796	-213.988048
3021	-360.495540	-360.441682
930	-346.898838	-346.011934
3645	-304.681903	-287.828478
3751	-339.491316	-334.813083
1895	-324.551432	-299.344140
1220	-325.800532	-321.132011
2889	-341.871347	-340.740758
2769	-376.563238	-371.650336
2786	-327.009009	-309.440387
282	-325.714378	-317.366676
993	-317.364547	-301.910240
221	-310.917273	-305.656174
2878	-285.336744	-289.071790
2747	-301.332569	-284.083972
3625	-326.948771	-327.425849
2701	-326.942959	-318.482654
1485	-309.731369	-310.869603
3988	-309.707600	-310.557530
2228	-308.518356	-320.890533
2464	-297.555801	-306.453578
567	-339.489014	-323.610176
575	-272.582834	-284.895481
2066	-432.401755	-414.906971
1043	-324.605875	-332.994663
130	-274.988525	-263.756246
2503	-345.653983	-360.868667
2875	-344.475122	-361.370437
3451	-319.606765	-310.546740
1457	-288.573089	-285.746618
1815	-345.663783	-351.981791
1963	-325.761942	-319.722896
1169	-346.819305	-336.314263
3224	-286.504546	-282.252360
906	-383.969892	-393.893139
3633	-380.412093	-386.329155
3597	-360.539435	-354.266602
635	-324.578381	-310.149154
1796	-307.536544	-314.249221
1070	-361.752301	-354.248128
1166	-324.576650	-323.942894
828	-361.684892	-359.625963
3548	-79.764152	206.264968
3417	-354.292460	-352.417978
2130	-271.612772	-255.384495
1442	-308.465594	-316.750443
2286	-309.728265	-282.208428
1844	-325.808754	-332.095550
1628	-345.637174	-348.782081
926	-345.680086	-341.032125
753	-361.710299	-360.256646
1778	-305.036659	-296.161901
157	-376.519880	-372.789286
701	-265.396194	-261.043736
2369	-273.760271	-285.488922
933	-270.430832	-269.753052
1516	-249.358446	-246.821841
1047	-346.836177	-343.067124
384	-343.291812	-339.175207
2659	-324.461004	-329.503634
3218	-325.743746	-340.028208
1403	-308.462299	-307.164399
1380	-288.625728	-296.583375
189	-322.167165	-315.064675
1415	-338.156727	-331.389509
77	-348.062001	-357.695654
3673	-309.691463	-310.307713
1005	-273.786179	-223.175761
2625	-291.021574	-280.834928
274	-272.539126	-272.305178
2374	-285.279236	-305.980765
850	-271.623957	-282.555662
1948	-195.158734	-229.440550
1251	-322.482659	-305.159029
2433	-324.552283	-330.690960
948	-336.827390	-337.205187
18	-309.719641	-304.249027
1825	-271.656372	-249.752845
1389	-272.510742	-291.515111
2742	-348.048844	-381.035407
40	-344.338878	-345.628594
1670	-269.230258	-324.407086
971	-324.624537	-321.356800
551	-382.817123	-385.338986
3373	-271.613890	-269.166829
562	-456.105229	-432.907955
2327	-381.624797	-384.052403
3509	-288.685117	-293.415032
2741	-297.520999	-294.144109
439	-288.690999	-286.926168
664	-335.632054	-319.601628
2501	-232.377706	-222.138291
2987	-271.618137	-272.603328
3506	-320.804155	-317.194760
2920	-326.952797	-326.776745
3813	-340.620847	-332.241844
211	-357.939331	-354.517983
289	-321.949791	-326.223145
2670	-326.934805	-296.454653
3960	-336.825944	-343.790826
2006	-339.486095	-334.394677
3383	-360.602876	-368.731908
2805	-272.587161	-276.192965
3925	-325.718488	-324.075726
952	-325.717725	-335.764662
1029	-325.751230	-338.699816
1956	-308.461475	-296.174774
1898	-360.497612	-363.568432
3164	-344.379764	-358.185679
3778	-309.700675	-321.092023
851	-270.117027	-278.934603
3878	-360.554015	-355.729009
420	-362.950092	-362.652728
2196	-338.559964	-318.162629
1999	-233.547877	-179.318019
2512	-346.823548	-340.519266
1996	-356.687774	-355.796478
3350	-339.431591	-337.729580
508	-325.801512	-328.565765
1002	-287.689262	-261.436683
3281	-309.716743	-303.877657
1313	-324.502042	-327.763903
3719	-320.742924	-317.860387
690	-375.420808	-377.709984
49	-396.507540	-392.003281
1896	-326.971392	-320.988904
86	-190.624631	-231.936504
3337	-286.438448	-297.078755
2645	-362.923114	-346.253287
128	-303.785832	-288.141835
2476	-346.865438	-349.453886
2567	-320.795216	-311.099770
725	-325.725266	-322.432970
3413	-308.440890	-316.743775
699	-307.243079	-309.488249
3212	-360.575745	-352.725907
898	-305.906901	-298.661882
3623	-341.892484	-330.281423
2366	-286.466852	-285.458393
1581	-345.660520	-346.155625
2825	-360.576433	-357.045271
227	-377.805829	-379.850437
565	-356.730212	-346.167581
2899	-310.930659	-306.218472
2931	-361.729140	-361.420518
1056	-271.618179	-279.431026
2957	-323.644468	-320.786101
1658	-287.337578	-275.524677
1647	-343.242553	-348.689090
2283	-231.111403	-262.151784
3792	-360.525610	-359.853012
2363	-324.610150	-328.835010
398	-345.636145	-330.475749
1464	-381.610550	-393.189715
125	-228.992613	-259.168427
824	-310.952875	-324.209939
3936	-326.951067	-316.873574
1071	-360.495618	-362.739519
2407	-377.829134	-352.641806
2751	-273.787799	-286.565542
122	-339.419649	-356.272305
527	-324.629301	-328.123167
1717	-345.603646	-351.249403
3379	-273.761967	-265.132857
1482	-312.132386	-336.335638
3945	-304.737186	-299.775250
1827	-343.492484	-330.952473
1160	-286.467220	-287.394620
1643	-310.910140	-298.418018
2357	-325.754267	-328.914450
2719	-286.477365	-294.880651
3931	-288.683173	-293.835786
2496	-326.954795	-326.197798
3063	-317.413890	-315.852046
1860	-308.507458	-308.794848
2559	-319.571638	-319.581496
1619	-340.600021	-337.110357
3967	-273.758273	-285.280247
3774	-305.130184	-320.156171
3924	-270.393737	-254.554047
3398	-304.686259	-296.387473
2336	-344.433499	-342.964954
215	-356.645883	-362.593560
1781	-324.582445	-325.244756
1218	-287.431740	-305.689758
1947	-303.533559	-318.444460
1110	-325.781398	-321.677049
1454	-288.652757	-303.518207
297	-325.833945	-322.966978
2616	-272.542567	-281.152243
2183	-339.459869	-328.501522
1284	-320.761539	-320.891900
2828	-232.030352	-219.170258
245	-340.656722	-341.180050
3167	-309.688639	-313.673580
1841	-325.788368	-313.560766
545	-356.698773	-356.232392
3710	-308.565933	-312.331396
2705	-270.384180	-252.162647
462	-234.474088	-229.978237
3653	-309.763576	-312.622287
1618	-345.629039	-357.218966
3187	-272.591906	-299.214301
1712	-345.612640	-351.306692
3328	-324.549529	-325.466049
686	-391.370332	-376.829232
311	-287.724713	-300.094877
3567	-309.693494	-293.322460
48	-304.689512	-291.486564
1318	-310.897519	-272.514223
1103	-273.764642	-243.053479
3780	-323.320574	-333.597491
1902	-324.615795	-322.548553
1315	-288.533780	-288.111628
1933	-270.396100	-266.204083
3575	-309.736328	-313.107397
64	-362.945802	-364.542244
2151	-289.802108	-286.628987
2620	-324.587670	-329.595392
2661	-323.448833	-321.999121
1662	-377.834156	-392.188355
1359	-229.927277	-239.516340
2493	-346.822460	-337.791158
1884	-307.577822	-300.085694
3768	-227.338075	-227.851218
3483	-308.500974	-308.216805
1795	-356.736238	-344.372197
479	-77.308427	373.082838
2453	-268.273240	-247.836215
3129	-361.692023	-357.112076
1777	-265.408147	-289.725557
639	-270.405973	-255.812656
1558	-270.389386	-262.565078
3000	-309.688191	-323.887662
2248	-377.773452	-364.158506
1028	-360.421732	-337.144626
2623	-235.700285	-244.693392
3071	-273.789182	-240.796686
31	-359.310420	-356.702181
922	-272.844560	-254.601711
457	-380.372151	-373.023829
2208	-286.486509	-296.014525
2893	-274.985796	-289.749340
3200	-265.433051	-268.820142
3694	-338.246643	-310.172514
2669	-309.763785	-323.320904
1440	-270.441325	-270.653577
3445	-286.508374	-287.924796
12	-377.816587	-382.671553
79	-324.605178	-327.925038
596	-325.754527	-338.863977
3238	-340.667053	-332.675346
803	-325.789564	-342.673121
3558	-339.464817	-335.681590
20	-270.370102	-265.076714
1021	-232.328175	-230.391722
404	-324.595399	-333.091197
2779	-381.606362	-393.385256
931	-361.763293	-367.384085
2557	-273.774103	-270.670853
3784	-344.450127	-352.735383
3651	-303.463214	-299.446978
2844	-301.377995	-290.328350
1755	-304.686811	-293.862454
174	-229.928448	-204.516583
2450	-312.124760	-359.001637
1152	-308.448572	-309.173392
2128	-308.504896	-319.615945
2156	-346.827596	-343.777374
1970	-362.897428	-367.940136
222	-412.548009	-389.848870
2995	-381.584942	-351.911819
537	-361.731930	-356.369842
3170	-271.626697	-264.854609
904	-345.608456	-334.872529
3814	-361.745554	-380.112789
1130	-346.826923	-333.161824
1587	-322.133444	-324.965405
1616	-272.539058	-272.246467
2871	-308.460407	-310.766581
1078	-309.738888	-314.664618
45	-266.615452	-251.572215
1018	-354.272548	-352.912217
752	-324.557693	-317.107010
3454	-376.600944	-364.680161
3620	-359.351415	-363.364284
2348	-285.253877	-298.641303
1445	-396.491525	-386.864942
3776	-320.773105	-324.272135
28	-324.630221	-322.206000
247	-304.688358	-301.474376
3418	-308.467120	-307.277411
959	-492.026657	-514.381246
3455	-270.401061	-284.427653
3805	-309.680682	-307.260249
1973	-340.637231	-316.537936
2592	-308.486071	-297.938356
3605	-372.755216	-362.695108
1707	-288.590006	-283.913341
2426	-340.650391	-328.991243
121	-361.711483	-376.804420
1217	-325.773675	-331.253151
991	-345.602096	-326.102928
170	-340.667287	-333.862610
51	-283.168740	-310.162251
3985	-324.548763	-312.870750
2278	-345.650717	-333.094575
451	-362.932378	-385.572417
1709	-326.941251	-320.644883
886	-304.728323	-300.598131
2307	-346.859945	-357.272013
382	-344.494711	-325.904267
95	-351.666551	-331.259436
962	-376.587043	-375.569925
1871	-306.406578	-315.774299
848	-309.744522	-328.991431
1829	-382.804482	-396.924035
3262	-235.693825	-221.247675
1367	-325.812267	-318.662419
2168	-310.899911	-301.631148
3529	-341.843027	-334.225235
2195	-289.873479	-278.350898
2971	-312.131841	-305.227353
3672	-309.689612	-303.151632
2353	-281.504579	-279.517833
663	-323.347275	-321.381367
1282	-346.860539	-319.042431
411	-397.680771	-402.424176
1040	-268.307873	-222.141374
1137	-271.622539	-281.899596
1789	-310.905299	-312.976788
1894	-360.532510	-351.932996
406	-359.295180	-354.401643
92	-301.343578	-298.051741
1456	-308.496384	-317.537739
3215	-320.793270	-317.524908
1583	-345.655509	-334.982554
3701	-248.211932	-234.604040
1832	-309.737802	-310.923171
2039	-360.553317	-362.785839
801	-273.763117	-273.178148
367	-360.491873	-373.614743
1341	-301.373831	-296.168717
1958	-340.595950	-342.594208
2508	-324.574476	-326.091210
1406	-375.394844	-333.162497
2818	-335.618370	-338.814567
2870	-289.872470	-304.549259
777	-307.544712	-296.714831
3453	-321.254976	-296.713132
2682	-324.528297	-315.315435
3735	-360.522940	-361.511713
2683	-309.686061	-305.913360
250	-360.538828	-364.356842
2403	-326.955365	-318.353171
1695	-344.411060	-359.513021
604	-320.777491	-332.521237
1913	-310.912131	-311.386753
685	-320.029854	-340.812469
3742	-271.272557	-263.959946
1648	-345.660642	-361.105686
1972	-233.542445	-211.339024
2253	-325.818163	-334.125252
244	-346.835129	-348.137562
3003	-325.798735	-328.633271
2105	-335.635972	-333.731162
1048	-286.495416	-298.277905
3427	-325.793904	-321.850710
3542	-344.409533	-344.889363
350	-320.793580	-317.442051
2345	-342.329232	-354.450492
399	-304.735224	-315.486951
1645	-324.477059	-332.878883
877	-359.317823	-362.408704
3572	-322.172641	-320.045249
615	-345.676743	-344.478321
1856	-321.958301	-290.433153
3190	-232.325947	-246.524419
3378	-325.831718	-323.252112
148	-345.629933	-329.975467
2173	-304.678340	-300.089819
2660	-307.582044	-297.765125
2277	-383.973315	-407.375577
160	-309.685140	-306.478487
2709	-345.632155	-344.844960
2490	-343.078368	-352.919284
2951	-308.569129	-311.852085
1512	-346.839595	-319.005441
2308	-324.460752	-320.712927
749	-249.280474	-239.941792
709	-286.134079	-296.633895
1721	-339.479764	-338.817698
3462	-272.538255	-275.594237
2275	-312.122563	-275.249833
1250	-309.686189	-299.944484
495	-342.297848	-339.359775
3145	-324.570872	-314.242878
1862	-319.615129	-307.411003
1693	-234.474613	-229.964581
2321	-381.536295	-403.929863
1093	-325.718074	-318.860181
1823	-340.656176	-349.072182
158	-308.540079	-309.099794
2439	-324.485913	-317.400988
3973	-356.659922	-351.783881
270	-372.752005	-374.174294
3870	-345.605387	-356.058576
2225	-324.612179	-323.845972
3260	-345.595084	-346.676499
1262	-356.712023	-360.985156
3241	-319.515995	-321.209401
2631	-380.316551	-364.354643
3556	-276.202384	-251.625465
3439	-301.389192	-300.755174
1390	-340.660793	-339.617225
1498	-340.654582	-333.198012
1435	-193.963318	-208.731705
1734	-359.354596	-355.080932
869	-327.026488	-331.044215
1702	-251.727632	-231.317919
3434	-360.560766	-340.711075
440	-307.226474	-305.075993
2850	-288.580309	-284.889619
2334	-472.135006	-492.940636
2947	-355.510313	-353.212553
2127	-308.519863	-307.027713
377	-360.527122	-345.608307
683	-348.060054	-367.279308
2402	-235.696227	-221.261012
1908	-286.508233	-295.209661
698	-274.985880	-305.246577
2909	-361.687451	-370.797215
3962	-341.865856	-330.313857
450	-235.729507	-315.269378
2804	-344.433943	-338.461991
2604	-304.743934	-290.470978
1770	-309.719198	-291.951653
3161	-309.678595	-322.833609
3592	-323.367866	-330.916485
3052	-291.017787	-297.359290
433	-396.498209	-395.245207
3272	-173.147782	-160.800910
561	-264.226909	-271.422765
2713	-310.904631	-301.733404
2923	-325.801905	-321.559529
1945	-361.754136	-364.484385
129	-308.512092	-304.985452
1748	-288.688929	-294.813648
1987	-325.775071	-307.019403
1689	-336.823026	-362.594133
839	-302.254301	-287.923548
3683	-308.510782	-308.919086
3046	-322.057728	-299.195275
2933	-360.538112	-364.777914
2800	-287.478272	-290.314590
717	-380.401348	-387.088210
2568	-325.718022	-327.610742
763	-308.429953	-310.267521
994	-323.428670	-311.811398
3446	-306.044918	-308.473093
830	-320.767103	-305.278962
3019	-301.357437	-294.288797
2063	-344.402806	-342.386720
2428	-309.682996	-292.572157
1326	-266.616319	-259.542454
643	-345.663386	-336.147016
1836	-268.273739	-229.894900
3779	-308.476903	-293.076555
2491	-381.634033	-379.381577
2808	-340.646073	-346.479455
2740	-360.536920	-346.619937
2070	-114.483613	177.169917
88	-345.655534	-353.709210
3100	-361.716824	-356.273890
1314	-324.460304	-332.977606
369	-361.733362	-363.508085
1310	-307.529289	-323.011812
2268	-302.558547	-321.913479
1935	-361.677841	-347.003682
371	-380.374978	-373.396807
1604	-347.456674	-339.147794
632	-361.705069	-364.235283
2791	-194.254127	-152.373920
3961	-308.561152	-304.831743
2145	-346.844016	-334.441544
280	-271.324234	-286.206487
530	-360.503506	-352.469331
2236	-235.698987	-246.533542
3975	-309.693760	-292.343888
1727	-324.606977	-324.344818
785	-273.796695	-257.294489
681	-312.126544	-312.279621
3022	-234.455424	-227.229995
1931	-310.900102	-307.194919
3086	-360.507527	-363.053984
342	-323.351196	-290.829747
1045	-344.449852	-336.806145
295	-320.770299	-318.557433
3352	-272.834623	-274.973348
72	-325.720699	-309.632138
1536	-324.492974	-324.033241
3867	-356.726146	-360.313237
3031	-270.411205	-268.884798
2969	-286.484904	-294.156701
1700	-320.782427	-320.361479
3392	-361.774979	-356.260516
2093	-324.473588	-319.993223
2319	-271.316064	-276.136981
25	-309.712046	-292.024205
2422	-325.718957	-320.216949
1846	-344.370966	-361.771803
598	-193.088340	-182.636390
1114	-302.353948	-297.007559
1635	-360.520081	-367.323538
1568	-324.555249	-317.904159
897	-345.659998	-342.585556
3081	-302.557878	-308.693899
1492	-310.927319	-297.850105
1669	-287.426878	-282.954150
870	-345.646965	-343.278685
3340	-229.879598	-245.840375
2555	-287.427764	-292.961378
2651	-273.744309	-264.017619
755	-324.568345	-326.338809
1238	-360.499088	-357.782276
3090	-287.362939	-286.724271
2415	-340.676441	-342.383955
252	-305.913756	-292.811695
3847	-356.693135	-355.829820
407	-287.508781	-290.236891
577	-343.087962	-365.246227
3207	-355.520098	-357.646297
89	-249.259410	-255.415205
3874	-323.344889	-323.088785
3604	-273.812100	-270.416275
1379	-325.731549	-347.298923
2977	-310.909944	-331.901999
2801	-310.932716	-311.588633
1320	-340.656628	-343.873821
1052	-361.770383	-352.189380
858	-340.661797	-335.853396
1549	-340.689515	-329.584678
1760	-326.940002	-312.370172
1848	-273.769835	-263.579698
3695	-309.651827	-308.384988
203	-340.663148	-337.741162
3861	-234.486176	-251.721108
1300	-324.595031	-333.418086
891	-325.767721	-326.310499
3234	-287.349937	-268.368598
2919	-340.635773	-346.881506
1123	-375.393636	-348.687958
2743	-234.516409	-244.953467
1671	-309.708282	-315.107389
58	-304.683044	-298.079397
1772	-361.717972	-349.734422
334	-245.983375	-254.267414
1885	-345.647670	-338.607983
2155	-343.243883	-332.907276
3099	-324.530718	-308.631714
234	-308.467880	-309.856716
62	-309.677968	-306.003890
2441	-310.909223	-331.889281
3535	-323.235679	-324.018899
3409	-356.696744	-360.900075
2565	-345.591597	-338.657455
3942	-287.507193	-284.423249
3660	-288.651313	-289.927462
1073	-233.249538	-206.452260
757	-345.678211	-351.343156
1561	-325.749687	-345.307677
2562	-375.357530	-374.544806
3920	-319.574905	-315.996874
1563	-376.575382	-379.349527
261	-310.905322	-307.163375
3339	-356.699649	-350.457417
3576	-325.729906	-334.488829
2291	-286.514923	-292.533838
2037	-345.620113	-351.756757
3314	-305.846541	-313.927686
734	-233.242250	-235.643649
2148	-309.718089	-317.828431
3946	-286.438084	-285.512115
932	-361.764881	-354.248130
321	-324.604397	-334.997051
322	-346.832352	-362.796468
2845	-307.602080	-312.402988
3358	-326.934987	-327.912359
2043	-344.484341	-367.067436
3403	-339.424322	-343.908008
468	-322.150234	-335.401578
1503	-327.014214	-327.757720
3798	-310.941861	-315.196084
1880	-346.873992	-340.800022
2349	-301.357553	-304.637094
3787	-381.580675	-376.261497
126	-274.991042	-284.208518
96	-375.359188	-369.422007
3091	-341.869641	-317.689997
1959	-324.603913	-333.309285
2543	-376.588479	-375.428883
2201	-452.728039	-459.429543
2221	-308.512137	-303.838758
704	-235.696677	-248.474833
132	-308.469258	-303.582972
1273	-355.513035	-356.687247
2050	-362.937518	-326.700852
2965	-344.689237	-336.930363
1188	-306.054267	-306.033566
2494	-274.984732	-291.953792
2367	-361.723620	-364.663870
2586	-191.810916	-174.196381
447	-271.627826	-263.145282
1577	-355.468067	-352.701742
722	-310.935212	-298.596189
540	-346.830523	-352.873338
2220	-272.538190	-259.643678
3364	-305.057353	-295.556855
671	-310.897268	-321.308414
3009	-307.265383	-320.081030
3938	-345.645388	-348.564037
2502	-309.685960	-304.561753
475	-304.691568	-304.944842
1082	-310.901659	-312.619208
3390	-309.736085	-320.166818
2566	-346.832253	-357.723365
52	-345.627428	-359.451930
93	-340.615011	-341.214144
1295	-346.829652	-346.684061
2929	-345.638912	-346.960858
1607	-303.462115	-306.778009
1538	-348.050463	-353.097198
3121	-344.419977	-351.437805
3010	-361.720579	-362.778087
