no_training:3000	no_test:993file identifier	 training data
2592	-308.486071
3075	-324.616343
831	-346.867207
347	-309.687405
1239	-356.710448
1320	-340.656628
629	-309.712115
1818	-371.535911
3787	-381.580675
3317	-269.177232
752	-324.557693
2058	-356.710498
3939	-317.386479
3081	-302.557878
3732	-320.774305
1559	-380.372123
70	-346.874234
3136	-340.660061
2258	-303.453218
543	-310.937295
1619	-340.600021
1822	-344.395150
3320	-310.952127
3560	-286.463470
1667	-323.323781
3348	-304.715963
2762	-306.370119
3090	-287.362939
1127	-345.659797
1005	-273.786179
3382	-341.145624
2791	-194.254127
760	-324.605411
3819	-397.692021
3982	-324.592116
2601	-333.464063
1557	-322.456250
3248	-322.477268
432	-344.390227
2266	-289.766576
1496	-268.248371
1351	-309.733696
393	-323.334482
688	-324.491475
1279	-377.837977
286	-324.563745
1839	-355.496901
2064	-309.687401
3429	-274.987297
3936	-326.951067
3823	-303.527274
2615	-360.501085
2094	-325.812885
153	-347.466594
2393	-324.608961
3969	-324.609784
1140	-304.683966
2568	-325.718022
3238	-340.667053
686	-391.370332
958	-302.599262
3107	-281.504745
779	-356.732185
1702	-251.727632
1812	-307.275809
2364	-360.507160
3989	-272.542369
3520	-325.752207
2235	-318.409670
1197	-308.462932
3215	-320.793270
2939	-352.864008
3266	-287.736841
2588	-376.538277
1192	-326.947461
2096	-345.661705
3861	-234.486176
3258	-324.473847
1111	-335.656557
3685	-381.602419
2842	-308.450204
3172	-274.982310
1525	-345.608193
2255	-360.513163
2680	-340.664901
446	-305.831164
3613	-308.483617
960	-310.940611
1538	-348.050463
3542	-344.409533
3958	-291.015785
174	-229.928448
1866	-310.940708
3649	-343.292778
1451	-348.052763
3630	-287.660591
3897	-324.519277
1938	-341.826148
542	-382.793238
1888	-276.201993
3956	-345.698757
197	-233.549368
2812	-381.619786
2254	-359.388326
2628	-359.341296
1379	-325.731549
3826	-372.742383
1884	-307.577822
2898	-310.940190
3850	-308.528193
1895	-324.551432
3095	-339.431197
3307	-318.647923
2751	-273.787799
2676	-325.784384
1323	-289.811983
104	-360.574432
1576	-247.184334
3270	-273.788787
920	-281.489179
3662	-360.469577
3572	-322.172641
3942	-287.507193
1726	-381.506605
971	-324.624537
1777	-265.408147
1342	-361.712098
1462	-312.136049
729	-343.084333
1912	-310.915653
3083	-381.591448
1164	-340.611734
3500	-323.345473
1562	-309.676327
974	-303.468081
3232	-345.686487
808	-320.774349
2197	-309.684327
2053	-320.769272
1075	-325.751822
1444	-304.691748
3135	-272.569212
487	-307.223588
3808	-345.614760
3948	-340.614465
2854	-325.810616
2137	-324.588239
312	-234.485640
3437	-288.585212
2335	-346.825562
1697	-345.613396
1454	-288.652757
1329	-309.710338
2116	-340.646768
897	-345.659998
175	-361.754326
3290	-341.859618
275	-344.442225
3841	-371.541704
3066	-345.688382
554	-340.688787
696	-356.709466
3147	-338.530072
1666	-289.872246
340	-273.789697
1347	-359.361259
352	-288.557016
1613	-346.890723
1357	-375.307060
3014	-269.263802
550	-319.568017
1003	-308.516378
289	-321.949791
3067	-271.304881
3889	-360.533387
1701	-344.428649
2011	-270.099401
1194	-381.612648
3396	-273.815873
1785	-273.751900
722	-310.935212
184	-322.436757
1755	-304.686811
3811	-274.982348
2655	-235.723792
2581	-234.469389
3510	-340.674744
1840	-360.536972
1515	-360.502298
1950	-232.331230
2316	-306.361448
3170	-271.626697
1724	-381.594558
405	-273.804251
2613	-338.214346
1574	-245.997884
374	-372.796889
1821	-308.473320
3750	-346.838572
1158	-268.251114
1119	-304.733360
1511	-271.315027
1685	-338.273553
1021	-232.328175
2717	-309.726244
3595	-345.600227
1520	-309.728493
1247	-325.770105
3498	-381.585231
1700	-320.782427
206	-309.688611
1174	-345.614442
1954	-226.144377
1966	-302.558699
3040	-360.506446
3764	-308.483519
1036	-340.609236
69	-265.441614
3421	-324.571081
984	-248.443503
547	-360.540793
3940	-308.464824
3839	-231.155780
3114	-309.692389
1761	-376.622507
3577	-361.716705
318	-310.954514
1477	-303.462312
2350	-341.853951
733	-345.660927
3888	-323.359825
3423	-308.555641
1609	-210.001565
3311	-344.433172
2900	-272.554670
1033	-339.482903
2749	-340.645995
3592	-323.367866
3084	-325.781161
1162	-309.684472
552	-340.639366
1126	-270.392715
2918	-271.326117
3299	-325.725069
1270	-307.571937
2111	-348.048744
3640	-309.692577
493	-336.819674
2458	-361.683558
1625	-320.776082
1736	-273.764207
2583	-346.859078
818	-387.475673
3530	-309.739069
180	-360.505528
82	-309.701458
3950	-270.439135
3250	-360.517106
622	-341.886905
658	-307.234503
2320	-362.876210
3917	-274.985822
2494	-274.984732
1624	-340.670034
3412	-335.628480
3366	-323.268818
1681	-310.908780
383	-361.702346
3979	-345.651111
2044	-373.173910
2239	-346.823312
1902	-324.615795
2984	-362.935648
3354	-360.529236
799	-310.910909
3267	-320.776472
2209	-382.781841
3048	-381.616883
1288	-324.635136
1312	-381.612501
2356	-323.346816
3547	-324.582904
416	-271.318448
2251	-430.448052
3525	-340.662316
1250	-309.686189
3051	-192.736096
2461	-269.170508
2959	-289.795007
3288	-348.045786
859	-308.468407
3964	-336.853985
2873	-307.545713
1903	-309.678054
556	-272.600604
1020	-303.566436
13	-360.526646
1648	-345.660642
2165	-319.567241
1144	-264.255612
2944	-309.687280
1493	-335.643923
2127	-308.519863
1479	-309.677142
2056	-325.729141
3511	-324.552260
1388	-250.583643
1591	-249.397368
1015	-344.454928
3394	-376.613178
3700	-361.717469
305	-346.859213
3869	-324.525580
361	-376.622353
3385	-324.583090
1744	-288.535621
2690	-231.093096
534	-324.575799
3318	-308.513124
3049	-324.610004
2203	-310.911529
1964	-309.726463
385	-305.159206
1555	-324.529724
1810	-288.653294
2136	-263.278851
2702	-309.685148
2683	-309.686061
708	-306.313133
151	-270.397623
2192	-307.232824
3286	-361.731914
1973	-340.637231
529	-309.725786
2146	-310.932540
1371	-288.596392
3019	-301.357437
3375	-324.594534
3925	-325.718488
1756	-326.935440
265	-236.916125
3027	-336.811099
2468	-307.193849
1771	-287.657053
363	-320.778723
3398	-304.686259
995	-360.542928
1535	-324.463541
3518	-340.655390
1135	-310.903412
1334	-273.765782
857	-245.711897
768	-193.039603
3142	-376.617653
1316	-361.652250
3481	-357.941534
3818	-308.470796
860	-397.697425
295	-320.770299
366	-324.576206
2421	-249.395323
2550	-271.628346
459	-348.056615
65	-312.125621
2766	-285.279992
1333	-270.359564
3448	-324.634377
415	-309.692626
3665	-323.329494
2033	-310.919833
3963	-271.323381
2159	-324.581067
3792	-360.525610
1873	-346.842529
593	-303.525517
3745	-310.912788
3967	-273.758273
1887	-361.696319
470	-303.460335
2207	-301.330754
681	-312.126544
3182	-287.440436
2708	-308.512758
3140	-284.987905
1682	-269.215705
3293	-360.535142
2520	-307.284294
3322	-272.536448
561	-264.226909
2071	-246.029150
1330	-324.575010
2967	-305.841708
3371	-286.517424
954	-324.612244
2436	-308.473229
1864	-312.133063
3064	-326.983087
572	-356.752533
1146	-339.465889
26	-301.359287
3875	-309.655400
3345	-312.120708
1141	-115.679136
2846	-273.780933
2566	-346.832253
42	-376.564691
2284	-359.298380
3626	-310.902465
3097	-309.716094
439	-288.690999
3927	-323.326298
2637	-325.687098
2632	-306.344083
3157	-335.619981
2063	-344.402806
3960	-336.825944
2363	-324.610150
1545	-308.468255
3338	-308.466631
1092	-360.552974
1856	-321.958301
2836	-345.652670
3247	-360.531175
48	-304.689512
2100	-343.199390
991	-345.602096
131	-345.603479
1256	-312.119596
1188	-306.054267
1521	-323.665247
2004	-346.839235
2006	-339.486095
1418	-325.725274
590	-346.857871
430	-307.543210
2522	-307.545457
2292	-343.246371
3453	-321.254976
3920	-319.574905
2648	-325.728744
3358	-326.934987
2686	-340.697732
3327	-348.059242
2229	-319.560814
2587	-376.609234
2189	-325.762375
2863	-287.423372
9	-344.468531
1040	-268.307873
476	-397.686127
3537	-346.860694
1504	-360.489720
2415	-340.676441
401	-325.712603
2704	-320.786981
3276	-344.508729
339	-356.705991
1148	-284.062954
1734	-359.354596
731	-355.501990
2624	-309.699280
356	-372.741729
3747	-324.521162
986	-347.459586
2161	-361.735863
2517	-308.462063
2314	-345.658870
3976	-273.765901
20	-270.370102
3561	-343.190300
4	-270.439280
1787	-325.795649
3928	-377.799358
3910	-309.703111
1099	-231.975652
2821	-308.511516
1514	-320.781098
3916	-273.810780
1228	-345.640969
2539	-321.276274
2400	-345.592410
2963	-287.651399
266	-308.477155
325	-345.637577
3144	-308.472241
2935	-297.516418
379	-391.337881
1276	-340.667317
1391	-323.317575
499	-340.611683
1486	-380.373644
2847	-307.566260
1163	-397.709232
1259	-288.590804
1626	-345.619567
3068	-306.015194
2445	-324.576679
2932	-285.320198
1278	-362.942040
3765	-453.654335
2640	-398.880824
881	-234.470813
3134	-271.319942
1579	-288.589020
376	-309.732528
2948	-382.790431
2580	-309.722373
659	-326.976670
123	-269.263476
3955	-323.391458
3265	-324.569062
2132	-377.826580
3647	-325.794522
2819	-360.551444
3790	-286.502445
3983	-322.115604
2157	-309.686797
915	-304.734226
283	-355.460155
2499	-376.539208
1846	-344.370966
1390	-340.660793
2560	-339.452794
545	-356.698773
1852	-309.685790
2937	-324.573883
844	-324.606050
3466	-325.794624
2907	-344.466563
222	-412.548009
72	-325.720699
1121	-333.449362
2319	-271.316064
3991	-372.765028
1358	-340.682075
2726	-324.475651
3748	-376.556657
2745	-322.118085
1899	-308.478846
485	-250.585183
3844	-308.450468
2252	-382.779570
2498	-288.539500
3004	-288.652346
812	-308.509197
1533	-309.671865
220	-276.205821
50	-357.934562
3651	-303.463214
440	-307.226474
3845	-344.454717
1134	-343.068226
384	-343.291812
3760	-280.314080
855	-271.614051
1384	-361.755719
501	-345.630685
979	-309.713440
1006	-336.843788
3054	-269.129580
1297	-345.621773
2404	-323.340989
1791	-272.554824
2001	-346.833365
1084	-309.711894
1301	-309.679190
1004	-355.416555
3490	-359.315205
1180	-306.364186
3483	-308.500974
3753	-271.652242
290	-348.056024
2286	-309.728265
510	-234.491176
1045	-344.449852
2073	-345.600119
3069	-346.878430
297	-325.833945
229	-361.648305
2435	-229.013797
2425	-322.435505
115	-356.682218
2884	-324.471313
2164	-304.744503
3102	-310.903589
642	-234.476516
1498	-340.654582
1646	-340.684749
763	-308.429953
2135	-346.861074
581	-287.683128
3598	-340.671493
2059	-345.674176
323	-309.647349
1436	-375.359407
466	-382.782183
1727	-324.606977
3435	-361.728293
3127	-327.010419
2575	-308.759090
1289	-344.439723
3494	-324.573795
3858	-308.459001
1253	-312.126356
1869	-269.207716
2352	-288.589622
296	-345.688916
1894	-360.532510
2120	-381.630205
2764	-195.179738
1138	-308.444609
853	-76.404702
1091	-309.678344
100	-361.702143
431	-361.712798
420	-362.950092
1456	-308.496384
3971	-360.530885
2158	-340.663379
1542	-370.291993
3771	-309.655144
2148	-309.718089
3568	-308.468418
3433	-308.465425
1106	-231.106310
3931	-288.683173
1302	-339.445855
3873	-348.051405
3103	-340.631134
1984	-287.441165
2398	-319.533364
2532	-301.405558
839	-302.254301
2455	-344.431301
3730	-291.017996
1233	-265.440660
3282	-362.972786
707	-381.585428
607	-301.373496
1017	-308.419735
3574	-398.876124
1632	-340.673967
3094	-324.601619
745	-344.464270
3198	-288.680991
3418	-308.467120
2596	-339.467484
299	-195.196751
2553	-302.545562
2548	-340.654465
2267	-291.016020
2051	-325.790442
411	-397.680771
2798	-307.259167
3571	-309.676719
1421	-360.526142
3749	-249.363949
850	-271.623957
3703	-287.697316
3714	-265.398572
358	-272.544323
3601	-308.749822
303	-375.328197
3221	-308.477915
2092	-288.572051
1915	-361.705669
3617	-345.608658
1260	-270.417842
2200	-344.426799
2463	-288.576502
29	-344.425700
3695	-309.651827
2211	-340.648620
2143	-288.628466
1291	-285.276634
1901	-362.946498
1058	-324.585402
1857	-307.540766
3353	-324.514429
3101	-360.503577
1012	-266.609146
2814	-325.804528
2387	-391.391111
35	-343.197784
633	-325.759393
3793	-381.580932
3484	-341.890999
1747	-360.559076
3911	-345.639354
1536	-324.492974
2337	-324.588418
906	-383.969892
3315	-269.176979
2607	-275.007113
1225	-196.409349
3713	-325.748400
3296	-345.650105
2960	-271.360631
3794	-317.361117
1522	-324.485746
2989	-287.317913
2805	-272.587161
901	-270.446915
706	-303.481839
3427	-325.793904
3664	-269.219315
1368	-288.584029
3735	-360.522940
3047	-285.293918
819	-276.204532
3148	-324.567513
496	-377.794221
2723	-324.554067
1416	-308.514570
2659	-324.461004
1991	-285.282532
2962	-309.686114
375	-346.857432
479	-77.308427
3152	-335.591582
913	-352.855499
2983	-346.833689
3618	-309.731536
1053	-340.610046
533	-287.720383
994	-323.428670
1474	-340.654517
1482	-312.132386
3185	-348.053386
3304	-346.843297
796	-344.453746
3391	-306.403144
794	-248.143861
1189	-287.322957
1953	-308.457242
3291	-362.911941
758	-307.574899
57	-345.635513
2867	-361.734339
2875	-344.475122
1491	-344.421383
2336	-344.433499
1069	-375.370023
2966	-308.428791
2705	-270.384180
2411	-193.075202
1492	-310.927319
937	-306.397642
3213	-339.438949
1051	-346.860404
951	-307.548619
1891	-323.382399
3554	-309.689751
2496	-326.954795
1449	-308.507220
1989	-287.426977
3965	-273.764529
2313	-312.122262
3576	-325.729906
3681	-310.914919
3187	-272.591906
2556	-321.958604
2003	-324.579943
3380	-345.606939
422	-288.692943
3390	-309.736085
3919	-304.721921
908	-310.911406
1361	-346.840635
537	-361.731930
1166	-324.576650
1201	-224.944660
3922	-270.394284
3400	-289.799552
2452	-344.424745
522	-309.680641
1740	-376.599676
990	-309.684377
1022	-310.902683
3908	-272.847530
2818	-335.618370
1731	-381.565314
509	-307.238995
2889	-341.871347
2306	-287.354343
2885	-309.686862
916	-345.608831
780	-308.769557
3112	-327.021680
2418	-304.734646
2152	-308.540101
2448	-346.833271
321	-324.604397
164	-340.675814
215	-356.645883
1936	-360.564423
3476	-304.737418
900	-288.561991
1304	-356.679729
1161	-308.513516
1079	-287.347000
3207	-355.520098
1155	-272.838189
196	-341.759398
1970	-362.897428
3116	-312.128429
3562	-360.524672
902	-310.940195
3723	-345.597175
3281	-309.716743
726	-346.870614
2513	-345.631685
3328	-324.549529
2166	-343.239068
3720	-308.561301
1363	-355.525451
326	-236.917664
540	-346.830523
1346	-308.542644
203	-340.663148
1248	-304.732336
2519	-323.585680
3021	-360.495540
3217	-306.392828
604	-320.777491
130	-274.988525
3780	-323.320574
2181	-340.656656
216	-307.283509
1149	-325.796862
919	-272.589999
610	-324.629068
3987	-324.506120
1633	-247.201165
886	-304.728323
1305	-319.621560
2505	-344.440744
31	-359.310420
3460	-288.678290
3900	-308.465445
1886	-302.286171
157	-376.519880
2623	-235.700285
1365	-361.755045
1983	-320.792773
3336	-308.477672
117	-211.295163
1414	-377.797879
1375	-345.645053
837	-360.512026
3855	-304.746925
964	-291.014970
982	-307.235414
392	-345.637570
1065	-360.485823
2696	-353.269456
1753	-375.351387
2423	-338.238743
1925	-309.677276
3775	-324.576188
3766	-344.436564
1489	-266.777425
2179	-361.698233
5	-351.628383
400	-376.570473
2401	-263.280728
3509	-288.685117
2641	-270.394309
390	-306.070291
1627	-301.363590
1125	-285.292217
2388	-309.695742
2074	-285.300440
1440	-270.441325
304	-322.464725
3739	-324.566515
2931	-361.729140
246	-313.537245
3194	-301.367422
2864	-340.658990
1387	-361.698635
61	-308.462933
274	-272.539126
524	-308.507004
2730	-286.492223
1694	-273.743311
2472	-209.159302
3902	-382.757521
2734	-309.719592
1455	-381.570969
1974	-345.655745
3331	-233.545899
746	-273.802095
1911	-272.582516
2883	-308.757991
889	-272.539307
1897	-197.629387
558	-344.464151
3326	-381.616196
2825	-360.576433
2321	-381.536295
2988	-310.923406
2802	-325.804486
2491	-381.634033
2786	-327.009009
606	-343.235457
1621	-346.884834
538	-324.494520
1637	-343.503600
2571	-309.686348
1458	-288.648179
3953	-325.792503
809	-361.738091
2221	-308.512137
3849	-360.531172
3884	-323.333263
1546	-318.321510
2271	-310.916474
1949	-340.674935
255	-309.672030
1206	-342.315546
223	-339.501781
1880	-346.873992
925	-307.567279
333	-308.507517
3616	-225.221461
73	-233.293627
1708	-324.502429
1030	-309.683546
3335	-275.020322
3782	-262.035127
3837	-343.468335
609	-377.817369
3306	-361.650084
1310	-307.529289
822	-336.845442
1195	-285.287913
1757	-285.313612
2182	-340.610000
2429	-306.081547
74	-310.918822
2296	-309.691365
1101	-307.244627
3535	-323.235679
3833	-324.559324
3926	-325.748612
943	-303.497783
1588	-323.678800
2217	-344.408081
514	-309.685045
874	-271.611192
14	-302.238859
1435	-193.963318
1796	-307.536544
2531	-157.115484
3042	-269.468415
3389	-309.689740
3545	-310.915918
2101	-361.717364
1906	-324.613156
3693	-273.779498
1184	-286.506282
871	-309.680919
1712	-345.612640
864	-323.337623
3381	-309.731402
59	-248.430371
3610	-360.476593
660	-271.630416
1019	-327.016183
3978	-282.861121
619	-325.787161
2694	-317.396153
1732	-269.170665
2443	-288.547509
685	-320.029854
682	-302.303791
3359	-325.733758
310	-308.480308
137	-287.440932
413	-301.369263
1318	-310.897519
1876	-251.732828
3886	-270.388222
1117	-345.566120
513	-355.518342
612	-397.697891
2048	-235.699029
1804	-324.542706
3469	-356.686540
3650	-382.756764
1671	-309.708282
3541	-379.527167
3731	-310.913156
882	-169.557758
3820	-340.655117
661	-335.635079
101	-324.507184
2670	-326.934805
1067	-273.762417
924	-324.528533
2349	-301.357553
3622	-304.726439
1611	-348.044714
300	-324.602433
221	-310.917273
829	-310.909285
801	-273.763117
3727	-285.317454
639	-270.405973
1830	-345.641862
2442	-345.636611
3018	-345.638117
1494	-345.654016
3275	-308.757315
168	-325.810050
1488	-320.766344
1794	-325.712420
3180	-323.669200
2662	-345.635068
455	-340.664551
56	-345.599154
2713	-310.904631
1636	-233.551389
1219	-306.334850
2338	-268.888303
3203	-308.459279
2384	-281.469893
3859	-308.499978
2438	-392.565188
1286	-310.906869
2257	-307.238509
1088	-291.017433
2224	-307.568767
1871	-306.406578
3093	-334.424572
1686	-288.648208
1948	-195.158734
3860	-308.505267
1055	-345.681183
1916	-360.557411
3200	-265.433051
301	-324.570823
434	-338.195462
495	-342.297848
3985	-324.548763
3379	-273.761967
2126	-270.399529
1182	-304.738393
2744	-288.573110
3599	-308.482454
1277	-309.706892
2040	-317.409527
362	-289.871990
2610	-309.711468
3949	-359.301320
576	-345.655968
3672	-309.689612
2469	-270.392444
972	-341.869909
1405	-361.711854
398	-345.636145
2369	-273.760271
3470	-416.814878
2866	-344.431605
2929	-345.638912
2358	-322.169697
3894	-322.469844
2887	-345.641890
1662	-377.834156
507	-309.697879
1748	-288.688929
720	-381.594735
1100	-380.373569
3324	-345.641848
2908	-271.620997
802	-359.306313
3645	-304.681903
3800	-346.862839
1629	-272.526778
3690	-346.829378
1198	-308.449457
83	-344.434906
2432	-274.987245
980	-356.743821
966	-339.467091
2465	-339.464024
3565	-286.474509
623	-265.457424
1860	-308.507458
1331	-310.941319
1235	-265.447270
2712	-274.985024
1059	-303.436180
3514	-340.654233
2608	-306.369631
1922	-248.132701
883	-340.647778
2739	-362.946034
1191	-360.510716
1032	-346.816694
395	-234.447743
821	-307.566593
2719	-286.477365
3261	-232.025930
3495	-288.563768
2743	-234.516409
2724	-376.591176
1508	-308.462196
2850	-288.580309
754	-361.718210
2936	-324.504178
1896	-326.971392
1512	-346.839595
2299	-280.273691
402	-312.124533
1947	-303.533559
3212	-360.575745
3687	-325.793945
2856	-376.586976
3262	-235.693825
99	-336.813559
2487	-361.694757
37	-381.587333
34	-306.355655
3947	-382.782251
1640	-304.583737
2123	-327.010026
1879	-288.594527
2727	-271.330291
519	-309.687078
3789	-273.762938
806	-308.768073
2933	-360.538112
719	-309.693538
1872	-272.566631
1215	-335.566430
949	-344.463502
2950	-360.498298
2651	-273.744309
2193	-383.976576
1009	-266.763445
3984	-344.418857
1677	-344.412416
1392	-353.321142
2483	-322.158791
2619	-326.939536
1706	-382.777508
1721	-339.479764
412	-372.768039
1094	-304.696023
1599	-304.689816
3719	-320.742924
254	-285.284456
1551	-324.575851
3413	-308.440890
903	-309.685872
3724	-324.573480
2611	-346.824672
1442	-308.465594
18	-309.719641
1529	-354.275774
2772	-343.232602
3856	-306.313590
2007	-308.499105
3636	-324.624318
2656	-376.622509
2341	-377.784360
2036	-309.733888
3451	-319.606765
568	-303.458583
2572	-360.495461
3829	-323.654114
2354	-387.558484
1780	-345.606551
2129	-356.722498
3479	-265.289023
1863	-381.631601
3155	-376.605641
2792	-362.944759
2021	-346.818246
156	-288.654408
914	-361.707841
1592	-271.616430
1056	-271.618179
1659	-487.002792
3802	-356.724118
988	-341.827199
1439	-340.590431
1904	-304.752598
428	-324.570042
3128	-341.867138
3722	-308.759135
2471	-288.628801
1369	-392.662003
3449	-297.510804
2693	-340.638326
772	-381.599310
705	-362.953848
3549	-323.437779
3944	-381.563295
699	-307.243079
3419	-335.590859
2630	-282.871678
2528	-308.467760
793	-326.950540
863	-285.288405
113	-360.478880
2025	-249.363808
1151	-392.620909
664	-335.632054
2830	-325.800699
1689	-336.823026
3078	-383.966179
2246	-287.318502
1979	-308.462923
3575	-309.736328
2801	-310.932716
3667	-249.293044
684	-361.753989
1692	-362.862736
1343	-310.895432
248	-339.489875
1779	-288.583563
978	-324.545574
1024	-302.535621
3455	-270.401061
12	-377.816587
2697	-360.495788
3966	-376.570141
1362	-249.387499
3489	-308.508824
2002	-286.504040
2038	-348.056093
1150	-308.551121
3471	-416.384141
30	-325.717105
1516	-249.358446
241	-309.718177
97	-286.495035
2618	-361.768020
3553	-346.830674
492	-305.904760
3319	-376.604793
1993	-339.504090
2682	-324.528297
910	-270.384937
3086	-360.507527
2899	-310.930659
1234	-325.796704
939	-344.481802
1518	-309.683200
2372	-322.217569
2304	-286.431160
2957	-323.644468
2484	-344.359905
1190	-377.830859
3706	-345.687338
500	-308.452306
2514	-354.197108
3544	-312.133269
1842	-362.894239
2722	-344.423318
1643	-310.910140
2371	-307.253245
224	-324.628594
2768	-340.690205
544	-340.643340
3504	-308.561061
2806	-234.476081
484	-351.639205
1567	-356.714706
587	-307.283919
3383	-360.602876
961	-326.950279
2233	-319.556235
2173	-304.678340
3941	-231.108368
3809	-310.902628
776	-325.781815
2504	-325.805550
328	-310.911163
2417	-336.838171
1011	-310.942660
1604	-347.456674
770	-381.612946
3295	-231.069318
397	-288.630839
3496	-302.303890
1142	-309.702591
46	-372.766726
3368	-308.496367
3119	-301.090914
80	-392.672883
3229	-271.614305
468	-322.150234
765	-317.447668
1790	-345.664882
277	-302.288351
1642	-344.345376
3905	-395.515911
527	-324.629301
1874	-416.367317
1654	-360.518768
628	-325.726991
3761	-352.866322
2434	-377.845502
884	-276.202586
3762	-351.646368
2256	-303.503801
3168	-323.614890
443	-325.754109
16	-273.806874
3972	-359.339915
992	-377.811306
1981	-306.313924
2828	-232.030352
2451	-359.328735
3013	-346.883127
691	-361.734668
2715	-345.709596
1453	-309.720334
1355	-361.727678
3070	-281.491976
158	-308.540079
3946	-286.438084
3611	-324.577560
764	-233.560626
475	-304.691568
186	-340.606711
3539	-324.625415
152	-306.286325
182	-324.474954
1673	-309.733829
3099	-324.530718
3862	-271.646263
2921	-310.904813
2347	-308.476587
228	-346.859384
288	-355.557059
3506	-320.804155
791	-309.662433
2428	-309.682996
2515	-323.341413
3079	-270.401391
78	-270.472470
1082	-310.901659
1751	-339.469166
1205	-304.682331
2775	-382.812383
2891	-308.511094
851	-270.117027
2142	-324.624987
657	-270.392759
2087	-286.484121
3292	-326.937372
3402	-234.522504
237	-268.287661
394	-344.385642
3892	-271.608843
1208	-345.608535
3189	-324.510378
2355	-336.816043
3795	-310.908453
3563	-227.798785
827	-303.556664
1549	-340.689515
2109	-321.219665
1705	-286.218259
1696	-320.785074
2915	-344.371144
2141	-307.287454
302	-340.632285
3397	-356.702115
2431	-309.684774
136	-343.240623
2365	-345.689766
441	-380.414967
559	-362.935404
1344	-341.767606
875	-376.554863
2145	-346.844016
2138	-340.684371
2910	-307.536915
3550	-341.825957
748	-324.572987
2709	-345.632155
697	-340.621200
885	-324.623780
2665	-348.031230
2555	-287.427764
3422	-340.663929
2837	-325.730097
887	-361.720206
47	-247.225618
3287	-271.458576
648	-287.422111
3679	-320.794248
3205	-341.842686
2742	-348.048844
1674	-360.499243
1295	-346.829652
3022	-234.455424
2559	-319.571638
1383	-344.398797
517	-344.434827
2019	-340.659620
498	-273.791878
3268	-324.562156
3692	-281.505078
2449	-341.841190
454	-265.283843
122	-339.419649
1244	-345.616998
2707	-310.915408
2882	-322.444150
2282	-375.368783
1581	-345.660520
3634	-340.646592
2695	-346.871133
235	-270.375081
294	-308.506421
7	-309.722879
2533	-265.438520
2728	-304.742823
3624	-324.614194
92	-301.343578
2391	-310.927566
2309	-272.583285
3410	-271.316922
3143	-286.432042
1766	-270.387395
3783	-310.912792
1068	-308.470010
2291	-286.514923
3655	-287.379629
663	-323.347275
1550	-301.345683
480	-325.760797
1110	-325.781398
1282	-346.860539
891	-325.767721
2796	-345.678871
1394	-396.500849
2579	-273.765811
1284	-320.761539
1809	-324.559733
3986	-355.516778
614	-383.982605
1332	-209.144909
567	-339.489014
2080	-325.793131
2518	-360.566272
147	-345.615452
3552	-325.793166
701	-265.396194
2869	-306.113519
2078	-324.575989
1573	-233.255259
789	-324.581906
1630	-323.431776
1556	-340.659506
3300	-344.499155
3356	-270.447268
1749	-302.579654
1680	-377.842223
1971	-362.906662
2475	-381.524347
22	-324.575190
3301	-371.491061
3907	-291.017966
2681	-308.466840
1170	-310.895183
172	-282.667163
1226	-195.226072
2125	-310.908354
3756	-326.943546
879	-303.556846
3968	-287.425634
3310	-309.721850
1210	-340.641282
931	-361.763293
49	-396.507540
3442	-381.635659
2508	-324.574476
2024	-306.349032
2512	-346.823548
3005	-249.248680
2422	-325.718957
1553	-323.448965
1510	-322.425235
2711	-322.460671
1978	-281.485530
3125	-308.510840
1290	-345.660459
1499	-320.779994
1476	-308.455419
238	-233.253760
1586	-272.837559
3584	-281.484877
2668	-310.906004
1118	-306.032266
2912	-346.883119
2729	-323.315925
2015	-308.518276
3698	-360.508088
1614	-325.736331
1955	-339.498757
3934	-381.630276
2968	-310.909942
3864	-288.639421
2617	-248.151318
1875	-242.186010
767	-346.861463
263	-341.853650
1495	-286.516879
662	-341.843824
3264	-307.260972
1940	-334.429558
2228	-308.518356
3981	-249.257629
1807	-344.469516
1169	-346.819305
2289	-325.766945
2992	-343.202564
3491	-361.750275
132	-308.469258
1644	-325.774769
306	-307.335530
95	-351.666551
3773	-345.602641
1843	-362.899677
3325	-341.836362
1526	-269.267574
1713	-323.381747
307	-302.239101
1658	-287.337578
3121	-344.419977
922	-272.844560
478	-119.052475
403	-272.843742
1249	-272.543724
680	-325.806369
120	-323.345161
2212	-346.837271
2342	-309.680487
1322	-271.619912
2688	-284.964138
2199	-377.815601
2760	-155.908941
732	-327.023478
1845	-302.309526
257	-324.569867
1434	-344.482088
1932	-310.911279
3666	-309.735874
2769	-376.563238
2738	-324.555069
3459	-346.831382
1589	-324.608694
3880	-357.942023
58	-304.683044
2227	-356.712771
2122	-348.040439
528	-288.538806
1802	-361.715983
2509	-344.380267
276	-380.379743
2510	-325.797299
453	-375.430225
1315	-288.533780
735	-309.716570
3228	-381.648857
3515	-346.852204
3165	-356.724041
3454	-376.600944
2107	-325.766177
3227	-348.043668
3772	-356.752251
3643	-309.660190
1214	-341.865386
2196	-338.559964
1668	-344.433140
3039	-341.851538
3041	-345.692143
1353	-359.297643
1466	-340.657975
3117	-346.824942
2447	-323.330261
665	-288.571762
2525	-324.569051
2843	-308.509454
2140	-325.715372
2981	-327.026688
1960	-345.602645
781	-362.918463
155	-324.571682
743	-309.719124
532	-344.369744
346	-307.586014
1524	-272.550818
894	-338.247875
3392	-361.774979
2131	-320.777849
3458	-345.693035
592	-307.614861
1939	-242.205627
3538	-271.350701
3260	-345.595084
3887	-242.196351
1743	-346.856186
3567	-309.693494
2923	-325.801905
489	-356.745773
445	-319.610687
170	-340.667287
291	-304.683134
2329	-324.557240
2746	-247.190194
1560	-340.645686
1252	-301.395982
423	-304.694187
1580	-271.339821
2706	-345.667357
3529	-341.843027
1209	-392.612820
2069	-346.855971
3016	-309.730329
3003	-325.798735
1502	-340.679724
91	-275.011437
508	-325.801512
824	-310.952875
647	-338.268974
3023	-323.343769
1400	-306.067385
2780	-272.545389
3593	-304.614300
1105	-302.306944
535	-248.416462
3786	-308.759185
1152	-308.448572
3806	-309.676410
1299	-348.043466
1675	-271.277972
1401	-307.265351
1262	-356.712023
2028	-346.821466
1399	-341.826906
1345	-376.540686
3060	-270.441145
2456	-345.610758
3804	-324.573632
2023	-317.402836
1081	-310.912796
1572	-322.170570
2450	-312.124760
1764	-304.725676
3578	-286.432515
3688	-322.476720
1823	-340.656176
2114	-307.528446
3123	-309.702150
727	-272.562906
3653	-309.763576
2785	-310.915445
1603	-232.363630
3130	-270.427802
1841	-325.788368
3557	-344.382663
1013	-271.300649
2072	-344.431636
813	-361.733052
1471	-346.857623
1931	-310.900102
2631	-380.316551
2700	-304.687547
3874	-323.344889
3895	-325.808333
525	-273.812813
368	-345.595021
2	-324.551643
217	-271.648392
1578	-233.217482
3757	-281.482952
2275	-312.122563
2416	-344.406447
3133	-356.679691
2467	-325.805017
2599	-355.457663
1905	-231.145151
3279	-356.732861
1420	-286.516174
999	-308.512721
836	-324.606601
320	-232.333410
3374	-324.551244
253	-305.838224
848	-309.744522
2594	-335.586914
2075	-345.606444
3516	-324.634527
3055	-285.313284
32	-287.509315
1465	-382.796989
1892	-382.805933
3924	-270.393737
2029	-380.417684
201	-308.561649
2188	-288.690060
2333	-338.234590
2303	-309.719920
2249	-392.653825
313	-361.721849
469	-325.775843
3332	-376.610619
673	-345.680831
861	-360.488871
892	-288.621895
2049	-344.463291
2573	-307.303421
1691	-272.595294
2922	-352.890573
3814	-361.745554
753	-361.710299
105	-309.727110
1855	-360.497728
2829	-340.622886
2642	-324.578146
968	-308.470667
3988	-309.707600
2633	-324.627681
2112	-304.729640
1602	-318.339586
1716	-325.784331
3992	-319.576017
634	-154.960361
624	-312.119017
805	-309.658574
1131	-324.580815
2878	-285.336744
367	-360.491873
2027	-376.585000
2506	-307.526911
2920	-326.952797
189	-322.167165
2346	-310.909551
562	-456.105229
1370	-242.180146
1541	-310.912991
268	-362.957295
256	-308.741915
710	-340.625597
3721	-284.372483
3639	-345.680996
2237	-325.784144
427	-382.798099
1607	-303.462115
2955	-346.822341
1459	-306.320451
2946	-345.649552
1660	-274.985107
784	-377.848074
2947	-355.510313
3408	-287.661454
1086	-272.587059
1432	-324.522792
2171	-359.346839
893	-232.317400
2542	-326.951186
259	-309.735245
847	-324.608363
3046	-322.057728
3314	-305.846541
1060	-345.713205
3573	-325.730390
1704	-274.984793
1377	-325.768959
1281	-308.457113
3603	-326.952955
1294	-345.612830
876	-325.807685
3742	-271.272557
1816	-344.357220
1774	-324.585556
3521	-342.324182
2214	-245.994065
643	-345.663386
3386	-309.684862
1566	-380.438011
846	-270.434394
3446	-306.044918
2185	-344.343476
424	-309.717380
2755	-381.595252
191	-307.610450
1584	-251.727102
2497	-325.763216
2147	-382.781806
1076	-361.656187
311	-287.724713
1608	-361.758032
790	-341.836780
3912	-308.435951
2778	-325.711441
1160	-286.467220
856	-324.568212
2872	-288.581144
1919	-407.364323
2433	-324.552283
2383	-324.593866
3361	-324.558989
75	-381.566310
3974	-323.433262
3587	-322.421320
564	-272.569586
3316	-264.261826
2721	-271.401725
1639	-345.640072
515	-287.727890
983	-341.851447
3074	-272.553250
815	-285.324641
2776	-313.573888
969	-325.797425
2650	-361.727711
2288	-345.612787
1452	-308.467331
473	-346.828378
2940	-339.418028
1921	-310.904960
159	-273.773408
2524	-392.642251
946	-324.577279
3063	-317.413890
3959	-305.831035
1132	-310.938583
2534	-362.960595
3323	-232.335768
2544	-381.632480
1083	-309.726295
491	-287.737498
868	-312.124574
1171	-325.721867
520	-309.720011
1898	-360.497612
1924	-340.591587
2079	-363.517297
345	-309.704732
2645	-362.923114
474	-281.476832
2804	-344.433943
396	-372.782655
1238	-360.499088
2971	-312.131841
41	-345.649146
1473	-340.678945
2574	-273.812881
193	-307.285557
1509	-345.612220
2043	-344.484341
1523	-340.646229
1175	-361.742598
449	-325.753993
1610	-196.406419
1395	-375.348487
1475	-362.957353
1116	-356.691214
1041	-371.504707
3001	-270.386138
1109	-333.411326
2150	-324.570860
2784	-273.803873
1778	-305.036659
862	-361.764434
783	-273.806375
3387	-309.727603
2643	-372.711859
121	-361.711483
2698	-344.434438
1177	-325.808092
2644	-320.786990
2658	-308.461040
2720	-231.102112
2198	-382.804255
1183	-325.750970
2119	-323.665987
3796	-341.875439
351	-345.625747
1457	-288.573089
2453	-268.273240
835	-320.740782
741	-344.434318
2652	-317.377404
343	-360.502305
536	-323.348544
2168	-310.899911
1490	-309.691591
94	-362.955075
1811	-346.855968
2756	-153.742562
1767	-285.277900
3798	-310.941861
2046	-286.493052
3190	-232.325947
730	-336.821088
2980	-274.983908
3513	-340.637067
1606	-308.462382
3211	-310.908555
1994	-383.983835
1870	-309.686187
269	-325.729080
66	-337.302324
1367	-325.812267
2853	-325.794835
3038	-288.542113
1221	-344.436348
3376	-273.775510
3138	-345.651520
989	-272.839582
888	-323.328290
460	-360.488733
2454	-288.578155
2809	-344.506029
1267	-341.841438
2083	-322.434119
3612	-309.738513
3838	-271.318933
2269	-308.452310
1930	-341.835805
1404	-346.883049
3621	-346.815715
1341	-301.373831
2156	-346.827596
3600	-325.781571
2563	-247.215049
3930	-338.542975
1378	-346.867789
3682	-291.017820
1240	-310.907666
1733	-322.169100
1263	-345.642008
1615	-287.344000
1709	-326.941251
3259	-359.368793
2017	-310.940345
3061	-392.552088
3377	-360.549337
2750	-268.301176
3882	-194.261089
1145	-312.129019
546	-306.365166
1095	-324.603415
2914	-270.422403
3929	-321.233569
3686	-344.462681
618	-308.467888
3497	-392.627857
190	-354.290746
981	-303.499320
3253	-281.476938
2964	-362.945907
1587	-322.133444
2218	-325.756157
1946	-346.841836
2890	-309.738198
2278	-345.650717
234	-308.467880
3037	-288.567911
1413	-247.214861
2426	-340.650391
944	-320.766684
3746	-309.736797
452	-324.575287
2564	-325.789398
1356	-271.372094
1437	-376.547304
3008	-323.359336
718	-392.601894
957	-360.490486
3388	-271.606364
3676	-346.840522
909	-325.789320
2874	-309.725707
2412	-310.904086
3493	-232.333258
2208	-286.486509
1338	-320.793141
3486	-437.484875
2569	-281.476967
2576	-306.418503
1044	-304.687053
3608	-372.729173
511	-320.778636
177	-362.872710
369	-361.733362
3456	-276.206318
1028	-360.421732
378	-356.705084
1678	-310.955296
551	-382.817123
1074	-304.697680
3100	-361.716824
1049	-323.336196
2030	-273.804223
2810	-273.763107
2629	-356.679047
3633	-380.412093
2225	-324.612179
2230	-262.056533
523	-345.565792
1850	-323.407987
2634	-326.927446
3717	-275.014300
810	-269.144656
2315	-273.793520
324	-307.534482
766	-312.133805
348	-196.432825
135	-301.341304
1352	-304.677606
2797	-345.646914
3404	-309.733988
3832	-346.836423
3767	-324.568597
2949	-346.838702
2220	-272.538190
506	-234.516241
43	-319.572842
1433	-325.729800
417	-344.440065
1868	-326.949224
1772	-361.717972
3006	-308.470648
2283	-231.111403
3835	-309.693085
3842	-376.587741
1952	-344.408452
1805	-344.380468
586	-376.582598
2557	-273.774103
625	-308.514390
2725	-269.218553
3501	-318.409788
905	-360.513668
2789	-340.629283
1385	-309.679840
2317	-308.503515
1306	-288.682324
2055	-304.724717
3770	-272.544060
3378	-325.831718
3758	-272.557350
1513	-306.368494
293	-377.807580
3707	-271.620156
1801	-301.335636
134	-308.516376
3341	-291.021228
2010	-323.385837
3407	-343.517848
38	-309.736982
231	-346.860243
2026	-272.837907
2790	-287.732329
2585	-249.269471
934	-345.650323
1631	-345.642285
2169	-356.733974
728	-309.678404
3915	-309.687698
2928	-324.540084
3694	-338.246643
2367	-361.723620
2160	-345.674929
2927	-324.500425
1128	-361.695007
2018	-286.492357
1976	-346.831692
1026	-325.765414
2811	-326.944158
3740	-356.684693
869	-327.026488
437	-309.705971
52	-345.627428
3210	-336.808333
3029	-285.281493
2409	-324.595526
464	-324.485629
3475	-321.247305
1178	-382.751729
1770	-309.719198
3220	-273.806349
2402	-235.696227
756	-325.798888
965	-323.329385
1266	-324.582035
225	-346.842403
2664	-348.047695
360	-346.890881
124	-271.621961
1760	-326.940002
2344	-305.915175
672	-345.661057
1326	-266.616319
3169	-310.902849
2035	-249.294409
1136	-271.296056
119	-327.012568
2845	-307.602080
3166	-326.949535
3106	-273.735646
2838	-324.547436
1251	-322.482659
3668	-309.700336
1090	-272.500426
2183	-339.459869
1376	-348.053064
3743	-325.726182
2176	-345.608670
3417	-354.292460
3851	-326.998454
3779	-308.476903
252	-305.913756
3848	-324.564634
700	-310.938181
1483	-309.723988
2215	-289.795079
3349	-207.916786
2965	-344.689237
1337	-286.498779
872	-309.711438
102	-307.230370
2300	-453.655583
2800	-287.478272
1862	-319.615129
3426	-307.387663
3938	-345.645388
2222	-340.678668
2876	-360.574465
2545	-324.614082
3445	-286.508374
3072	-340.671263
2374	-285.279236
3559	-309.721434
3569	-272.588302
912	-323.344400
858	-340.661797
823	-361.732840
211	-357.939331
1349	-286.542391
2699	-346.864540
621	-310.899323
2149	-341.878745
3831	-451.528971
785	-273.796695
1122	-345.601318
2098	-327.020807
1806	-324.610229
1104	-287.315479
3161	-309.678595
3330	-323.360126
521	-262.065493
2765	-381.546975
1143	-367.635675
2202	-324.602888
1752	-296.265627
3457	-324.559213
98	-303.553222
2057	-288.540318
842	-360.514766
3273	-288.589678
1261	-268.282665
408	-208.863267
2446	-361.740252
3441	-372.686714
1570	-325.783642
3076	-247.198000
350	-320.793580
1071	-360.495618
3590	-340.660106
2870	-289.872470
3302	-324.577047
370	-356.698196
736	-325.799293
841	-361.736259
467	-273.793804
2045	-324.495988
676	-272.584377
3401	-338.175569
1222	-325.805865
1754	-269.221561
3499	-309.702237
2154	-360.512793
2020	-272.514099
1268	-344.411146
907	-381.607752
1303	-345.676156
1683	-346.829154
3881	-357.951284
262	-345.647032
690	-375.420808
334	-245.983375
2294	-341.831947
2817	-340.641240
2799	-340.702898
1847	-325.753767
359	-346.832402
942	-325.715957
3975	-309.693760
2060	-362.945811
761	-312.126820
3588	-272.549011
2062	-303.437471
3485	-324.614459
1052	-361.770383
281	-322.479769
3464	-234.470922
1910	-326.978724
1693	-234.474613
194	-308.496245
60	-382.768883
1196	-346.840727
3671	-326.941692
2893	-274.985796
1933	-270.396100
1600	-249.301818
187	-341.842120
1246	-318.406529
2099	-288.573876
2622	-346.829131
2009	-273.812948
723	-361.717032
1422	-361.728608
162	-232.324966
1340	-271.616723
3242	-397.707881
2474	-357.944802
2835	-362.925466
3918	-289.794194
3619	-325.779372
202	-226.160842
3333	-361.709769
1534	-340.632075
2479	-271.622821
3062	-381.573048
409	-306.383308
1307	-303.460433
877	-359.317823
3312	-323.647099
2089	-308.469081
1519	-352.874613
2128	-308.504896
1543	-323.360471
3580	-345.661657
865	-304.728720
1537	-309.692993
3524	-308.455477
1410	-273.759553
2616	-272.542567
2351	-304.614169
1402	-286.203815
389	-271.336957
713	-308.484017
261	-310.905322
2952	-308.511290
1987	-325.775071
3774	-305.130184
751	-361.724921
1133	-308.517070
2380	-327.025010
199	-309.673895
3285	-247.192524
670	-324.618078
2295	-305.898313
1481	-376.634518
1819	-249.292101
1429	-288.579114
3805	-309.680682
854	-383.971058
3810	-372.726782
2880	-346.831172
270	-372.752005
1241	-345.608395
89	-249.259410
2247	-348.046805
2993	-346.825502
1185	-324.558175
674	-346.879260
3628	-272.509064
929	-272.832690
483	-309.705795
3935	-289.875063
2097	-345.639692
1883	-346.839066
1039	-360.575277
3436	-361.762744
693	-234.520624
2088	-362.871515
3181	-307.209274
3430	-341.828533
1832	-309.737802
2990	-376.661483
2536	-273.758980
3196	-297.530335
2382	-380.343633
426	-362.933001
63	-287.377993
2598	-308.508949
3026	-250.478855
1181	-323.657279
3957	-307.291354
2731	-272.836211
1532	-309.731599
505	-338.531538
2490	-343.078368
3058	-247.214450
896	-323.312767
2526	-340.601771
3153	-340.622406
2361	-304.727460
1380	-288.625728
3091	-341.869641
133	-271.642927
3615	-210.071468
1710	-361.726166
2236	-235.698987
3272	-173.147782
1500	-345.609230
3531	-344.458268
3540	-321.236907
2974	-396.486691
2881	-345.594203
1577	-355.468067
3346	-318.327053
2691	-308.505543
3863	-346.804974
1073	-233.249538
1554	-320.728167
3416	-320.770681
3256	-153.459846
1223	-324.586663
1714	-132.718150
2649	-381.581036
3812	-271.623066
2039	-360.553317
3444	-289.794376
2392	-272.551442
655	-325.771459
3206	-346.853173
608	-309.688960
1335	-283.156647
2013	-343.195410
3219	-339.428557
1280	-356.683566
577	-343.087962
2187	-310.904927
342	-323.351196
2298	-270.396464
3305	-310.955141
456	-336.811524
2242	-362.870426
1698	-325.800949
1257	-346.855622
1848	-273.769835
1853	-359.314227
3342	-153.787612
3803	-287.351460
3131	-303.560907
2102	-361.723581
3057	-301.381127
695	-345.700085
11	-356.688211
3868	-360.526225
998	-302.306196
1679	-288.576381
1539	-382.755486
1834	-381.615289
814	-308.509272
2904	-302.545112
1443	-346.867442
230	-271.617434
926	-345.680086
2302	-492.008892
1364	-267.963366
3906	-309.685651
2794	-304.681399
2859	-362.909074
1431	-344.392695
636	-382.818623
3663	-344.446747
3151	-362.873906
588	-309.684571
1007	-235.694216
2370	-360.496984
1227	-322.155306
3585	-308.497008
3149	-372.694726
3726	-382.754967
671	-310.897268
3224	-286.504546
2687	-377.816463
3581	-319.540355
2547	-323.328581
3162	-324.546164
2343	-325.781464
3115	-340.620294
3002	-269.479234
116	-346.831175
852	-361.731511
2565	-345.591597
2121	-324.619773
1016	-305.129953
481	-307.573371
1882	-273.764420
1093	-325.718074
208	-270.399081
828	-361.684892
200	-345.625804
3872	-340.691219
1137	-271.622539
87	-490.834069
3683	-308.510782
1298	-308.505512
3657	-312.124380
336	-308.524858
2174	-324.606491
399	-304.735224
1130	-346.826923
2761	-309.696507
1527	-271.621836
1622	-346.869712
3150	-310.942587
1309	-287.723848
3799	-291.018995
2117	-346.839895
3146	-289.872162
1242	-308.508254
1929	-324.551800
1741	-345.629842
1213	-324.530103
461	-273.773506
329	-380.402442
834	-346.828689
3977	-288.552886
3589	-324.543443
3209	-346.834502
3129	-361.692023
1825	-271.656372
2849	-355.442748
2066	-432.401755
1792	-363.504227
3642	-324.565306
895	-356.728690
3252	-340.610842
465	-266.553159
85	-272.550580
3710	-308.565933
3015	-359.362011
3901	-346.822424
169	-309.688569
950	-324.580266
1684	-320.783029
3118	-236.917873
3973	-356.659922
249	-306.347185
3197	-309.714859
1612	-310.902795
3263	-285.326726
2000	-309.736479
2839	-362.930315
1029	-325.751230
2537	-317.434422
2485	-392.676111
3659	-340.683837
337	-312.123120
3777	-339.431092
1042	-305.904676
1959	-324.603913
2482	-268.321270
817	-345.619715
3952	-269.175627
3	-346.838279
3186	-346.829695
3159	-324.612512
1728	-362.942862
1824	-336.855265
3393	-359.297522
3689	-308.467642
3482	-281.480993
953	-392.650949
2151	-289.802108
2457	-382.757134
3246	-340.652252
3675	-360.534222
3088	-308.459859
1783	-320.761312
2747	-301.332569
2133	-323.338627
1992	-325.723538
560	-344.385047
1944	-325.796840
1285	-346.860450
742	-272.588370
2322	-355.508682
1381	-303.795699
750	-344.384630
2831	-356.723059
349	-309.687623
911	-356.711832
993	-317.364547
2307	-346.859945
45	-266.615452
3030	-324.500475
3126	-360.523204
2293	-269.216495
338	-272.544500
2753	-310.904304
2807	-269.176124
3370	-396.486664
2366	-286.466852
2108	-267.944278
1472	-306.080007
3716	-361.720799
3718	-195.186772
3656	-310.918831
3932	-360.472117
1597	-336.805704
2420	-340.625366
2614	-232.164586
471	-324.532283
3167	-309.688639
3791	-360.491959
1085	-231.092208
3179	-270.408713
2124	-345.600825
3104	-310.941183
724	-320.775720
36	-344.382282
1446	-319.575102
1758	-271.616401
565	-356.730212
212	-324.605613
3163	-319.610683
687	-346.841762
2590	-340.650928
945	-264.243028
640	-345.616264
2357	-325.754267
2312	-344.416076
737	-336.836792
1047	-346.836177
3447	-270.389803
3661	-287.358011
1224	-308.420805
952	-325.717725
3420	-306.358581
3411	-286.134060
68	-286.519735
2106	-286.476486
602	-275.010289
970	-310.911364
2297	-322.412936
1156	-154.972731
3096	-338.175960
2331	-308.516808
1967	-288.573475
1359	-229.927277
3124	-308.562031
178	-188.042067
2803	-327.013853
1382	-360.492675
933	-270.430832
3712	-300.148891
2646	-325.800095
3813	-340.620847
55	-335.683118
3870	-345.605387
1769	-324.569009
2016	-308.569875
3704	-348.035847
654	-309.727166
3546	-233.219124
3620	-359.351415
1406	-375.394844
3158	-269.271320
1200	-346.908492
435	-306.309029
3852	-361.710525
2638	-309.688194
3245	-327.024699
1995	-362.946041
2492	-396.477101
2424	-273.764093
2308	-324.460752
3825	-93.411888
918	-310.917344
917	-323.320690
2204	-310.904876
1103	-273.764642
2985	-304.745635
2827	-345.615042
3156	-362.941094
245	-340.656722
2408	-356.708234
167	-310.912077
2501	-232.377706
2523	-344.512144
2414	-382.803358
2978	-340.669862
653	-344.473681
2752	-381.632242
150	-309.732713
1934	-341.769746
1548	-306.308471
1097	-325.784473
617	-376.521083
3237	-303.553222
447	-271.627826
2376	-346.840597
2552	-340.624424
2241	-346.857051
1985	-339.481708
463	-309.715058
3303	-272.589883
1980	-345.680616
15	-288.542593
2679	-312.130526
110	-346.869123
2264	-346.831590
3801	-310.937414
3173	-325.791830
3827	-270.435807
1867	-324.583096
2554	-345.649886
2115	-266.626759
1528	-360.446475
2279	-309.711101
1634	-324.563073
2478	-339.450173
3218	-325.743746
2602	-345.645491
2911	-289.871661
8	-272.545439
2773	-325.684055
2489	-250.583259
2979	-320.767064
1836	-268.273739
3171	-345.599912
594	-325.809558
364	-117.824798
2597	-412.494644
3696	-308.474441
271	-361.759779
601	-324.603558
3113	-324.531139
3092	-340.610697
2586	-191.810916
703	-340.656580
2034	-345.586124
1447	-469.758395
2718	-382.782995
233	-301.382062
2327	-381.624797
192	-310.897684
372	-337.283890
3594	-272.544482
3251	-306.056425
3174	-272.844804
1350	-343.076530
1641	-340.647224
226	-360.556344
77	-348.062001
1293	-271.369084
3175	-309.649998
666	-381.593528
3597	-360.539435
1914	-288.576123
3184	-308.439671
219	-307.221351
3532	-344.464356
332	-304.692914
1786	-325.785038
1552	-346.865957
1909	-345.630398
3235	-339.416290
3737	-361.714817
139	-338.257996
2419	-287.353473
2635	-323.324700
3294	-340.693392
2820	-308.557865
3637	-309.764115
1672	-336.831068
3340	-229.879598
2909	-361.687451
637	-360.557419
2673	-345.652182
3893	-341.097446
2577	-381.600777
1695	-344.411060
2886	-324.530742
589	-340.604189
2639	-302.580808
2439	-324.485913
3817	-288.554600
2462	-325.752244
3283	-287.404397
1002	-287.689262
1374	-322.175807
3025	-324.573338
1269	-307.563525
870	-345.646965
3233	-304.691526
1854	-382.743932
2995	-381.584942
2951	-308.569129
3627	-323.347112
64	-362.945802
3751	-339.491316
1565	-325.735821
354	-285.174014
239	-270.446608
1968	-324.538807
1066	-375.344926
3007	-319.573727
563	-345.644179
3403	-339.424322
1043	-324.605875
166	-325.729970
3362	-345.632413
3828	-288.650589
3744	-339.414779
1275	-310.936083
3961	-308.561152
1865	-345.609914
3738	-274.982053
3526	-249.285024
2360	-340.636727
627	-359.304956
477	-265.399968
3365	-396.458774
2262	-325.780603
1820	-324.522751
3614	-288.627505
2077	-309.736028
2782	-340.664407
494	-345.611057
1064	-276.202311
2732	-324.579850
127	-322.216227
3329	-310.909123
2591	-325.773278
3635	-308.475489
3199	-273.811544
142	-307.594137
1773	-304.696646
232	-490.793044
2945	-307.281910
1220	-325.800532
1366	-345.633122
1628	-345.637174
1918	-319.573117
3278	-298.952950
3201	-346.845480
1272	-308.486687
1123	-375.393636
209	-308.493663
2660	-307.582044
1506	-339.437849
935	-269.154939
739	-309.678703
1430	-361.720960
1688	-324.567893
3339	-356.699649
2684	-310.940657
2582	-320.773768
3313	-360.526364
1425	-288.648476
3059	-363.508158
1232	-336.811744
930	-346.898838
118	-352.905052
3830	-346.817778
2741	-297.520999
3582	-344.436500
444	-340.665581
3020	-287.430903
2052	-325.809179
1575	-334.447259
1885	-345.647670
1776	-325.785476
1833	-302.579718
3644	-345.587398
1173	-344.465017
1469	-324.444698
1676	-296.285473
3367	-269.216969
1072	-272.554773
3846	-318.393987
976	-382.776658
1027	-360.529992
570	-275.012535
3843	-309.717869
3914	-325.805781
3347	-286.510514
3214	-344.426062
2324	-346.831385
2953	-348.047609
2903	-308.505951
3658	-309.682445
3216	-344.380260
1623	-229.615446
3741	-169.860788
2540	-211.295796
1211	-286.498633
583	-285.016369
2359	-360.468392
3876	-304.574737
404	-324.595399
3431	-323.229212
2348	-285.253877
1620	-270.431243
1795	-356.736238
867	-283.179781
3480	-286.460642
3031	-270.411205
2175	-324.545475
2589	-361.718361
825	-340.536374
3709	-340.613243
3684	-362.958208
53	-285.330157
1354	-382.790027
2194	-273.757530
2223	-288.657055
782	-361.678341
3488	-340.672417
1763	-325.799404
3028	-346.861640
2787	-324.505365
3080	-344.436248
3769	-304.586424
1669	-287.426878
1168	-308.454820
635	-324.578381
2788	-345.596027
3680	-305.904722
1114	-302.353948
2144	-324.574829
2399	-308.430606
2373	-302.564379
264	-339.450073
1031	-304.643927
2603	-341.863083
1827	-343.492484
1893	-344.385273
757	-345.678211
1061	-343.531666
2405	-318.344936
2987	-271.618137
1585	-360.545832
1582	-361.735290
575	-272.582834
3788	-361.725962
2243	-340.673964
3405	-269.206920
1616	-272.539058
2082	-302.567313
677	-324.594116
749	-249.280474
866	-340.620625
3010	-361.720579
1826	-285.242094
3878	-360.554015
1438	-356.728392
2606	-323.344105
1396	-346.886411
3711	-303.469034
649	-340.685408
1881	-361.772040
744	-249.332005
1484	-273.817328
548	-233.555951
1179	-343.195060
1124	-271.651913
3586	-287.506415
1838	-356.685238
1690	-339.426816
3702	-362.951503
1478	-309.691634
1037	-306.397746
1038	-267.106213
3728	-234.474951
2406	-306.386594
1243	-323.582949
777	-307.544712
1890	-371.608385
1789	-310.905299
386	-325.776001
267	-345.641113
1070	-361.752301
1650	-341.836348
3648	-324.631468
3815	-288.574763
598	-193.088340
3043	-196.405320
388	-340.594424
3778	-309.700675
1965	-288.555445
2061	-345.638357
769	-271.361537
2855	-268.917900
3351	-285.306999
759	-398.888473
1427	-340.646339
146	-377.813815
1590	-344.415609
2155	-343.243883
2104	-379.006904
3414	-285.313674
820	-326.934229
418	-324.565412
2733	-310.940764
1941	-286.206129
1558	-270.389386
938	-331.411639
3699	-355.497878
927	-340.676668
3980	-372.708066
2826	-308.764658
2567	-320.795216
2865	-342.307696
578	-382.825717
2868	-270.407057
2816	-310.905786
3225	-362.875945
1656	-323.352987
1719	-232.050342
1217	-325.773675
214	-348.052027
569	-376.620836
2808	-340.646073
985	-320.770329
645	-308.540795
1207	-324.584396
1001	-304.724431
457	-380.372151
3602	-361.683811
1720	-309.692095
656	-376.605347
3188	-325.807242
335	-361.729115
2067	-280.248350
616	-345.676243
3098	-345.658421
3164	-344.379764
3472	-340.657197
2184	-360.501473
3110	-236.917458
1945	-361.754136
1617	-355.508183
3249	-325.739818
3754	-324.570035
890	-344.458979
1187	-264.235803
1386	-362.967171
1360	-362.941781
1908	-286.508233
3145	-324.570872
725	-325.725266
309	-309.718312
2976	-356.737615
816	-356.748545
2906	-340.657508
1963	-325.761942
3085	-322.130736
1245	-310.907810
1951	-317.408548
3277	-354.254979
1412	-242.195730
273	-323.312375
595	-340.652012
3903	-340.636306
1583	-345.655509
1957	-206.721858
0	-351.615495
3606	-310.906553
2663	-361.722327
40	-344.338878
2368	-325.804686
1397	-271.624640
1928	-326.927990
762	-346.863396
3234	-287.349937
3024	-251.729571
1153	-325.764669
1048	-286.495416
111	-344.470970

file identifier 	 test data 	 predicted
1139	-270.382725	-249.624476
1034	-356.732791	-355.004941
2604	-304.743934	-295.968701
3607	-325.801523	-317.414803
740	-344.452972	-342.716183
2783	-272.537685	-270.289705
387	-268.248806	-275.082279
3105	-346.821661	-353.261959
3954	-271.611366	-265.589478
128	-303.785832	-277.760488
3564	-303.533472	-296.906040
3236	-310.912270	-294.546957
3836	-346.833711	-355.137748
2535	-272.835594	-274.930875
2480	-344.385369	-342.026541
154	-324.538764	-331.011526
2253	-325.818163	-323.217323
1788	-345.646841	-362.072606
2621	-305.145002	-303.966547
1113	-234.484521	-244.548782
3933	-307.569255	-302.968719
3865	-362.899954	-376.715452
620	-346.820834	-349.749289
425	-289.769718	-277.872605
526	-344.430692	-344.185243
76	-325.685245	-321.669334
3623	-341.892484	-332.388293
2086	-308.486338	-305.436756
1745	-264.171923	-257.021231
555	-361.677945	-355.773773
2857	-362.899149	-373.373273
285	-249.362379	-249.419117
1348	-309.683859	-312.856873
3899	-337.265273	-321.322750
1501	-288.653529	-291.767545
3543	-287.318584	-286.320784
3943	-376.602183	-378.060314
1467	-345.613895	-329.326984
3032	-360.508895	-362.416077
2657	-308.451299	-296.780723
316	-341.858490	-344.832840
967	-372.742461	-369.706549
3674	-309.731169	-307.025567
928	-345.665412	-349.425575
3570	-272.514475	-279.176029
3309	-274.989422	-256.905556
2543	-376.588479	-370.434857
2593	-321.252793	-325.117696
3909	-310.945132	-278.521609
103	-291.024232	-280.162817
2459	-273.761223	-264.167783
1653	-157.116735	-221.378490
584	-309.681686	-310.841322
1793	-325.725688	-324.308976
2609	-322.351046	-321.791033
1561	-325.749687	-346.969937
717	-380.401348	-389.615041
678	-308.506580	-303.235908
788	-324.467888	-329.220254
1229	-288.582662	-296.925441
2259	-361.734611	-359.407018
3784	-344.450127	-337.034328
1373	-324.557383	-339.696454
2793	-306.384286	-298.903767
644	-376.595314	-377.299004
3853	-271.336383	-323.330092
1861	-235.696852	-223.111520
2261	-233.260156	-245.214863
2290	-343.224836	-330.895482
1237	-360.542541	-351.439175
93	-340.615011	-342.357581
3176	-432.852890	-458.451482
2216	-308.505718	-305.218850
3298	-345.599182	-348.148974
1236	-155.897345	-173.404082
3503	-266.630629	-284.894392
1655	-338.217210	-350.541065
482	-272.599303	-228.833793
504	-356.680129	-353.501060
1231	-324.569596	-326.307770
3355	-345.648365	-343.560523
2085	-309.695312	-321.425964
3193	-320.725883	-324.322326
2206	-312.126404	-325.830473
591	-325.760915	-331.399320
2394	-355.446449	-335.314573
3755	-341.874216	-341.381945
2924	-348.045292	-363.262067
2325	-273.732431	-249.488845
1098	-356.649302	-362.751634
2941	-340.635024	-336.983826
3879	-339.483894	-337.177010
626	-288.653249	-289.547162
1742	-288.583008	-291.246885
3297	-360.526636	-361.177582
308	-303.428586	-294.851212
1287	-355.515622	-362.370702
3463	-304.735360	-301.818615
3274	-196.407957	-175.693867
2972	-320.764992	-324.039996
88	-345.655534	-361.270796
2834	-325.699665	-326.725517
163	-319.624414	-323.756474
1264	-324.536694	-324.952501
2091	-346.904050	-351.487201
109	-158.340943	-181.992157
2274	-308.463553	-308.661155
3065	-344.486202	-342.441136
1739	-303.454720	-310.908289
878	-308.466070	-307.868136
3697	-312.119261	-319.283430
3759	-270.393902	-265.105269
3477	-348.046236	-332.122163
904	-345.608456	-347.138408
171	-361.745138	-359.046697
2584	-360.567154	-366.064073
2888	-361.704536	-363.671295
490	-231.142581	-223.280654
2287	-310.905485	-285.041404
3890	-341.849730	-345.484411
1087	-324.508933	-310.154431
3177	-287.662612	-287.780114
3734	-326.940196	-347.251891
549	-372.785072	-370.231077
331	-309.734363	-307.351212
2669	-309.763785	-317.068085
3178	-345.605421	-344.504665
2070	-114.483613	-132.103336
1781	-324.582445	-323.712983
1403	-308.462299	-305.176583
1800	-212.439286	-178.879181
571	-339.423497	-353.225129
702	-379.000257	-355.710669
3591	-273.762889	-267.953884
287	-307.560718	-296.711836
2654	-304.679740	-293.778735
516	-312.134532	-291.006145
1657	-338.273162	-336.028690
1738	-273.759338	-271.815632
2905	-307.206439	-304.869031
3254	-287.469473	-291.878779
185	-361.726913	-355.475899
3596	-285.328258	-285.933528
2770	-288.588657	-297.612473
775	-344.469204	-346.234465
2500	-286.498235	-288.820262
689	-341.818686	-340.587717
2653	-361.749428	-369.300624
667	-360.533083	-358.252873
2134	-344.433965	-357.776173
2538	-344.417597	-338.848541
2065	-340.537496	-333.934138
2054	-302.588564	-318.357306
3284	-343.290242	-342.629955
2260	-271.351786	-308.624907
1321	-234.472577	-250.390251
2994	-345.597078	-347.316908
1258	-344.472090	-344.659945
3522	-309.691414	-310.007938
2385	-310.911571	-301.071421
3555	-360.547370	-363.860472
2396	-307.546144	-305.969538
3891	-346.821929	-344.287931
2678	-285.255563	-278.746168
3240	-338.234966	-338.547078
3508	-309.675176	-304.864042
2441	-310.909223	-299.761614
3854	-346.867382	-350.629801
1428	-265.391486	-262.931928
1112	-287.644079	-278.344113
1167	-309.729139	-300.736538
603	-346.867624	-362.237819
2737	-322.442708	-314.836218
2612	-345.627545	-341.518172
2130	-271.612772	-275.663556
2516	-309.661518	-306.172141
240	-286.517094	-289.888772
2377	-236.916033	-195.681477
179	-362.928160	-377.954303
1649	-346.868661	-329.106803
2894	-309.717750	-311.476737
44	-309.735489	-315.543561
3191	-284.360325	-289.846345
2996	-324.566568	-328.486262
1943	-325.729335	-329.222098
421	-288.627624	-286.117947
512	-346.861026	-341.525943
2477	-360.539944	-357.443023
646	-323.641347	-314.420088
3605	-372.755216	-368.478309
442	-356.712228	-359.630279
1996	-356.687774	-361.480766
1409	-285.282853	-296.598046
1129	-340.618148	-345.046402
1426	-381.607770	-400.689297
344	-343.305175	-342.013255
1336	-334.362330	-328.323906
3548	-79.764152	-42.507916
3660	-288.651313	-292.463809
260	-359.369049	-352.024293
3625	-326.948771	-341.042715
734	-233.242250	-232.733735
1108	-341.839596	-356.419830
1517	-359.342366	-350.613759
3440	-322.135917	-323.346787
803	-325.789564	-346.724422
651	-232.334436	-255.974075
2530	-345.673444	-331.300659
2353	-281.504579	-278.020063
2177	-346.868453	-341.454237
1750	-287.645651	-286.350832
947	-322.454079	-330.414537
2521	-361.728609	-362.779815
3395	-248.436061	-222.904717
2397	-308.772292	-298.101665
2562	-375.357530	-370.123669
3089	-327.025329	-328.677386
2105	-335.635972	-338.915473
613	-309.689486	-308.042687
2042	-232.364952	-239.170069
1858	-343.238086	-339.323101
2901	-318.323005	-318.942666
3785	-348.045948	-365.547591
539	-341.886521	-352.510216
1485	-309.731369	-292.323249
611	-248.364357	-256.122674
218	-285.311823	-290.314056
247	-304.688358	-303.452403
1273	-355.513035	-356.776694
280	-271.324234	-260.172211
3492	-345.645245	-349.849753
1663	-232.351764	-244.648112
714	-356.669324	-366.699045
1859	-324.577613	-319.457961
3432	-297.523580	-304.303939
3195	-274.982322	-275.106330
319	-352.845678	-349.861779
2627	-235.695309	-225.075116
2153	-309.673226	-304.421299
2779	-381.606362	-392.167421
1564	-288.555332	-288.349926
2473	-324.497671	-322.965194
3241	-319.515995	-331.649261
141	-287.734664	-297.813303
2832	-250.585843	-263.139690
1325	-356.758284	-355.901943
2407	-377.829134	-362.696291
2969	-286.484904	-288.165483
1283	-345.605635	-339.843966
3082	-272.586248	-267.318820
3715	-381.567301	-380.943254
2844	-301.377995	-298.152699
2323	-310.954565	-309.655570
771	-346.903261	-349.589742
1035	-284.385189	-261.440549
3505	-274.983383	-292.476388
1415	-338.156727	-344.455464
1313	-324.502042	-314.707932
1665	-336.802871	-332.172774
355	-273.761263	-296.891751
2541	-341.834413	-337.071361
2093	-324.473588	-323.702456
1408	-379.527030	-383.826081
1054	-323.427722	-322.715868
1828	-284.993731	-318.372271
2551	-325.792606	-338.298676
899	-321.230055	-314.365028
250	-360.538828	-353.560992
3073	-309.734862	-318.241063
2270	-355.497046	-350.280180
2930	-310.906738	-325.047053
1571	-470.915515	-477.589850
679	-340.668108	-353.301855
585	-229.918003	-263.153800
977	-285.160699	-291.265875
341	-273.735711	-300.447236
3425	-324.547564	-325.033046
2285	-340.578657	-347.611245
800	-324.611571	-321.585874
242	-340.623533	-339.104961
3951	-326.977685	-335.915714
1814	-360.537947	-367.710989
6	-345.687671	-352.803946
503	-355.514134	-354.767561
176	-308.554162	-310.822187
1837	-381.574917	-386.130394
1652	-301.316399	-297.240162
3257	-308.472221	-305.926487
2410	-361.673369	-359.917177
448	-346.831139	-346.359405
2672	-355.556836	-350.675518
3652	-361.720088	-360.114234
1077	-326.938562	-322.083055
2244	-414.351653	-394.649418
1372	-381.574124	-384.994578
2345	-342.329232	-353.953401
3337	-286.438448	-291.160637
3913	-308.551230	-300.032403
1877	-287.407788	-273.160112
3202	-310.908741	-321.488351
2626	-305.900638	-309.966835
2495	-307.596472	-302.868219
502	-306.349558	-306.835372
3409	-356.696744	-355.186653
2008	-336.802659	-340.929245
472	-273.761356	-273.725334
1956	-308.461475	-303.462000
2310	-338.194242	-337.183909
1530	-272.549380	-287.412377
1314	-324.460304	-319.127494
1815	-345.663783	-340.145177
1645	-324.477059	-330.244693
81	-318.390876	-320.661774
3556	-276.202384	-321.721729
1324	-270.399280	-288.906835
2823	-309.730966	-327.390692
407	-287.508781	-284.343989
3139	-344.437158	-342.730741
3507	-376.594067	-372.383206
486	-288.678720	-294.186446
774	-395.551843	-393.980372
1797	-194.267232	-220.183377
2716	-303.464433	-300.841698
2748	-321.271406	-325.871274
3883	-308.516508	-309.108603
3035	-344.404557	-358.022927
2238	-281.495234	-283.781212
1319	-308.560759	-309.943817
3847	-356.693135	-356.336946
2774	-310.910631	-315.823142
1199	-377.813742	-364.749037
129	-308.512092	-304.357300
3439	-301.389192	-301.457194
973	-325.790444	-324.573805
2232	-56.525887	-546.303626
3857	-340.686134	-342.707006
1798	-312.126342	-277.264049
1711	-345.611239	-340.737726
2110	-341.867094	-341.093336
67	-172.006141	-103.963350
1647	-343.242553	-351.720038
3384	-357.949026	-370.027447
2570	-324.626187	-315.097902
1982	-345.609374	-349.541307
1829	-382.804482	-397.448748
3474	-309.730988	-311.539937
3465	-324.548021	-317.262024
2032	-287.663174	-296.495140
1057	-391.518453	-396.038488
755	-324.568345	-332.610727
19	-309.720734	-299.215760
2234	-272.580839	-266.292251
2871	-308.460407	-310.604501
2031	-269.170061	-275.155556
2973	-324.604156	-319.636990
3473	-360.527434	-365.266278
2201	-452.728039	-521.424431
2170	-274.987123	-261.831526
2118	-324.560961	-321.397282
650	-193.034094	-273.765398
1204	-361.704371	-352.686747
28	-324.630221	-322.397492
1147	-304.755780	-315.809239
795	-246.023231	-259.056131
1722	-362.946707	-344.642915
2005	-305.155985	-296.621879
2956	-360.528914	-364.296555
1460	-309.684108	-310.057027
2771	-310.910278	-334.112383
2781	-288.581699	-287.913033
2710	-361.773017	-352.186588
3871	-346.859809	-343.323255
1699	-272.541597	-263.325235
1568	-324.555249	-324.926789
2858	-346.862070	-349.465212
773	-309.674485	-298.279343
1687	-344.407598	-358.748669
1605	-345.703157	-343.085029
1540	-285.217962	-291.895273
1025	-324.520219	-319.830890
3558	-339.464817	-335.269837
357	-307.245430	-307.456449
462	-234.474088	-241.132911
2578	-324.576080	-326.327230
2546	-248.018573	-265.197225
3321	-251.726162	-240.323607
2226	-276.206257	-320.044554
2757	-346.855643	-325.385940
2381	-346.856604	-335.194684
2561	-325.778234	-331.296411
3631	-303.560350	-309.084851
96	-375.359188	-372.883250
2986	-340.629609	-341.532124
3604	-273.812100	-263.759325
3450	-382.824468	-385.924003
3821	-308.427345	-313.763874
317	-325.797397	-348.021392
2977	-310.909944	-324.556499
210	-362.938898	-376.687305
797	-278.075775	-260.930142
1102	-116.609549	-253.807956
2502	-309.685960	-299.358480
1487	-345.665813	-342.066974
2139	-381.581478	-386.958189
2777	-336.817321	-340.633304
3160	-362.937857	-364.722503
709	-286.134079	-278.329566
1784	-324.497693	-322.839680
1411	-327.023352	-326.636985
3733	-309.678068	-322.757103
1254	-325.753541	-326.189895
107	-307.580090	-305.469244
948	-336.827390	-338.261978
3638	-306.320806	-302.966300
2879	-265.401151	-257.666291
2620	-324.587670	-322.709834
1737	-323.398064	-317.769642
114	-361.772743	-352.619445
410	-325.835955	-328.766428
315	-302.472397	-301.502372
79	-324.605178	-319.578631
1216	-308.465534	-301.677042
1849	-324.547957	-326.192691
3280	-344.483775	-348.496284
3629	-359.312853	-355.183549
377	-360.527122	-351.169363
279	-306.012858	-301.943918
1468	-345.650338	-344.723732
2851	-356.699504	-355.158574
2248	-377.773452	-370.860357
1078	-309.738888	-298.777986
51	-283.168740	-292.467999
2037	-345.620113	-353.505714
2460	-345.631797	-345.106189
195	-296.296482	-291.689394
2167	-309.681554	-310.439952
843	-308.437835	-307.465755
1958	-340.595950	-337.797646
1	-360.499843	-368.544518
2014	-371.537915	-362.241869
2527	-297.554699	-296.492590
1594	-323.433551	-323.176967
2938	-346.875201	-317.738525
956	-230.183076	-231.805286
997	-361.688335	-366.223661
804	-248.395289	-227.125202
2701	-326.942959	-343.670741
2975	-345.579201	-354.209572
3708	-270.397474	-265.122070
838	-361.709679	-369.780530
2263	-274.983122	-269.613363
181	-412.528245	-410.163003
1419	-344.350927	-352.942649
3512	-340.641866	-339.128952
3705	-345.665479	-345.661004
3183	-345.642870	-363.436249
574	-271.665153	-268.384228
2068	-308.471269	-288.777485
1176	-288.584832	-324.762068
2162	-340.613712	-346.573730
2403	-326.955365	-323.269209
1265	-227.324775	-209.375661
798	-208.842347	-261.509254
2735	-309.690179	-312.509463
3428	-288.564752	-283.592882
458	-340.699868	-350.507262
3452	-361.758902	-378.744969
2997	-380.371074	-394.853774
148	-345.629933	-351.575944
25	-309.712046	-297.635312
826	-248.137789	-255.747009
381	-341.835557	-367.822351
975	-357.171724	-361.356412
3223	-341.794931	-331.479096
371	-380.374978	-393.071074
1470	-272.542270	-280.687756
125	-228.992613	-213.597075
3122	-232.329070	-235.517549
1803	-270.394458	-264.618888
3208	-288.572843	-311.024491
2558	-472.145935	-449.653461
2444	-318.641916	-315.078939
2362	-305.134491	-309.406572
1062	-324.496997	-326.661111
1203	-261.802956	-153.106309
1986	-344.459234	-345.876623
1569	-234.503085	-234.410000
2375	-360.564233	-366.180686
1096	-309.689595	-309.008358
3372	-309.705858	-314.700485
840	-289.871520	-302.456867
1900	-309.689410	-314.484295
3352	-272.834623	-261.456261
3807	-361.706503	-356.094318
3052	-291.017787	-300.441243
1768	-289.789940	-292.874638
3036	-310.907823	-338.300633
90	-327.017113	-327.366843
2841	-360.524422	-354.315964
3044	-363.519194	-369.274887
1107	-267.060326	-294.223001
1445	-396.491525	-399.500726
1923	-287.427777	-281.870748
2332	-342.335241	-340.115454
2265	-360.469291	-369.149086
579	-281.480583	-285.252259
1942	-382.751274	-394.275552
3877	-340.623773	-346.876811
3373	-271.613890	-284.205153
787	-360.525379	-341.742145
1328	-376.531779	-369.537397
1835	-376.631067	-377.597864
3108	-361.653332	-367.907031
807	-340.681309	-338.090259
2815	-324.570906	-317.380743
2330	-287.681216	-295.218344
1464	-381.610550	-385.780184
2861	-288.654312	-299.621418
1917	-325.790782	-325.678075
353	-197.632222	-141.300907
488	-346.861837	-334.062512
3840	-309.681264	-307.512728
1308	-341.814212	-344.708559
86	-190.624631	-182.718479
2763	-272.548325	-277.930567
1961	-197.629416	-213.509937
165	-327.013034	-332.854567
3461	-320.776316	-326.491521
3528	-233.262752	-237.164606
54	-195.186228	-182.425674
1327	-320.768458	-325.290888
2050	-362.937518	-352.074793
3781	-274.984614	-317.400016
298	-377.795528	-370.587588
669	-377.780670	-376.222758
3468	-345.710017	-339.230876
3534	-320.785748	-318.557745
2507	-291.014750	-283.720954
2917	-267.068488	-271.026629
3904	-356.716094	-352.871740
3109	-324.582824	-316.623301
596	-325.754527	-323.477986
2180	-340.665904	-340.340027
2195	-289.873479	-272.475459
987	-273.765811	-269.340325
23	-304.679494	-299.704511
600	-268.859550	-264.748747
1664	-310.904974	-310.386806
2437	-356.692640	-360.615004
2549	-375.410333	-365.329440
2916	-340.655601	-337.478176
541	-325.714161	-324.408916
3866	-341.882531	-349.747761
1311	-288.545722	-278.197361
2600	-307.237880	-310.099488
2675	-303.787203	-317.151189
668	-267.103350	-299.451492
3566	-325.830752	-322.045593
2625	-291.021574	-255.571338
638	-345.695868	-347.079727
566	-303.472917	-308.566111
1441	-303.469082	-301.919763
1651	-273.809498	-278.151965
236	-325.758113	-334.005541
2305	-376.633716	-380.550920
3231	-380.446861	-383.666868
3243	-377.816466	-377.541800
3154	-309.714008	-304.350530
108	-345.614707	-350.880223
2896	-356.725069	-356.114097
531	-226.107205	-222.968262
2605	-346.869041	-360.140111
1398	-234.469383	-215.186436
3011	-310.902708	-301.404697
1255	-381.635881	-384.312988
1998	-324.536830	-324.549116
2529	-229.969129	-230.183822
2213	-287.433999	-302.806076
1317	-344.393241	-300.649588
3087	-392.563319	-385.508607
3239	-361.708121	-356.226931
1962	-382.756724	-377.220617
2084	-361.708021	-372.319398
213	-249.281074	-244.692581
3141	-345.651109	-361.395549
3343	-320.735225	-323.382413
704	-235.696677	-232.629054
2231	-346.825174	-346.404360
1505	-308.487195	-298.543629
1595	-309.686571	-299.477649
3701	-248.211932	-249.445374
2378	-339.490841	-348.901234
278	-397.667072	-403.772414
996	-307.544316	-294.601478
2767	-340.635968	-343.297822
1808	-356.676972	-356.476083
2925	-301.394865	-300.598741
3478	-343.296547	-346.115537
880	-345.648463	-345.188168
3204	-306.313706	-318.028821
1670	-269.230258	-298.762268
1450	-273.757658	-303.415583
3192	-313.554802	-292.005236
1389	-272.510742	-283.796136
1889	-361.731388	-362.047225
272	-322.161948	-312.631969
3132	-309.670613	-306.329196
365	-361.740208	-365.425408
631	-371.449232	-370.123765
962	-376.587043	-363.927912
2926	-320.764569	-316.092463
2913	-361.630982	-365.606901
2113	-344.391557	-345.098291
2892	-325.728271	-332.828414
429	-288.570364	-300.477390
436	-360.521191	-359.390537
963	-345.645239	-337.719563
414	-192.762455	-172.639676
3424	-348.051118	-346.425562
3467	-308.494487	-324.984133
959	-492.026657	-510.881999
497	-287.470402	-289.907576
2486	-307.239887	-298.030218
138	-362.875317	-354.177000
1851	-361.717868	-367.524497
1765	-285.335887	-283.390248
2877	-324.556404	-332.790881
3937	-361.713179	-357.057133
2919	-340.635773	-348.239432
2277	-383.973315	-402.688152
845	-40.478930	-944.085202
2339	-326.954728	-323.313667
3434	-360.560766	-350.810783
3736	-355.517745	-353.649162
3399	-307.229313	-316.898956
675	-346.827397	-366.627311
2692	-356.663387	-358.590899
3415	-308.495275	-324.157345
923	-322.135797	-323.631241
327	-324.607903	-318.395148
3945	-304.737186	-304.458792
2250	-339.462492	-339.000693
3255	-345.578846	-348.334313
833	-325.761605	-328.107596
380	-307.581989	-306.468806
2245	-308.434866	-312.066824
1746	-396.470299	-411.177998
921	-325.682121	-319.142405
2674	-342.352279	-346.945968
1593	-335.598739	-331.580508
1596	-492.022084	-463.974544
17	-345.612580	-353.463326
3677	-307.571921	-312.835620
712	-294.081616	-276.413753
792	-310.898648	-331.612117
2942	-325.778444	-333.873645
605	-456.103432	-414.970940
227	-377.805829	-383.418220
3226	-339.491316	-339.372573
1300	-324.595031	-328.786083
1159	-325.779568	-327.889317
282	-325.714378	-313.932286
3632	-340.612805	-339.224796
258	-371.546126	-370.543810
3269	-381.624381	-377.856557
2103	-346.834331	-375.862399
652	-345.620593	-343.386501
2759	-393.905418	-391.121138
1598	-308.471397	-305.924341
786	-307.544728	-306.403025
3797	-376.587519	-391.610805
1417	-381.586740	-382.140057
1831	-323.386306	-333.869975
1735	-320.791360	-318.766661
1008	-248.448467	-220.663909
1507	-310.914024	-289.185380
1844	-325.808754	-335.660500
2736	-310.922181	-314.107036
1730	-345.663299	-331.981258
2281	-345.643890	-337.754707
1000	-339.452428	-334.005718
1230	-323.396217	-326.530995
204	-287.353313	-277.924604
1157	-309.691584	-304.721834
3363	-345.658313	-338.064847
1018	-354.272548	-354.526905
873	-273.763068	-263.698438
1975	-341.829025	-336.370314
3646	-305.130313	-316.319785
1707	-288.590006	-295.954895
1292	-323.652284	-319.532501
3120	-309.689111	-322.275108
721	-185.648533	-129.619109
694	-344.360007	-333.867744
738	-324.592221	-329.710061
1972	-233.542445	-208.137446
2661	-323.448833	-330.062418
2822	-310.902197	-313.831262
3443	-346.866543	-358.112287
2427	-339.474134	-342.672425
3033	-325.785262	-338.149182
1120	-353.283458	-357.495184
1393	-271.647465	-258.864627
597	-309.683901	-304.096900
2970	-339.501361	-349.556733
2943	-340.654874	-342.341836
580	-360.537290	-368.148036
3824	-302.288055	-303.154851
322	-346.832352	-338.517748
2481	-324.614891	-331.425503
3729	-376.562796	-377.899116
1920	-361.714679	-358.290209
2280	-359.345792	-362.010341
2897	-346.825923	-356.413849
2311	-193.034988	-212.848046
941	-340.652570	-343.835133
284	-360.500454	-355.270096
3990	-303.459637	-301.052329
3885	-304.728655	-313.005601
3583	-325.721011	-319.444963
518	-289.791234	-289.106896
2440	-317.433049	-304.849091
2685	-344.426408	-344.491289
1089	-344.451793	-335.206876
3669	-285.267165	-271.508929
3579	-356.677429	-350.384908
2272	-324.528642	-316.602367
33	-264.504487	-230.990153
2095	-348.034975	-323.969831
3360	-382.810709	-381.165312
936	-382.773457	-380.456218
1274	-309.686648	-309.574495
940	-325.787515	-333.286219
1729	-361.740062	-357.713734
140	-309.676929	-319.863148
84	-345.610574	-348.389491
1115	-325.773014	-331.631225
2848	-339.419688	-340.392741
2190	-324.574822	-331.087427
630	-273.762561	-287.216417
3536	-352.836930	-355.655080
143	-302.355005	-304.844233
1218	-287.431740	-297.571045
1725	-360.495137	-365.152304
715	-285.275928	-276.270530
1154	-310.937644	-315.235929
330	-286.408473	-282.566175
2205	-318.391203	-316.407497
1424	-212.438188	-218.955634
3670	-286.248451	-275.788041
391	-345.584667	-349.734682
2958	-324.580268	-333.075358
1935	-361.677841	-346.932104
27	-324.573866	-329.651894
1165	-309.706371	-320.382248
3609	-269.176442	-259.695603
2488	-363.508158	-362.678418
2991	-272.841336	-257.279554
2852	-274.986857	-282.829813
2219	-265.437885	-269.632711
1997	-271.666841	-273.918814
244	-346.835129	-357.458156
3071	-273.789182	-268.871694
3271	-454.878708	-468.699522
711	-341.849127	-342.876575
3487	-210.101789	-189.445305
2758	-309.696640	-295.540074
1635	-360.520081	-360.390914
1817	-339.459612	-339.629463
3000	-309.688191	-321.590861
2413	-345.604177	-349.623902
1723	-307.290176	-310.423126
1759	-305.906809	-311.314857
62	-309.677968	-312.108667
2076	-274.982287	-275.978747
1799	-346.861635	-349.746196
1988	-312.124451	-272.877606
2934	-324.462733	-322.716601
450	-235.729507	-206.848699
1480	-324.584824	-332.656024
1926	-273.773955	-288.584049
2833	-248.375248	-283.983114
3822	-309.665941	-305.267981
39	-340.687222	-345.950243
10	-344.512001	-349.435726
615	-345.676743	-357.705885
692	-362.917261	-367.578118
2954	-305.915530	-324.354871
173	-396.486463	-378.860956
1782	-308.555419	-315.667439
188	-339.406341	-340.284025
2860	-345.600676	-346.868481
683	-348.060054	-378.101377
1172	-357.927353	-355.484406
2047	-286.246880	-277.233541
2999	-307.237456	-295.039723
2318	-348.039301	-373.770022
1544	-324.594826	-319.008427
144	-271.323089	-275.519067
1878	-346.819711	-348.796412
1503	-327.014214	-346.361660
530	-360.503506	-354.681203
382	-344.494711	-340.844948
3923	-309.737951	-306.599021
433	-396.498209	-401.124212
2464	-297.555801	-298.587072
1547	-335.613384	-335.276757
3406	-286.459793	-274.854753
243	-323.389193	-326.545400
1969	-360.529678	-362.071036
3308	-381.582831	-388.937703
3009	-307.265383	-306.129057
3519	-376.604739	-376.824747
3137	-272.533448	-275.833889
849	-360.532987	-358.777833
716	-325.758431	-319.730661
2334	-472.135006	-437.021999
3034	-360.418556	-359.899781
1461	-346.899170	-348.364255
207	-285.281032	-289.459453
3523	-325.728070	-329.625330
2240	-381.627040	-405.116804
2703	-309.722894	-294.939559
3816	-272.830720	-278.133446
373	-379.522177	-381.205695
3527	-309.716030	-306.708072
126	-274.991042	-286.414672
2163	-324.503356	-331.882465
641	-322.439472	-307.877479
3053	-490.831786	-472.474055
2395	-297.523583	-294.655966
1531	-345.640098	-338.650511
2840	-284.048718	-287.928252
3970	-305.897998	-313.996284
438	-381.565482	-394.488824
3462	-272.538255	-284.152609
747	-359.350089	-363.650315
2689	-309.673807	-302.274504
3369	-158.342346	-134.707023
1907	-346.819476	-337.221947
2210	-325.710772	-319.466557
406	-359.295180	-351.255620
2022	-344.425164	-330.931084
2326	-320.768781	-307.221897
2386	-352.829520	-362.692264
1775	-306.353871	-312.943874
3438	-312.132858	-332.451552
3533	-232.036378	-254.348229
2754	-309.674575	-323.104900
3678	-285.255880	-276.855913
2268	-302.558547	-311.634593
2961	-348.061993	-348.499325
1186	-359.296697	-338.525630
2379	-361.769162	-361.936349
3334	-325.800680	-319.737792
632	-361.705069	-360.162681
3641	-360.485033	-364.780927
198	-303.934323	-281.097162
314	-233.255379	-242.810095
251	-265.386781	-255.786664
1715	-286.486570	-282.983129
3896	-307.280331	-319.047606
3517	-396.475511	-398.917999
2714	-398.878264	-386.745674
1193	-324.550139	-324.935142
2273	-324.579188	-321.437793
2276	-309.679242	-314.814548
2677	-309.684577	-308.724054
1296	-345.612257	-340.223758
2178	-339.455981	-344.231678
3551	-345.646761	-350.905748
1463	-362.938449	-355.997460
1813	-307.550360	-327.221105
2902	-271.653205	-280.895697
205	-269.465281	-280.149591
3898	-356.700248	-353.163895
3344	-325.748658	-325.505469
106	-362.952198	-346.874569
2595	-303.465315	-298.048491
2813	-232.063900	-241.337244
2895	-273.764673	-297.975793
1977	-312.131398	-280.965153
419	-312.128001	-330.111847
3357	-361.779217	-353.714228
2666	-303.423742	-308.911456
3752	-345.686524	-343.916570
1601	-345.646864	-351.514849
24	-345.608180	-358.819821
21	-278.059333	-267.673458
811	-304.567859	-304.708990
778	-324.573162	-335.289733
1990	-281.482892	-280.826202
3834	-324.589539	-319.991225
2012	-382.788561	-376.688196
3763	-344.416821	-340.949548
832	-308.470270	-287.955086
2466	-325.785959	-326.855537
1050	-304.643392	-310.559025
1762	-361.755551	-356.371432
2982	-325.722723	-330.403912
599	-343.312201	-338.335176
1014	-301.385442	-300.844544
2186	-320.782523	-319.771046
2503	-345.653983	-353.127113
1423	-344.413850	-345.777443
1638	-344.481904	-343.804718
1023	-309.663477	-330.148771
1063	-265.440996	-263.492163
3111	-318.340705	-317.716588
3222	-344.494043	-348.030942
1448	-372.747155	-367.901330
2862	-309.693471	-292.455566
1618	-345.629039	-351.780139
2795	-379.572458	-382.140600
3691	-352.852117	-354.886969
1407	-235.694798	-222.586187
2390	-270.097243	-279.766546
3654	-307.541973	-302.697739
3012	-276.205920	-256.935387
3776	-320.773105	-317.883861
1999	-233.547877	-209.091324
3050	-303.940271	-295.779608
2824	-304.720708	-310.183599
2476	-346.865438	-328.139705
1080	-288.570006	-291.125179
3017	-271.339346	-265.176947
2191	-359.317050	-338.868093
2671	-344.377098	-334.769733
2647	-262.017735	-255.899823
3725	-309.710255	-307.565669
2301	-324.616647	-329.390249
183	-362.962787	-366.250245
3768	-227.338075	-234.380862
1937	-287.438379	-289.206876
1497	-251.731545	-240.173476
1046	-271.618580	-274.550765
3045	-310.906568	-300.174291
160	-309.685140	-299.648150
3056	-269.180682	-259.387668
3350	-339.431591	-332.236110
1339	-285.316421	-287.030749
582	-325.833302	-327.770544
2430	-304.688809	-307.326832
71	-346.864282	-337.407900
3364	-305.057353	-317.880247
1927	-361.739999	-359.833109
1717	-345.603646	-346.751366
955	-345.632414	-335.831382
2389	-361.728546	-371.602118
2340	-310.899612	-317.374791
2081	-273.775864	-338.366241
1913	-310.912131	-321.432088
2493	-346.822460	-342.607117
3289	-270.437636	-274.838190
3502	-376.564063	-374.057669
3230	-344.454591	-344.890157
2470	-309.688189	-304.584254
573	-286.504534	-286.615108
698	-274.985880	-280.129933
1718	-356.706262	-352.316872
2667	-308.455402	-316.122849
2328	-320.732586	-332.255157
112	-340.648166	-338.374259
451	-362.932378	-369.255312
1212	-304.733723	-304.260522
1661	-322.148261	-320.690233
1271	-310.902165	-323.606478
3673	-309.691463	-307.935009
932	-361.764881	-355.937990
1010	-340.666160	-343.138489
2172	-308.472272	-304.835783
2041	-346.821470	-343.840243
3962	-341.865856	-360.170675
3244	-323.320332	-323.915811
2740	-360.536920	-375.257092
3077	-336.822591	-337.679263
1703	-286.154755	-279.866192
3921	-343.218379	-344.580932
553	-271.666055	-262.740112
1202	-361.725394	-371.992727
145	-310.929561	-294.576727
292	-308.517192	-328.839906
161	-285.276468	-282.878263
830	-320.767103	-320.469612
2090	-308.473428	-305.558122
2998	-246.027383	-275.298751
2511	-250.500016	-257.630024
557	-312.122696	-348.644405
149	-380.415966	-367.111007
3867	-356.726146	-355.782870
2636	-306.112153	-307.830593
898	-305.906901	-311.661386
1563	-376.575382	-375.586546
