no_training:1500	no_test:2493file identifier	 training data
3428	-288.564752
3374	-324.551244
1302	-339.445855
2352	-288.589622
2591	-325.773278
2194	-273.757530
924	-324.528533
307	-302.239101
1611	-348.044714
2183	-339.459869
3923	-309.737951
1166	-324.576650
3521	-342.324182
3713	-325.748400
2473	-324.497671
3971	-360.530885
2946	-345.649552
3161	-309.678595
2672	-355.556836
2727	-271.330291
703	-340.656580
3244	-323.320332
205	-269.465281
966	-339.467091
1594	-323.433551
3027	-336.811099
3826	-372.742383
265	-236.916125
243	-323.389193
968	-308.470667
1638	-344.481904
2214	-245.994065
557	-312.122696
538	-324.494520
1707	-288.590006
2951	-308.569129
3626	-310.902465
3709	-340.613243
2098	-327.020807
1751	-339.469166
3638	-306.320806
3629	-359.312853
3004	-288.652346
1423	-344.413850
2832	-250.585843
564	-272.569586
1033	-339.482903
2897	-346.825923
1480	-324.584824
3112	-327.021680
3685	-381.602419
3088	-308.459859
630	-273.762561
1728	-362.942862
1999	-233.547877
1343	-310.895432
2273	-324.579188
76	-325.685245
2266	-289.766576
1186	-359.296697
2985	-304.745635
413	-301.369263
1253	-312.126356
3156	-362.941094
2381	-346.856604
718	-392.601894
2133	-323.338627
932	-361.764881
873	-273.763068
3193	-320.725883
863	-285.288405
2293	-269.216495
950	-324.580266
1847	-325.753767
1242	-308.508254
87	-490.834069
1958	-340.595950
2757	-346.855643
2756	-153.742562
2751	-273.787799
2447	-323.330261
1971	-362.906662
1113	-234.484521
2898	-310.940190
1934	-341.769746
1669	-287.426878
805	-309.658574
2999	-307.237456
3659	-340.683837
3522	-309.691414
720	-381.594735
636	-382.818623
2965	-344.689237
1665	-336.802871
206	-309.688611
1401	-307.265351
2759	-393.905418
194	-308.496245
2954	-305.915530
574	-271.665153
2396	-307.546144
2856	-376.586976
3650	-382.756764
672	-345.661057
2327	-381.624797
2676	-325.784384
2805	-272.587161
2100	-343.199390
3076	-247.198000
1197	-308.462932
3245	-327.024699
197	-233.549368
2295	-305.898313
275	-344.442225
3888	-323.359825
1492	-310.927319
219	-307.221351
1352	-304.677606
1265	-227.324775
233	-301.382062
742	-272.588370
2462	-325.752244
1808	-356.676972
722	-310.935212
208	-270.399081
250	-360.538828
3237	-303.553222
3753	-271.652242
3007	-319.573727
647	-338.268974
53	-285.330157
1507	-310.914024
1286	-310.906869
3137	-272.533448
2523	-344.512144
2316	-306.361448
772	-381.599310
2020	-272.514099
2837	-325.730097
248	-339.489875
2298	-270.396464
664	-335.632054
2017	-310.940345
3746	-309.736797
2502	-309.685960
416	-271.318448
3206	-346.853173
445	-319.610687
673	-345.680831
3149	-372.694726
2718	-382.782995
650	-193.034094
1381	-303.795699
3129	-361.692023
1869	-269.207716
3720	-308.561301
1387	-361.698635
1933	-270.396100
1063	-265.440996
3182	-287.440436
2333	-338.234590
836	-324.606601
105	-309.727110
244	-346.835129
1844	-325.808754
3732	-320.774305
388	-340.594424
78	-270.472470
1892	-382.805933
731	-355.501990
3016	-309.730329
3978	-282.861121
1713	-323.381747
2084	-361.708021
3972	-359.339915
2429	-306.081547
1890	-371.608385
1720	-309.692095
383	-361.702346
3415	-308.495275
3497	-392.627857
3523	-325.728070
43	-319.572842
3736	-355.517745
3003	-325.798735
2031	-269.170061
3394	-376.613178
3510	-340.674744
657	-270.392759
2545	-324.614082
2149	-341.878745
3348	-304.715963
2299	-280.273691
168	-325.810050
1362	-249.387499
1244	-345.616998
1054	-323.427722
3987	-324.506120
3545	-310.915918
484	-351.639205
109	-158.340943
2847	-307.566260
3040	-360.506446
127	-322.216227
1984	-287.441165
1729	-361.740062
1359	-229.927277
1749	-302.579654
1670	-269.230258
524	-308.507004
1199	-377.813742
714	-356.669324
1078	-309.738888
2714	-398.878264
942	-325.715957
3176	-432.852890
3347	-286.510514
1617	-355.508183
2101	-361.717364
3337	-286.438448
832	-308.470270
536	-323.348544
2442	-345.636611
398	-345.636145
3748	-376.556657
2913	-361.630982
1429	-288.579114
3335	-275.020322
724	-320.775720
1126	-270.392715
3568	-308.468418
3264	-307.260972
688	-324.491475
3546	-233.219124
3111	-318.340705
3398	-304.686259
2617	-248.151318
1951	-317.408548
697	-340.621200
3648	-324.631468
124	-271.621961
2809	-344.506029
452	-324.575287
694	-344.360007
1593	-335.598739
3220	-273.806349
1364	-267.963366
2158	-340.663379
1442	-308.465594
3419	-335.590859
3658	-309.682445
1607	-303.462115
2474	-357.944802
989	-272.839582
626	-288.653249
3801	-310.937414
1610	-196.406419
1408	-379.527030
1059	-303.436180
1013	-271.300649
2074	-285.300440
3246	-340.652252
3695	-309.651827
3406	-286.459793
570	-275.012535
1201	-224.944660
2828	-232.030352
1959	-324.603913
442	-356.712228
2092	-288.572051
300	-324.602433
1447	-469.758395
2973	-324.604156
2839	-362.930315
111	-344.470970
1204	-361.704371
457	-380.372151
909	-325.789320
1314	-324.460304
378	-356.705084
3941	-231.108368
3101	-360.503577
2988	-310.923406
2470	-309.688189
70	-346.874234
2695	-346.871133
103	-291.024232
2358	-322.169697
1717	-345.603646
2000	-309.736479
874	-271.611192
1768	-289.789940
596	-325.754527
2495	-307.596472
3627	-323.347112
646	-323.641347
1217	-325.773675
2312	-344.416076
854	-383.971058
831	-346.867207
2959	-289.795007
431	-361.712798
604	-320.777491
2937	-324.573883
158	-308.540079
2489	-250.583259
2306	-287.354343
1839	-355.496901
1248	-304.732336
2159	-324.581067
3852	-361.710525
2769	-376.563238
137	-287.440932
645	-308.540795
1570	-325.783642
2513	-345.631685
3033	-325.785262
1466	-340.657975
3674	-309.731169
3105	-346.821661
1820	-324.522751
770	-381.612946
2083	-322.434119
3240	-338.234966
937	-306.397642
3531	-344.458268
2411	-193.075202
399	-304.735224
143	-302.355005
1714	-132.718150
3977	-288.552886
586	-376.582598
212	-324.605613
2691	-308.505543
1778	-305.036659
359	-346.832402
1291	-285.276634
2154	-360.512793
1818	-371.535911
2082	-302.567313
1937	-287.438379
296	-345.688916
1211	-286.498633
3791	-360.491959
2215	-289.795079
3432	-297.523580
1736	-273.764207
2549	-375.410333
3761	-352.866322
581	-287.683128
2522	-307.545457
23	-304.679494
1075	-325.751822
1133	-308.517070
299	-195.196751
791	-309.662433
3155	-376.605641
3595	-345.600227
1726	-381.506605
3907	-291.017966
3476	-304.737418
218	-285.311823
2947	-355.510313
3424	-348.051118
3608	-372.729173
1345	-376.540686
1648	-345.660642
578	-382.825717
3822	-309.665941
1868	-326.949224
1474	-340.654517
2787	-324.505365
600	-268.859550
2305	-376.633716
1878	-346.819711
293	-377.807580
2731	-272.836211
3886	-270.388222
1557	-322.456250
2891	-308.511094
1319	-308.560759
3796	-341.875439
3945	-304.737186
2152	-308.540101
3339	-356.699649
1094	-304.696023
3572	-322.172641
1146	-339.465889
3563	-227.798785
835	-320.740782
3678	-285.255880
2957	-323.644468
1361	-346.840635
3259	-359.368793
1304	-356.679729
3106	-273.735646
1837	-381.574917
1712	-345.612640
1320	-340.656628
606	-343.235457
1698	-325.800949
726	-346.870614
3435	-361.728293
2838	-324.547436
1856	-321.958301
550	-319.568017
3614	-288.627505
1105	-302.306944
2831	-356.723059
3048	-381.616883
3320	-310.952127
1385	-309.679840
2254	-359.388326
2830	-325.800699
303	-375.328197
1280	-356.683566
3436	-361.762744
3243	-377.816466
1718	-356.706262
315	-302.472397
603	-346.867624
1508	-308.462196
2135	-346.861074
535	-248.416462
342	-323.351196
556	-272.600604
3104	-310.941183
2758	-309.696640
3600	-325.781571
2494	-274.984732
377	-360.527122
1946	-346.841836
3041	-345.692143
699	-307.243079
1068	-308.470010
3315	-269.176979
3253	-281.476938
2401	-263.280728
3924	-270.393737
529	-309.725786
3507	-376.594067
2961	-348.061993
3068	-306.015194
2868	-270.407057
253	-305.838224
270	-372.752005
2936	-324.504178
1444	-304.691748
2571	-309.686348
1053	-340.610046
2822	-310.902197
1526	-269.267574
2791	-194.254127
3686	-344.462681
637	-360.557419
478	-119.052475
1272	-308.486687
546	-306.365166
1141	-115.679136
2428	-309.682996
3261	-232.025930
1588	-323.678800
1221	-344.436348
274	-272.539126
3578	-286.432515
3306	-361.650084
2506	-307.526911
1209	-392.612820
1156	-154.972731
3502	-376.564063
2490	-343.078368
1459	-306.320451
1983	-320.792773
3058	-247.214450
3875	-309.655400
3919	-304.721921
3047	-285.293918
3831	-451.528971
2103	-346.834331
1506	-339.437849
1688	-324.567893
2772	-343.232602
1977	-312.131398
1462	-312.136049
833	-325.761605
3851	-326.998454
408	-208.863267
1758	-271.616401
2219	-265.437885
3159	-324.612512
676	-272.584377
846	-270.434394
3184	-308.439671
954	-324.612244
3204	-306.313706
613	-309.689486
3721	-284.372483
2738	-324.555069
1163	-397.709232
3901	-346.822424
775	-344.469204
677	-324.594116
1114	-302.353948
2037	-345.620113
2046	-286.493052
3064	-326.983087
2252	-382.779570
1587	-322.133444
1998	-324.536830
2992	-343.202564
3012	-276.205920
1384	-361.755719
3317	-269.177232
1647	-343.242553
1938	-341.826148
2053	-320.769272
3798	-310.941861
3042	-269.468415
2574	-273.812881
1528	-360.446475
1275	-310.936083
1109	-333.411326
2530	-345.673444
3303	-272.589883
3925	-325.718488
3574	-398.876124
890	-344.458979
2869	-306.113519
3151	-362.873906
69	-265.441614
964	-291.014970
2021	-346.818246
1193	-324.550139
2592	-308.486071
3475	-321.247305
2886	-324.530742
1467	-345.613895
3484	-341.890999
2463	-288.576502
2319	-271.316064
2207	-301.330754
485	-250.585183
2989	-287.317913
1250	-309.686189
845	-40.478930
3099	-324.530718
3410	-271.316922
3125	-308.510840
2105	-335.635972
2645	-362.923114
1403	-308.462299
3361	-324.558989
329	-380.402442
257	-324.569867
1739	-303.454720
2547	-323.328581
1457	-288.573089
2121	-324.619773
3812	-271.623066
3458	-345.693035
287	-307.560718
1218	-287.431740
1857	-307.540766
1269	-307.563525
1389	-272.510742
1827	-343.492484
2272	-324.528642
3664	-269.219315
3967	-273.758273
851	-270.117027
3909	-310.945132
1212	-304.733723
2450	-312.124760
3583	-325.721011
2431	-309.684774
3478	-343.296547
560	-344.385047
1069	-375.370023
2241	-346.857051
267	-345.641113
1164	-340.611734
3002	-269.479234
1061	-343.531666
2384	-281.469893
2507	-291.014750
2041	-346.821470
2281	-345.643890
2164	-304.744503
1913	-310.912131
414	-192.762455
470	-303.460335
3872	-340.691219
977	-285.160699
1803	-270.394458
2655	-235.723792
2962	-309.686114
3768	-227.338075
3371	-286.517424
2766	-285.279992
2895	-273.764673
572	-356.752533
1756	-326.935440
1826	-285.242094
519	-309.687078
2094	-325.812885
623	-265.457424
2122	-348.040439
1135	-310.903412
1010	-340.666160
2698	-344.434438
3517	-396.475511
2598	-308.508949
102	-307.230370
782	-361.678341
52	-345.627428
3564	-303.533472
1178	-382.751729
531	-226.107205
144	-271.323089
1431	-344.392695
1645	-324.477059
889	-272.539307
1411	-327.023352
700	-310.938181
2934	-324.462733
2627	-235.695309
1730	-345.663299
191	-307.610450
640	-345.616264
1410	-273.759553
1312	-381.612501
1060	-345.713205
2765	-381.546975
926	-345.680086
719	-309.693538
3847	-356.693135
2870	-289.872470
1441	-303.469082
931	-361.763293
598	-193.088340
681	-312.126544
2753	-310.904304
309	-309.718312
3326	-381.616196
98	-303.553222
45	-266.615452
2261	-233.260156
3953	-325.792503
3871	-346.859809
925	-307.567279
1580	-271.339821
294	-308.506421
5	-351.628383
415	-309.692626
3487	-210.101789
3480	-286.460642
3292	-326.937372
2467	-325.805017
2147	-382.781806
2563	-247.215049
3570	-272.514475
577	-343.087962
2068	-308.471269
159	-273.773408
170	-340.667287
3135	-272.569212
3131	-303.560907
3802	-356.724118
82	-309.701458
808	-320.774349
2250	-339.462492
2180	-340.665904
2845	-307.602080
289	-321.949791
2562	-375.357530
1513	-306.368494
2928	-324.540084
555	-361.677945
2673	-345.652182
355	-273.761263
1158	-268.251114
867	-283.179781
885	-324.623780
375	-346.857432
547	-360.540793
3929	-321.233569
1838	-356.685238
690	-375.420808
1002	-287.689262
79	-324.605178
3289	-270.437636
3731	-310.913156
60	-382.768883
276	-380.379743
526	-344.430692
2815	-324.570906
3543	-287.318584
2689	-309.673807
3300	-344.499155
821	-307.566593
3222	-344.494043
1914	-288.576123
2117	-346.839895
2811	-326.944158
3557	-344.382663
1696	-320.785074
2976	-356.737615
2767	-340.635968
2225	-324.612179
1549	-340.689515
1834	-381.615289
1388	-250.583643
2258	-303.453218
3372	-309.705858
2067	-280.248350
2722	-344.423318
2482	-268.321270
850	-271.623957
1888	-276.201993
32	-287.509315
3450	-382.824468
260	-359.369049
488	-346.861837
1458	-288.648179
1801	-301.335636
716	-325.758431
1519	-352.874613
3277	-354.254979
3218	-325.743746
62	-309.677968
3960	-336.825944
201	-308.561649
2179	-361.698233
530	-360.503506
886	-304.728323
1344	-341.767606
2127	-308.519863
1548	-306.308471
798	-208.842347
3166	-326.949535
1464	-381.610550
611	-248.364357
2055	-304.724717
723	-361.717032
1266	-324.582035
1633	-247.201165
2477	-360.539944
3537	-346.860694
3589	-324.543443
999	-308.512721
1162	-309.684472
3635	-308.475489
959	-492.026657
1910	-326.978724
1070	-361.752301
2354	-387.558484
2605	-346.869041
2551	-325.792606
1493	-335.643923
543	-310.937295
2336	-344.433499
1623	-229.615446
3850	-308.528193
2059	-345.674176
710	-340.625597
2112	-304.729640
337	-312.123120
7	-309.722879
3034	-360.418556
3838	-271.318933
1234	-325.796704
2089	-308.469081
1432	-324.522792
1488	-320.766344
1525	-345.608193
335	-361.729115
308	-303.428586
366	-324.576206
2187	-310.904927
3080	-344.436248
3621	-346.815715
2813	-232.063900
1015	-344.454928
115	-356.682218
3514	-340.654233
1995	-362.946041
3224	-286.504546
733	-345.660927
2755	-381.595252
2400	-345.592410
2351	-304.614169
1334	-273.765782
834	-346.828689
3821	-308.427345
2601	-333.464063
1547	-335.613384
3136	-340.660061
2583	-346.859078
1515	-360.502298
2385	-310.911571
156	-288.654408
3789	-273.762938
2589	-361.718361
141	-287.734664
2575	-308.759090
848	-309.744522
2182	-340.610000
2623	-235.700285
367	-360.491873
162	-232.324966
1123	-375.393636
1037	-306.397746
3412	-335.628480
3597	-360.539435
119	-327.012568
67	-172.006141
997	-361.688335
135	-301.341304
2433	-324.552283
1873	-346.842529
2686	-340.697732
579	-281.480583
3115	-340.620294
3481	-357.941534
2123	-327.010026
3328	-324.549529
2184	-360.501473
685	-320.029854
2855	-268.917900
3526	-249.285024
1672	-336.831068
2257	-307.238509
465	-266.553159
3599	-308.482454
3186	-346.829695
348	-196.432825
2579	-273.765811
1165	-309.706371
242	-340.623533
2125	-310.908354
3688	-322.476720
1772	-361.717972
1228	-345.640969
3897	-324.519277
3377	-360.549337
3461	-320.776316
972	-341.869909
2264	-346.831590
3735	-360.522940
2740	-360.536920
1582	-361.735290
2944	-309.687280
3269	-381.624381
230	-271.617434
2282	-375.368783
711	-341.849127
1908	-286.508233
1949	-340.674935
2825	-360.576433
1970	-362.897428
1750	-287.645651
1276	-340.667317
93	-340.615011
3496	-302.303890
1601	-345.646864
1465	-382.796989
3829	-323.654114
107	-307.580090
2520	-307.284294
1704	-274.984793
2233	-319.556235
1931	-310.900102
2633	-324.627681
1421	-360.526142
3208	-288.572843
3506	-320.804155
2725	-269.218553
278	-397.667072
3146	-289.872162
1136	-271.296056
1860	-308.507458
1395	-375.348487
2481	-324.614891
2420	-340.625366
106	-362.952198
101	-324.507184
1310	-307.529289
2984	-362.935648
1692	-362.862736
2532	-301.405558
2978	-340.669862
2912	-346.883119
1142	-309.702591
1660	-274.985107
3164	-344.379764
900	-288.561991
1222	-325.805865
2372	-322.217569
1088	-291.017433
1534	-340.632075
2439	-324.485913
3782	-262.035127
1125	-285.292217
1651	-273.809498
3916	-273.810780
1095	-324.603415
1689	-336.823026
620	-346.820834
2140	-325.715372
2650	-361.727711
2820	-308.557865
3853	-271.336383
1654	-360.518768
175	-361.754326
2151	-289.802108
3130	-270.427802
3547	-324.582904
1737	-323.398064
2710	-361.773017
1028	-360.421732
210	-362.938898
3900	-308.465445
2093	-324.473588
461	-273.773506
2218	-325.756157
1779	-288.583563
3403	-339.424322
2877	-324.556404
3283	-287.404397
1636	-233.551389
286	-324.563745
633	-325.759393
607	-301.373496
58	-304.683044
811	-304.567859
1107	-267.060326
1150	-308.551121
1667	-323.323781
1187	-264.235803
1323	-289.811983
2265	-360.469291
372	-337.283890
1392	-353.321142
1159	-325.779568
1584	-251.727102
2977	-310.909944
802	-359.306313
3070	-281.491976
177	-362.872710
3293	-360.535142
1394	-396.500849
789	-324.581906
1814	-360.537947
3223	-341.794931
469	-325.775843
2879	-265.401151
2746	-247.190194
263	-341.853650
3086	-360.507527
1903	-309.678054
971	-324.624537
1341	-301.373831
3896	-307.280331
793	-326.950540
3310	-309.721850
2238	-281.495234
1912	-310.915653
2114	-307.528446
3917	-274.985822
3439	-301.389192
3654	-307.541973
1701	-344.428649
147	-345.615452
880	-345.648463
27	-324.573866
1684	-320.783029
1663	-232.351764
1357	-375.307060
3087	-392.563319
3778	-309.700675
1721	-339.479764
1574	-245.997884
2651	-273.744309
1503	-327.014214
2446	-361.740252
1127	-345.659797
2519	-323.585680
3274	-196.407957
2660	-307.582044
3495	-288.563768
1207	-324.584396
2113	-344.391557
1986	-344.459234
30	-325.717105
2630	-282.871678
1121	-333.449362
475	-304.691568
3873	-348.051405
2901	-318.323005
2157	-309.686797
3984	-344.418857
3692	-281.505078
3696	-308.474441
3171	-345.599912
3056	-269.180682
741	-344.434318
346	-307.586014
1993	-339.504090
2624	-309.699280
1205	-304.682331
762	-346.863396
3055	-285.313284
1017	-308.419735
2064	-309.687401
3883	-308.516508
1419	-344.350927
1176	-288.584832
3019	-301.357437
1562	-309.676327
331	-309.734363
216	-307.283509
1616	-272.539058
3844	-308.450468
3294	-340.693392
8	-272.545439
2145	-346.844016
3331	-233.545899
2744	-288.573110
3354	-360.529236
450	-235.729507
3425	-324.547564
1453	-309.720334
3483	-308.500974
2941	-340.635024
401	-325.712603
721	-185.648533
651	-232.334436
1074	-304.697680
1796	-307.536544
2955	-346.822341
500	-308.452306
1351	-309.733696
737	-336.836792
3788	-361.725962
3986	-355.516778
2307	-346.859945
1905	-231.145151
432	-344.390227
3268	-324.562156
3576	-325.729906
190	-354.290746
2883	-308.757991
428	-324.570042
51	-283.168740
2047	-286.246880
2569	-281.476967
3272	-173.147782
1235	-265.447270
3414	-285.313674
785	-273.796695
2141	-307.287454
3194	-301.367422
2842	-308.450204
3212	-360.575745
3134	-271.319942
3760	-280.314080
955	-345.632414
3755	-341.874216
1200	-346.908492
2859	-362.909074
282	-325.714378
1111	-335.656557
666	-381.593528
1495	-286.516879
3675	-360.534222
196	-341.759398
1192	-326.947461
1374	-322.175807
1416	-308.514570
1336	-334.362330
1929	-324.551800
3391	-306.403144
163	-319.624414
1229	-288.582662
1267	-341.841438
1865	-345.609914
360	-346.890881
1591	-249.397368
3020	-287.430903
1975	-341.829025
1618	-345.629039
157	-376.519880
1456	-308.496384
707	-381.585428
3444	-289.794376
3282	-362.972786
3145	-324.570872
559	-362.935404
240	-286.517094
1420	-286.516174
3512	-340.641866
3698	-360.508088
2007	-308.499105
1293	-271.369084
374	-372.796889
2110	-341.867094
1081	-310.912796
3036	-310.907823
104	-360.574432
2565	-345.591597
761	-312.126820
1569	-234.503085
2170	-274.987123
712	-294.081616
1469	-324.444698
54	-195.186228
2706	-345.667357
1800	-212.439286
1576	-247.184334
2056	-325.729141
268	-362.957295
1600	-249.301818
1871	-306.406578
1090	-272.500426
2422	-325.718957
1261	-268.282665
3529	-341.843027
1941	-286.206129
540	-346.830523
796	-344.453746
3353	-324.514429
3656	-310.918831
562	-456.105229
2198	-382.804255
1614	-325.736331
1413	-247.214861
933	-270.430832
3466	-325.794624
1531	-345.640098
2916	-340.655601
3965	-273.764529
285	-249.362379
1046	-271.618580
2712	-274.985024
2242	-362.870426
2952	-308.511290
3963	-271.323381
3742	-271.272557
2790	-287.732329
2817	-340.641240
1036	-340.609236
917	-323.320690
617	-376.521083
2081	-273.775864
3645	-304.681903
2163	-324.503356
3199	-273.811544
2664	-348.047695
2035	-249.294409
1520	-309.728493
2315	-273.793520
597	-309.683901
3107	-281.504745
3284	-343.290242
2986	-340.629609
1559	-380.372123
969	-325.797425
3832	-346.836423
2732	-324.579850
305	-346.859213
3891	-346.821929
3704	-348.035847
2604	-304.743934
213	-249.281074
2404	-323.340989
2119	-323.665987
1573	-233.255259
3119	-301.090914
251	-265.386781
1922	-248.132701
3670	-286.248451
3534	-320.785748
1048	-286.495416
2890	-309.738198
1843	-362.899677
1494	-345.654016
185	-361.726913
3579	-356.677429
3792	-360.525610
1522	-324.485746
3030	-324.500475
2199	-377.815601
361	-376.622353
3360	-382.810709
2626	-305.900638
768	-193.039603
3867	-356.726146
2788	-345.596027
1020	-303.566436
1268	-344.411146
420	-362.950092
2339	-326.954728
3267	-320.776472
3738	-274.982053
3493	-232.333258
990	-309.684377
1482	-312.132386
1190	-377.830859
3842	-376.587741
3078	-383.966179
2873	-307.545713
1472	-306.080007
2515	-323.341413
816	-356.748545
1850	-323.407987
654	-309.727166
3082	-272.586248
3754	-324.570035
3232	-345.686487
47	-247.225618
28	-324.630221
857	-245.711897
1082	-310.901659
2324	-346.831385
2804	-344.433943
2801	-310.932716
3825	-93.411888
1439	-340.590431
1699	-272.541597
3869	-324.525580
1799	-346.861635
2232	-56.525887
291	-304.683134
2476	-346.865438
2437	-356.692640
635	-324.578381
2224	-307.568767
595	-340.652012
2749	-340.645995
1004	-355.416555
2415	-340.676441
601	-324.603558
1939	-242.205627
3642	-324.565306
3233	-304.691526
3399	-307.229313
3265	-324.569062
2024	-306.349032
1956	-308.461475
3322	-272.536448
1309	-287.723848
418	-324.565412
912	-323.344400
1035	-284.385189
387	-268.248806
1861	-235.696852
765	-317.447668
849	-360.532987
2370	-360.496984
3207	-355.520098
2171	-359.346839
246	-313.537245
2503	-345.653983
2779	-381.606362
631	-371.449232
852	-361.731511
2794	-304.681399
1067	-273.762417
2806	-234.476081
83	-344.434906
1848	-273.769835
588	-309.684571
3121	-344.419977
1504	-360.489720
2048	-235.699029
2600	-307.237880
3756	-326.943546
3188	-325.807242
3183	-345.642870
1943	-325.729335
373	-379.522177
1500	-345.609230
339	-356.705991
3593	-304.614300
1138	-308.444609
211	-357.939331
1497	-251.731545
1232	-336.811744
3906	-309.685651
3880	-357.942023
1787	-325.795649
1907	-346.819476
3273	-288.589678
511	-320.778636
2169	-356.733974
236	-325.758113
961	-326.950279
3700	-361.717469
3355	-345.648365
871	-309.680919
2248	-377.773452
3805	-309.680682
2964	-362.945907
2120	-381.630205
2993	-346.825502
3197	-309.714859
957	-360.490486
178	-188.042067
2321	-381.536295
2829	-340.622886
1000	-339.452428
497	-287.470402
283	-355.460155
3566	-325.830752
3587	-322.421320
310	-308.480308
262	-345.647032
2288	-345.612787
3718	-195.186772
1578	-233.217482
2016	-308.569875
2561	-325.778234
3017	-271.339346
3090	-287.362939
1812	-307.275809
1904	-304.752598
3811	-274.982348
870	-345.646965
2771	-310.910278
3075	-324.616343
648	-287.422111
1541	-310.912991
1100	-380.373569
1932	-310.911279
3808	-345.614760
1561	-325.749687
1816	-344.357220
887	-361.720206
948	-336.827390
433	-396.498209
3661	-287.358011
1321	-234.472577
1738	-273.759338
1231	-324.569596
786	-307.544728
3287	-271.458576
2818	-335.618370
2036	-309.733888
1255	-381.635881
3022	-234.455424
297	-325.833945
655	-325.771459
2311	-193.034988
507	-309.697879
3820	-340.655117
2884	-324.471313
140	-309.676929
1086	-272.587059
1523	-340.646229
3469	-356.686540
2836	-345.652670
50	-357.934562
610	-324.629068
822	-336.845442
2247	-348.046805
3662	-360.469577
1695	-344.411060
3697	-312.119261
985	-320.770329
21	-278.059333
2726	-324.475651
1947	-303.533559
3404	-309.733988
495	-342.297848
11	-356.688211
3165	-356.724041
1491	-344.421383
927	-340.676668
1595	-309.686571
1202	-361.725394
3836	-346.833711
2808	-340.646073
1991	-285.282532
3296	-345.650105
759	-398.888473
988	-341.827199
587	-307.283919
896	-323.312767
3013	-346.883127
1659	-487.002792
448	-346.831139
3314	-305.846541
358	-272.544323
2647	-262.017735
3819	-397.692021
188	-339.406341
2966	-308.428791
1369	-392.662003
2104	-379.006904
313	-361.721849
1353	-359.297643
3249	-325.739818
436	-360.521191
2521	-361.728609
919	-272.589999
35	-343.197784
1510	-322.425235
1530	-272.549380
3396	-273.815873
202	-226.160842
592	-307.614861
1470	-272.542270
2735	-309.690179
1898	-360.497612
1653	-157.116735
965	-323.329385
949	-344.463502
813	-361.733052
1448	-372.747155
3257	-308.472221
3770	-272.544060
1539	-382.755486
629	-309.712115
1936	-360.564423
3295	-231.069318
241	-309.718177
2373	-302.564379
421	-288.627624
2610	-309.711468
828	-361.684892
518	-289.791234
217	-271.648392
1655	-338.217210
1041	-371.504707
85	-272.550580
492	-305.904760
3242	-397.707881
3440	-322.135917
2612	-345.627545
3032	-360.508895
1909	-345.630398
682	-302.303791
2763	-272.548325
2704	-320.786981
3260	-345.595084
2688	-284.964138
3370	-396.486664
259	-309.735245
48	-304.689512
1880	-346.873992
3795	-310.908453
281	-322.479769
3849	-360.531172
3948	-340.614465
3807	-361.706503
2638	-309.688194
1154	-310.937644
934	-345.650323
838	-361.709679
338	-272.544500
2454	-288.578155
2012	-382.788561
3603	-326.952955
2761	-309.696507
2023	-317.402836
3765	-453.654335
3270	-273.788787
3725	-309.710255
2558	-472.145935
3870	-345.605387
2577	-381.600777
3340	-229.879598
392	-345.637570
150	-309.732713
394	-344.385642
2851	-356.699504
995	-360.542928
2039	-360.553317
913	-352.855499
3363	-345.658313
1443	-346.867442
3023	-323.343769
1746	-396.470299
2881	-345.594203
3757	-281.482952
3302	-324.577047
1700	-320.782427
2634	-326.927446
1284	-320.761539
3205	-341.842686
3091	-341.869641
1080	-288.570006
3305	-310.955141
504	-356.680129
3717	-275.014300
17	-345.612580
1923	-287.427777
2338	-268.888303
1686	-288.648208
1845	-302.309526

file identifier 	 test data 	 predicted
605	-456.103432	-457.151493
3577	-361.716705	-360.036626
3693	-273.779498	-273.703789
44	-309.735489	-309.718915
1875	-242.186010	-241.923025
3921	-343.218379	-342.806945
3663	-344.446747	-453.428856
3605	-372.755216	-372.553945
209	-308.493663	-308.688461
2455	-344.431301	-443.657635
978	-324.545574	-323.763786
1511	-271.315027	-272.457423
2541	-341.834413	-342.071319
2893	-274.985796	-274.970591
2491	-381.634033	-481.456914
1007	-235.694216	-235.718304
3793	-381.580932	-481.045756
2283	-231.111403	-231.146881
3073	-309.734862	-309.720900
2423	-338.238743	-338.313279
2314	-345.658870	-345.704632
2729	-323.315925	-324.056710
3786	-308.759185	-308.557195
2027	-376.585000	-376.291229
463	-309.715058	-309.730177
1233	-265.440660	-266.283513
2715	-345.709596	-345.676342
1168	-308.454820	-308.601050
2956	-360.528914	-361.018036
2167	-309.681554	-309.724033
2181	-340.656656	-449.050966
2075	-345.606444	-345.706614
3729	-376.562796	-376.342644
1978	-281.485530	-281.503463
2033	-310.919833	-310.901841
3733	-309.678068	-309.735912
1944	-325.796840	-325.594509
94	-362.955075	-362.732558
856	-324.568212	-323.160774
2826	-308.764658	-308.583552
80	-392.672883	-392.798385
2291	-286.514923	-382.515640
3352	-272.834623	-273.128684
68	-286.519735	-382.821755
1022	-310.902683	-310.972180
3459	-346.831382	-346.766956
3132	-309.670613	-309.690792
627	-359.304956	-359.176648
1711	-345.611239	-345.685752
3904	-356.716094	-357.361594
1151	-392.620909	-393.269539
939	-344.481802	-450.965131
2858	-346.862070	-346.905283
728	-309.678404	-309.750038
1406	-375.394844	-375.407869
1598	-308.471397	-308.588835
1753	-375.351387	-375.226450
1657	-338.273162	-338.652039
1606	-308.462382	-308.745208
3386	-309.684862	-309.730682
799	-310.910909	-310.886930
2529	-229.969129	-230.127858
662	-341.843824	-341.941875
269	-325.729080	-325.620657
3057	-301.381127	-301.332866
2849	-355.442748	-355.381820
2609	-322.351046	-322.280320
3380	-345.606939	-345.683754
1216	-308.465534	-308.703637
3544	-312.133269	-311.999609
3011	-310.902708	-310.904358
1278	-362.942040	-362.838165
3063	-317.413890	-317.723774
3152	-335.591582	-335.600847
593	-303.525517	-405.517304
40	-344.338878	-441.050209
3494	-324.573795	-323.163593
3327	-348.059242	-347.864195
2567	-320.795216	-320.840582
1985	-339.481708	-339.440793
128	-303.785832	-302.916132
1180	-306.364186	-307.221505
2132	-377.826580	-480.465406
958	-302.599262	-303.327430
1196	-346.840727	-346.770108
2852	-274.986857	-273.852684
2889	-341.871347	-341.957000
3236	-310.912270	-310.971961
2334	-472.135006	-510.189018
400	-376.570473	-376.371307
2960	-271.360631	-271.873913
2267	-291.016020	-282.546417
1449	-308.507220	-308.983733
2875	-344.475122	-453.338490
2711	-322.460671	-322.698056
3142	-376.617653	-376.360676
180	-360.505528	-360.940023
3491	-361.750275	-361.605599
1967	-288.573475	-288.599535
2742	-348.048844	-348.192730
2052	-325.809179	-325.769976
2654	-304.679740	-304.945782
1220	-325.800532	-325.675237
2259	-361.734611	-362.279321
2748	-321.271406	-321.224799
1537	-309.692993	-309.714479
3092	-340.610697	-448.107574
3611	-324.577560	-325.139510
3974	-323.433262	-323.431836
1016	-305.129953	-304.179636
1483	-309.723988	-309.780139
3643	-309.660190	-309.697965
379	-391.337881	-383.892976
2301	-324.616647	-323.254943
2615	-360.501085	-360.748204
2460	-345.631797	-345.653346
3467	-308.494487	-308.794481
3666	-309.735874	-309.733671
1666	-289.872246	-290.001496
1974	-345.655745	-345.757872
921	-325.682121	-325.735047
882	-169.557758	-131.986767
2874	-309.725707	-309.788929
2882	-322.444150	-322.440159
2982	-325.722723	-325.589137
2107	-325.766177	-325.650722
255	-309.672030	-309.693094
3209	-346.834502	-346.823360
3061	-392.552088	-392.686959
2807	-269.176124	-269.900732
3449	-297.510804	-297.496489
843	-308.437835	-308.360852
195	-296.296482	-294.335477
2398	-319.533364	-320.313743
2905	-307.206439	-405.447639
328	-310.911163	-310.830091
3321	-251.726162	-251.712744
3163	-319.610683	-320.061302
1379	-325.731549	-325.685900
1916	-360.557411	-361.019342
1982	-345.609374	-345.637314
1966	-302.558699	-303.338562
3856	-306.313590	-306.539703
1747	-360.559076	-360.944115
3103	-340.631134	-448.954189
1452	-308.467331	-308.629023
1895	-324.551432	-324.682590
1776	-325.785476	-325.785948
1777	-265.408147	-266.486112
3116	-312.128429	-311.979159
1243	-323.582949	-432.086464
1307	-303.460433	-400.621764
3979	-345.651111	-345.617225
3169	-310.902849	-310.893906
563	-345.644179	-345.727874
1677	-344.412416	-444.340065
2246	-287.318502	-287.620558
3144	-308.472241	-308.603989
3421	-324.571081	-324.394597
814	-308.509272	-308.756039
3682	-291.017820	-290.808587
2998	-246.027383	-245.213802
2004	-346.839235	-346.890591
370	-356.698196	-357.424850
2844	-301.377995	-301.363164
1006	-336.843788	-440.211014
1884	-307.577822	-305.677351
2274	-308.463553	-308.588095
2173	-304.678340	-304.988330
3637	-309.764115	-309.819238
1239	-356.710448	-357.065023
1251	-322.482659	-322.308828
614	-383.982605	-384.290516
1668	-344.433140	-455.108692
746	-273.802095	-273.668101
14	-302.238859	-301.994739
2294	-341.831947	-342.170776
1928	-326.927990	-327.365811
839	-302.254301	-301.495694
2781	-288.581699	-288.351217
3330	-323.360126	-323.714093
3482	-281.480993	-281.698939
1301	-309.679190	-309.689710
2394	-355.446449	-355.415441
3388	-271.606364	-271.503176
2517	-308.462063	-308.734668
2745	-322.118085	-322.216376
1258	-344.472090	-450.931365
125	-228.992613	-222.606967
3290	-341.859618	-341.820435
77	-348.062001	-347.738458
3628	-272.509064	-272.566002
2524	-392.642251	-392.378785
624	-312.119017	-311.658935
3775	-324.576188	-324.815289
3215	-320.793270	-320.301817
1988	-312.124451	-312.056337
2038	-348.056093	-347.496710
1285	-346.860450	-346.881152
2979	-320.767064	-319.024946
389	-271.336957	-271.906240
3702	-362.951503	-362.418354
2678	-285.255563	-285.095034
3955	-323.391458	-323.118319
1894	-360.532510	-360.966920
2188	-288.690060	-288.532410
3301	-371.491061	-370.904825
473	-346.828378	-346.845782
2308	-324.460752	-325.255573
3464	-234.470922	-234.544888
430	-307.543210	-306.506000
2625	-291.021574	-284.531613
1824	-336.855265	-441.505557
2310	-338.194242	-338.027979
1831	-323.386306	-324.381601
956	-230.183076	-230.524510
349	-309.687623	-309.737837
634	-154.960361	-155.145001
3299	-325.725069	-325.656283
2983	-346.833689	-346.827673
1590	-344.415609	-445.789959
3383	-360.602876	-360.797809
1501	-288.653529	-288.605559
3763	-344.416821	-454.867829
1527	-271.621836	-271.377413
221	-310.917273	-310.946929
20	-270.370102	-270.416005
3247	-360.531175	-361.428097
2924	-348.045292	-348.123035
245	-340.656722	-446.911099
73	-233.293627	-232.633792
3185	-348.053386	-348.138680
3389	-309.689740	-309.751625
2229	-319.560814	-320.783208
702	-379.000257	-379.306431
708	-306.313133	-306.350232
2968	-310.909942	-310.880569
1899	-308.478846	-308.548623
3098	-345.658421	-345.692871
872	-309.711438	-309.806059
2752	-381.632242	-481.869288
632	-361.705069	-361.540834
515	-287.727890	-288.024331
189	-322.167165	-321.056042
2208	-286.486509	-380.601513
489	-356.745773	-357.241832
1599	-304.689816	-305.052539
2701	-326.942959	-326.572565
3198	-288.680991	-288.504172
3338	-308.466631	-308.650423
2260	-271.351786	-271.919570
1430	-361.720960	-362.740020
1536	-324.492974	-325.074740
2091	-346.904050	-346.828811
3814	-361.745554	-359.984640
3010	-361.720579	-361.402498
2910	-307.536915	-305.533344
3217	-306.392828	-307.154219
1509	-345.612220	-345.584307
1965	-288.555445	-288.433512
545	-356.698773	-357.473603
1445	-396.491525	-396.989898
1259	-288.590804	-288.527121
779	-356.732185	-357.133080
1755	-304.686811	-304.972682
3422	-340.663929	-445.311477
3009	-307.265383	-407.699803
1348	-309.683859	-309.729407
3641	-360.485033	-361.114300
2109	-321.219665	-321.062543
2202	-324.602888	-323.941467
1987	-325.775071	-325.726396
2566	-346.832253	-346.832348
1174	-345.614442	-345.877725
548	-233.555951	-234.539967
774	-395.551843	-389.279197
2469	-270.392444	-269.994524
1798	-312.126342	-312.703359
2342	-309.680487	-309.678999
686	-391.370332	-388.317588
3690	-346.829378	-346.844569
520	-309.720011	-309.794229
2178	-339.455981	-339.522192
2435	-229.013797	-221.470397
2799	-340.702898	-446.947324
3252	-340.610842	-448.714068
2085	-309.695312	-309.747657
2130	-271.612772	-271.624075
1210	-340.641282	-443.853104
3451	-319.606765	-320.271796
2028	-346.821466	-346.835886
3304	-346.843297	-346.858957
1460	-309.684108	-309.748741
371	-380.374978	-379.837134
1417	-381.586740	-483.488925
2102	-361.723581	-361.456579
2005	-305.155985	-305.046805
3430	-341.828533	-342.072811
3991	-372.765028	-372.523775
1652	-301.316399	-301.281383
3515	-346.852204	-346.873482
1213	-324.530103	-324.477502
1957	-206.721858	-175.902843
3528	-233.262752	-229.233595
3776	-320.773105	-320.683615
2425	-322.435505	-322.266344
1249	-272.543724	-272.581333
3258	-324.473847	-325.276235
599	-343.312201	-343.248525
1889	-361.731388	-361.413601
3799	-291.018995	-292.054893
453	-375.430225	-374.103254
123	-269.263476	-269.847864
2775	-382.812383	-382.761227
1524	-272.550818	-272.521628
3950	-270.439135	-268.026379
1586	-272.837559	-273.071650
2270	-355.497046	-355.449421
3569	-272.588302	-272.655999
317	-325.797397	-325.702957
1264	-324.536694	-322.367181
1318	-310.897519	-310.986858
3889	-360.533387	-360.804472
2685	-344.426408	-449.088930
3669	-285.267165	-285.443952
118	-352.905052	-353.553928
2245	-308.434866	-308.715355
3358	-326.934987	-326.638011
2397	-308.772292	-308.730574
1685	-338.273553	-338.677190
3281	-309.716743	-309.744378
3211	-310.908555	-310.840966
1367	-325.812267	-325.689541
729	-343.084333	-343.104119
2590	-340.650928	-450.787658
3865	-362.899954	-362.800200
2906	-340.657508	-448.566410
1390	-340.660793	-446.038218
1219	-306.334850	-306.356470
589	-340.604189	-444.862769
1911	-272.582516	-272.608146
1634	-324.563073	-324.855772
1821	-308.473320	-308.577275
3567	-309.693494	-309.705266
2721	-271.401725	-272.180408
84	-345.610574	-345.739393
2360	-340.636727	-444.853770
1167	-309.729139	-309.751144
1640	-304.583737	-304.992842
405	-273.804251	-273.778898
2500	-286.498235	-385.097450
2111	-348.048744	-347.959239
1829	-382.804482	-382.869490
753	-361.710299	-360.333548
2340	-310.899612	-310.816631
3431	-323.229212	-323.083475
238	-233.253760	-231.592267
1502	-340.679724	-445.004837
1117	-345.566120	-345.460337
3634	-340.646592	-444.569745
2406	-306.386594	-306.684683
1038	-267.106213	-268.219509
3263	-285.326726	-285.364112
2958	-324.580268	-323.247257
2860	-345.600676	-345.294585
539	-341.886521	-341.761709
781	-362.918463	-362.888878
1134	-343.068226	-342.991541
2049	-344.463291	-443.989890
2594	-335.586914	-335.548478
2762	-306.370119	-307.000493
1437	-376.547304	-376.241407
2588	-376.538277	-376.513937
3162	-324.546164	-324.236469
231	-346.860243	-346.882483
1003	-308.516378	-308.720927
3029	-285.281493	-285.451640
1989	-287.426977	-283.868632
1270	-307.571937	-304.956869
2361	-304.727460	-304.925724
3150	-310.942587	-310.849752
2861	-288.654312	-288.540671
3349	-207.916786	-206.894701
2690	-231.093096	-230.167507
1027	-360.529992	-361.177641
3910	-309.703111	-309.746906
3739	-324.566515	-324.217147
3715	-381.567301	-482.828436
2812	-381.619786	-483.808147
582	-325.833302	-325.715490
1893	-344.385273	-453.156408
3455	-270.401061	-268.345859
311	-287.724713	-288.304963
1382	-360.492675	-360.488568
3509	-288.685117	-288.439871
2554	-345.649886	-345.773052
306	-307.335530	-409.176518
827	-303.556664	-407.941062
542	-382.793238	-382.866767
2865	-342.307696	-342.571058
3990	-303.459637	-402.159891
2540	-211.295796	-211.857184
3691	-352.852117	-352.982933
1866	-310.940708	-310.895082
3866	-341.882531	-342.074510
1705	-286.218259	-287.061517
498	-273.791878	-273.728844
894	-338.247875	-339.626307
3074	-272.553250	-272.444944
347	-309.687405	-309.762531
1354	-382.790027	-382.827344
1765	-285.335887	-285.245791
670	-324.618078	-324.768604
3660	-288.651313	-288.642446
2235	-318.409670	-318.544219
298	-377.795528	-484.015122
1763	-325.799404	-325.559122
2441	-310.909223	-310.992245
2168	-310.899911	-310.895013
3774	-305.130184	-304.962316
3308	-381.582831	-486.236847
2643	-372.711859	-372.631902
3275	-308.757315	-308.549134
2030	-273.804223	-273.808180
1129	-340.618148	-451.854856
2009	-273.812948	-273.772477
2138	-340.684371	-445.459666
2488	-363.508158	-363.287041
261	-310.905322	-310.842487
2073	-345.600119	-345.640550
2255	-360.513163	-360.394730
3516	-324.634527	-324.287263
3562	-360.524672	-360.839826
385	-305.159206	-304.814198
2263	-274.983122	-274.428366
2452	-344.424745	-451.864663
738	-324.592221	-323.915255
3794	-317.361117	-316.718223
2945	-307.281910	-407.049051
3118	-236.917873	-228.765226
2552	-340.624424	-451.226919
974	-303.468081	-404.634289
3323	-232.335768	-307.270111
2864	-340.658990	-448.668421
715	-285.275928	-285.590233
1558	-270.389386	-269.806937
639	-270.405973	-267.340769
3877	-340.623773	-445.248944
2279	-309.711101	-309.695730
3846	-318.393987	-318.656661
2204	-310.904876	-310.866759
3181	-307.209274	-406.787577
3168	-323.614890	-428.545424
2570	-324.626187	-323.923398
1019	-327.016183	-327.052538
2347	-308.476587	-308.704376
351	-345.625747	-345.712751
2300	-453.655583	-450.520780
2528	-308.467760	-308.757480
745	-344.464270	-447.917052
1478	-309.691634	-309.733392
3727	-285.317454	-285.607214
1620	-270.431243	-269.494797
3423	-308.555641	-308.692195
829	-310.909285	-310.921447
915	-304.734226	-305.048087
1064	-276.202311	-267.039582
3288	-348.045786	-347.481844
193	-307.285557	-411.105872
1680	-377.842223	-477.630434
1405	-361.711854	-360.448518
2148	-309.718089	-309.767013
341	-273.735711	-273.821064
3592	-323.367866	-323.734319
2747	-301.332569	-301.296903
16	-273.806874	-273.792624
3815	-288.574763	-288.522433
2953	-348.047609	-347.810316
1518	-309.683200	-309.776239
2674	-342.352279	-341.941526
435	-306.309029	-306.474898
2015	-308.518276	-308.771772
3501	-318.409788	-318.571534
490	-231.142581	-230.103488
429	-288.570364	-288.532073
481	-307.573371	-308.374799
3285	-247.192524	-247.113778
2210	-325.710772	-325.590454
1198	-308.449457	-308.734224
3743	-325.726182	-325.737028
3312	-323.647099	-425.579986
622	-341.886905	-341.797722
501	-345.630685	-345.761444
3797	-376.587519	-376.633127
1948	-195.158734	-248.190170
49	-396.507540	-397.063808
139	-338.257996	-339.532031
138	-362.875317	-362.756886
459	-348.056615	-347.686653
902	-310.940195	-310.831245
3657	-312.124380	-312.084488
1042	-305.904676	-305.972343
1760	-326.940002	-326.833590
2994	-345.597078	-345.733263
3519	-376.604739	-377.395016
90	-327.017113	-326.395362
3764	-308.483519	-308.681461
3066	-345.688382	-345.757079
2613	-338.214346	-337.662623
1342	-361.712098	-360.306192
2042	-232.364952	-302.466050
938	-331.411639	-330.971396
2539	-321.276274	-321.069751
3810	-372.726782	-372.662774
29	-344.425700	-447.117049
2899	-310.930659	-310.916599
940	-325.787515	-325.730864
2641	-270.394309	-269.653800
292	-308.517192	-308.802250
2499	-376.539208	-376.345945
521	-262.065493	-261.781456
3313	-360.526364	-361.299498
2909	-361.687451	-360.556822
2557	-273.774103	-273.769227
2904	-302.545112	-303.388367
1185	-324.558175	-323.909641
2209	-382.781841	-382.192036
3935	-289.875063	-288.156104
2328	-320.732586	-318.833579
3513	-340.637067	-449.953345
2922	-352.890573	-353.526934
2378	-339.490841	-339.130250
3594	-272.544482	-272.610250
1299	-348.043466	-348.217034
2222	-340.678668	-449.209905
1930	-341.835805	-341.996260
1706	-382.777508	-382.513917
2335	-346.825562	-346.853866
1076	-361.656187	-361.268101
3560	-286.463470	-379.139499
2320	-362.876210	-362.790291
3623	-341.892484	-341.931371
487	-307.223588	-410.588602
2932	-285.320198	-285.194578
1450	-273.757658	-273.760926
1281	-308.457113	-308.591837
1356	-271.372094	-271.984427
204	-287.353313	-286.502517
0	-351.615495	-351.541967
2536	-273.758980	-273.789977
122	-339.419649	-339.116807
883	-340.647778	-444.816267
3961	-308.561152	-308.817836
1552	-346.865957	-346.921292
1859	-324.577613	-322.323338
892	-288.621895	-288.474205
1001	-304.724431	-305.015389
3219	-339.428557	-339.451566
3973	-356.659922	-356.903550
2357	-325.754267	-325.708782
3683	-308.510782	-308.736541
1149	-325.796862	-325.642018
2739	-362.946034	-362.680180
2389	-361.728546	-360.891197
3505	-274.983383	-274.931989
1604	-347.456674	-347.424860
2262	-325.780603	-325.915151
1969	-360.529678	-360.512930
3077	-336.822591	-443.707763
3479	-265.289023	-266.142867
3830	-346.817778	-346.925581
3671	-326.941692	-326.905735
506	-234.516241	-234.511819
773	-309.674485	-309.695200
2546	-248.018573	-247.635639
3803	-287.351460	-287.284097
2453	-268.273240	-268.260068
3804	-324.573632	-323.884103
1723	-307.290176	-411.452125
2269	-308.452310	-308.691060
858	-340.661797	-443.399908
1544	-324.594826	-323.814894
3120	-309.689111	-309.733404
3647	-325.794522	-325.775376
3508	-309.675176	-309.767975
3210	-336.808333	-440.114778
3227	-348.043668	-347.717925
735	-309.716570	-309.689905
696	-356.709466	-357.218703
2191	-359.317050	-359.461835
2271	-310.916474	-310.901863
2969	-286.484904	-382.731910
825	-340.536374	-441.901457
2087	-286.484121	-382.580464
2670	-326.934805	-327.147774
2493	-346.822460	-346.943444
1891	-323.382399	-323.638341
3769	-304.586424	-304.911742
991	-345.602096	-345.703379
877	-359.317823	-359.209186
2002	-286.504040	-384.766983
2887	-345.641890	-345.765693
419	-312.128001	-312.252888
314	-233.255379	-230.937420
2115	-266.626759	-263.592928
3095	-339.431197	-339.632384
1996	-356.687774	-357.195530
2026	-272.837907	-273.498043
3343	-320.735225	-318.616825
1463	-362.938449	-362.563294
590	-346.857871	-346.938359
3438	-312.132858	-311.689355
1294	-345.612830	-345.684541
1119	-304.733360	-305.038999
1055	-345.681183	-345.632473
730	-336.821088	-440.812696
2331	-308.516808	-308.735600
981	-303.499320	-403.289515
3783	-310.912792	-310.952825
2203	-310.911529	-310.928365
2741	-297.520999	-297.526981
2478	-339.450173	-339.600372
3527	-309.716030	-309.715089
1461	-346.899170	-346.794644
2356	-323.346816	-323.776128
324	-307.534482	-306.426299
288	-355.557059	-355.392100
3202	-310.908741	-310.881615
1274	-309.686648	-309.724116
1247	-325.770105	-325.670955
1298	-308.505512	-308.809936
496	-377.794221	-481.389029
1817	-339.459612	-339.547362
3609	-269.176442	-270.532291
608	-309.688960	-309.750501
2077	-309.736028	-309.774132
3139	-344.437158	-441.790300
3586	-287.506415	-285.829323
3046	-322.057728	-322.022813
3944	-381.563295	-484.327788
3384	-357.949026	-357.525032
1828	-284.993731	-285.267386
888	-323.328290	-324.025792
2692	-356.663387	-357.271271
2417	-336.838171	-442.048373
33	-264.504487	-264.955703
1553	-323.448965	-323.675103
1012	-266.609146	-265.543367
2616	-272.542567	-272.511013
3472	-340.657197	-443.156968
663	-323.347275	-324.061826
3081	-302.557878	-303.405008
1863	-381.631601	-481.487753
1066	-375.344926	-375.243571
3640	-309.692577	-309.724430
258	-371.546126	-371.570330
422	-288.692943	-288.514123
1346	-308.542644	-308.808933
2917	-267.068488	-267.725197
2226	-276.206257	-273.887421
2582	-320.773768	-321.301638
357	-307.245430	-410.736962
2935	-297.516418	-297.239470
905	-360.513668	-360.607103
2786	-327.009009	-327.095383
1564	-288.555332	-288.415855
3701	-248.211932	-247.592489
658	-307.234503	-410.082816
2848	-339.419688	-339.100996
1490	-309.691591	-309.755074
1901	-362.946498	-362.815223
396	-372.782655	-372.619366
3676	-346.840522	-346.807767
1919	-407.364323	-395.663357
1661	-322.148261	-322.164631
174	-229.928448	-228.838716
3590	-340.660106	-440.761758
2128	-308.504896	-308.779614
2533	-265.438520	-266.105601
3636	-324.624318	-323.838237
2045	-324.495988	-324.418488
1748	-288.688929	-288.515363
2345	-342.329232	-341.899271
2585	-249.269471	-329.442066
2034	-345.586124	-345.965443
3021	-360.495540	-361.061096
684	-361.753989	-360.777523
1973	-340.637231	-444.907933
2666	-303.423742	-395.785642
936	-382.773457	-382.545094
3043	-196.405320	-196.610059
1567	-356.714706	-357.579042
3785	-348.045948	-347.920417
897	-345.659998	-345.723787
3876	-304.574737	-304.868491
2240	-381.627040	-483.812909
993	-317.364547	-317.157815
284	-360.500454	-360.893352
3633	-380.412093	-380.466773
1047	-346.836177	-346.810023
847	-324.608363	-324.099210
1418	-325.725274	-325.632960
3234	-287.349937	-287.814213
1921	-310.904960	-310.532952
3429	-274.987297	-274.531651
2421	-249.395323	-331.736844
3602	-361.683811	-359.258956
1673	-309.733829	-309.793386
2867	-361.734339	-360.840339
1144	-264.255612	-264.448371
2465	-339.464024	-339.280701
2730	-286.492223	-381.165783
3498	-381.585231	-480.967688
460	-360.488733	-361.036053
3940	-308.464824	-308.697419
71	-346.864282	-346.906144
3751	-339.491316	-339.392330
1349	-286.542391	-384.589686
3143	-286.432042	-371.858752
1682	-269.215705	-269.917361
3200	-265.433051	-266.195036
1609	-210.001565	-210.257966
1806	-324.610229	-323.518806
2379	-361.769162	-361.647448
3368	-308.496367	-309.012574
2496	-326.954795	-326.702758
1793	-325.725688	-325.629366
3154	-309.714008	-309.750583
3777	-339.431092	-339.330354
1337	-286.498779	-379.634180
3203	-308.459279	-308.735718
1328	-376.531779	-376.401688
3887	-242.196351	-242.967471
3173	-325.791830	-325.519854
439	-288.690999	-288.540599
31	-359.310420	-359.111549
3878	-360.554015	-360.959830
2146	-310.932540	-310.682225
3325	-341.836362	-342.023870
865	-304.728720	-304.991060
1752	-296.265627	-294.797294
1317	-344.393241	-438.585159
1034	-356.732791	-357.209099
3000	-309.688191	-309.727872
151	-270.397623	-269.191115
1044	-304.687053	-304.780063
3607	-325.801523	-325.644156
2330	-287.681216	-287.956796
3138	-345.651520	-345.759476
2648	-325.728744	-325.692392
256	-308.741915	-307.918796
534	-324.575799	-323.137127
3126	-360.523204	-361.304968
1427	-340.646339	-444.768585
3730	-291.017996	-291.622104
72	-325.720699	-325.688542
3946	-286.438084	-380.595726
683	-348.060054	-348.146884
671	-310.897268	-310.869994
443	-325.754109	-325.731263
3117	-346.824942	-346.946012
1083	-309.726295	-309.794423
3179	-270.408713	-267.959907
2833	-248.375248	-249.509215
1181	-323.657279	-426.551522
477	-265.399968	-266.318218
1045	-344.449852	-454.240268
826	-248.137789	-248.413805
3855	-304.746925	-304.966930
1802	-361.715983	-361.363137
3286	-361.731914	-362.181824
522	-309.680641	-309.760502
1189	-287.322957	-286.559446
625	-308.514390	-308.707995
585	-229.918003	-228.938715
3772	-356.752251	-357.091717
3613	-308.483617	-308.695256
3899	-337.265273	-332.699696
982	-307.235414	-408.880806
525	-273.812813	-273.823629
1514	-320.781098	-320.030624
2925	-301.394865	-301.909623
1579	-288.589020	-288.579029
1643	-310.910140	-310.849225
365	-361.740208	-360.736387
3859	-308.499978	-308.684438
2228	-308.518356	-308.890023
411	-397.680771	-397.596815
576	-345.655968	-345.646487
747	-359.350089	-359.179049
3938	-345.645388	-345.854070
790	-341.836780	-341.994767
3719	-320.742924	-319.102520
3951	-326.977685	-326.421592
130	-274.988525	-274.938877
2902	-271.653205	-271.560923
3065	-344.486202	-448.967925
911	-356.711832	-357.252318
2548	-340.654465	-446.340485
3452	-361.758902	-362.192628
2172	-308.472272	-308.764747
1554	-320.728167	-318.397625
1433	-325.729800	-325.754909
2723	-324.554067	-324.395259
2231	-346.825174	-346.902894
3039	-341.851538	-342.046119
1864	-312.133063	-311.476819
2444	-318.641916	-318.728643
2681	-308.466840	-308.720705
1538	-348.050463	-348.031913
2880	-346.831172	-346.924053
3465	-324.548021	-324.687726
2284	-359.298380	-358.911287
3606	-310.906553	-310.851713
1512	-346.839595	-346.893289
748	-324.572987	-323.548818
3028	-346.861640	-346.745529
2206	-312.126404	-312.225434
404	-324.595399	-323.478594
1252	-301.395982	-301.477576
3591	-273.762889	-273.676695
2166	-343.239068	-343.280690
2025	-249.363808	-325.990833
467	-273.793804	-273.809362
756	-325.798888	-325.728684
2872	-288.581144	-288.534239
2010	-323.385837	-324.114918
800	-324.611571	-324.851634
2652	-317.377404	-317.269661
2659	-324.461004	-324.960769
3882	-194.261089	-194.664041
330	-286.408473	-374.676338
2675	-303.787203	-302.376628
706	-303.481839	-402.615771
129	-308.512092	-308.732149
1329	-309.710338	-309.746158
1315	-288.533780	-288.458224
3239	-361.708121	-358.712693
3630	-287.660591	-288.119413
3307	-318.647923	-318.684388
493	-336.819674	-441.587191
1529	-354.275774	-354.084953
3342	-153.787612	-152.130624
1363	-355.525451	-355.262067
884	-276.202586	-273.340447
1040	-268.307873	-268.481807
2795	-379.572458	-379.726290
3378	-325.831718	-325.750551
1397	-271.624640	-271.574946
3488	-340.672417	-446.203534
2596	-339.467484	-339.580264
2914	-270.422403	-269.938221
1058	-324.585402	-324.645790
2304	-286.431160	-374.142020
2996	-324.566568	-322.785140
3575	-309.736328	-309.789974
2970	-339.501361	-339.380290
953	-392.650949	-392.396289
1724	-381.594558	-486.142292
667	-360.533083	-361.348087
1852	-309.685790	-309.707180
1245	-310.907810	-310.984064
1404	-346.883049	-346.919905
2256	-303.503801	-406.003187
1775	-306.353871	-306.781370
1246	-318.406529	-318.549548
3937	-361.713179	-361.302237
1556	-340.659506	-448.232080
2060	-362.945811	-362.763073
1693	-234.474613	-234.249066
3433	-308.465425	-308.722590
3966	-376.570141	-376.138693
3052	-291.017787	-285.360563
1612	-310.902795	-310.864646
2116	-340.646768	-441.909569
1597	-336.805704	-441.219321
2990	-376.661483	-376.490968
916	-345.608831	-345.549859
649	-340.685408	-447.262426
1380	-288.625728	-288.442373
2649	-381.581036	-477.528974
2933	-360.538112	-361.153814
1260	-270.417842	-269.819479
3379	-273.761967	-273.795209
2322	-355.508682	-355.089435
2782	-340.664407	-446.506572
1641	-340.647224	-444.886389
3124	-308.562031	-308.729632
2606	-323.344105	-323.608997
2785	-310.915445	-310.930527
801	-273.763117	-273.818224
1771	-287.657053	-287.874076
3779	-308.476903	-308.746110
3918	-289.794194	-289.308433
1454	-288.652757	-288.420123
1238	-360.499088	-360.427444
3885	-304.728655	-304.937248
1551	-324.575851	-322.960538
2607	-275.007113	-273.469582
3947	-382.782251	-382.782716
1625	-320.776082	-318.698655
1175	-361.742598	-361.417934
3255	-345.578846	-345.613491
2177	-346.868453	-346.912393
2099	-288.573876	-288.491373
1842	-362.894239	-362.701578
2750	-268.301176	-268.473023
830	-320.767103	-320.714447
434	-338.195462	-337.877174
2054	-302.588564	-302.872820
3737	-361.714817	-359.232745
3462	-272.538255	-272.579449
2399	-308.430606	-308.645773
2498	-288.539500	-288.470842
2402	-235.696227	-235.840805
2792	-362.944759	-362.566178
3369	-158.342346	-162.085062
1855	-360.497728	-360.670621
844	-324.606050	-324.113726
1770	-309.719198	-309.821799
3689	-308.467642	-308.694587
3411	-286.134060	-287.634247
350	-320.793580	-320.999283
2835	-362.925466	-362.743691
3724	-324.573480	-322.238017
3708	-270.397474	-267.202509
1226	-195.226072	-246.684697
2349	-301.357553	-301.235743
3703	-287.697316	-288.131389
3588	-272.549011	-272.459989
824	-310.952875	-310.871330
1072	-272.554773	-272.427966
3038	-288.542113	-288.454140
1906	-324.613156	-323.798607
3387	-309.727603	-309.704928
678	-308.506580	-308.788225
3601	-308.749822	-308.264465
2559	-319.571638	-320.154800
1952	-344.408452	-446.700970
2029	-380.417684	-380.388770
2573	-307.303421	-408.247752
3679	-320.794248	-321.164525
277	-302.288351	-302.622600
533	-287.720383	-287.970622
3927	-323.326298	-324.160073
3644	-345.587398	-345.761112
2608	-306.369631	-306.605582
363	-320.778723	-320.073070
3533	-232.036378	-233.418328
1237	-360.542541	-361.275850
2129	-356.722498	-357.374560
2504	-325.805550	-325.724036
3407	-343.517848	-343.715946
1542	-370.291993	-360.608180
516	-312.134532	-312.502498
3158	-269.271320	-270.019293
99	-336.813559	-440.830433
1143	-367.635675	-367.434241
3667	-249.293044	-328.514380
3229	-271.614305	-271.587838
2022	-344.425164	-440.147753
1715	-286.486570	-381.638591
2920	-326.952797	-326.624162
1179	-343.195060	-343.082455
1792	-363.504227	-363.324971
3141	-345.651109	-345.764370
2071	-246.029150	-244.444106
3084	-325.781161	-325.713791
3655	-287.379629	-288.037895
2143	-288.628466	-288.493602
3684	-362.958208	-362.821651
537	-361.731930	-361.952730
2580	-309.722373	-309.761468
2365	-345.689766	-345.749474
2430	-304.688809	-304.999250
1571	-470.915515	-425.593189
1780	-345.606551	-345.705922
908	-310.911406	-310.872259
108	-345.614707	-345.662640
1811	-346.855968	-346.809730
1631	-345.642285	-345.755553
345	-309.704732	-309.737323
3157	-335.619981	-335.612063
1585	-360.545832	-360.718930
2058	-356.710498	-357.231134
1810	-288.653294	-288.708872
3835	-309.693085	-309.775684
2657	-308.451299	-308.631731
3097	-309.716094	-309.681362
1052	-361.770383	-362.484313
3230	-344.454591	-451.953028
1155	-272.838189	-273.331353
3226	-339.491316	-339.392331
1039	-360.575277	-360.961637
1230	-323.396217	-324.031207
1330	-324.575010	-324.493480
3035	-344.404557	-449.696529
2438	-392.565188	-392.443040
2682	-324.528297	-322.483244
1371	-288.596392	-288.618518
979	-309.713440	-309.744972
3845	-344.454717	-449.433527
3367	-269.216969	-270.597526
1784	-324.497693	-324.795592
2656	-376.622509	-376.473250
558	-344.464151	-448.675389
1014	-301.385442	-301.362176
502	-306.349558	-306.600966
1596	-492.022084	-478.356427
2337	-324.588418	-322.550261
2581	-234.469389	-234.084606
2403	-326.955365	-326.909187
3291	-362.911941	-362.811696
1128	-361.695007	-360.375986
2144	-324.574829	-324.504946
3983	-322.115604	-321.921701
451	-362.932378	-362.881406
2249	-392.653825	-392.297222
2576	-306.418503	-307.068138
732	-327.023478	-327.537271
2468	-307.193849	-404.535681
2653	-361.749428	-360.570510
1968	-324.538807	-324.678777
3503	-266.630629	-264.989088
2987	-271.618137	-271.550288
1098	-356.649302	-356.631030
3402	-234.522504	-234.491103
2323	-310.954565	-311.016589
486	-288.678720	-288.548534
652	-345.620593	-345.560320
3397	-356.702115	-357.500433
1393	-271.647465	-271.386559
3417	-354.292460	-354.665992
1764	-304.725676	-305.005165
1485	-309.731369	-309.803066
3723	-345.597175	-345.801403
3365	-396.458774	-396.807345
2134	-344.433965	-447.916142
510	-234.491176	-234.372134
893	-232.317400	-303.974524
853	-76.404702	-94.067357
3813	-340.620847	-445.165888
2318	-348.039301	-347.520681
1637	-343.503600	-344.050276
840	-289.871520	-289.790184
2505	-344.440744	-448.021157
224	-324.628594	-323.367350
2942	-325.778444	-325.769887
2275	-312.122563	-313.148657
2931	-361.729140	-361.892606
3196	-297.530335	-297.528938
3762	-351.646368	-351.710162
173	-396.486463	-396.553074
3598	-340.671493	-446.183845
591	-325.760915	-325.651698
2297	-322.412936	-322.213077
3418	-308.467120	-308.727472
532	-344.369744	-441.811378
343	-360.502305	-360.932416
2843	-308.509454	-308.865428
3045	-310.906568	-310.864150
1118	-306.032266	-305.740936
2367	-361.723620	-362.426349
1794	-325.712420	-325.617852
3413	-308.440890	-308.654079
3256	-153.459846	-152.804352
3834	-324.589539	-324.329607
3437	-288.585212	-288.556683
3722	-308.759135	-308.496577
1153	-325.764669	-325.721464
3096	-338.175960	-337.876167
1396	-346.886411	-346.897497
3970	-305.897998	-305.986700
3492	-345.645245	-345.773624
134	-308.516376	-308.529814
1732	-269.170665	-269.989162
1475	-362.957353	-362.795768
2050	-362.937518	-363.000439
3525	-340.662316	-448.772727
1476	-308.455419	-308.715059
295	-320.770299	-319.072160
3536	-352.836930	-353.063101
1324	-270.399280	-266.856634
3334	-325.800680	-325.592440
3187	-272.591906	-272.661930
3504	-308.561061	-308.736453
1710	-361.726166	-361.450638
1788	-345.646841	-345.730286
2409	-324.595526	-324.381616
3781	-274.984614	-274.990328
2862	-309.693471	-309.717380
1835	-376.631067	-376.455687
393	-323.334482	-323.547928
2646	-325.800095	-325.722460
3541	-379.527167	-379.459797
237	-268.287661	-268.591163
2900	-272.554670	-272.387284
482	-272.599303	-272.271284
3699	-355.497878	-355.125908
2393	-324.608961	-324.333321
2410	-361.673369	-361.706279
2509	-344.380267	-442.635301
2044	-373.173910	-200.779462
3893	-341.097446	-330.200029
3178	-345.605421	-345.670369
2810	-273.763107	-273.746207
423	-304.694187	-304.946113
1085	-231.092208	-230.898848
1628	-345.637174	-345.666950
3474	-309.730988	-309.784203
2156	-346.827596	-346.829318
46	-372.766726	-372.729528
2286	-309.728265	-309.759047
3180	-323.669200	-427.742977
1096	-309.689595	-309.688799
2677	-309.684577	-309.770175
983	-341.851447	-341.924810
3446	-306.044918	-306.207783
2620	-324.587670	-324.741453
565	-356.730212	-356.917449
2997	-380.371074	-379.568966
1089	-344.451793	-449.832756
855	-271.614051	-271.535768
3705	-345.665479	-345.669994
1687	-344.407598	-449.857503
3530	-309.739069	-309.783609
1841	-325.788368	-325.643194
2285	-340.578657	-446.337284
3580	-345.661657	-345.722596
3800	-346.862839	-346.929284
3677	-307.571921	-306.574027
3426	-307.387663	-411.420796
1451	-348.052763	-347.592102
91	-275.011437	-274.617419
2131	-320.777849	-320.923929
3453	-321.254976	-320.430907
812	-308.509197	-308.686590
2512	-346.823548	-346.836324
1308	-341.814212	-341.957888
2724	-376.591176	-376.180912
3673	-309.691463	-309.696377
1106	-231.106310	-231.303610
3520	-325.752207	-325.686614
3964	-336.853985	-441.609068
2854	-325.810616	-325.668612
2153	-309.673226	-309.702623
2628	-359.341296	-359.451993
2560	-339.452794	-339.266256
3824	-302.288055	-302.497272
2760	-155.908941	-151.068850
2076	-274.982287	-275.331503
1477	-303.462312	-402.640021
1702	-251.727632	-251.926696
3726	-382.754967	-382.734852
110	-346.869123	-346.965266
2537	-317.434422	-317.474067
3619	-325.779372	-325.662736
1823	-340.656176	-446.639667
2840	-284.048718	-283.907836
2375	-360.564233	-361.256482
879	-303.556846	-407.471734
2644	-320.786990	-320.367145
2475	-381.524347	-480.853760
2919	-340.635773	-441.009259
3653	-309.763576	-309.776650
792	-310.898648	-310.882871
2663	-361.722327	-361.450201
1375	-345.645053	-345.794713
2531	-157.115484	-158.394913
2773	-325.684055	-325.722772
1170	-310.895183	-310.745177
1236	-155.897345	-151.879217
426	-362.933001	-362.791233
1132	-310.938583	-310.990461
2853	-325.794835	-325.807372
2544	-381.632480	-482.457936
1516	-249.358446	-321.022911
641	-322.439472	-322.239508
3571	-309.676719	-309.764338
2665	-348.031230	-347.189537
183	-362.962787	-362.650998
1360	-362.941781	-362.827202
2200	-344.426799	-443.878091
441	-380.414967	-380.739089
2702	-309.685148	-309.727827
1305	-319.621560	-319.813512
1372	-381.574124	-483.446164
930	-346.898838	-346.897696
914	-361.707841	-361.587174
3618	-309.731536	-309.836589
2892	-325.728271	-325.730533
3442	-381.635659	-476.923886
3612	-309.738513	-309.759309
4	-270.439280	-269.206257
1282	-346.860539	-346.945257
37	-381.587333	-482.219553
1365	-361.755045	-360.560676
2290	-343.224836	-343.145537
1152	-308.448572	-308.605026
2629	-356.679047	-357.305559
3957	-307.291354	-407.870516
1887	-361.696319	-361.003073
2326	-320.768781	-321.467901
2069	-346.855971	-346.880554
2013	-343.195410	-343.063021
2234	-272.580839	-272.654223
2095	-348.034975	-347.835255
1781	-324.582445	-322.679829
820	-326.934229	-326.773460
1157	-309.691584	-309.728756
2768	-340.690205	-448.527595
929	-272.832690	-272.635143
1804	-324.542706	-324.340485
2640	-398.880824	-398.602381
437	-309.705971	-309.679629
2456	-345.610758	-345.748253
2434	-377.845502	-481.216690
935	-269.154939	-269.508944
1690	-339.426816	-339.536818
1484	-273.817328	-273.850069
3214	-344.426062	-455.344993
1960	-345.602645	-345.598138
3408	-287.661454	-288.216793
2377	-236.916033	-239.483333
59	-248.430371	-249.662621
1630	-323.431776	-323.454397
3381	-309.731402	-309.783723
554	-340.688787	-448.038899
2371	-307.253245	-406.092380
2174	-324.606491	-322.454144
2192	-307.232824	-402.878369
3341	-291.021228	-292.275989
223	-339.501781	-339.477582
2511	-250.500016	-250.406239
1981	-306.313924	-306.334418
553	-271.666055	-271.590400
3680	-305.904722	-305.946876
2800	-287.478272	-285.731082
2380	-327.025010	-327.008200
1499	-320.779994	-320.687633
3192	-313.554802	-313.877796
749	-249.280474	-329.543237
1867	-324.583096	-323.462428
2244	-414.351653	-431.523522
3375	-324.594534	-324.715741
621	-310.899323	-310.760620
1021	-232.328175	-304.313534
55	-335.683118	-335.634512
2728	-304.742823	-304.948309
1338	-320.793141	-320.914693
1425	-288.648476	-288.589210
74	-310.918822	-310.999295
1961	-197.629416	-193.899614
1018	-354.272548	-355.285966
528	-288.538806	-288.442223
2684	-310.940657	-310.940584
3083	-381.591448	-477.985734
2332	-342.335241	-341.893882
944	-320.766684	-320.952794
412	-372.768039	-372.794677
2006	-339.486095	-339.427202
3031	-270.411205	-270.447904
1886	-302.286171	-302.452516
1872	-272.566631	-272.533505
2243	-340.673964	-447.544918
1087	-324.508933	-325.834784
612	-397.697891	-397.884775
3190	-232.325947	-305.735839
734	-233.242250	-232.976410
1131	-324.580815	-323.774530
425	-289.769718	-289.008811
2382	-380.343633	-380.433193
3405	-269.206920	-270.057680
1008	-248.448467	-249.944334
2980	-274.983908	-273.702003
444	-340.665581	-446.071552
1925	-309.677276	-309.781492
763	-308.429953	-308.735551
3902	-382.757521	-382.206643
3981	-249.257629	-328.061346
64	-362.945802	-362.875455
866	-340.620625	-452.296264
806	-308.768073	-308.970857
583	-285.016369	-284.763182
39	-340.687222	-448.399750
594	-325.809558	-325.712354
704	-235.696677	-235.796695
407	-287.508781	-285.909791
2325	-273.732431	-273.754761
1754	-269.221561	-269.944887
95	-351.666551	-351.645006
1650	-341.836348	-342.024641
3610	-360.476593	-360.760471
229	-361.648305	-361.994035
2618	-361.768020	-361.234272
3976	-273.765901	-273.798433
1296	-345.612257	-345.664024
549	-372.785072	-372.679649
3962	-341.865856	-341.995615
3235	-339.416290	-339.024279
1879	-288.594527	-288.543073
692	-362.917261	-362.899231
1116	-356.691214	-357.347773
3420	-306.358581	-306.669630
2008	-336.802659	-440.476365
2405	-318.344936	-318.396990
899	-321.230055	-320.864640
56	-345.599154	-345.628077
1428	-265.391486	-266.251314
810	-269.144656	-269.852923
1621	-346.884834	-346.891987
713	-308.484017	-308.717215
3903	-340.636306	-446.811763
2709	-345.632155	-345.657248
1368	-288.584029	-288.590490
1935	-361.677841	-360.944096
875	-376.554863	-376.334767
1108	-341.839596	-342.140516
1662	-377.834156	-476.424954
3153	-340.622406	-443.452222
464	-324.485629	-325.069605
2719	-286.477365	-378.696323
2639	-302.580808	-303.164343
3694	-338.246643	-338.782254
2584	-360.567154	-361.174518
2268	-302.558547	-303.306654
1377	-325.768959	-325.677457
3766	-344.436564	-443.590619
2227	-356.712771	-356.911862
153	-347.466594	-347.376254
736	-325.799293	-325.625522
2716	-303.464433	-403.825970
2841	-360.524422	-361.030250
3790	-286.502445	-373.290826
895	-356.728690	-357.258638
1325	-356.758284	-357.178852
3346	-318.327053	-318.250994
3	-346.838279	-346.900799
3954	-271.611366	-271.463518
2679	-312.130526	-311.975863
2923	-325.801905	-325.740469
609	-377.817369	-477.652068
642	-234.476516	-234.574488
312	-234.485640	-234.420666
2927	-324.500425	-325.107235
252	-305.913756	-305.964876
1881	-361.772040	-361.584586
994	-323.428670	-323.363999
2032	-287.663174	-288.216982
2764	-195.179738	-246.037717
2193	-383.976576	-384.492678
22	-324.575190	-323.133529
2597	-412.494644	-409.973154
3745	-310.912788	-310.984328
2341	-377.784360	-484.528280
2237	-325.784144	-325.720386
112	-340.648166	-448.615812
2797	-345.646914	-345.693945
2363	-324.610150	-324.009618
1550	-301.345683	-301.407824
1656	-323.352987	-323.540651
2896	-356.725069	-357.425575
438	-381.565482	-487.817795
100	-361.702143	-359.868881
2383	-324.593866	-324.582077
1920	-361.714679	-362.029766
63	-287.377993	-288.189307
403	-272.843742	-273.434738
3231	-380.446861	-380.153014
2239	-346.823312	-346.826831
1786	-325.785038	-325.719349
1206	-342.315546	-341.760796
2857	-362.899149	-362.828333
3373	-271.613890	-271.569121
1709	-326.941251	-326.853255
3651	-303.463214	-401.929325
3278	-298.952950	-253.981850
3862	-271.646263	-271.309557
3639	-345.680996	-345.713117
2834	-325.699665	-325.669494
2798	-307.259167	-400.637914
1402	-286.203815	-287.337209
36	-344.382282	-438.812272
1545	-308.468255	-308.562852
815	-285.324641	-285.477755
1992	-325.723538	-325.684212
88	-345.655534	-345.705996
1446	-319.575102	-319.756500
869	-327.026488	-325.918624
3390	-309.736085	-309.797105
1295	-346.829652	-346.881093
2066	-432.401755	-390.876886
3366	-323.268818	-323.203115
2542	-326.951186	-326.518815
2212	-346.837271	-346.827713
3005	-249.248680	-328.035773
3356	-270.447268	-268.148772
3759	-270.393902	-267.458093
2343	-325.781464	-325.734311
187	-341.842120	-341.936438
2072	-344.431636	-448.870788
3345	-312.120708	-311.978124
740	-344.452972	-453.368235
2139	-381.581478	-486.780078
2602	-345.645491	-345.785656
24	-345.608180	-345.634706
3895	-325.808333	-325.677157
523	-345.565792	-345.349101
2090	-308.473428	-308.745091
1333	-270.359564	-269.915358
3518	-340.655390	-448.607145
2350	-341.853951	-342.034921
2694	-317.396153	-317.758270
1262	-356.712023	-357.519596
273	-323.312375	-323.647732
2427	-339.474134	-339.470669
643	-345.663386	-345.620172
2553	-302.545562	-303.884937
3565	-286.474509	-378.790351
2196	-338.559964	-339.498192
2516	-309.661518	-309.737674
427	-382.798099	-382.448283
3711	-303.469034	-403.671788
1740	-376.599676	-376.277994
1658	-287.337578	-288.053943
2680	-340.664901	-445.375950
3750	-346.838572	-346.795054
668	-267.103350	-267.285257
616	-345.676243	-345.658029
575	-272.582834	-272.647694
3714	-265.398572	-266.174951
327	-324.607903	-322.177434
2642	-324.578146	-322.667352
3241	-319.515995	-319.818351
1876	-251.732828	-251.609749
25	-309.712046	-309.778648
2918	-271.326117	-271.963159
3443	-346.866543	-346.951647
19	-309.720734	-309.764676
3324	-345.641848	-345.498543
675	-346.827397	-346.808798
1073	-233.249538	-229.692884
1050	-304.643392	-304.970421
3616	-225.221461	-227.020604
1173	-344.465017	-447.627952
369	-361.733362	-362.020824
2329	-324.557240	-324.275649
3985	-324.548763	-323.375816
2497	-325.763216	-325.759737
3362	-345.632413	-345.742387
1963	-325.761942	-325.587696
752	-324.557693	-324.449763
41	-345.649146	-345.683692
2195	-289.873479	-290.162551
2948	-382.790431	-382.848314
996	-307.544316	-305.914783
3085	-322.130736	-320.964274
2614	-232.164586	-232.475486
1642	-344.345376	-442.625092
3026	-250.478855	-250.625001
2876	-360.574465	-361.217176
1271	-310.902165	-310.802207
1292	-323.652284	-430.042342
1708	-324.502429	-324.252770
818	-387.475673	-376.527013
1172	-357.927353	-357.832097
2908	-271.620997	-271.481058
3014	-269.263802	-269.903866
2510	-325.797299	-325.708065
819	-276.204532	-275.068556
1836	-268.273739	-267.945234
876	-325.807685	-325.677018
945	-264.243028	-264.875751
1676	-296.285473	-294.930892
2662	-345.635068	-345.260123
1422	-361.728608	-361.403175
898	-305.906901	-305.926656
3710	-308.565933	-308.728603
2823	-309.730966	-309.764741
3749	-249.363949	-325.928515
795	-246.023231	-244.650968
2217	-344.408081	-451.875585
725	-325.725266	-325.660364
3740	-356.684693	-357.332486
1227	-322.155306	-322.238061
567	-339.489014	-339.461925
878	-308.466070	-308.726268
1694	-273.743311	-273.777648
3848	-324.564634	-324.615469
3025	-324.573338	-324.509327
2595	-303.465315	-406.415597
769	-271.361537	-271.894608
3712	-300.148891	-288.278667
2436	-308.473229	-308.604149
3160	-362.937857	-362.746144
89	-249.259410	-326.850657
2014	-371.537915	-371.394347
3276	-344.508729	-450.406257
1025	-324.520219	-324.042904
391	-345.584667	-345.471020
3959	-305.831035	-305.752712
3890	-341.849730	-342.073849
817	-345.619715	-345.587021
1169	-346.819305	-346.825604
1950	-232.331230	-307.710378
807	-340.681309	-447.545247
3665	-323.329494	-323.489864
1104	-287.315479	-287.508167
1043	-324.605875	-322.002225
2019	-340.659620	-448.090489
2078	-324.575989	-323.133831
9	-344.468531	-446.564420
2483	-322.158791	-321.126901
234	-308.467880	-308.719221
120	-323.345161	-324.359959
1546	-318.321510	-318.287664
1184	-286.506282	-384.531296
1674	-360.499243	-360.469258
3376	-273.775510	-273.788498
2487	-361.694757	-360.563249
1208	-345.608535	-345.604926
2278	-345.650717	-345.652069
2070	-114.483613	-120.754778
3833	-324.559324	-324.822633
952	-325.717725	-325.715088
1498	-340.654582	-446.058645
3351	-285.306999	-285.296753
976	-382.776658	-382.682120
1171	-325.721867	-325.685686
2637	-325.687098	-325.256340
842	-360.514766	-360.954232
176	-308.554162	-308.843446
2667	-308.455402	-308.707618
1071	-360.495618	-360.814838
368	-345.595021	-345.653384
2907	-344.466563	-445.299490
1790	-345.664882	-345.535210
1240	-310.907666	-310.883445
2355	-336.816043	-437.240576
1288	-324.635136	-323.769687
787	-360.525379	-361.022929
3395	-248.436061	-249.742183
1979	-308.462923	-308.783455
1532	-309.731599	-309.759780
656	-376.605347	-376.369487
2313	-312.122262	-312.445852
3006	-308.470648	-308.762402
618	-308.467888	-308.672051
1581	-345.660520	-345.679876
3652	-361.720088	-361.952831
788	-324.467888	-324.620299
2362	-305.134491	-304.774366
3445	-286.508374	-382.201452
3928	-377.799358	-481.824879
2126	-270.399529	-269.637633
3649	-343.292778	-343.213146
3816	-272.830720	-272.866961
152	-306.286325	-306.542590
2972	-320.764992	-320.967079
1649	-346.868661	-347.034408
1009	-266.763445	-261.181705
1849	-324.547957	-323.957193
352	-288.557016	-288.525415
2586	-191.810916	-191.563191
2461	-269.170508	-269.981180
2975	-345.579201	-345.569027
980	-356.743821	-356.878216
344	-343.305175	-342.779792
1424	-212.438188	-213.365991
568	-303.458583	-402.251951
1412	-242.195730	-242.558070
717	-380.401348	-379.794884
1592	-271.616430	-271.646306
3463	-304.735360	-305.032666
1742	-288.583008	-288.417380
381	-341.835557	-341.919216
66	-337.302324	-337.424159
462	-234.474088	-234.451871
384	-343.291812	-343.233686
3863	-346.804974	-346.718835
1140	-304.683966	-305.023258
3262	-235.693825	-235.917217
2418	-304.734646	-304.999844
2734	-309.719592	-309.832041
3988	-309.707600	-309.746935
2190	-324.574822	-323.503423
1902	-324.615795	-324.273077
3336	-308.477672	-308.733947
3823	-303.527274	-405.128510
131	-345.603479	-345.012685
1725	-360.495137	-360.308611
943	-303.497783	-403.169727
3926	-325.748612	-325.706337
81	-318.390876	-318.776392
3177	-287.662612	-288.255527
1791	-272.554824	-272.570009
2894	-309.717750	-309.687242
3681	-310.914919	-310.991100
1885	-345.647670	-345.604772
3148	-324.567513	-321.903277
2080	-325.793131	-325.704562
3728	-234.474951	-234.509973
3617	-345.608658	-345.213833
661	-335.635079	-335.557685
1438	-356.728392	-357.355704
2770	-288.588657	-288.590121
3049	-324.610004	-324.055451
2974	-396.486691	-395.874123
336	-308.524858	-308.719080
3908	-272.847530	-273.799444
468	-322.150234	-323.302833
2	-324.551643	-324.590139
1862	-319.615129	-320.013575
2921	-310.904813	-310.840126
2564	-325.789398	-325.781434
2302	-492.008892	-485.155744
3839	-231.155780	-231.060081
552	-340.639366	-450.426265
680	-325.806369	-325.751416
963	-345.645239	-345.612732
1376	-348.053064	-348.017318
901	-270.446915	-269.141147
3548	-79.764152	-100.094390
3266	-287.736841	-288.249575
3881	-357.951284	-357.711972
235	-270.375081	-269.483058
3364	-305.057353	-305.435231
698	-274.985880	-274.082272
1137	-271.622539	-271.589886
3687	-325.793945	-325.593922
142	-307.594137	-306.677417
1026	-325.765414	-325.688166
1183	-325.750970	-325.696529
1962	-382.756724	-382.886365
2929	-345.638912	-345.268562
3460	-288.678290	-288.606113
6	-345.687671	-345.795596
2189	-325.762375	-325.676025
1122	-345.601318	-345.693780
3956	-345.698757	-345.647006
3922	-270.394284	-269.307130
1994	-383.983835	-383.793115
499	-340.611683	-447.756414
3473	-360.527434	-361.029793
2850	-288.580309	-288.464445
1120	-353.283458	-350.781787
1099	-231.975652	-232.914339
758	-307.574899	-305.341405
340	-273.789697	-273.766645
2161	-361.735863	-362.018040
3554	-309.689751	-309.705582
764	-233.560626	-234.332132
2186	-320.782523	-320.243827
509	-307.238995	-411.912439
2720	-231.102112	-230.850216
161	-285.276468	-285.485927
2669	-309.763785	-309.760974
3741	-169.860788	-188.699213
1322	-271.619912	-271.645965
2789	-340.629283	-444.670354
1566	-380.438011	-380.253496
3489	-308.508824	-308.775028
1030	-309.683546	-309.650904
3827	-270.435807	-268.697369
1383	-344.398797	-448.062102
541	-325.714161	-325.537862
1366	-345.633122	-345.655814
410	-325.835955	-325.724680
3357	-361.779217	-361.610278
1079	-287.347000	-287.968264
1391	-323.317575	-323.462109
154	-324.538764	-324.333426
2317	-308.503515	-308.613799
3454	-376.600944	-376.350871
2414	-382.803358	-382.376917
3172	-274.982310	-274.467405
573	-286.504534	-380.045191
3596	-285.328258	-285.365138
2413	-345.604177	-345.656898
3625	-326.948771	-326.992057
2963	-287.651399	-288.157795
1807	-344.469516	-445.953604
2142	-324.624987	-324.780371
918	-310.917344	-310.881609
1102	-116.609549	-119.117331
3216	-344.380260	-440.651964
3350	-339.431591	-339.343995
2457	-382.757134	-382.843776
3238	-340.667053	-443.546518
2137	-324.588239	-322.779497
3707	-271.620156	-271.473489
2432	-274.987245	-273.712988
3539	-324.625415	-323.979273
254	-285.284456	-285.171185
1761	-376.622507	-376.403098
3914	-325.805781	-325.705348
3250	-360.517106	-360.690389
200	-345.625804	-345.847645
783	-273.806375	-273.824496
674	-346.879260	-346.891159
2526	-340.601771	-443.474968
3122	-232.329070	-304.564500
225	-346.842403	-346.673588
172	-282.667163	-377.969119
2814	-325.804528	-325.685918
2784	-273.803873	-273.821539
739	-309.678703	-309.698381
476	-397.686127	-397.616431
3532	-344.464356	-450.838906
42	-376.564691	-376.514221
1555	-324.529724	-322.373728
1097	-325.784473	-325.673893
1496	-268.248371	-268.278700
727	-272.562906	-272.488973
923	-322.135797	-321.890906
1797	-194.267232	-195.485896
3060	-270.441145	-268.900887
2943	-340.654874	-443.740218
2459	-273.761223	-273.725160
2292	-343.246371	-342.875524
1917	-325.790782	-325.744885
881	-234.470813	-234.565008
1355	-361.727678	-361.941039
2824	-304.720708	-305.014203
192	-310.897684	-310.789831
364	-117.824798	-125.222859
1882	-273.764420	-273.855869
3044	-363.519194	-363.287275
2416	-344.406447	-448.500621
3553	-346.830674	-346.562699
3857	-340.686134	-447.127677
619	-325.787161	-325.629492
3549	-323.437779	-323.271506
2407	-377.829134	-476.126815
841	-361.736259	-362.079964
2387	-391.391111	-385.561221
1287	-355.515622	-355.344848
2216	-308.505718	-308.592871
3538	-271.350701	-271.780302
3109	-324.582824	-324.247054
2484	-344.359905	-447.817738
494	-345.611057	-345.585198
2289	-325.766945	-325.688412
967	-372.742461	-372.573697
1805	-344.380468	-451.558826
2697	-360.495788	-360.906950
1289	-344.439723	-454.413118
3053	-490.831786	-487.156910
1112	-287.644079	-287.995787
1624	-340.670034	-445.720004
1005	-273.786179	-273.869896
2466	-325.785959	-325.711939
1809	-324.559733	-324.367682
116	-346.831175	-346.941445
2388	-309.695742	-309.692478
272	-322.161948	-322.554729
1263	-345.642008	-345.664140
1481	-376.634518	-376.718544
1735	-320.791360	-320.354587
2386	-352.829520	-352.529050
2816	-310.905786	-310.852746
1997	-271.666841	-271.376229
1049	-323.336196	-323.780510
3254	-287.469473	-285.816121
323	-309.647349	-309.678701
2492	-396.477101	-396.850088
397	-288.630839	-288.521820
1833	-302.579718	-303.073480
319	-352.845678	-353.415059
382	-344.494711	-452.323528
326	-236.917664	-237.570336
1029	-325.751230	-325.624713
1339	-285.316421	-285.262807
455	-340.664551	-446.023327
2534	-362.960595	-362.769446
777	-307.544712	-307.059702
679	-340.668108	-448.845262
1697	-345.613396	-345.687416
3930	-338.542975	-339.571880
2391	-310.927566	-310.815731
3980	-372.708066	-372.263268
2622	-346.829131	-346.889159
2376	-346.840597	-346.878207
3195	-274.982322	-274.583975
2991	-272.841336	-272.725490
503	-355.514134	-355.374878
1051	-346.860404	-346.634830
2995	-381.584942	-480.575685
86	-190.624631	-204.121692
386	-325.776001	-325.702643
1065	-360.485823	-360.581401
3540	-321.236907	-321.670173
1177	-325.808092	-325.726380
3620	-359.351415	-359.166516
354	-285.174014	-285.793308
946	-324.577279	-322.118322
2737	-322.442708	-322.560598
1942	-382.751274	-383.024423
2632	-306.344083	-306.183102
3385	-324.583090	-324.582184
3892	-271.608843	-271.501047
171	-361.745138	-361.752267
1743	-346.856186	-346.818900
466	-382.782183	-382.618814
3441	-372.686714	-372.503709
1927	-361.739999	-360.074428
2062	-303.437471	-398.797501
3102	-310.903589	-310.646133
1683	-346.829154	-346.850531
232	-490.793044	-480.419825
2471	-288.628801	-288.573491
1160	-286.467220	-382.737156
1093	-325.718074	-325.643255
2827	-345.615042	-345.588888
860	-397.697425	-397.551725
2065	-340.537496	-440.506346
2063	-344.402806	-453.463526
3840	-309.681264	-309.726951
2668	-310.906004	-310.893206
751	-361.724921	-361.213724
2051	-325.790442	-325.720825
580	-360.537290	-360.772985
3089	-327.025329	-326.563184
1306	-288.682324	-288.521278
3952	-269.175627	-269.683624
3752	-345.686524	-345.727075
126	-274.991042	-273.587348
1161	-308.513516	-308.673198
1703	-286.154755	-287.302172
3050	-303.940271	-300.566146
2733	-310.940764	-310.838788
3329	-310.909123	-310.916886
320	-232.333410	-306.478310
3318	-308.513124	-308.660141
566	-303.472917	-403.943731
1681	-310.908780	-310.916632
1874	-416.367317	-418.450820
2572	-360.495461	-361.100774
3490	-359.315205	-359.189363
1316	-361.652250	-361.114707
18	-309.719641	-309.772504
2057	-288.540318	-288.494231
3581	-319.540355	-319.960565
480	-325.760797	-325.734107
1327	-320.768458	-318.686988
1664	-310.904974	-310.915310
1773	-304.696646	-304.932647
512	-346.861026	-346.927706
3969	-324.609784	-323.764032
695	-345.700085	-345.354836
2556	-321.958604	-321.785173
279	-306.012858	-305.619803
1759	-305.906809	-305.913699
2079	-363.517297	-363.474929
3037	-288.567911	-288.418294
3582	-344.436500	-452.266944
2136	-263.278851	-263.729373
3416	-320.770681	-320.912664
2124	-345.600825	-345.364383
2175	-324.545475	-323.773031
1195	-285.287913	-285.155321
2276	-309.679242	-309.687472
3477	-348.046236	-347.339585
3225	-362.875945	-361.751542
1340	-271.616723	-271.617638
2412	-310.904086	-310.844636
1473	-340.678945	-445.314774
3861	-234.486176	-234.523192
3108	-361.653332	-360.451465
1619	-340.600021	-445.312089
1846	-344.370966	-447.520414
2736	-310.922181	-310.904088
868	-312.124574	-311.320640
483	-309.705795	-309.713423
3550	-341.825957	-342.006625
1145	-312.129019	-312.308657
2424	-273.764093	-273.582266
121	-361.711483	-358.962954
2150	-324.570860	-324.350756
3868	-360.526225	-361.257960
2636	-306.112153	-306.239893
1945	-361.754136	-362.222017
687	-346.841762	-346.929318
2364	-360.507160	-360.889161
3706	-345.687338	-345.836844
1840	-360.536972	-360.923008
1414	-377.797879	-479.309375
2040	-317.409527	-317.575606
2796	-345.678871	-345.723327
755	-324.568345	-323.115312
1832	-309.737802	-309.783625
2949	-346.838702	-346.868507
3858	-308.459001	-308.747566
766	-312.133805	-312.877699
406	-359.295180	-359.022243
390	-306.070291	-305.811081
2885	-309.686862	-309.746863
1386	-362.967171	-362.785304
987	-273.765811	-273.783380
1741	-345.629842	-345.764738
2303	-309.719920	-309.732659
1031	-304.643927	-304.923749
1877	-287.407788	-286.369580
1182	-304.738393	-305.014537
910	-270.384937	-270.070596
113	-360.478880	-361.214760
2599	-355.457663	-355.453765
186	-340.606711	-449.495627
10	-344.512001	-450.358492
1084	-309.711894	-309.658158
3344	-325.748658	-325.715088
146	-377.813815	-481.754752
3201	-346.845480	-346.820009
3933	-307.569255	-307.741422
669	-377.780670	-484.520427
3054	-269.129580	-269.903154
1964	-309.726463	-309.760757
3758	-272.557350	-272.569433
1115	-325.773014	-325.722537
2176	-345.608670	-345.694451
3114	-309.692389	-309.698809
3747	-324.521162	-325.690999
2631	-380.316551	-379.969490
160	-309.685140	-309.772936
3167	-309.688639	-309.695416
3734	-326.940196	-326.533613
1851	-361.717868	-361.447447
3561	-343.190300	-342.935655
776	-325.781815	-325.711493
3191	-284.360325	-284.220572
1103	-273.764642	-273.755640
3189	-324.510378	-324.968627
561	-264.226909	-264.283893
247	-304.688358	-305.041715
1691	-272.595294	-272.605537
2309	-272.583285	-272.623678
2535	-272.835594	-273.286609
3911	-345.639354	-345.837381
3128	-341.867138	-342.130414
1486	-380.373644	-380.170359
3485	-324.614459	-324.416183
304	-322.464725	-322.599640
3943	-376.602183	-376.610637
960	-310.940611	-310.772455
3332	-376.610619	-376.486947
1300	-324.595031	-324.368993
1745	-264.171923	-264.114818
2440	-317.433049	-317.519708
3062	-381.573048	-481.778798
3471	-416.384141	-419.619566
1279	-377.837977	-478.917909
2911	-289.871661	-290.006664
3393	-359.297522	-359.035939
3297	-360.526636	-361.230582
3298	-345.599182	-345.721015
3018	-345.638117	-345.701867
653	-344.473681	-449.824069
3316	-264.261826	-264.316986
1883	-346.839066	-346.859239
1489	-266.777425	-266.498135
3542	-344.409533	-447.574593
1191	-360.510716	-360.931055
1024	-302.535621	-303.809576
1373	-324.557383	-323.368469
149	-380.415966	-380.203524
2220	-272.538190	-272.572859
709	-286.134079	-287.502507
760	-324.605411	-324.098297
1605	-345.703157	-345.626190
2346	-310.909551	-310.933464
2451	-359.328735	-359.732402
2661	-323.448833	-323.620282
2518	-360.566272	-361.126813
3427	-325.793904	-325.623217
227	-377.805829	-480.065118
2018	-286.492357	-381.131265
362	-289.871990	-289.736404
778	-324.573162	-324.501653
3271	-454.878708	-464.841289
3127	-327.010419	-327.370889
181	-412.528245	-409.979856
3767	-324.568597	-325.176097
1335	-283.156647	-283.247081
75	-381.566310	-483.035617
2223	-288.657055	-288.660932
1603	-232.363630	-298.958540
659	-326.976670	-327.033287
3072	-340.671263	-446.081956
1976	-346.831692	-346.879411
3912	-308.435951	-308.671543
1256	-312.119596	-311.823923
1785	-273.751900	-273.680007
164	-340.675814	-445.162059
1822	-344.395150	-443.247658
1032	-346.816694	-346.792493
3051	-192.736096	-193.161375
2940	-339.418028	-339.073135
57	-345.635513	-345.668986
2700	-304.687547	-304.923367
220	-276.205821	-276.090091
2096	-345.661705	-345.565215
3632	-340.612805	-448.547336
907	-381.607752	-483.872236
2774	-310.910631	-310.892245
3319	-376.604793	-376.307670
2611	-346.824672	-346.857327
333	-308.507517	-308.775720
1331	-310.941319	-310.826388
3409	-356.696744	-357.051034
2353	-281.504579	-281.383181
3511	-324.552260	-324.676349
215	-356.645883	-356.759075
2555	-287.427764	-284.484620
3958	-291.015785	-293.235508
3280	-344.483775	-449.771612
2419	-287.353473	-285.968468
1825	-271.656372	-271.694912
3279	-356.732861	-357.228869
61	-308.462933	-308.815268
424	-309.717380	-309.703178
3309	-274.989422	-275.249210
2011	-270.099401	-357.791422
1148	-284.062954	-283.972035
1415	-338.156727	-337.633008
1399	-341.826906	-342.219151
2915	-344.371144	-445.563398
3123	-309.702150	-309.783150
3905	-395.515911	-388.110571
2408	-356.708234	-356.957347
1719	-232.050342	-233.390982
3932	-360.472117	-360.959641
1194	-381.612648	-482.812782
1225	-196.409349	-196.519692
3841	-371.541704	-371.245199
2390	-270.097243	-359.045363
2743	-234.516409	-234.460886
2568	-325.718022	-325.582919
615	-345.676743	-345.746376
3359	-325.733758	-325.723397
409	-306.383308	-306.538616
3213	-339.438949	-339.326025
904	-345.608456	-345.717317
3975	-309.693760	-309.767952
1854	-382.743932	-382.566806
449	-325.753993	-325.789837
1147	-304.755780	-305.000848
1675	-271.277972	-271.852186
1954	-226.144377	-226.668328
1629	-272.526778	-272.606685
2777	-336.817321	-441.824513
3228	-381.648857	-476.248426
941	-340.652570	-444.760974
1011	-310.942660	-310.972163
2392	-272.551442	-272.502583
2445	-324.576679	-323.068225
133	-271.642927	-271.459080
2981	-327.026688	-326.287192
182	-324.474954	-324.904354
148	-345.629933	-345.652495
2472	-209.159302	-208.352308
2846	-273.780933	-273.748334
2213	-287.433999	-284.416083
3672	-309.689612	-309.704632
2635	-323.324700	-324.119402
1110	-325.781398	-325.654237
472	-273.761356	-273.817408
1577	-355.468067	-355.427886
3067	-271.304881	-271.737690
1434	-344.482088	-449.207963
3382	-341.145624	-337.958359
1311	-288.545722	-288.465492
280	-271.324234	-271.994251
975	-357.171724	-362.553365
1757	-285.313612	-285.203111
1972	-233.542445	-233.607716
3071	-273.789182	-273.736901
1783	-320.761312	-321.606918
136	-343.240623	-342.947068
2717	-309.726244	-309.798392
1188	-306.054267	-306.108862
1407	-235.694798	-236.023194
767	-346.861463	-346.883271
891	-325.767721	-325.726860
1924	-340.591587	-443.835206
3624	-324.614194	-323.818466
1440	-270.441325	-269.068802
3434	-360.560766	-361.102878
3059	-363.508158	-363.287041
1678	-310.955296	-310.872911
1602	-318.339586	-317.947068
1540	-285.217962	-285.187331
3668	-309.700336	-309.656871
2374	-285.279236	-285.227787
1409	-285.282853	-284.981715
2108	-267.944278	-267.432289
117	-211.295163	-211.240778
3174	-272.844804	-274.002919
3499	-309.702237	-309.677721
302	-340.632285	-441.687131
2160	-345.674929	-345.849687
3001	-270.386138	-267.796447
2878	-285.336744	-285.279729
34	-306.355655	-306.589151
2802	-325.804486	-325.720189
701	-265.396194	-266.317011
3942	-287.507193	-286.105701
3780	-323.320574	-324.063023
1671	-309.708282	-309.718658
1347	-359.361259	-359.263561
458	-340.699868	-447.355282
334	-245.983375	-237.116843
2527	-297.554699	-297.540493
3939	-317.386479	-317.492353
222	-412.548009	-413.376123
1560	-340.645686	-445.596369
2621	-305.145002	-305.178070
2705	-270.384180	-268.533851
1091	-309.678344	-309.732885
970	-310.911364	-311.000844
2508	-324.574476	-324.522733
1896	-326.971392	-326.621924
1455	-381.570969	-480.783797
3008	-323.359336	-324.169640
1257	-346.855622	-346.909346
1613	-346.890723	-346.971172
3817	-288.554600	-288.501652
1858	-343.238086	-343.111706
2366	-286.466852	-374.292064
301	-324.570823	-325.231664
1521	-323.665247	-431.946425
3535	-323.235679	-323.264420
3113	-324.531139	-324.426410
1926	-273.773955	-273.802232
2803	-327.013853	-327.320107
3622	-304.726439	-304.938909
1915	-361.705669	-359.488759
1853	-359.314227	-359.822305
2538	-344.417597	-451.797013
1583	-345.655509	-345.737720
2185	-344.343476	-439.628206
859	-308.468407	-308.548054
1062	-324.496997	-325.167588
3140	-284.987905	-284.950124
1767	-285.277900	-285.489928
114	-361.772743	-361.580981
2525	-324.569051	-323.122536
2485	-392.676111	-392.350149
2001	-346.833365	-346.839915
1471	-346.857623	-346.900550
1918	-319.573117	-320.113661
3133	-356.679691	-356.874217
3552	-325.793166	-325.792117
321	-324.604397	-324.390201
1426	-381.607770	-486.558585
3809	-310.902628	-310.830865
794	-248.143861	-248.783229
2939	-352.864008	-353.572051
1722	-362.946707	-362.882146
922	-272.844560	-273.598461
1565	-325.735821	-325.711492
1716	-325.784331	-325.760944
214	-348.052027	-348.207219
1980	-345.680616	-345.763150
3251	-306.056425	-305.957433
2713	-310.904631	-310.839072
1	-360.499843	-361.031074
2708	-308.512758	-308.690940
2155	-343.243883	-344.273521
3920	-319.574905	-319.831565
1398	-234.469383	-234.558878
1819	-249.292101	-329.180467
2687	-377.816463	-481.320863
440	-307.226474	-401.390516
446	-305.831164	-305.851889
3716	-361.720799	-362.095690
1350	-343.076530	-343.020890
1782	-308.555419	-308.863165
96	-375.359188	-375.519974
3992	-319.576017	-319.521834
3854	-346.867382	-346.929352
3015	-359.362011	-359.395332
3894	-322.469844	-322.605746
318	-310.954514	-310.694969
198	-303.934323	-300.685066
1400	-306.067385	-305.955625
3860	-308.505267	-308.716361
1214	-341.865386	-342.016828
1535	-324.463541	-325.292130
628	-325.726991	-325.679557
264	-339.450073	-339.418862
3784	-344.450127	-453.498328
2871	-308.460407	-308.705265
479	-77.308427	-80.731168
395	-234.447743	-234.476593
2578	-324.576080	-325.295475
505	-338.531538	-339.347408
92	-301.343578	-301.273794
2296	-309.691365	-309.721970
325	-345.637577	-345.635264
3069	-346.878430	-346.845855
1733	-322.169100	-320.282049
2426	-340.650391	-444.778932
3837	-343.468335	-344.544721
3744	-339.414779	-339.260556
3585	-308.497008	-308.918112
3936	-326.951067	-326.192766
3982	-324.592116	-324.661307
356	-372.741729	-372.650927
928	-345.665412	-345.704160
1358	-340.682075	-447.637307
2863	-287.423372	-285.085390
1056	-271.618179	-271.580000
2221	-308.512137	-308.668267
3559	-309.721434	-309.733468
3447	-270.389803	-269.505565
1326	-266.616319	-263.614015
803	-325.789564	-325.924371
3448	-324.634377	-323.706119
2253	-325.818163	-325.790181
1077	-326.938562	-327.097196
1774	-324.585556	-324.259421
3898	-356.700248	-357.376039
3551	-345.646761	-345.633916
1436	-375.359407	-374.953665
2205	-318.391203	-318.661966
2277	-383.973315	-383.934335
1990	-281.482892	-281.580034
1626	-345.619567	-345.685309
780	-308.769557	-308.615746
920	-281.489179	-281.375047
3771	-309.655144	-309.654950
743	-309.719124	-309.746985
3147	-338.530072	-339.580967
1313	-324.502042	-322.437038
3915	-309.687698	-309.754674
571	-339.423497	-339.344724
903	-309.685872	-309.704619
456	-336.811524	-441.703689
984	-248.443503	-249.703063
1092	-360.552974	-360.924134
2780	-272.545389	-272.562148
2543	-376.588479	-376.763136
693	-234.520624	-234.115606
513	-355.518342	-355.437461
1900	-309.689410	-309.708299
1795	-356.736238	-357.355201
1533	-309.671865	-309.725788
417	-344.440065	-453.230960
3828	-288.650589	-288.620811
199	-309.673895	-309.753617
3584	-281.484877	-281.551491
754	-361.718210	-360.559462
986	-347.459586	-347.403939
65	-312.125621	-310.046071
2251	-430.448052	-116.057545
1479	-309.677142	-309.751616
508	-325.801512	-325.762796
2707	-310.915408	-310.990798
3221	-308.477915	-308.717996
3558	-339.464817	-339.432076
823	-361.732840	-362.866707
226	-360.556344	-361.148833
750	-344.384630	-452.511782
1608	-361.758032	-361.277331
165	-327.013034	-326.676942
15	-288.542593	-288.483277
517	-344.434827	-451.430086
3170	-271.626697	-271.540120
2926	-320.764569	-321.014012
2086	-308.486338	-308.621251
2821	-308.511516	-308.767864
271	-361.759779	-360.560226
2359	-360.468392	-360.948984
3470	-416.814878	-409.778068
1517	-359.342366	-359.299227
3843	-309.717869	-309.755120
771	-346.903261	-346.956019
2230	-262.056533	-262.620876
1487	-345.665813	-345.611219
1254	-325.753541	-325.806526
3631	-303.560350	-407.325311
1139	-270.382725	-269.815076
1744	-288.535621	-288.391782
3818	-308.470796	-308.581181
3949	-359.301320	-359.295316
249	-306.347185	-306.426859
155	-324.571682	-322.563942
1646	-340.684749	-449.686930
1589	-324.608694	-324.621096
2449	-341.841190	-342.009279
2699	-346.864540	-346.880458
2395	-297.523583	-297.590973
2501	-232.377706	-306.614452
992	-377.811306	-483.565023
514	-309.685045	-309.767228
2448	-346.833271	-346.884377
1297	-345.621773	-345.789985
3931	-288.683173	-288.514615
1468	-345.650338	-345.706366
2287	-310.905485	-310.813127
973	-325.790444	-325.757428
1223	-324.586663	-324.497772
1766	-270.387395	-268.175535
13	-360.526646	-360.373905
1731	-381.565314	-481.037680
2703	-309.722894	-309.802683
3457	-324.559213	-323.881990
316	-341.858490	-342.062801
2479	-271.622821	-271.544969
2344	-305.915175	-305.961380
2197	-309.684327	-309.713777
2603	-341.863083	-341.928126
471	-324.532283	-323.559067
3311	-344.433172	-455.043978
2097	-345.639692	-345.873703
2587	-376.609234	-376.263653
207	-285.281032	-285.326223
1241	-345.608395	-345.705498
2106	-286.476486	-378.198031
1789	-310.905299	-310.840141
1124	-271.651913	-271.540148
644	-376.595314	-376.957950
998	-302.306196	-302.492821
3556	-276.202384	-274.894754
584	-309.681686	-309.726598
169	-309.688569	-309.751216
2754	-309.674575	-309.698358
2550	-271.628346	-271.530118
809	-361.738091	-361.827401
861	-360.488871	-361.260540
947	-322.454079	-322.231561
3864	-288.639421	-288.190773
1897	-197.629387	-193.204994
2368	-325.804686	-325.675706
1303	-345.676156	-345.802282
2236	-235.698987	-235.507172
474	-281.476832	-281.536540
3646	-305.130313	-304.854386
2671	-344.377098	-439.962875
3175	-309.649998	-309.717549
2443	-288.547509	-288.604384
3555	-360.547370	-360.957168
239	-270.446608	-268.194753
12	-377.816587	-479.868827
203	-340.663148	-449.642701
2683	-309.686061	-309.745833
2793	-306.384286	-305.737815
3100	-361.716824	-361.133043
1563	-376.575382	-376.247234
2888	-361.704536	-360.389701
145	-310.929561	-310.861999
1283	-345.605635	-345.716457
2776	-313.573888	-314.056258
3989	-272.542369	-272.495340
132	-308.469258	-308.627895
2061	-345.638357	-345.751672
1203	-261.802956	-225.968484
2211	-340.648620	-445.369638
3456	-276.206318	-267.789199
3968	-287.425634	-286.090559
1378	-346.867789	-346.919051
1813	-307.550360	-305.831214
2593	-321.252793	-320.939690
3468	-345.710017	-345.663675
3913	-308.551230	-308.730470
951	-307.548619	-305.793645
569	-376.620836	-376.666140
1273	-355.513035	-355.430750
376	-309.732528	-309.759360
2043	-344.484341	-453.427778
1955	-339.498757	-339.460090
804	-248.395289	-249.452045
1679	-288.576381	-288.422577
3884	-323.333263	-323.966755
2866	-344.431605	-454.748917
1224	-308.420805	-308.512860
2118	-324.560961	-322.756251
97	-286.495035	-382.667264
2950	-360.498298	-361.090241
862	-361.764434	-362.472931
2658	-308.461040	-308.768949
322	-346.832352	-346.961728
2088	-362.871515	-362.786579
3333	-361.709769	-361.647731
1830	-345.641862	-345.748301
402	-312.124533	-311.836092
2486	-307.239887	-412.152680
3248	-322.477268	-322.518715
2480	-344.385369	-450.304141
3787	-381.580675	-485.132508
3604	-273.812100	-273.821810
744	-249.332005	-330.157659
2162	-340.613712	-444.948675
2280	-359.345792	-359.158380
1370	-242.180146	-242.599115
3093	-334.424572	-334.692989
1639	-345.640072	-345.790799
1644	-325.774769	-325.704080
2938	-346.875201	-347.001617
38	-309.736982	-309.757398
1727	-324.606977	-324.698025
3879	-339.483894	-339.462492
1953	-308.457242	-308.698051
3524	-308.455477	-308.788387
1057	-391.518453	-338.087321
1940	-334.429558	-334.897214
660	-271.630416	-271.532136
1277	-309.706892	-309.719953
1769	-324.569009	-322.236576
3573	-325.730390	-325.691974
1023	-309.663477	-309.721266
1635	-360.520081	-360.947988
3110	-236.917458	-240.152211
3094	-324.601619	-323.791631
353	-197.632222	-193.319874
2778	-325.711441	-325.687838
1130	-346.826923	-346.855617
3615	-210.071468	-210.211786
1734	-359.354596	-359.441419
2930	-310.906738	-310.729180
691	-361.734668	-361.726118
2165	-319.567241	-320.168399
544	-340.643340	-446.264935
3392	-361.774979	-361.148512
447	-271.627826	-271.545167
1622	-346.869712	-346.887722
1870	-309.686187	-309.741294
2458	-361.683558	-360.201400
2783	-272.537685	-272.541099
3500	-323.345473	-324.638478
3401	-338.175569	-338.092307
527	-324.629301	-324.331255
638	-345.695868	-345.785408
3400	-289.799552	-289.402211
1632	-340.673967	-445.354026
1505	-308.487195	-308.823997
228	-346.859384	-346.899265
3079	-270.401391	-269.950647
491	-287.737498	-288.131230
166	-325.729970	-325.683314
454	-265.283843	-266.152054
1615	-287.344000	-287.765171
1568	-324.555249	-325.030953
2201	-452.728039	-455.096561
1575	-334.447259	-334.848182
2819	-360.551444	-360.919715
797	-278.075775	-278.235848
1572	-322.170570	-322.051306
3806	-309.676410	-309.762962
167	-310.912077	-311.001141
2464	-297.555801	-297.586169
3874	-323.344889	-323.602221
1815	-345.663783	-345.772207
2369	-273.760271	-273.789843
551	-382.817123	-383.027021
2348	-285.253877	-285.477474
906	-383.969892	-384.381613
3934	-381.630276	-478.143668
3773	-345.602641	-345.724823
2971	-312.131841	-312.308669
2967	-305.841708	-305.873371
689	-341.818686	-342.068864
3486	-437.484875	-118.671991
1543	-323.360471	-323.712518
1215	-335.566430	-335.514437
1762	-361.755551	-361.462200
705	-362.953848	-362.690789
332	-304.692914	-304.973868
2003	-324.579943	-325.132680
864	-323.337623	-323.453270
26	-301.359287	-301.187029
1101	-307.244627	-402.318211
1627	-301.363590	-301.298742
184	-322.436757	-322.153788
1332	-209.144909	-206.849097
2619	-326.939536	-327.197091
266	-308.477155	-308.724624
962	-376.587043	-376.279152
1290	-345.660459	-345.774432
784	-377.848074	-477.883129
602	-275.010289	-274.511887
2693	-340.638326	-441.647701
2514	-354.197108	-353.981704
3024	-251.729571	-251.770822
2696	-353.269456	-357.143926
1435	-193.963318	-194.657371
2903	-308.505951	-308.813153
290	-348.056024	-348.074003
757	-345.678211	-345.780382
837	-360.512026	-360.701932
665	-288.571762	-288.554649
380	-307.581989	-305.617427
179	-362.928160	-362.589978
