no_training:1500	no_test:2493file identifier	 training data
438	-381.565482
188	-339.406341
2395	-297.523583
966	-339.467091
2789	-340.629283
1404	-346.883049
3260	-345.595084
1498	-340.654582
672	-345.661057
1582	-361.735290
3881	-357.951284
271	-361.759779
3039	-341.851538
2174	-324.606491
3928	-377.799358
3414	-285.313674
2096	-345.661705
1350	-343.076530
761	-312.126820
3862	-271.646263
2458	-361.683558
3898	-356.700248
2688	-284.964138
1806	-324.610229
3513	-340.637067
2578	-324.576080
3793	-381.580932
989	-272.839582
524	-308.507004
3465	-324.548021
1887	-361.696319
920	-281.489179
3219	-339.428557
3870	-345.605387
3037	-288.567911
2103	-346.834331
839	-302.254301
1246	-318.406529
2636	-306.112153
2754	-309.674575
46	-372.766726
1929	-324.551800
352	-288.557016
970	-310.911364
531	-226.107205
1799	-346.861635
1513	-306.368494
3136	-340.660061
767	-346.861463
2984	-362.935648
3421	-324.571081
3024	-251.729571
2224	-307.568767
293	-377.807580
1372	-381.574124
1366	-345.633122
3043	-196.405320
2373	-302.564379
53	-285.330157
2028	-346.821466
1640	-304.583737
1991	-285.282532
3480	-286.460642
2044	-373.173910
1100	-380.373569
811	-304.567859
2083	-322.434119
1704	-274.984793
2420	-340.625366
1385	-309.679840
1238	-360.499088
974	-303.468081
3971	-360.530885
1825	-271.656372
1603	-232.363630
648	-287.422111
1277	-309.706892
1063	-265.440996
1642	-344.345376
1353	-359.297643
1244	-345.616998
3650	-382.756764
1068	-308.470010
2213	-287.433999
868	-312.124574
847	-324.608363
2441	-310.909223
2881	-345.594203
2624	-309.699280
2887	-345.641890
2761	-309.696507
1352	-304.677606
3746	-309.736797
3892	-271.608843
1316	-361.652250
1933	-270.396100
1811	-346.855968
2238	-281.495234
2026	-272.837907
2077	-309.736028
1186	-359.296697
2241	-346.857051
1611	-348.044714
246	-313.537245
569	-376.620836
771	-346.903261
670	-324.618078
2971	-312.131841
2429	-306.081547
1548	-306.308471
314	-233.255379
2370	-360.496984
340	-273.789697
428	-324.570042
1535	-324.463541
647	-338.268974
3207	-355.520098
1500	-345.609230
2798	-307.259167
3535	-323.235679
1564	-288.555332
3108	-361.653332
2073	-345.600119
3752	-345.686524
589	-340.604189
1614	-325.736331
745	-344.464270
1877	-287.407788
1571	-470.915515
2134	-344.433965
3761	-352.866322
843	-308.437835
2550	-271.628346
2806	-234.476081
929	-272.832690
3148	-324.567513
3276	-344.508729
624	-312.119017
1410	-273.759553
3286	-361.731914
3339	-356.699649
829	-310.909285
3265	-324.569062
1684	-320.783029
2914	-270.422403
3140	-284.987905
3637	-309.764115
1665	-336.802871
1199	-377.813742
863	-285.288405
333	-308.507517
2233	-319.556235
2726	-324.475651
2406	-306.386594
3718	-195.186772
1533	-309.671865
1205	-304.682331
378	-356.705084
3801	-310.937414
3021	-360.495540
3375	-324.594534
880	-345.648463
871	-309.680919
3333	-361.709769
2024	-306.349032
769	-271.361537
4	-270.439280
3795	-310.908453
1980	-345.680616
383	-361.702346
207	-285.281032
1282	-346.860539
885	-324.623780
619	-325.787161
1106	-231.106310
2716	-303.464433
1913	-310.912131
3665	-323.329494
721	-185.648533
1147	-304.755780
319	-352.845678
2949	-346.838702
2803	-327.013853
2561	-325.778234
3288	-348.045786
1391	-323.317575
3527	-309.716030
2660	-307.582044
1885	-345.647670
2201	-452.728039
2629	-356.679047
2129	-356.722498
631	-371.449232
931	-361.763293
2824	-304.720708
2411	-193.075202
3607	-325.801523
1813	-307.550360
154	-324.538764
3711	-303.469034
2765	-381.546975
2685	-344.426408
999	-308.512721
3243	-377.816466
815	-285.324641
505	-338.531538
688	-324.491475
3819	-397.692021
2737	-322.442708
1375	-345.645053
3364	-305.057353
1907	-346.819476
368	-345.595021
2705	-270.384180
3682	-291.017820
1814	-360.537947
3640	-309.692577
2064	-309.687401
1772	-361.717972
3373	-271.613890
99	-336.813559
3954	-271.611366
823	-361.732840
1289	-344.439723
850	-271.623957
3661	-287.358011
56	-345.599154
3965	-273.764529
2099	-288.573876
1004	-355.416555
3756	-326.943546
3073	-309.734862
2972	-320.764992
300	-324.602433
3773	-345.602641
2455	-344.431301
698	-274.985880
2990	-376.661483
2608	-306.369631
634	-154.960361
2703	-309.722894
2753	-310.904304
1355	-361.727678
3497	-392.627857
3692	-281.505078
869	-327.026488
1727	-324.606977
249	-306.347185
2576	-306.418503
1099	-231.975652
3582	-344.436500
3695	-309.651827
3727	-285.317454
3790	-286.502445
1323	-289.811983
2359	-360.468392
3437	-288.585212
3764	-308.483519
705	-362.953848
1481	-376.634518
3454	-376.600944
3384	-357.949026
2882	-322.444150
3441	-372.686714
2070	-114.483613
330	-286.408473
1759	-305.906809
2852	-274.986857
323	-309.647349
2763	-272.548325
3432	-297.523580
337	-312.123120
2825	-360.576433
3666	-309.735874
473	-346.828378
1281	-308.457113
2267	-291.016020
460	-360.488733
3589	-324.543443
2314	-345.658870
3011	-310.902708
3154	-309.714008
2483	-322.158791
1734	-359.354596
1447	-469.758395
483	-309.705795
3904	-356.716094
2679	-312.130526
985	-320.770329
343	-360.502305
3325	-341.836362
3677	-307.571921
200	-345.625804
1867	-324.583096
3144	-308.472241
2244	-414.351653
1433	-325.729800
227	-377.805829
1318	-310.897519
2402	-235.696227
1243	-323.582949
2657	-308.451299
3907	-291.017966
2509	-344.380267
1722	-362.946707
2351	-304.614169
2219	-265.437885
1758	-271.616401
1001	-304.724431
3147	-338.530072
1164	-340.611734
1839	-355.496901
2031	-269.170061
3491	-361.750275
181	-412.528245
2416	-344.406447
2095	-348.034975
841	-361.736259
2901	-318.323005
310	-308.480308
1174	-345.614442
2831	-356.723059
2958	-324.580268
163	-319.624414
2165	-319.567241
2360	-340.636727
3877	-340.623773
760	-324.605411
425	-289.769718
3762	-351.646368
3868	-360.526225
1519	-352.874613
2158	-340.663379
2809	-344.506029
965	-323.329385
940	-325.787515
728	-309.678404
1241	-345.608395
1262	-356.712023
2092	-288.572051
2124	-345.600825
2063	-344.402806
1790	-345.664882
1006	-336.843788
1181	-323.657279
2123	-327.010026
3959	-305.831035
3614	-288.627505
2856	-376.586976
982	-307.235414
1211	-286.498633
1023	-309.663477
106	-362.952198
2648	-325.728744
357	-307.245430
267	-345.641113
2000	-309.736479
3899	-337.265273
2461	-269.170508
1946	-346.841836
2937	-324.573883
3090	-287.362939
3164	-344.379764
1048	-286.495416
2876	-360.574465
2303	-309.719920
820	-326.934229
2148	-309.718089
3425	-324.547564
268	-362.957295
13	-360.526646
2449	-341.841190
685	-320.029854
2879	-265.401151
197	-233.549368
3126	-360.523204
3687	-325.793945
2055	-304.724717
1101	-307.244627
3434	-360.560766
834	-346.828689
873	-273.763068
2756	-153.742562
1669	-287.426878
1821	-308.473320
2319	-271.316064
1565	-325.735821
3407	-343.517848
255	-309.672030
3803	-287.351460
1636	-233.551389
1637	-343.503600
1346	-308.542644
1452	-308.467331
585	-229.918003
3179	-270.408713
3715	-381.567301
2486	-307.239887
1490	-309.691591
3852	-361.710525
1034	-356.732791
443	-325.754109
406	-359.295180
2251	-430.448052
2289	-325.766945
3031	-270.411205
1666	-289.872246
1288	-324.635136
3035	-344.404557
1411	-327.023352
2450	-312.124760
858	-340.661797
3067	-271.304881
1892	-382.805933
3736	-355.517745
119	-327.012568
1449	-308.507220
3631	-303.560350
1118	-306.032266
336	-308.524858
3635	-308.475489
2875	-344.475122
458	-340.699868
2112	-304.729640
1408	-379.527030
1319	-308.560759
2590	-340.650928
3778	-309.700675
1132	-310.938583
2266	-289.766576
260	-359.369049
3057	-301.381127
2250	-339.462492
3249	-325.739818
301	-324.570823
495	-342.297848
2742	-348.048844
151	-270.397623
3722	-308.759135
1606	-308.462382
3893	-341.097446
2192	-307.232824
71	-346.864282
2546	-248.018573
2318	-348.039301
3197	-309.714859
3153	-340.622406
946	-324.577279
499	-340.611683
2603	-341.863083
3428	-288.564752
3500	-323.345473
2800	-287.478272
513	-355.518342
1470	-272.542270
12	-377.816587
1700	-320.782427
1502	-340.679724
1590	-344.415609
3394	-376.613178
3923	-309.737951
3340	-229.879598
245	-340.656722
2537	-317.434422
3268	-324.562156
2774	-310.910631
1285	-346.860450
2979	-320.767064
3272	-173.147782
358	-272.544323
541	-325.714161
1041	-371.504707
3202	-310.908741
924	-324.528533
3172	-274.982310
678	-308.506580
2454	-288.578155
3071	-273.789182
201	-308.561649
2234	-272.580839
1509	-345.612220
3859	-308.499978
2817	-340.641240
1670	-269.230258
1774	-324.585556
1835	-376.631067
1448	-372.747155
991	-345.602096
2456	-345.610758
3281	-309.716743
1701	-344.428649
3296	-345.650105
3529	-341.843027
2413	-345.604177
687	-346.841762
3091	-341.869641
2052	-325.809179
1545	-308.468255
773	-309.674485
8	-272.545439
431	-361.712798
1081	-310.912796
1376	-348.053064
2312	-344.416076
1207	-324.584396
1301	-309.679190
1936	-360.564423
1685	-338.273553
3109	-324.582824
748	-324.572987
3882	-194.261089
2944	-309.687280
1757	-285.313612
3508	-309.675176
1667	-323.323781
683	-348.060054
3853	-271.336383
332	-304.692914
485	-250.585183
3026	-250.478855
1680	-377.842223
1532	-309.731599
11	-356.688211
2067	-280.248350
637	-360.557419
1303	-345.676156
539	-341.886521
1791	-272.554824
1939	-242.205627
468	-322.150234
537	-361.731930
189	-322.167165
2415	-340.676441
1943	-325.729335
1011	-310.942660
2832	-250.585843
3201	-346.845480
3114	-309.692389
2172	-308.472272
135	-301.341304
2409	-324.595526
1463	-362.938449
2634	-326.927446
2559	-319.571638
3213	-339.438949
1948	-195.158734
1167	-309.729139
2959	-289.795007
741	-344.434318
3504	-308.561061
1711	-345.611239
3165	-356.724041
1347	-359.361259
1393	-271.647465
1384	-361.755719
361	-376.622353
525	-273.812813
519	-309.687078
580	-360.537290
2211	-340.648620
2888	-361.704536
134	-308.516376
2675	-303.787203
2259	-361.734611
997	-361.688335
2617	-248.151318
618	-308.467888
1798	-312.126342
3049	-324.610004
2248	-377.773452
3321	-251.726162
1744	-288.535621
2350	-341.853951
1234	-325.796704
2750	-268.301176
3941	-231.108368
3273	-288.589678
2137	-324.588239
3805	-309.680682
642	-234.476516
3329	-310.909123
294	-308.506421
442	-356.712228
466	-382.782183
1166	-324.576650
3488	-340.672417
1471	-346.857623
944	-320.766684
3879	-339.483894
1690	-339.426816
3372	-309.705858
1338	-320.793141
413	-301.369263
263	-341.853650
403	-272.843742
67	-172.006141
2647	-262.017735
1884	-307.577822
3161	-309.678595
191	-307.610450
3386	-309.684862
960	-310.940611
2859	-362.909074
853	-76.404702
220	-276.205821
3150	-310.942587
1780	-345.606551
3455	-270.401061
770	-381.612946
1609	-210.001565
571	-339.423497
2791	-194.254127
628	-325.726991
3178	-345.605421
1621	-346.884834
3229	-271.614305
611	-248.364357
2555	-287.427764
1578	-233.217482
673	-345.680831
1131	-324.580815
2981	-327.026688
137	-287.440932
1964	-309.726463
3734	-326.940196
2658	-308.461040
3062	-381.573048
2325	-273.732431
1560	-340.645686
1855	-360.497728
1465	-382.796989
3886	-270.388222
3060	-270.441145
446	-305.831164
917	-323.320690
3720	-308.561301
2632	-306.344083
1116	-356.691214
3750	-346.838572
710	-340.625597
1374	-322.175807
2343	-325.781464
2149	-341.878745
2383	-324.593866
2264	-346.831590
423	-304.694187
1454	-288.652757
3644	-345.587398
1677	-344.412416
2867	-361.734339
3625	-326.948771
3656	-310.918831
27	-324.573866
878	-308.466070
1857	-307.540766
3045	-310.906568
3061	-392.552088
2030	-273.804223
577	-343.087962
2698	-344.434438
58	-304.683044
2919	-340.635773
3227	-348.043668
2611	-346.824672
3918	-289.794194
1562	-309.676327
318	-310.954514
472	-273.761356
2670	-326.934805
64	-362.945802
813	-361.733052
1258	-344.472090
1002	-287.689262
3934	-381.630276
2156	-346.827596
1484	-273.817328
3814	-361.745554
2048	-235.699029
229	-361.648305
1111	-335.656557
29	-344.425700
1858	-343.238086
777	-307.544712
1293	-271.369084
3157	-335.619981
113	-360.478880
2776	-313.573888
1731	-381.565314
2628	-359.341296
1369	-392.662003
573	-286.504534
2339	-326.954728
3072	-340.671263
3981	-249.257629
3642	-324.565306
2866	-344.431605
3413	-308.440890
2872	-288.581144
492	-305.904760
3694	-338.246643
1237	-360.542541
1927	-361.739999
530	-360.503506
2102	-361.723581
3376	-273.775510
1310	-307.529289
3660	-288.651313
1836	-268.273739
3503	-266.630629
3554	-309.689751
2195	-289.873479
1082	-310.901659
2106	-286.476486
3417	-354.292460
3760	-280.314080
1883	-346.839066
3085	-322.130736
1330	-324.575010
1605	-345.703157
2508	-324.574476
3440	-322.135917
3771	-309.655144
3470	-416.814878
1472	-306.080007
1919	-407.364323
3089	-327.025329
3371	-286.517424
2689	-309.673807
1697	-345.613396
3855	-304.746925
100	-361.702143
3802	-356.724118
1668	-344.433140
3387	-309.727603
603	-346.867624
3797	-376.587519
3479	-265.289023
2190	-324.574822
1889	-361.731388
874	-271.611192
1445	-396.491525
972	-341.869909
954	-324.612244
928	-345.665412
2357	-325.754267
516	-312.134532
453	-375.430225
1923	-287.427777
3689	-308.467642
77	-348.062001
1553	-323.448965
1126	-270.392715
2094	-325.812885
194	-308.496245
491	-287.737498
1077	-326.938562
3410	-271.316922
3366	-323.268818
3169	-310.902849
1646	-340.684749
2659	-324.461004
3424	-348.051118
3843	-309.717869
3241	-319.515995
2646	-325.800095
397	-288.630839
36	-344.382282
1710	-361.726166
3145	-324.570872
2891	-308.511094
2199	-377.815601
225	-346.842403
861	-360.488871
3420	-306.358581
1862	-319.615129
812	-308.509197
2446	-361.740252
1305	-319.621560
3770	-272.544060
1124	-271.651913
733	-345.660927
2097	-345.639692
686	-391.370332
1327	-320.768458
3592	-323.367866
827	-303.556664
170	-340.667287
3002	-269.479234
2554	-345.649886
3362	-345.632413
2807	-269.176124
2412	-310.904086
2037	-345.620113
1682	-269.215705
2423	-338.238743
1859	-324.577613
3294	-340.693392
1035	-284.385189
2599	-355.457663
297	-325.833945
2738	-324.555069
274	-272.539126
3830	-346.817778
2678	-285.255563
2690	-231.093096
3220	-273.806349
1127	-345.659797
1495	-286.516879
287	-307.560718
1215	-335.566430
110	-346.869123
2043	-344.484341
394	-344.385642
659	-326.976670
1600	-249.301818
1054	-323.427722
833	-325.761605
3123	-309.702150
3081	-302.557878
2277	-383.973315
447	-271.627826
2775	-382.812383
1729	-361.740062
606	-343.235457
987	-273.765811
658	-307.234503
1306	-288.682324
2766	-285.279992
2830	-325.800699
2090	-308.473428
1056	-271.618179
1224	-308.420805
3511	-324.552260
3152	-335.591582
1201	-224.944660
2108	-267.944278
2432	-274.987245
818	-387.475673
3834	-324.589539
17	-345.612580
706	-303.481839
3093	-334.424572
1325	-356.758284
1762	-361.755551
2613	-338.214346
1304	-356.679729
3731	-310.913156
2054	-302.588564
552	-340.639366
2593	-321.252793
623	-265.457424
2796	-345.678871
2035	-249.294409
2706	-345.667357
429	-288.570364
3262	-235.693825
1911	-272.582516
656	-376.605347
3986	-355.516778
1308	-341.814212
2447	-323.330261
1097	-325.784473
1632	-340.673967
1901	-362.946498
1067	-273.762417
2671	-344.377098
3610	-360.476593
393	-323.334482
2414	-382.803358
2885	-309.686862
3686	-344.462681
3569	-272.588302
1212	-304.733723
3557	-344.382663
177	-362.872710
3833	-324.559324
3489	-308.508824
2873	-307.545713
448	-346.831139
840	-289.871520
3841	-371.541704
169	-309.688569
3671	-326.941692
717	-380.401348
1415	-338.156727
1715	-286.486570
1029	-325.751230
2242	-362.870426
367	-360.491873
1009	-266.763445
2861	-288.654312
3461	-320.776316
3209	-346.834502
3979	-345.651111
66	-337.302324
1115	-325.773014
1607	-303.462115
1394	-396.500849
3007	-319.573727
1696	-320.785074
3456	-276.206318
1092	-360.552974
2572	-360.495461
2973	-324.604156
2733	-310.940764
3987	-324.506120
3307	-318.647923
894	-338.247875
1972	-233.542445
1650	-341.836348
3880	-357.942023
3359	-325.733758
250	-360.538828
1881	-361.772040
392	-345.637570
3584	-281.484877
3749	-249.363949
1341	-301.373831
1699	-272.541597
3396	-273.815873
435	-306.309029
2758	-309.696640
198	-303.934323
1675	-271.277972
2082	-302.567313
1843	-362.899677
2107	-325.766177
398	-345.636145
2571	-309.686348
97	-286.495035
1601	-345.646864
30	-325.717105
2236	-235.698987
2988	-310.923406
2304	-286.431160
3990	-303.459637
404	-324.595399
1958	-340.595950
3	-346.838279
1196	-346.840727
657	-270.392759
1800	-212.439286
2488	-363.508158
586	-376.582598
2975	-345.579201
1563	-376.575382
3991	-372.765028
449	-325.753993
51	-283.168740
3602	-361.683811
1615	-287.344000
3086	-360.507527
3446	-306.044918
2532	-301.405558
2290	-343.224836
1460	-309.684108
265	-236.916125
129	-308.512092
2194	-273.757530
1726	-381.506605
96	-375.359188
3585	-308.497008
2525	-324.569051
1622	-346.869712
758	-307.574899
720	-381.594735
2904	-302.545112
2109	-321.219665
2814	-325.804528
3601	-308.749822
582	-325.833302
3160	-362.937857
2933	-360.538112
3704	-348.035847
1707	-288.590006
1267	-341.841438
674	-346.879260
795	-246.023231
139	-338.257996
780	-308.769557
562	-456.105229
2258	-303.453218
3055	-285.313284
3242	-397.707881
105	-309.727110
2365	-345.689766
390	-306.070291
3521	-342.324182
469	-325.775843
1764	-304.725676
1476	-308.455419
2828	-232.030352
2214	-245.994065
3588	-272.549011
2998	-246.027383
1568	-324.555249
3961	-308.561152
746	-273.802095
2025	-249.363808
1863	-381.631601
3937	-361.713179
3561	-343.190300
514	-309.685045
1295	-346.829652
517	-344.434827
2056	-325.729141
2621	-305.145002
3839	-231.155780
763	-308.429953
2263	-274.983122
1192	-326.947461
2046	-286.493052
1446	-319.575102
2530	-345.673444
939	-344.481802
1016	-305.129953
3297	-360.526636
1944	-325.796840
1200	-346.908492
2152	-308.540101
3337	-286.438448
796	-344.453746
353	-197.632222
2928	-324.540084
2346	-310.909551
3082	-272.586248
1283	-345.605635
958	-302.599262
1419	-344.350927
2964	-362.945907
2330	-287.681216
1365	-361.755045
1286	-310.906869
2397	-308.772292
2029	-380.417684
3737	-361.714817
1252	-301.395982
3623	-341.892484
2728	-304.742823
1589	-324.608694
1895	-324.551432
3707	-271.620156
2915	-344.371144
131	-345.603479
1830	-345.641862
638	-345.695868
629	-309.712115
3433	-308.465425
1	-360.499843
2135	-346.861074
3284	-343.290242
3721	-284.372483
2673	-345.652182
2580	-309.722373
226	-360.556344
1852	-309.685790
740	-344.452972
1854	-382.743932
3014	-269.263802
635	-324.578381
3234	-287.349937
3729	-376.562796
1359	-229.927277
2536	-273.758980
2022	-344.425164
2333	-338.234590
2	-324.551643
731	-355.501990
1662	-377.834156
1197	-308.462932
1831	-323.386306
3829	-323.654114
1087	-324.508933
3313	-360.526364
1248	-304.732336
3050	-303.940271
910	-270.384937
933	-270.430832
3613	-308.483617
136	-343.240623
2080	-325.793131
1340	-271.616723
2869	-306.113519
68	-286.519735
3875	-309.655400
1651	-273.809498
1724	-381.594558
430	-307.543210
372	-337.283890
461	-273.773506
1752	-296.265627
1623	-229.615446
934	-345.650323
3247	-360.531175
1045	-344.449852
2068	-308.471269
277	-302.288351
125	-228.992613
831	-346.867207
711	-341.849127
1853	-359.314227
2808	-340.646073
3632	-340.612805
994	-323.428670
814	-308.509272
2039	-360.553317
193	-307.285557
1112	-287.644079
504	-356.680129
3908	-272.847530
756	-325.798888
1096	-309.689595
3593	-304.614300
2948	-382.790431
3723	-345.597175
2400	-345.592410
2987	-271.618137
1992	-325.723538
992	-377.811306
1069	-375.370023
1599	-304.689816
2495	-307.596472
3942	-287.507193
391	-345.584667
909	-325.789320
3657	-312.124380
1763	-325.799404
3319	-376.604793
2699	-346.864540
230	-271.617434
3349	-207.916786
1010	-340.666160
3121	-344.419977
3755	-341.874216
1805	-344.380468
3968	-287.425634
295	-320.770299
1190	-377.830859
1871	-306.406578
2899	-310.930659
1086	-272.587059
3120	-309.689111
1904	-304.752598
2528	-308.467760
370	-356.698196
1508	-308.462196
1362	-249.387499
1954	-226.144377
1776	-325.785476
1808	-356.676972
2186	-320.782523
676	-272.584377
2626	-305.900638
3754	-324.570035
121	-361.711483
3559	-309.721434
399	-304.735224
856	-324.568212
2799	-340.702898
3233	-304.691526
1671	-309.708282
2421	-249.395323
3949	-359.301320
2574	-273.812881
1392	-353.321142
602	-275.010289
2956	-360.528914
237	-268.287661
1437	-376.547304
1663	-232.351764
3831	-451.528971
1397	-271.624640
3874	-323.344889
3952	-269.175627
1389	-272.510742
865	-304.728720
507	-309.697879
936	-382.773457
789	-324.581906
2577	-381.600777
290	-348.056024
2518	-360.566272
1850	-323.407987
1158	-268.251114
418	-324.565412
2780	-272.545389
1381	-303.795699
2865	-342.307696
1302	-339.445855
598	-193.088340
3505	-274.983383
1360	-362.941781
2317	-308.503515
1641	-340.647224
2609	-322.351046
3343	-320.735225
2605	-346.869041
471	-324.532283
1152	-308.448572
3548	-79.764152
2403	-326.955365
677	-324.594116
620	-346.820834
742	-272.588370
1198	-308.449457
2232	-56.525887
3096	-338.175960
2311	-193.034988
2142	-324.624987
2926	-320.764569
3769	-304.586424
1894	-360.532510
3649	-343.292778
3948	-340.614465
3036	-310.907823
3198	-288.680991
1594	-323.433551
75	-381.566310
3913	-308.551230
3113	-324.531139
1265	-227.324775
1618	-345.629039
3767	-324.568597
988	-341.827199
3827	-270.435807
2962	-309.686114
1024	-302.535621
1065	-360.485823
3231	-380.446861
3368	-308.496367
1091	-309.678344
1349	-286.542391
1706	-382.777508
1076	-361.656187
1924	-340.591587
2994	-345.597078
2976	-356.737615
1313	-324.502042
2563	-247.215049
1719	-232.050342
522	-309.680641
766	-312.133805
366	-324.576206
2372	-322.217569
1844	-325.808754
3890	-341.849730
1561	-325.749687
380	-307.581989
2265	-360.469291
1275	-310.936083
584	-309.681686
1440	-270.441325
3520	-325.752207
2787	-324.505365
2991	-272.841336
2120	-381.630205
2382	-380.343633
1074	-304.697680
1732	-269.170665
2401	-263.280728
3345	-312.120708
1709	-326.941251
3792	-360.525610
3905	-395.515911
2341	-377.784360
156	-288.654408
1866	-310.940708
3925	-325.718488
1789	-310.905299
1242	-308.508254
45	-266.615452
3458	-345.693035
2997	-380.371074
857	-245.711897
990	-309.684377
1574	-245.997884
1250	-309.686189
1627	-301.363590
3330	-323.360126
3173	-325.791830
2619	-326.939536
906	-383.969892
2169	-356.733974
575	-272.582834
3312	-323.647099
907	-381.607752
432	-344.390227
7	-309.722879
76	-325.685245
1647	-343.242553
1962	-382.756724
2556	-321.958604
187	-341.842120
3415	-308.495275
2308	-324.460752
2902	-271.653205
2239	-346.823312
900	-288.561991
3275	-308.757315
1521	-323.665247
269	-325.729080
2473	-324.497671
1908	-286.508233
3427	-325.793904
2903	-308.505951
2784	-273.803873
3230	-344.454591
2479	-271.622821
2957	-323.644468
1567	-356.714706
2071	-246.029150
1057	-391.518453
661	-335.635079
363	-320.778723
477	-265.399968
3075	-324.616343
2573	-307.303421
593	-303.525517
3583	-325.721011
6	-345.687671
3006	-308.470648
1922	-248.132701
1994	-383.983835
1161	-308.513516
1370	-242.180146
2729	-323.315925
3782	-262.035127
2739	-362.946034
3742	-271.272557
1255	-381.635881
1105	-302.306944
1625	-320.776082
566	-303.472917
89	-249.259410
807	-340.681309
2519	-323.585680
10	-344.512001
174	-229.928448
19	-309.720734
1030	-309.683546
3132	-309.670613
937	-306.397642
299	-195.196751
3486	-437.484875
3184	-308.439671
1966	-302.558699
22	-324.575190
2091	-346.904050
1175	-361.742598
2820	-308.557865
3117	-346.824942
2523	-344.512144
2440	-317.433049
2155	-343.243883
3077	-336.822591
320	-232.333410
1257	-346.855622
1786	-325.785038
101	-324.507184
2548	-340.654465
1672	-336.831068
876	-325.807685
3331	-233.545899
1339	-285.316421
3591	-273.762889
3393	-359.297522
2121	-324.619773
1402	-286.203815
48	-304.689512
2159	-324.581067
980	-356.743821
494	-345.611057
2126	-270.399529
3124	-308.562031
1765	-285.335887
2502	-309.685960
2434	-377.845502
2839	-362.930315
1596	-492.022084
2601	-333.464063
3155	-376.605641
1492	-310.927319
951	-307.548619
2719	-286.477365
844	-324.606050
1409	-285.282853
1569	-234.503085
3053	-490.831786
2381	-346.856604
2748	-321.271406
914	-361.707841
2276	-309.679242
2205	-318.391203
2560	-339.452794
3115	-340.620294
2292	-343.246371
2722	-344.423318
2841	-360.524422
3617	-345.608658
1151	-392.620909
2004	-346.839235
112	-340.648166
964	-291.014970
2840	-284.048718
3078	-383.966179
2662	-345.635068
2176	-345.608670
2085	-309.695312
981	-303.499320
3539	-324.625415
3308	-381.582831
3826	-372.742383
127	-322.216227
1185	-324.558175
3540	-321.236907
3401	-338.175569
15	-288.542593
3684	-362.958208
2209	-382.781841
2288	-345.612787
3355	-345.648365
1474	-340.654517
3472	-340.657197
1756	-326.935440
1960	-345.602645
2755	-381.595252
3083	-381.591448
2768	-340.690205
2834	-325.699665
591	-325.760915
2235	-318.409670
1453	-309.720334
102	-307.230370
2630	-282.871678
1342	-361.712098
44	-309.735489
2252	-382.779570
3745	-310.912788
1420	-286.516174
3519	-376.604739
2562	-375.357530
1584	-251.727102
3033	-325.785262
610	-324.629068
633	-325.759393
2116	-340.646768
3542	-344.409533
897	-345.659998
2848	-339.419688
3469	-356.686540
1937	-287.438379
3326	-381.616196
2361	-304.727460
1687	-344.407598
887	-361.720206
1792	-363.504227
3835	-309.693085
2467	-325.805017
3195	-274.982322
1462	-312.136049
1573	-233.255259
1540	-285.217962
693	-234.520624
3269	-381.624381
1751	-339.469166
3966	-376.570141
943	-303.497783
3639	-345.680996
2912	-346.883119
2696	-353.269456
1983	-320.792773
3518	-340.655390
3248	-322.477268
341	-273.735711
2838	-324.547436
292	-308.517192
1723	-307.290176
65	-312.125621
2589	-361.718361
2874	-309.725707
1413	-247.214861
1228	-345.640969
938	-331.411639
3728	-234.474951
503	-355.514134
2674	-342.352279
2003	-324.579943
2553	-302.545562
2720	-231.102112
2377	-236.916033
963	-345.645239
1998	-324.536830
3611	-324.577560
2448	-346.833271
1750	-287.645651
3293	-360.535142
662	-341.843824
3399	-307.229313
342	-323.351196
1184	-286.506282

file identifier 	 test data 	 predicted
3516	-324.634527	-318.594468
2950	-360.498298	-358.201477
3619	-325.779372	-340.461958
2033	-310.919833	-308.274025
215	-356.645883	-359.820875
3926	-325.748612	-318.795122
3131	-303.560907	-295.027661
2366	-286.466852	-290.798056
1232	-336.811744	-335.721129
2405	-318.344936	-321.212708
3837	-343.468335	-356.523307
2227	-356.712771	-357.258627
2935	-297.516418	-294.804201
3158	-269.271320	-271.605399
2772	-343.232602	-380.754862
560	-344.385047	-336.584309
3361	-324.558989	-329.428684
1273	-355.513035	-354.159220
696	-356.709466	-356.808007
1550	-301.345683	-300.325504
3510	-340.674744	-342.434802
2520	-307.284294	-306.024659
1856	-321.958301	-307.402636
1520	-309.728493	-311.076570
218	-285.311823	-287.821609
749	-249.280474	-239.065503
415	-309.692626	-336.806749
1220	-325.800532	-320.032064
3502	-376.564063	-383.099449
3974	-323.433262	-317.692660
3059	-363.508158	-363.916463
3317	-269.177232	-295.539710
3763	-344.416821	-344.882471
315	-302.472397	-317.401570
1251	-322.482659	-318.940850
1456	-308.496384	-321.007055
57	-345.635513	-330.042669
87	-490.834069	-488.617441
3246	-340.652252	-337.024215
2284	-359.298380	-371.586747
1570	-325.783642	-333.044273
3279	-356.732861	-351.710982
221	-310.917273	-312.983921
3240	-338.234966	-337.409780
576	-345.655968	-350.849711
182	-324.474954	-323.567560
2960	-271.360631	-260.902287
2591	-325.773278	-324.516324
2566	-346.832253	-339.591221
256	-308.741915	-301.902753
3608	-372.729173	-377.804568
1604	-347.456674	-338.554446
3395	-248.436061	-259.607041
153	-347.466594	-332.133201
3211	-310.908555	-298.911347
1139	-270.382725	-263.268090
2757	-346.855643	-337.826584
915	-304.734226	-306.819191
2049	-344.463291	-351.030217
911	-356.711832	-363.002772
1712	-345.612640	-344.789633
1122	-345.601318	-338.854616
2931	-361.729140	-367.961519
1230	-323.396217	-335.452877
33	-264.504487	-291.088936
3022	-234.455424	-232.101249
605	-456.103432	-464.760595
206	-309.688611	-325.298695
2618	-361.768020	-352.843134
3042	-269.468415	-252.403809
2119	-323.665987	-317.064859
3412	-335.628480	-339.429052
3009	-307.265383	-320.834833
1095	-324.603415	-325.045793
732	-327.023478	-337.948098
144	-271.323089	-277.792733
3957	-307.291354	-315.833682
1064	-276.202311	-222.770528
3741	-169.860788	-293.403363
1475	-362.957353	-362.816700
1612	-310.902795	-309.639761
2457	-382.757134	-369.903680
161	-285.276468	-287.950952
1505	-308.487195	-288.943392
993	-317.364547	-301.839637
3645	-304.681903	-289.028267
1506	-339.437849	-338.945027
3367	-269.216969	-287.339537
1794	-325.712420	-324.122465
395	-234.447743	-246.024620
1418	-325.725274	-319.556485
1660	-274.985107	-274.906790
325	-345.637577	-343.553776
1089	-344.451793	-337.481807
1039	-360.575277	-364.889449
2465	-339.464024	-344.688026
3930	-338.542975	-357.854799
369	-361.733362	-369.641325
2631	-380.316551	-354.126213
867	-283.179781	-257.394198
1204	-361.704371	-360.637581
3005	-249.248680	-238.721938
3208	-288.572843	-283.407683
3785	-348.045948	-347.396095
2315	-273.793520	-284.865251
1530	-272.549380	-266.093532
2665	-348.031230	-342.657952
622	-341.886905	-326.851311
681	-312.126544	-298.657985
3493	-232.333258	-153.575724
3543	-287.318584	-282.333740
2539	-321.276274	-325.676139
1479	-309.677142	-324.537606
3270	-273.788787	-275.934645
162	-232.324966	-221.084950
1527	-271.621836	-277.994844
2843	-308.509454	-326.008129
1978	-281.485530	-275.558085
601	-324.603558	-344.914486
354	-285.174014	-281.670802
506	-234.516241	-223.845692
3400	-289.799552	-287.038579
3579	-356.677429	-356.079325
2452	-344.424745	-337.375651
484	-351.639205	-350.918420
2459	-273.761223	-293.821160
1921	-310.904960	-308.619300
3977	-288.552886	-288.349849
2946	-345.649552	-342.164422
2274	-308.463553	-307.954972
3347	-286.510514	-265.542481
1401	-307.265351	-263.299154
3836	-346.833711	-339.349954
3832	-346.836423	-359.081708
2612	-345.627545	-340.052184
2306	-287.354343	-283.118079
2349	-301.357553	-290.830650
942	-325.715957	-330.789174
1223	-324.586663	-318.648500
3206	-346.853173	-344.672454
2118	-324.560961	-331.469342
2804	-344.433943	-356.503427
2334	-472.135006	-472.484539
1128	-361.695007	-361.744338
242	-340.623533	-350.935906
3406	-286.459793	-291.020228
2100	-343.199390	-343.612758
3302	-324.577047	-321.439926
2460	-345.631797	-335.186806
901	-270.446915	-268.108853
3580	-345.661657	-363.962458
1708	-324.502429	-318.886894
1412	-242.195730	-283.098414
1329	-309.710338	-304.129485
3555	-360.547370	-363.260698
2942	-325.778444	-336.934760
1968	-324.538807	-331.770755
1678	-310.955296	-294.086485
2204	-310.904876	-321.403182
803	-325.789564	-334.118173
465	-266.553159	-319.150783
2175	-324.545475	-322.925162
3238	-340.667053	-331.593367
2740	-360.536920	-344.111123
3668	-309.700336	-312.536477
455	-340.664551	-334.450541
164	-340.675814	-339.285128
2602	-345.645491	-358.915154
9	-344.468531	-342.223294
967	-372.742461	-375.788081
3430	-341.828533	-341.627628
2986	-340.629609	-332.404649
2481	-324.614891	-340.892758
2019	-340.659620	-349.240529
2079	-363.517297	-359.528931
650	-193.034094	-187.094453
3751	-339.491316	-335.048439
2504	-325.805550	-307.796949
2770	-288.588657	-287.561628
373	-379.522177	-375.009749
563	-345.644179	-346.270127
3924	-270.393737	-244.896256
2952	-308.511290	-312.340848
3781	-274.984614	-308.744994
2060	-362.945811	-364.320035
3180	-323.669200	-317.284938
362	-289.871990	-303.743564
2985	-304.745635	-318.154392
90	-327.017113	-343.499225
2503	-345.653983	-358.419875
1664	-310.904974	-310.467533
285	-249.362379	-251.985780
3864	-288.639421	-315.607298
3873	-348.051405	-350.650930
567	-339.489014	-327.740080
860	-397.697425	-391.402646
476	-397.686127	-398.283482
2296	-309.691365	-312.632810
3139	-344.437158	-321.925828
3194	-301.367422	-297.685800
666	-381.593528	-378.030018
971	-324.624537	-319.928523
554	-340.688787	-341.259247
1020	-303.566436	-306.571843
2389	-361.728546	-376.561616
3402	-234.522504	-248.995769
2399	-308.430606	-304.344758
617	-376.521083	-372.980726
2963	-287.651399	-270.274022
123	-269.263476	-275.089306
1037	-306.397746	-303.162201
3532	-344.464356	-357.705464
884	-276.202586	-185.080997
862	-361.764434	-338.411015
660	-271.630416	-281.789470
2493	-346.822460	-338.290690
3298	-345.599182	-340.969298
1364	-267.963366	-262.979004
608	-309.688960	-301.525282
3105	-346.821661	-349.468016
1613	-346.890723	-373.880596
2287	-310.905485	-306.419504
2795	-379.572458	-376.103139
387	-268.248806	-256.167767
1468	-345.650338	-350.413258
371	-380.374978	-372.544921
1914	-288.576123	-266.880498
3787	-381.580675	-381.213798
1639	-345.640072	-364.106037
34	-306.355655	-314.565157
3776	-320.773105	-308.618093
1869	-269.207716	-278.413348
328	-310.911163	-316.069924
719	-309.693538	-303.136603
3992	-319.576017	-324.146471
346	-307.586014	-305.867463
604	-320.777491	-324.399108
3958	-291.015785	-294.572568
1517	-359.342366	-338.269117
1008	-248.448467	-247.533066
512	-346.861026	-365.311368
1807	-344.469516	-339.051140
2760	-155.908941	40.620067
3341	-291.021228	-287.779891
3916	-273.810780	-290.265854
2513	-345.631685	-322.939522
877	-359.317823	-360.792689
2198	-382.804255	-410.057051
1178	-382.751729	-374.694763
3237	-303.553222	-296.298829
1952	-344.408452	-346.190447
475	-304.691568	-307.663493
1321	-234.472577	-229.890051
3252	-340.610842	-343.063863
2057	-288.540318	-289.766666
2340	-310.899612	-292.561114
2684	-310.940657	-320.935856
2462	-325.752244	-316.294097
2531	-157.115484	-169.863652
222	-412.548009	-406.119188
1259	-288.590804	-279.360086
2430	-304.688809	-311.369716
467	-273.793804	-301.625759
2451	-359.328735	-390.172398
3659	-340.683837	-339.751033
1593	-335.598739	-328.673908
190	-354.290746	-365.869657
2694	-317.396153	-323.528490
2410	-361.673369	-356.914232
2968	-310.909942	-324.312526
830	-320.767103	-323.969354
3963	-271.323381	-272.099898
3356	-270.447268	-264.339648
2021	-346.818246	-350.036991
240	-286.517094	-288.843993
120	-323.345161	-311.611633
474	-281.476832	-273.508698
2890	-309.738198	-313.279520
3185	-348.053386	-361.007991
55	-335.683118	-333.927544
1592	-271.616430	-257.723117
1740	-376.599676	-373.099038
1801	-301.335636	-302.620365
1629	-272.526778	-240.227190
2484	-344.359905	-345.582440
1007	-235.694216	-251.839359
1458	-288.648179	-276.254217
3791	-360.491959	-368.995816
1021	-232.328175	-229.365459
1782	-308.555419	-315.827075
2538	-344.417597	-363.757187
532	-344.369744	-367.098309
374	-372.796889	-371.323044
654	-309.727166	-303.706048
1247	-325.770105	-327.757802
1085	-231.092208	-200.525983
3691	-352.852117	-347.642892
2164	-304.744503	-307.697463
2013	-343.195410	-353.698748
408	-208.863267	-235.694859
1931	-310.900102	-321.768773
2245	-308.434866	-309.752046
3658	-309.682445	-312.464017
927	-340.676668	-344.319281
1955	-339.498757	-328.288266
3473	-360.527434	-352.901368
1213	-324.530103	-350.487129
278	-397.667072	-390.603719
1396	-346.886411	-383.585119
2323	-310.954565	-319.749375
3348	-304.715963	-302.909388
1768	-289.789940	-295.578463
3730	-291.017996	-258.964491
160	-309.685140	-300.678769
2510	-325.797299	-328.016431
1450	-273.757658	-304.220962
3822	-309.665941	-312.293323
551	-382.817123	-386.728475
224	-324.628594	-313.569792
1982	-345.609374	-325.765557
3482	-281.480993	-269.915373
2038	-348.056093	-363.604147
3662	-360.469577	-353.303603
347	-309.687405	-316.672762
921	-325.682121	-312.176248
3457	-324.559213	-322.295077
1431	-344.392695	-331.209666
209	-308.493663	-316.775621
2786	-327.009009	-314.539449
143	-302.355005	-309.926339
1652	-301.316399	-281.976005
3236	-310.912270	-303.435713
2643	-372.711859	-367.176287
1515	-360.502298	-366.596310
1059	-303.436180	-313.852120
375	-346.857432	-359.716757
3556	-276.202384	-239.599434
1585	-360.545832	-376.700390
2498	-288.539500	-297.848327
2007	-308.499105	-303.838179
283	-355.460155	-356.000078
1138	-308.444609	-304.012266
2767	-340.635968	-341.790776
2736	-310.922181	-283.834607
1136	-271.296056	-284.291477
1940	-334.429558	-340.618816
3578	-286.432515	-316.569621
3128	-341.867138	-343.479749
889	-272.539307	-270.080582
2821	-308.511516	-311.024092
1558	-270.389386	-280.924317
3533	-232.036378	-196.250033
93	-340.615011	-344.756074
1826	-285.242094	-280.003622
3628	-272.509064	-292.827456
1905	-231.145151	-198.316221
3106	-273.735646	-284.237810
1841	-325.788368	-304.076091
3422	-340.663929	-334.404949
2587	-376.609234	-366.756080
3884	-323.333263	-316.115588
339	-356.705991	-357.865425
1217	-325.773675	-323.129475
2542	-326.951186	-320.345968
1239	-356.710448	-346.845709
2785	-310.915445	-292.196338
3047	-285.293918	-296.824440
1300	-324.595031	-324.442506
1191	-360.510716	-369.955441
463	-309.715058	-308.809808
1269	-307.563525	-284.576621
2668	-310.906004	-308.277885
1676	-296.285473	-323.687104
3056	-269.180682	-262.038517
286	-324.563745	-324.258069
1015	-344.454928	-362.654151
1497	-251.731545	-243.165460
1240	-310.907666	-307.061773
1771	-287.657053	-295.694265
2564	-325.789398	-321.242129
3524	-308.455477	-304.944685
2128	-308.504896	-308.102977
852	-361.731511	-371.044864
3915	-309.687698	-305.738265
1990	-281.482892	-276.053316
2076	-274.982287	-290.741105
2347	-308.476587	-314.738801
2970	-339.501361	-336.106932
3590	-340.660106	-354.338984
2355	-336.816043	-344.874226
645	-308.540795	-302.791445
671	-310.897268	-306.249901
501	-345.630685	-351.565344
3116	-312.128429	-295.049594
695	-345.700085	-378.066537
1432	-324.522792	-316.517781
1695	-344.411060	-365.342568
3850	-308.528193	-298.137805
2270	-355.497046	-345.088079
3842	-376.587741	-381.348175
716	-325.758431	-325.610324
1134	-343.068226	-349.799163
1245	-310.907810	-309.312797
1769	-324.569009	-335.396870
2301	-324.616647	-327.329580
3146	-289.872162	-304.457739
3733	-309.678068	-293.907494
2505	-344.440744	-331.396218
2342	-309.680487	-315.440946
439	-288.690999	-293.855254
502	-306.349558	-294.427622
1557	-322.456250	-318.300176
2712	-274.985024	-301.028415
313	-361.721849	-357.532206
3825	-93.411888	-161.104049
195	-296.296482	-305.037230
2464	-297.555801	-302.194889
3112	-327.021680	-313.004175
1429	-288.579114	-295.255033
454	-265.283843	-275.844097
2393	-324.608961	-315.780254
98	-303.553222	-300.394926
1781	-324.582445	-327.022866
1344	-341.767606	-348.200553
3546	-233.219124	-221.936601
2715	-345.709596	-342.437520
2894	-309.717750	-316.270412
1260	-270.417842	-272.114428
3439	-301.389192	-299.884567
3029	-285.281493	-291.582043
1094	-304.696023	-294.805706
2853	-325.794835	-331.816336
1659	-487.002792	-463.902634
2436	-308.473229	-303.765430
1434	-344.482088	-360.038840
3568	-308.468418	-299.503993
482	-272.599303	-301.729229
594	-325.809558	-315.477849
2356	-323.346816	-324.266554
2182	-340.610000	-349.269886
2822	-310.902197	-315.327832
2249	-392.653825	-391.384373
1809	-324.559733	-317.634332
356	-372.741729	-371.379444
70	-346.874234	-364.348268
1628	-345.637174	-343.883120
2512	-346.823548	-336.438867
1736	-273.764207	-294.274810
714	-356.669324	-362.913100
3013	-346.883127	-355.808427
3127	-327.010419	-342.339118
329	-380.402442	-370.495392
445	-319.610687	-321.406666
407	-287.508781	-291.708415
3596	-285.328258	-292.745585
3490	-359.315205	-357.681500
2819	-360.551444	-358.313198
2850	-288.580309	-297.334394
3163	-319.610683	-321.230710
180	-360.505528	-351.823778
975	-357.171724	-359.660565
1373	-324.557383	-325.977207
2541	-341.834413	-350.812950
1576	-247.184334	-256.607693
3909	-310.945132	-272.170777
2385	-310.911571	-303.034342
2515	-323.341413	-321.603284
2283	-231.111403	-210.434787
3669	-285.267165	-266.104519
3663	-344.446747	-341.792129
675	-346.827397	-339.675777
1457	-288.573089	-291.196938
545	-356.698773	-363.998740
3382	-341.145624	-348.320754
3840	-309.681264	-321.983704
14	-302.238859	-312.683664
2727	-271.330291	-268.670571
1587	-322.133444	-321.443383
231	-346.860243	-342.354303
886	-304.728323	-300.735487
3581	-319.540355	-324.780905
1918	-319.573117	-315.372257
199	-309.673895	-309.609063
574	-271.665153	-278.641489
579	-281.480583	-289.536059
3484	-341.890999	-334.241934
1405	-361.711854	-345.772125
500	-308.452306	-305.529830
1107	-267.060326	-285.010791
799	-310.910909	-315.978126
42	-376.564691	-378.325134
1739	-303.454720	-302.828065
3845	-344.454717	-343.405548
787	-360.525379	-346.298248
32	-287.509315	-287.421452
3258	-324.473847	-326.563400
2953	-348.047609	-356.214014
1683	-346.829154	-341.674150
2506	-307.526911	-302.564420
2829	-340.622886	-341.345514
3647	-325.794522	-321.321073
1909	-345.630398	-337.841858
1619	-340.600021	-343.340565
3216	-344.380260	-349.207045
3156	-362.941094	-356.347279
625	-308.514390	-307.837991
2391	-310.927566	-290.040905
3162	-324.546164	-326.363991
284	-360.500454	-359.068552
348	-196.432825	-160.665237
2431	-309.684774	-310.750078
3217	-306.392828	-307.804261
976	-382.776658	-390.837259
1644	-325.774769	-333.191565
2743	-234.516409	-239.830744
1202	-361.725394	-358.089199
1928	-326.927990	-308.697028
919	-272.589999	-290.728241
2352	-288.589622	-291.445868
2805	-272.587161	-282.179782
2517	-308.462063	-318.398153
3609	-269.176442	-282.508626
510	-234.491176	-286.129697
1681	-310.908780	-332.038574
822	-336.845442	-338.734744
3627	-323.347112	-320.752044
1656	-323.352987	-337.630607
3235	-339.416290	-357.061163
275	-344.442225	-340.745643
1088	-291.017433	-288.974167
1849	-324.547957	-315.587148
2640	-398.880824	-415.248984
1915	-361.705669	-377.609307
2053	-320.769272	-317.345986
583	-285.016369	-251.895957
1455	-381.570969	-378.142052
259	-309.735245	-315.738432
3716	-361.720799	-367.623396
3476	-304.737418	-304.028190
836	-324.606601	-329.832915
2170	-274.987123	-325.823320
321	-324.604397	-326.886373
1233	-265.440660	-264.283290
3222	-344.494043	-350.363368
3651	-303.463214	-298.863406
3789	-273.762938	-269.611211
2392	-272.551442	-265.789072
1073	-233.249538	-256.261469
2920	-326.952797	-325.188414
2470	-309.688189	-285.469330
1331	-310.941319	-312.270955
3811	-274.982348	-287.053192
2842	-308.450204	-284.144109
536	-323.348544	-313.673552
1737	-323.398064	-319.069139
3599	-308.482454	-299.418032
2860	-345.600676	-340.931608
43	-319.572842	-318.102274
2569	-281.476967	-276.485468
1351	-309.733696	-300.110828
2524	-392.642251	-397.060560
1357	-375.307060	-381.793869
1367	-325.812267	-317.642395
729	-343.084333	-353.999844
2216	-308.505718	-307.526506
1328	-376.531779	-375.061815
2540	-211.295796	-223.869099
2262	-325.780603	-331.777405
3110	-236.917458	-222.952896
3080	-344.436248	-348.415096
3531	-344.458268	-355.883672
3065	-344.486202	-343.760984
1645	-324.477059	-327.331625
1180	-306.364186	-302.410589
875	-376.554863	-383.719307
3921	-343.218379	-321.063699
2710	-361.773017	-353.342820
3101	-360.503577	-356.106874
3352	-272.834623	-276.860288
1182	-304.738393	-322.603149
881	-234.470813	-226.708486
534	-324.575799	-320.764744
3753	-271.652242	-259.036518
2907	-344.466563	-353.481841
1044	-304.687053	-280.312464
400	-376.570473	-384.502683
3620	-359.351415	-363.040951
1838	-356.685238	-367.458497
305	-346.859213	-339.846556
664	-335.632054	-352.616890
3565	-286.474509	-282.638679
1626	-345.619567	-347.881606
3084	-325.781161	-323.776404
3350	-339.431591	-320.166422
892	-288.621895	-283.099075
2408	-356.708234	-370.254829
1733	-322.169100	-321.796237
1518	-309.683200	-310.252170
3988	-309.707600	-302.374700
781	-362.918463	-367.821492
421	-288.627624	-294.591929
279	-306.012858	-294.379469
1997	-271.666841	-263.982059
832	-308.470270	-319.972433
3314	-305.846541	-307.032969
1767	-285.277900	-289.712657
3111	-318.340705	-334.094348
2568	-325.718022	-300.820236
1608	-361.758032	-355.373050
1499	-320.779994	-314.238349
2797	-345.646914	-357.807690
175	-361.754326	-349.799659
607	-301.373496	-303.436055
3166	-326.949535	-341.516907
1469	-324.444698	-320.818529
1870	-309.686187	-300.164248
3466	-325.794624	-344.060934
692	-362.917261	-370.906274
2526	-340.601771	-338.455092
1873	-346.842529	-349.676681
1125	-285.292217	-285.517801
2782	-340.664407	-347.405796
1478	-309.691634	-299.621274
3429	-274.987297	-288.952141
3550	-341.825957	-347.072906
2811	-326.944158	-315.250837
3388	-271.606364	-269.422065
1270	-307.571937	-314.005569
3638	-306.320806	-309.667844
1222	-325.805865	-331.207341
2196	-338.559964	-350.842953
1572	-322.170570	-320.156563
1658	-287.337578	-292.070557
257	-324.569867	-315.196835
1620	-270.431243	-268.208568
1483	-309.723988	-303.005602
2114	-307.528446	-293.370058
426	-362.933001	-371.446137
3453	-321.254976	-305.672403
3324	-345.641848	-343.260782
599	-343.312201	-337.518037
38	-309.736982	-308.427066
3100	-361.716824	-346.936409
3099	-324.530718	-323.840470
1730	-345.663299	-337.769857
1898	-360.497612	-362.514902
2507	-291.014750	-280.328982
3239	-361.708121	-344.939637
2344	-305.915175	-293.424111
3381	-309.731402	-313.310308
751	-361.724921	-359.115157
117	-211.295163	-190.292848
2993	-346.825502	-347.030970
2444	-318.641916	-333.156098
1012	-266.609146	-273.343528
3411	-286.134060	-294.921017
3812	-271.623066	-276.199279
2282	-375.368783	-378.141618
754	-361.718210	-369.698345
1610	-196.406419	-191.311528
1754	-269.221561	-287.083848
730	-336.821088	-337.182653
3621	-346.815715	-351.162278
2132	-377.826580	-373.394922
3872	-340.691219	-332.724261
1860	-308.507458	-311.033150
1845	-302.309526	-314.166865
2549	-375.410333	-376.389584
28	-324.630221	-329.694713
2687	-377.816463	-377.898066
1932	-310.911279	-278.095121
697	-340.621200	-333.495151
3447	-270.389803	-260.634493
150	-309.732713	-311.980952
646	-323.641347	-310.666462
3629	-359.312853	-354.342437
3103	-340.631134	-360.360295
782	-361.678341	-350.118965
1108	-341.839596	-350.145614
898	-305.906901	-309.114371
107	-307.580090	-318.575944
3935	-289.875063	-282.832721
183	-362.962787	-373.046136
3547	-324.582904	-320.652794
809	-361.738091	-361.513539
2676	-325.784384	-338.221896
1046	-271.618580	-274.045123
895	-356.728690	-363.683029
3606	-310.906553	-329.929817
3228	-381.648857	-368.284183
1874	-416.367317	-410.101798
2299	-280.273691	-234.845486
3615	-210.071468	-182.442832
1210	-340.641282	-346.763835
1003	-308.516378	-319.889879
3570	-272.514475	-277.384773
1208	-345.608535	-349.852349
1591	-249.397368	-249.432109
3779	-308.476903	-319.738420
2326	-320.768781	-324.096332
1993	-339.504090	-347.404629
2087	-286.484121	-287.532256
3788	-361.725962	-343.526485
1555	-324.529724	-330.463262
1439	-340.590431	-338.059474
2012	-382.788561	-379.442262
2345	-342.329232	-367.877274
3856	-306.313590	-343.502015
2916	-340.655601	-350.832682
810	-269.144656	-258.485634
1818	-371.535911	-365.519169
3678	-285.255880	-289.803595
2545	-324.614082	-315.985641
3851	-326.998454	-335.236477
3633	-380.412093	-407.624259
546	-306.365166	-322.641269
590	-346.857871	-329.156096
2490	-343.078368	-347.800817
3744	-339.414779	-337.655476
3512	-340.641866	-342.165426
1333	-270.359564	-262.194898
3765	-453.654335	-453.994346
142	-307.594137	-296.585560
1110	-325.781398	-321.321729
1949	-340.674935	-349.582969
3964	-336.853985	-337.482237
691	-361.734668	-364.136067
788	-324.467888	-326.551157
923	-322.135797	-325.673130
1785	-273.751900	-304.441689
2363	-324.610150	-328.686767
3523	-325.728070	-348.270862
2040	-317.409527	-315.604907
2844	-301.377995	-304.433070
2453	-268.273240	-265.636183
1159	-325.779568	-333.341570
2801	-310.932716	-304.409251
3989	-272.542369	-339.783229
1072	-272.554773	-279.905122
3700	-361.717469	-359.989008
1266	-324.582035	-312.547451
786	-307.544728	-305.360197
2650	-361.727711	-355.307081
3867	-356.726146	-358.523290
3706	-345.687338	-336.945309
3088	-308.459859	-307.415076
3697	-312.119261	-340.786424
72	-325.720699	-335.263112
1146	-339.465889	-345.547251
108	-345.614707	-345.258307
3041	-345.692143	-340.969996
3079	-270.401391	-276.406463
2954	-305.915530	-321.188307
2364	-360.507160	-353.579988
817	-345.619715	-338.910372
3766	-344.436564	-337.601717
905	-360.513668	-342.493997
1766	-270.387395	-278.529167
3369	-158.342346	-121.920401
3351	-285.306999	-297.903066
1441	-303.469082	-318.121732
2034	-345.586124	-339.561036
2427	-339.474134	-333.311934
1157	-309.691584	-292.016689
2375	-360.564233	-351.399988
1102	-116.609549	83.124454
3655	-287.379629	-286.885993
859	-308.468407	-303.756055
1482	-312.132386	-314.975195
2008	-336.802659	-321.169557
2511	-250.500016	-264.208270
232	-490.793044	-506.183194
3938	-345.645388	-345.487031
1436	-375.359407	-372.512841
3137	-272.533448	-271.840313
422	-288.692943	-304.942544
1534	-340.632075	-343.609350
3335	-275.020322	-313.824928
2614	-232.164586	-209.393788
118	-352.905052	-349.088582
665	-288.571762	-286.517045
1917	-325.790782	-333.046758
216	-307.283509	-321.977819
402	-312.124533	-330.921956
3976	-273.765901	-286.635369
1967	-288.573475	-287.033272
2686	-340.697732	-353.427556
2586	-191.810916	-100.769694
1422	-361.728608	-366.346173
1633	-247.201165	-223.474192
2324	-346.831385	-351.003946
1876	-251.732828	-269.894274
2638	-309.688194	-303.069536
478	-119.052475	-135.962562
2911	-289.871661	-285.852380
3709	-340.613243	-336.820056
1177	-325.808092	-330.430624
2086	-308.486338	-305.995002
3203	-308.459279	-304.869176
1529	-354.275774	-361.154705
3452	-361.758902	-354.628241
703	-340.656580	-334.269087
2084	-361.708021	-364.450524
3838	-271.318933	-290.860717
2115	-266.626759	-274.523141
1017	-308.419735	-310.224146
3245	-327.024699	-346.727183
241	-309.718177	-302.308900
3982	-324.592116	-337.562634
872	-309.711438	-295.506048
1899	-308.478846	-316.432558
2697	-360.495788	-353.911727
2348	-285.253877	-308.554191
3068	-306.015194	-301.795273
3074	-272.553250	-276.436592
1256	-312.119596	-338.952463
1906	-324.613156	-325.101622
3506	-320.804155	-319.693559
653	-344.473681	-348.167763
1522	-324.485746	-309.884006
2921	-310.904813	-320.823556
2704	-320.786981	-323.669224
3813	-340.620847	-335.375735
1193	-324.550139	-320.286111
3450	-382.824468	-380.598003
1728	-362.942862	-351.712855
565	-356.730212	-341.864506
1113	-234.484521	-201.484626
480	-325.760797	-330.843957
1061	-343.531666	-345.506112
3846	-318.393987	-323.001186
701	-265.396194	-269.451812
2995	-381.584942	-383.111252
793	-326.950540	-338.543034
3182	-287.440436	-306.776432
2280	-359.345792	-360.203625
1477	-303.462312	-302.134755
3865	-362.899954	-365.711086
1403	-308.462299	-299.832455
1488	-320.766344	-307.800027
837	-360.512026	-353.354876
3474	-309.730988	-310.185132
2794	-304.681399	-285.912290
2222	-340.678668	-329.058287
2475	-381.524347	-379.181355
3471	-416.384141	-408.769560
948	-336.827390	-332.547703
1383	-344.398797	-341.956337
2367	-361.723620	-371.665190
1673	-309.733829	-301.490009
1716	-325.784331	-331.951924
2769	-376.563238	-373.330481
3122	-232.329070	-250.395151
2321	-381.536295	-384.921678
1741	-345.629842	-333.194608
1145	-312.129019	-364.137272
1235	-265.447270	-259.470977
1828	-284.993731	-304.307781
2297	-322.412936	-320.453252
1335	-283.156647	-246.623256
3933	-307.569255	-289.112543
1926	-273.773955	-288.730594
2693	-340.638326	-339.168040
2827	-345.615042	-337.205315
2184	-360.501473	-361.425997
3798	-310.941861	-306.681801
214	-348.052027	-343.485323
925	-307.567279	-298.153771
2544	-381.632480	-375.880831
3151	-362.873906	-367.193730
1036	-340.609236	-331.621453
3271	-454.878708	-448.441927
479	-77.308427	-74.235041
1501	-288.653529	-291.477780
2117	-346.839895	-335.592397
888	-323.328290	-338.128492
2924	-348.045292	-331.520239
2163	-324.503356	-319.501650
1738	-273.759338	-268.564925
239	-270.446608	-277.310250
3171	-345.599912	-342.470775
1354	-382.790027	-404.060255
3316	-264.261826	-257.865748
2773	-325.684055	-318.330802
1812	-307.275809	-304.849484
3200	-265.433051	-262.243162
2683	-309.686061	-308.816694
2390	-270.097243	-279.929651
2254	-359.388326	-386.164731
2682	-324.528297	-332.569777
3445	-286.508374	-286.898682
92	-301.343578	-305.856065
3509	-288.685117	-295.953966
3404	-309.733988	-327.009136
2833	-248.375248	-292.625371
3159	-324.612512	-319.471274
2725	-269.218553	-254.552262
1975	-341.829025	-332.577740
1541	-310.912991	-315.222901
213	-249.281074	-258.355004
3459	-346.831382	-343.627257
2641	-270.394309	-265.214581
3392	-361.774979	-378.569557
2275	-312.122563	-264.580025
414	-192.762455	-218.148541
3334	-325.800680	-322.477216
1278	-362.942040	-367.895216
2203	-310.911529	-346.101729
2215	-289.795079	-291.248589
3066	-345.688382	-346.696782
1378	-346.867789	-354.216434
1461	-346.899170	-351.186861
2645	-362.923114	-369.885490
555	-361.677945	-337.891455
165	-327.013034	-316.354210
3309	-274.989422	-253.248628
3196	-297.530335	-297.514654
450	-235.729507	-238.753993
1407	-235.694798	-238.506884
3310	-309.721850	-307.415449
737	-336.836792	-338.783807
1467	-345.613895	-348.293686
377	-360.527122	-364.737394
842	-360.514766	-361.666141
1795	-356.736238	-359.774500
3001	-270.386138	-242.581187
945	-264.243028	-241.630953
2943	-340.654874	-334.835353
2724	-376.591176	-363.111043
2813	-232.063900	-215.764938
1356	-271.372094	-275.525176
1209	-392.612820	-391.735409
384	-343.291812	-360.349559
3390	-309.736085	-303.593857
3193	-320.725883	-314.051100
1287	-355.515622	-378.885472
2702	-309.685148	-307.500431
2309	-272.583285	-284.918487
80	-392.672883	-393.252265
3817	-288.554600	-294.545708
1679	-288.576381	-293.738795
790	-341.836780	-345.475744
918	-310.917344	-307.614625
559	-362.935404	-357.064972
3004	-288.652346	-282.987619
2913	-361.630982	-356.246358
1137	-271.622539	-261.490954
2547	-323.328581	-321.287810
3064	-326.983087	-322.351052
1051	-346.860404	-357.075759
3747	-324.521162	-315.160907
3679	-320.794248	-311.116325
159	-273.773408	-190.964320
1586	-272.837559	-263.301274
1062	-324.496997	-322.557719
327	-324.607903	-348.692932
1538	-348.050463	-359.374810
2884	-324.471313	-324.795392
1144	-264.255612	-285.189098
73	-233.293627	-225.272930
2718	-382.782995	-372.627326
1263	-345.642008	-353.825235
2870	-289.872470	-289.375806
1427	-340.646339	-336.963429
1343	-310.895432	-319.489157
548	-233.555951	-271.463783
1536	-324.492974	-334.442169
3250	-360.517106	-370.648625
707	-381.585428	-393.596248
2144	-324.574829	-316.611402
2594	-335.586914	-333.014557
3259	-359.368793	-378.176317
893	-232.317400	-231.960908
2826	-308.764658	-307.202459
704	-235.696677	-244.622996
1803	-270.394458	-273.079657
1264	-324.536694	-333.005062
690	-375.420808	-374.376373
3263	-285.326726	-284.212601
3374	-324.551244	-328.417405
2386	-352.829520	-352.512998
1770	-309.719198	-302.106126
3888	-323.359825	-332.572102
2291	-286.514923	-290.014212
1542	-370.291993	-372.962143
59	-248.430371	-281.898427
592	-307.614861	-313.342708
3052	-291.017787	-319.795519
147	-345.615452	-350.227837
2338	-268.888303	-255.514379
3177	-287.662612	-288.176891
2837	-325.730097	-319.326106
1556	-340.659506	-333.325953
2862	-309.693471	-309.428577
3315	-269.176979	-278.067493
3883	-308.516508	-315.736074
1421	-360.526142	-372.983103
2438	-392.565188	-377.727030
2680	-340.664901	-339.834874
2847	-307.566260	-297.169897
2136	-263.278851	-309.762405
85	-272.550580	-360.065222
3287	-271.458576	-285.230221
324	-307.534482	-293.109742
1691	-272.595294	-286.151762
2516	-309.661518	-316.567788
3820	-340.655117	-337.327826
1986	-344.459234	-328.607233
1249	-272.543724	-282.665429
2633	-324.627681	-333.166948
306	-307.335530	-314.795348
950	-324.580266	-322.147669
1380	-288.625728	-313.293568
3499	-309.702237	-301.020841
1941	-286.206129	-307.845228
1219	-306.334850	-296.914810
1042	-305.904676	-328.215731
2735	-309.690179	-304.851499
3354	-360.529236	-349.709688
1720	-309.692095	-324.842502
2223	-288.657055	-274.557396
3187	-272.591906	-305.455401
2078	-324.575989	-334.406620
3702	-362.951503	-376.073887
1053	-340.610046	-326.511805
3344	-325.748658	-322.201879
208	-270.399081	-280.649749
2558	-472.145935	-469.100895
1880	-346.873992	-339.650827
3003	-325.798735	-327.973024
2947	-355.510313	-350.469180
37	-381.587333	-373.334401
1276	-340.667317	-349.368340
699	-307.243079	-307.604548
540	-346.830523	-353.080421
417	-344.440065	-358.779882
316	-341.858490	-343.100315
2967	-305.841708	-316.289024
3713	-325.748400	-332.846408
54	-195.186228	-144.550309
3149	-372.694726	-382.453017
1891	-323.382399	-335.198084
1390	-340.660793	-345.618001
3576	-325.729906	-336.858353
2329	-324.557240	-331.504710
2677	-309.684577	-331.554682
1464	-381.610550	-394.104762
3708	-270.397474	-276.120589
2730	-286.492223	-263.099129
1971	-362.906662	-371.776207
2185	-344.343476	-350.718133
2111	-348.048744	-317.213340
451	-362.932378	-375.638424
806	-308.768073	-307.167181
1890	-371.608385	-406.082787
3562	-360.524672	-347.642953
184	-322.436757	-319.627457
3871	-346.859809	-363.218264
3526	-249.285024	-245.522483
1842	-362.894239	-354.479740
355	-273.761263	-283.924855
2180	-340.665904	-342.443921
272	-322.161948	-321.132376
3301	-371.491061	-374.069607
1985	-339.481708	-344.180756
3564	-303.533472	-303.618391
1630	-323.431776	-320.232928
1226	-195.226072	-208.155815
1279	-377.837977	-379.357819
2557	-273.774103	-253.775861
322	-346.832352	-347.862032
1617	-355.508183	-358.974900
3444	-289.794376	-269.118170
2150	-324.570860	-319.974698
2322	-355.508682	-354.193765
509	-307.238995	-325.123970
2980	-274.983908	-285.033158
651	-232.334436	-263.624813
2168	-310.899911	-320.846023
1688	-324.567893	-339.306559
1503	-327.014214	-358.283678
486	-288.678720	-302.911962
979	-309.713440	-308.710145
1543	-323.360471	-331.692715
3118	-236.917873	-237.935293
639	-270.405973	-273.969411
2018	-286.492357	-287.560545
2607	-275.007113	-239.276092
3869	-324.525580	-317.078446
3878	-360.554015	-367.161719
849	-360.532987	-359.180197
2167	-309.681554	-308.162955
1951	-317.408548	-319.215944
518	-289.791234	-293.267437
1753	-375.351387	-377.136356
2731	-272.836211	-265.756105
3719	-320.742924	-330.503917
3688	-322.476720	-313.998009
3192	-313.554802	-300.932961
2139	-381.581478	-400.678640
2472	-209.159302	-222.696699
1336	-334.362330	-340.870512
1143	-367.635675	-372.380457
1848	-273.769835	-270.871073
1160	-286.467220	-288.864599
1480	-324.584824	-321.875143
2337	-324.588418	-319.819926
3920	-319.574905	-321.211217
3796	-341.875439	-345.656118
3266	-287.736841	-274.116730
1516	-249.358446	-260.696733
2138	-340.684371	-339.733960
3956	-345.698757	-342.367089
3903	-340.636306	-341.760672
3940	-308.464824	-316.988736
2133	-323.338627	-323.433657
2955	-346.822341	-350.097552
2371	-307.253245	-319.852346
3176	-432.852890	-467.304858
652	-345.620593	-331.049688
2854	-325.810616	-323.484880
2426	-340.650391	-336.574406
2362	-305.134491	-316.017149
2744	-288.573110	-285.486200
2388	-309.695742	-330.507403
3379	-273.761967	-267.418662
2093	-324.473588	-321.690105
3944	-381.563295	-366.686854
1996	-356.687774	-352.746865
3477	-348.046236	-338.297631
2286	-309.728265	-304.051732
2443	-288.547509	-277.852597
2922	-352.890573	-360.924957
3567	-309.693494	-248.262928
289	-321.949791	-323.756416
3653	-309.763576	-310.429891
1038	-267.106213	-241.327791
1783	-320.761312	-319.167386
3135	-272.569212	-241.526376
3780	-323.320574	-348.196445
1815	-345.663783	-340.430102
2179	-361.698233	-365.095266
1810	-288.653294	-286.186697
1833	-302.579718	-297.747718
3724	-324.573480	-322.475509
640	-345.616264	-344.221998
2210	-325.710772	-296.935562
973	-325.790444	-340.616559
3866	-341.882531	-338.964403
2425	-322.435505	-294.807116
3467	-308.494487	-307.656343
308	-303.428586	-317.559413
835	-320.740782	-332.180736
3397	-356.702115	-354.592918
3025	-324.573338	-316.589639
1163	-397.709232	-395.041167
2255	-360.513163	-365.173841
2143	-288.628466	-296.938721
3572	-322.172641	-324.259175
364	-117.824798	65.808850
2695	-346.871133	-370.643644
1760	-326.940002	-320.212600
1598	-308.471397	-315.230604
846	-270.434394	-268.007909
2101	-361.717364	-354.335488
2893	-274.985796	-278.774048
2302	-492.008892	-492.754635
1878	-346.819711	-346.662454
2435	-229.013797	-262.994913
1689	-336.823026	-347.912605
2378	-339.490841	-362.777100
3895	-325.808333	-319.269412
533	-287.720383	-289.990405
968	-308.470667	-313.712437
111	-344.470970	-344.778426
2482	-268.321270	-286.327531
2845	-307.602080	-309.290124
3685	-381.602419	-407.968643
416	-271.318448	-250.619395
2015	-308.518276	-315.864099
2141	-307.287454	-316.668956
1725	-360.495137	-360.373906
3261	-232.025930	-242.660947
765	-317.447668	-316.037991
2468	-307.193849	-303.586228
1150	-308.551121	-324.786787
1040	-268.307873	-228.392917
3894	-322.469844	-338.190370
186	-340.606711	-350.735431
2189	-325.762375	-334.118692
3818	-308.470796	-289.859711
1033	-339.482903	-336.467984
3107	-281.504745	-277.499216
61	-308.462933	-318.382310
1886	-302.286171	-302.388224
3363	-345.658313	-341.312938
3848	-324.564634	-313.306483
1298	-308.505512	-298.127954
3020	-287.430903	-289.668883
3291	-362.911941	-376.033574
1823	-340.656176	-345.186025
3768	-227.338075	-223.288306
3541	-379.527167	-371.854508
2945	-307.281910	-280.990983
2206	-312.126404	-288.704027
3626	-310.902465	-295.290928
2996	-324.566568	-324.782082
2335	-346.825562	-342.607623
3223	-341.794931	-343.091380
3501	-318.409788	-312.732069
2812	-381.619786	-390.543661
493	-336.819674	-330.378938
3804	-324.573632	-326.900646
2151	-289.802108	-291.930496
2208	-286.486509	-292.577161
3199	-273.811544	-275.503031
2751	-273.787799	-268.959604
411	-397.680771	-394.113026
23	-304.679494	-288.242652
243	-323.389193	-332.903092
2927	-324.500425	-327.487993
412	-372.768039	-372.428884
2478	-339.450173	-326.023800
276	-380.379743	-383.720756
1307	-303.460433	-296.774896
1013	-271.300649	-265.930053
762	-346.863396	-352.055686
452	-324.575287	-328.746961
1294	-345.612830	-362.244080
2836	-345.652670	-334.985435
2221	-308.512137	-310.476503
3808	-345.614760	-358.244016
2072	-344.431636	-353.603586
1272	-308.486687	-291.398663
2002	-286.504040	-296.075459
3358	-326.934987	-329.217992
49	-396.507540	-392.313639
3634	-340.646592	-348.953271
2762	-306.370119	-297.985395
2243	-340.673964	-335.462186
1149	-325.796862	-314.345364
984	-248.443503	-279.233853
3946	-286.438084	-311.266173
1705	-286.218259	-266.304382
1231	-324.569596	-328.391479
396	-372.782655	-367.439123
2354	-387.558484	-381.364287
1140	-304.683966	-303.814707
1649	-346.868661	-342.208103
1655	-338.217210	-345.897764
1218	-287.431740	-306.616633
616	-345.676243	-341.072702
794	-248.143861	-238.036696
2230	-262.056533	-263.590300
1284	-320.761539	-317.931026
266	-308.477155	-296.070931
689	-341.818686	-338.260269
1075	-325.751822	-336.147565
3939	-317.386479	-309.476649
1417	-381.586740	-394.910733
2295	-305.898313	-307.191136
3380	-345.606939	-325.546356
3323	-232.335768	-238.295886
2846	-273.780933	-286.604696
2977	-310.909944	-333.830049
2293	-269.216495	-235.919089
2898	-310.940190	-328.344467
2514	-354.197108	-358.739037
1559	-380.372123	-395.456787
3170	-271.626697	-265.427479
1227	-322.155306	-334.924770
1875	-242.186010	-250.496056
178	-188.042067	-169.239984
3183	-345.642870	-362.655267
334	-245.983375	-251.168350
3860	-308.505267	-321.891871
2471	-288.628801	-308.991479
845	-40.478930	-262.980366
2681	-308.466840	-305.712570
961	-326.950279	-338.375585
1748	-288.688929	-292.656945
69	-265.441614	-251.074445
2145	-346.844016	-327.821784
1425	-288.648476	-271.995854
84	-345.610574	-345.533904
203	-340.663148	-330.575769
2153	-309.673226	-296.023084
179	-362.928160	-374.109915
538	-324.494520	-329.963711
1117	-345.566120	-333.681952
1098	-356.649302	-364.992814
47	-247.225618	-254.445926
1071	-360.495618	-357.322814
1123	-375.393636	-384.450010
2202	-324.602888	-327.225690
3070	-281.491976	-282.054871
1544	-324.594826	-325.664010
2200	-344.426799	-345.184610
1829	-382.804482	-395.492478
2098	-327.020807	-332.055041
456	-336.811524	-335.251754
1579	-288.589020	-288.198248
550	-319.568017	-321.558067
376	-309.732528	-308.932052
768	-193.039603	-184.718529
1109	-333.411326	-323.461209
819	-276.204532	-290.953589
3586	-287.506415	-288.565434
3743	-325.726182	-324.638427
2496	-326.954795	-320.177310
3725	-309.710255	-302.536496
3338	-308.466631	-311.845981
3927	-323.326298	-335.060923
1014	-301.385442	-301.379073
1253	-312.126356	-312.659930
2961	-348.061993	-350.056851
3385	-324.583090	-322.829138
528	-288.538806	-307.397804
3891	-346.821929	-346.948543
3142	-376.617653	-375.645868
1694	-273.743311	-278.908284
3522	-309.691414	-311.070985
3652	-361.720088	-371.464420
3683	-308.510782	-312.285145
3985	-324.548763	-324.455292
2001	-346.833365	-347.596201
3405	-269.206920	-286.456732
738	-324.592221	-332.410091
1320	-340.656628	-342.938248
2500	-286.498235	-306.648703
3794	-317.361117	-294.830932
2041	-346.821470	-353.557424
3463	-304.735360	-303.932819
3267	-320.776472	-325.507798
2779	-381.606362	-394.902080
882	-169.557758	-63.582444
3574	-398.876124	-406.509307
3283	-287.404397	-308.266699
1388	-250.583643	-237.298206
2307	-346.859945	-344.708319
3710	-308.565933	-316.669032
3636	-324.624318	-316.129108
1032	-346.816694	-350.171525
2570	-324.626187	-313.913622
521	-262.065493	-295.677904
196	-341.759398	-365.637692
2908	-271.620997	-249.910439
3069	-346.878430	-333.171912
1459	-306.320451	-302.031914
212	-324.605613	-325.774981
298	-377.795528	-382.012092
553	-271.666055	-267.017158
774	-395.551843	-386.964851
3322	-272.536448	-276.518453
2006	-339.486095	-339.220547
1025	-324.520219	-315.870057
1236	-155.897345	-103.273033
1119	-304.733360	-303.850600
1882	-273.764420	-283.420475
2074	-285.300440	-274.813052
3097	-309.716094	-309.276546
2930	-310.906738	-339.364916
1317	-344.393241	-318.702156
498	-273.791878	-264.570850
2929	-345.638912	-330.929690
3141	-345.651109	-351.638807
828	-361.684892	-360.015292
3496	-302.303890	-299.052280
405	-273.804251	-262.046687
1984	-287.441165	-279.762878
1399	-341.826906	-339.095503
148	-345.629933	-344.013912
2992	-343.202564	-330.182385
291	-304.683134	-301.613674
2752	-381.632242	-376.345570
3809	-310.902628	-306.010847
2310	-338.194242	-332.828913
3419	-335.590859	-336.608838
3092	-340.610697	-330.524404
785	-273.796695	-270.338243
2379	-361.769162	-345.669709
529	-309.725786	-312.182234
1079	-287.347000	-292.430535
1832	-309.737802	-320.648049
2014	-371.537915	-361.427055
2615	-360.501085	-358.907289
1309	-287.723848	-276.754996
2974	-396.486691	-404.552697
497	-287.470402	-299.158912
401	-325.712603	-324.820870
3125	-308.510840	-311.903224
1847	-325.753767	-341.891213
1322	-271.619912	-266.796363
1268	-344.411146	-370.553451
1925	-309.677276	-315.685856
2437	-356.692640	-360.424926
381	-341.835557	-365.146510
3699	-355.497878	-352.203797
2226	-276.206257	-240.686849
1214	-341.865386	-346.009941
1824	-336.855265	-335.146805
2045	-324.495988	-318.482094
2445	-324.576679	-343.521221
1528	-360.446475	-336.599811
2596	-339.467484	-335.857243
784	-377.848074	-379.079894
1653	-157.116735	-136.508794
947	-322.454079	-338.997924
3672	-309.689612	-304.423486
2477	-360.539944	-348.594478
388	-340.594424	-343.146114
146	-377.813815	-396.423376
433	-396.498209	-399.500039
998	-302.306196	-298.531999
202	-226.160842	-219.893283
723	-361.717032	-362.403345
1693	-234.474613	-261.613267
1912	-310.915653	-309.670910
2501	-232.377706	-237.267712
2193	-383.976576	-385.690716
79	-324.605178	-323.470928
1761	-376.622507	-379.277052
1552	-346.865957	-356.883754
1377	-325.768959	-320.464239
930	-346.898838	-361.935327
2122	-348.040439	-368.663696
1435	-193.963318	-158.461241
2417	-336.838171	-325.456731
1956	-308.461475	-304.054616
1692	-362.862736	-364.858337
2253	-325.818163	-324.711199
1043	-324.605875	-335.441366
2154	-360.512793	-346.437315
3757	-281.482952	-279.002681
1084	-309.711894	-304.701216
2089	-308.469081	-299.616685
3460	-288.678290	-272.989827
2050	-362.937518	-355.170974
248	-339.489875	-337.313637
2745	-322.118085	-323.517353
424	-309.717380	-311.309295
173	-396.486463	-394.156410
3357	-361.779217	-364.364406
2231	-346.825174	-356.093748
3292	-326.937372	-319.710246
570	-275.012535	-247.941523
3418	-308.467120	-312.123265
775	-344.469204	-343.808492
3984	-344.418857	-368.999331
1424	-212.438188	-204.539025
2604	-304.743934	-297.377865
1888	-276.201993	-272.442096
2285	-340.578657	-345.591810
496	-377.794221	-388.820831
3604	-273.812100	-285.387945
3823	-303.527274	-301.120340
88	-345.655534	-358.224253
1395	-375.348487	-372.416282
2281	-345.643890	-320.685408
1348	-309.683859	-314.855473
3253	-281.476938	-278.225427
3712	-300.148891	-280.414829
1494	-345.654016	-345.177983
2294	-341.831947	-330.993254
2835	-362.925466	-360.114468
2849	-355.442748	-362.925244
155	-324.571682	-332.261388
3876	-304.574737	-308.604704
3403	-339.424322	-349.416547
2551	-325.792606	-331.667850
233	-301.382062	-298.766928
632	-361.705069	-360.629217
1797	-194.267232	-254.869712
219	-307.221351	-308.213160
783	-273.806375	-277.840809
3280	-344.483775	-350.919895
437	-309.705971	-311.488263
2088	-362.871515	-360.239362
2146	-310.932540	-306.449696
3943	-376.602183	-380.094191
2863	-287.423372	-311.166866
3571	-309.676719	-313.171061
3225	-362.875945	-371.214941
3759	-270.393902	-272.004657
104	-360.574432	-356.000053
1934	-341.769746	-361.633963
926	-345.680086	-338.666184
3408	-287.661454	-282.075372
3577	-361.716705	-375.225488
1624	-340.670034	-341.963161
1018	-354.272548	-371.351389
2864	-340.658990	-338.268060
1216	-308.465534	-329.996577
1444	-304.691748	-301.867375
2105	-335.635972	-331.887486
1155	-272.838189	-284.445900
2581	-234.469389	-260.078623
3464	-234.470922	-225.486348
1261	-268.282665	-259.439237
1698	-325.800949	-330.631439
684	-361.753989	-350.973720
1171	-325.721867	-332.105746
804	-248.395289	-253.383091
1524	-272.550818	-248.057028
3181	-307.209274	-318.324166
3378	-325.831718	-305.112831
1473	-340.678945	-337.910883
581	-287.683128	-280.733249
3435	-361.728293	-360.564466
636	-382.818623	-390.483175
2732	-324.579850	-329.255961
2016	-308.569875	-305.429949
2036	-309.733888	-322.709362
1749	-302.579654	-295.117316
952	-325.717725	-317.785967
1551	-324.575851	-348.499808
1504	-360.489720	-353.782386
2424	-273.764093	-275.981990
727	-272.562906	-283.147283
1864	-312.133063	-312.874882
3027	-336.811099	-332.526559
535	-248.416462	-271.073786
1103	-273.764642	-270.716696
50	-357.934562	-347.862821
2713	-310.904631	-319.891799
3318	-308.513124	-309.435161
124	-271.621961	-280.274965
2701	-326.942959	-318.999811
913	-352.855499	-366.346813
3507	-376.594067	-364.076718
1104	-287.315479	-286.406995
1194	-381.612648	-377.112883
3190	-232.325947	-157.664735
2059	-345.674176	-376.899835
3664	-269.219315	-256.689421
2880	-346.831172	-339.171105
3594	-272.544482	-265.341716
2396	-307.546144	-310.537580
2896	-356.725069	-349.690488
508	-325.801512	-301.382187
3515	-346.852204	-359.762644
2936	-324.504178	-340.211334
2058	-356.710498	-363.484060
3962	-341.865856	-365.732201
2369	-273.760271	-288.536844
2051	-325.790442	-333.299766
527	-324.629301	-327.851418
307	-302.239101	-316.557317
2708	-308.512758	-309.189147
21	-278.059333	-319.378774
185	-361.726913	-359.000060
3483	-308.500974	-319.369065
3495	-288.563768	-295.905004
2749	-340.645995	-339.960682
211	-357.939331	-359.790467
627	-359.304956	-356.357235
1896	-326.971392	-344.431349
3612	-309.738513	-326.822454
3311	-344.433172	-353.145759
1120	-353.283458	-357.938139
977	-285.160699	-287.372404
3300	-344.499155	-339.717529
2923	-325.801905	-328.756440
1496	-268.248371	-219.464318
3028	-346.861640	-332.324469
141	-287.734664	-308.618386
2020	-272.514099	-264.322398
3174	-272.844804	-288.237847
2778	-325.711441	-331.976770
3917	-274.985822	-269.286442
542	-382.793238	-399.942636
128	-303.785832	-289.385019
630	-273.762561	-282.342680
3676	-346.840522	-340.624009
2279	-309.711101	-299.170245
798	-208.842347	-215.985215
772	-381.599310	-384.839726
3674	-309.731169	-311.847115
3777	-339.431092	-346.694311
365	-361.740208	-355.222460
708	-306.313133	-294.414733
3641	-360.485033	-354.783950
2714	-398.878264	-391.296724
3558	-339.464817	-340.137128
2655	-235.723792	-202.056589
2104	-379.006904	-392.424753
3481	-357.941534	-376.857320
2723	-324.554067	-317.997835
2637	-325.687098	-319.463828
568	-303.458583	-322.255847
3251	-306.056425	-310.375348
2463	-288.576502	-281.834175
587	-307.283919	-300.357905
2237	-325.784144	-328.752123
2527	-297.554699	-296.369855
1511	-271.315027	-268.349779
60	-382.768883	-381.985662
2332	-342.335241	-344.322641
302	-340.632285	-336.876852
2497	-325.763216	-307.567523
228	-346.859384	-352.996032
3552	-325.793166	-340.905214
1777	-265.408147	-284.454484
2027	-376.585000	-383.369094
2764	-195.179738	-192.202249
808	-320.774349	-324.078399
349	-309.687623	-310.313600
2781	-288.581699	-296.492727
2157	-309.686797	-302.436585
2900	-272.554670	-311.396402
251	-265.386781	-254.508806
1900	-309.689410	-297.734305
3525	-340.662316	-352.944874
2909	-361.687451	-360.874406
1386	-362.967171	-368.193954
3587	-322.421320	-331.749877
1493	-335.643923	-336.217998
1047	-346.836177	-334.661250
262	-345.647032	-342.768930
3305	-310.955141	-305.187815
94	-362.955075	-362.420833
713	-308.484017	-299.389684
2062	-303.437471	-336.040849
52	-345.627428	-345.131821
1525	-345.608193	-367.987582
949	-344.463502	-349.348010
558	-344.464151	-347.591067
1443	-346.867442	-328.789795
3478	-343.296547	-350.795449
1297	-345.621773	-328.368957
564	-272.569586	-294.180650
2584	-360.567154	-360.219874
669	-377.780670	-364.266133
18	-309.719641	-303.341141
2529	-229.969129	-251.799808
2320	-362.876210	-365.000621
1028	-360.421732	-373.110861
866	-340.620625	-355.269067
2183	-339.459869	-334.732215
694	-344.360007	-340.573601
2081	-273.775864	-242.603080
2327	-381.624797	-380.094682
2999	-307.237456	-296.925990
2857	-362.899149	-367.684675
1963	-325.761942	-314.575705
464	-324.485629	-326.610362
1819	-249.292101	-231.616606
2910	-307.536915	-319.008754
2358	-322.169697	-321.805448
2635	-323.324700	-333.185270
31	-359.310420	-356.411755
838	-361.709679	-373.182871
1566	-380.438011	-371.818324
1661	-322.148261	-337.299776
3462	-272.538255	-267.668233
1970	-362.897428	-375.882300
3538	-271.350701	-288.001330
643	-345.663386	-346.982526
3063	-317.413890	-318.130819
3690	-346.829378	-357.245972
2691	-308.505543	-320.526181
2127	-308.519863	-300.455352
2886	-324.530742	-313.392730
335	-361.729115	-356.304027
2466	-325.785959	-333.257605
2147	-382.781806	-400.660420
3861	-234.486176	-257.661255
3016	-309.730329	-308.008747
2480	-344.385369	-345.686873
481	-307.573371	-294.406200
916	-345.608831	-348.234952
1114	-302.353948	-313.564950
1947	-303.533559	-317.056721
3254	-287.469473	-298.803021
2783	-272.537685	-270.071332
1183	-325.750970	-326.218663
1221	-344.436348	-342.412516
2387	-391.391111	-378.205350
3528	-233.262752	-230.536952
3143	-286.432042	-306.337533
351	-345.625747	-326.548726
2543	-376.588479	-377.307317
2374	-285.279236	-290.558324
1865	-345.609914	-345.099397
679	-340.668108	-346.428372
1816	-344.357220	-351.594234
2592	-308.486071	-318.297105
578	-382.825717	-387.674760
743	-309.719124	-328.755549
1254	-325.753541	-329.659134
2620	-324.587670	-318.627677
3900	-308.465445	-298.053707
2747	-301.332569	-284.616811
1148	-284.062954	-272.334847
247	-304.688358	-289.836918
791	-309.662433	-313.930460
3624	-324.614194	-330.114644
3545	-310.915918	-288.825157
1583	-345.655509	-343.322596
2522	-307.545457	-292.460161
1170	-310.895183	-298.643979
1326	-266.616319	-251.112144
3492	-345.645245	-348.167509
1093	-325.718074	-310.826491
2918	-271.326117	-280.213081
3438	-312.132858	-344.822493
736	-325.799293	-311.591264
2858	-346.862070	-382.751169
3098	-345.658421	-349.489744
1066	-375.344926	-379.616563
801	-273.763117	-278.331633
3377	-360.549337	-343.894405
1363	-355.525451	-359.797935
3389	-309.689740	-321.747839
655	-325.771459	-309.550781
1398	-234.469383	-262.579050
1851	-361.717868	-362.620489
3204	-306.313706	-307.407169
2771	-310.910278	-317.781871
3849	-360.531172	-364.305503
3336	-308.477672	-319.897852
39	-340.687222	-338.491910
3012	-276.205920	-298.540336
244	-346.835129	-355.533192
1635	-360.520081	-370.879109
3498	-381.585231	-379.724718
597	-309.683901	-304.929012
3693	-273.779498	-236.400276
2160	-345.674929	-349.883027
26	-301.359287	-302.579601
2595	-303.465315	-330.863712
3807	-361.706503	-360.807730
3902	-382.757521	-385.895091
2582	-320.773768	-317.675878
2802	-325.804486	-311.467538
1713	-323.381747	-329.032788
3000	-309.688191	-308.551543
2600	-307.237880	-319.629993
3102	-310.903589	-322.290235
2278	-345.650717	-339.099668
1539	-382.755486	-395.598578
258	-371.546126	-368.896530
1743	-346.856186	-339.122563
2906	-340.657508	-341.872142
1804	-324.542706	-319.827204
210	-362.938898	-395.524386
167	-310.912077	-306.108740
1361	-346.840635	-326.447924
3670	-286.248451	-279.904700
1802	-361.715983	-356.797687
1588	-323.678800	-313.433255
2616	-272.542567	-287.735171
3828	-288.650589	-280.000233
288	-355.557059	-350.568716
238	-233.253760	-241.171128
750	-344.384630	-351.414737
1172	-357.927353	-377.424281
434	-338.195462	-339.219741
441	-380.414967	-376.319108
1977	-312.131398	-326.124835
3654	-307.541973	-297.323620
3398	-304.686259	-290.023214
3573	-325.730390	-323.384070
3863	-346.804974	-360.787439
3264	-307.260972	-323.416590
891	-325.767721	-331.085734
3303	-272.589883	-302.212606
1026	-325.765414	-328.606830
3426	-307.387663	-303.565251
3257	-308.472221	-309.512517
114	-361.772743	-364.511988
459	-348.056615	-341.313901
2978	-340.669862	-342.632299
2229	-319.560814	-304.152377
2305	-376.633716	-378.679226
557	-312.122696	-360.198740
3244	-323.320332	-325.328033
3360	-382.810709	-383.992553
3844	-308.450468	-302.857903
382	-344.494711	-345.380413
682	-302.303791	-300.242702
1987	-325.775071	-328.506776
81	-318.390876	-317.225049
1702	-251.727632	-263.190619
1179	-343.195060	-352.090164
3255	-345.578846	-333.674796
2585	-249.269471	-244.264174
1052	-361.770383	-366.599506
747	-359.350089	-360.294085
3365	-396.458774	-402.539536
1173	-344.465017	-354.103169
2499	-376.539208	-398.549739
1554	-320.728167	-299.633615
3289	-270.437636	-262.180361
138	-362.875317	-363.816810
3536	-352.836930	-346.758398
956	-230.183076	-288.960211
3816	-272.830720	-271.136656
2666	-303.423742	-314.249581
3370	-396.486664	-389.352627
3978	-282.861121	-322.032552
1058	-324.585402	-336.081668
444	-340.665581	-340.409613
1537	-309.692993	-321.019314
3953	-325.792503	-301.018513
1280	-356.683566	-358.061725
3342	-153.787612	-187.664532
40	-344.338878	-351.164788
2533	-265.438520	-261.044557
2777	-336.817321	-335.213947
1485	-309.731369	-319.311699
3134	-271.319942	-264.263727
3017	-271.339346	-228.552771
3896	-307.280331	-320.594166
16	-273.806874	-269.963783
3783	-310.912792	-308.762784
3919	-304.721921	-312.279188
2534	-362.960595	-371.306183
3167	-309.688639	-316.827333
3897	-324.519277	-328.247671
2818	-335.618370	-335.964380
903	-309.685872	-319.802297
2487	-361.694757	-354.667112
983	-341.851447	-342.787137
3973	-356.659922	-356.012125
2353	-281.504579	-280.813169
116	-346.831175	-344.605386
304	-322.464725	-318.713697
1976	-346.831692	-323.957915
824	-310.952875	-344.406318
3950	-270.439135	-264.109739
3443	-346.866543	-354.311074
2925	-301.394865	-313.051497
2065	-340.537496	-331.371729
2422	-325.718957	-319.846706
3549	-323.437779	-327.565322
1491	-344.421383	-350.307575
3680	-305.904722	-292.685686
1083	-309.726295	-316.540892
2300	-453.655583	-465.607754
1822	-344.395150	-335.635092
2709	-345.632155	-336.738090
3563	-227.798785	-367.794756
3806	-309.676410	-320.093328
757	-345.678211	-350.168589
236	-325.758113	-322.924303
3391	-306.403144	-306.440013
3758	-272.557350	-285.965514
3847	-356.693135	-354.459155
2883	-308.757991	-293.084224
3451	-319.606765	-321.457672
3810	-372.726782	-374.117283
1510	-322.425235	-309.512286
176	-308.554162	-299.532960
1595	-309.686571	-302.912878
2669	-309.763785	-333.281932
3969	-324.609784	-332.915088
3328	-324.549529	-338.234937
1879	-288.594527	-308.262128
1755	-304.686811	-281.418376
1868	-326.949224	-314.391578
1080	-288.570006	-269.881916
2871	-308.460407	-318.659232
62	-309.677968	-315.474209
2439	-324.485913	-333.451898
2474	-357.944802	-356.364582
95	-351.666551	-339.430165
2469	-270.392444	-285.795351
1141	-115.679136	-244.716981
3436	-361.762744	-367.946640
2166	-343.239068	-362.340343
2656	-376.622509	-376.696527
2328	-320.732586	-329.070556
797	-278.075775	-300.360666
1575	-334.447259	-334.178917
2298	-270.396464	-284.427076
1382	-360.492675	-359.568788
1953	-308.457242	-316.956020
855	-271.614051	-255.465969
3051	-192.736096	-200.922648
317	-325.797397	-340.801156
1337	-286.498779	-300.845074
410	-325.835955	-324.592730
168	-325.810050	-321.841432
2181	-340.656656	-337.195015
2272	-324.528642	-317.485190
1162	-309.684472	-312.858813
2664	-348.047695	-305.728066
969	-325.797425	-323.996616
2932	-285.320198	-276.211317
3054	-269.129580	-262.682578
3975	-309.693760	-270.764339
172	-282.667163	-275.966958
1547	-335.613384	-339.747484
1423	-344.413850	-341.801026
3537	-346.860694	-352.675516
3327	-348.059242	-336.132070
1999	-233.547877	-259.087929
978	-324.545574	-339.072185
2125	-310.908354	-317.919460
326	-236.917664	-229.748473
389	-271.336957	-272.156469
350	-320.793580	-317.319869
2711	-322.460671	-310.722886
621	-310.899323	-320.503530
515	-287.727890	-275.637106
2419	-287.353473	-290.653682
2273	-324.579188	-310.986470
1916	-360.557411	-367.130671
2316	-306.361448	-300.136939
3168	-323.614890	-307.277827
3040	-360.506446	-359.665567
3186	-346.829695	-345.567118
851	-270.117027	-257.966511
1203	-261.802956	-246.340208
1169	-346.819305	-336.492106
3906	-309.685651	-308.267041
2598	-308.508949	-300.498983
103	-291.024232	-303.357541
1368	-288.584029	-291.566400
3955	-323.391458	-334.954239
3784	-344.450127	-356.627741
2009	-273.812948	-253.633291
1742	-288.583008	-291.607886
280	-271.324234	-291.859813
3815	-288.574763	-291.109547
1779	-288.583563	-288.943080
1274	-309.686648	-302.262868
1897	-197.629387	-223.266296
668	-267.103350	-314.079822
3138	-345.651520	-344.122425
1022	-310.902683	-311.331624
2792	-362.944759	-359.740195
641	-322.439472	-308.982184
3970	-305.897998	-314.418089
572	-356.752533	-351.881722
312	-234.485640	-283.710062
805	-309.658574	-302.558630
932	-361.764881	-349.338785
953	-392.650949	-403.888978
3295	-231.069318	-182.983931
753	-361.710299	-350.248024
526	-344.430692	-351.645977
1526	-269.267574	-275.099319
1957	-206.721858	-476.258946
2376	-346.840597	-326.452645
735	-309.716570	-303.337956
1577	-355.468067	-353.061000
1135	-310.903412	-334.371870
2790	-287.732329	-283.226428
261	-310.905322	-302.013482
130	-274.988525	-271.964480
2877	-324.556404	-329.827058
544	-340.643340	-339.316573
3514	-340.654233	-340.486805
609	-377.817369	-376.616351
3095	-339.431197	-349.798050
3597	-360.539435	-338.308821
1130	-346.826923	-341.479797
3854	-346.867382	-370.704279
2855	-268.917900	-214.022916
2069	-346.855971	-349.729505
712	-294.081616	-373.045183
1334	-273.765782	-279.178893
941	-340.652570	-345.560930
2663	-361.722327	-357.911231
2271	-310.916474	-301.126898
543	-310.937295	-318.038539
1225	-196.409349	-145.782934
1820	-324.522751	-322.984626
520	-309.720011	-324.028787
223	-339.501781	-334.715130
2644	-320.786990	-320.591645
3278	-298.952950	-355.661560
2565	-345.591597	-348.754921
1961	-197.629416	-268.094198
311	-287.724713	-283.434128
3929	-321.233569	-312.320676
3431	-323.229212	-323.157865
3485	-324.614459	-328.640213
2588	-376.538277	-370.018002
2005	-305.155985	-297.911253
2983	-346.833689	-348.742937
2606	-323.344105	-347.131130
1974	-345.655745	-354.290323
3738	-274.982053	-301.967054
718	-392.601894	-393.241128
3667	-249.293044	-260.615712
3914	-325.805781	-325.505146
1070	-361.752301	-350.967003
1686	-288.648208	-286.746256
2197	-309.684327	-321.040593
2220	-272.538190	-271.280948
821	-307.566593	-314.949354
1872	-272.566631	-289.540706
3857	-340.686134	-345.022551
3648	-324.631468	-326.207849
1430	-361.720960	-346.488867
1616	-272.539058	-271.237034
152	-306.286325	-294.377341
2228	-308.518356	-334.947801
3205	-341.842686	-364.498911
3800	-346.862839	-356.466872
1735	-320.791360	-319.695073
3175	-309.649998	-331.919942
1512	-346.839595	-346.805573
2218	-325.756157	-316.457744
759	-398.888473	-403.275545
24	-345.608180	-353.823415
1428	-265.391486	-257.245331
2247	-348.046805	-362.808205
1027	-360.529992	-366.910532
2651	-273.744309	-286.824950
3094	-324.601619	-323.615142
2491	-381.634033	-386.119645
1291	-285.276634	-283.465070
726	-346.870614	-354.926470
2494	-274.984732	-282.498434
1290	-345.660459	-344.403805
1965	-288.555445	-280.873827
2268	-302.558547	-311.784370
3076	-247.198000	-226.608781
3786	-308.759185	-304.211548
82	-309.701458	-327.967232
2610	-309.711468	-299.564958
870	-345.646965	-333.232570
3616	-225.221461	-259.602473
1787	-325.795649	-331.685139
3551	-345.646761	-350.181456
1438	-356.728392	-364.848054
1486	-380.373644	-392.240391
3282	-362.972786	-349.460744
1597	-336.805704	-338.928784
2191	-359.317050	-350.713609
2567	-320.795216	-333.564596
1312	-381.612501	-382.373699
1959	-324.603913	-321.447721
140	-309.676929	-316.317020
379	-391.337881	-396.266336
904	-345.608456	-334.878062
596	-325.754527	-322.021696
470	-303.460335	-314.979843
3980	-372.708066	-387.416359
3775	-324.576188	-329.662969
2700	-304.687547	-312.189074
3030	-324.500475	-323.183151
2897	-346.825923	-361.914784
2011	-270.099401	-287.203057
1031	-304.643927	-304.752582
234	-308.467880	-331.020239
2380	-327.025010	-320.182089
1487	-345.665813	-354.436240
1129	-340.618148	-339.798260
912	-323.344400	-339.338692
1674	-360.499243	-360.797470
1746	-396.470299	-417.432729
2793	-306.384286	-302.847291
3277	-354.254979	-360.457703
1643	-310.910140	-293.488598
1837	-381.574917	-366.630757
1324	-270.399280	-279.418704
2815	-324.570906	-321.252518
3346	-318.327053	-325.892195
1371	-288.596392	-319.176567
2113	-344.391557	-339.346441
3703	-287.697316	-291.725635
2965	-344.689237	-363.420106
1581	-345.660520	-349.947661
2177	-346.868453	-342.864978
890	-344.458979	-343.107056
2653	-361.749428	-364.927783
133	-271.642927	-245.957311
3821	-308.427345	-299.539920
778	-324.573162	-332.024930
739	-309.678703	-314.032713
1153	-325.764669	-328.728667
1893	-344.385273	-353.054409
2246	-287.318502	-288.855301
2492	-396.477101	-393.175020
338	-272.544500	-281.887957
1314	-324.460304	-333.690671
63	-287.377993	-276.171947
816	-356.748545	-361.044117
145	-310.929561	-302.204496
2240	-381.627040	-391.623796
3353	-324.514429	-302.798996
1549	-340.689515	-339.777684
3087	-392.563319	-397.884037
1189	-287.322957	-298.002814
3058	-247.214450	-226.009535
1406	-375.394844	-362.340928
217	-271.648392	-246.810326
2171	-359.346839	-358.961450
2649	-381.581036	-362.481098
3232	-345.686487	-354.409315
1060	-345.713205	-357.429289
2951	-308.569129	-318.554134
3887	-242.196351	-270.359428
700	-310.938181	-295.835669
3885	-304.728655	-304.585116
1910	-326.978724	-337.047598
2187	-310.904927	-301.910946
1315	-288.533780	-296.889021
744	-249.332005	-242.287879
2895	-273.764673	-278.872454
561	-264.226909	-278.585189
3889	-360.533387	-359.847005
1657	-338.273162	-339.881269
612	-397.697891	-400.629520
922	-272.844560	-276.559448
282	-325.714378	-316.549062
1988	-312.124451	-305.383549
192	-310.897684	-316.520077
2535	-272.835594	-236.925451
955	-345.632414	-330.991541
1050	-304.643392	-321.376640
2989	-287.317913	-302.659674
1019	-327.016183	-333.103692
3681	-310.914919	-303.756100
600	-268.859550	-289.522578
2969	-286.484904	-292.565749
1935	-361.677841	-350.236731
2336	-344.433499	-362.737599
126	-274.991042	-314.796802
235	-270.375081	-253.659390
663	-323.347275	-317.433432
3705	-345.665479	-340.152740
2398	-319.533364	-343.487848
2639	-302.580808	-318.728228
523	-345.565792	-336.320054
2625	-291.021574	-285.511241
2583	-346.859078	-355.475562
3256	-153.459846	-0.163919
2225	-324.612179	-319.725137
3221	-308.477915	-309.583543
1078	-309.738888	-305.665128
2257	-307.238509	-268.677512
2579	-273.765811	-257.201818
1379	-325.731549	-320.060786
420	-362.950092	-366.704321
3824	-302.288055	-304.421124
2966	-308.428791	-319.485590
1489	-266.777425	-257.484677
74	-310.918822	-293.275533
1442	-308.465594	-323.022106
254	-285.284456	-296.098349
1142	-309.702591	-315.679990
3130	-270.427802	-307.176547
1176	-288.584832	-335.682325
3643	-309.660190	-312.028871
511	-320.778636	-317.513177
680	-325.806369	-332.550784
2788	-345.596027	-352.372812
3008	-323.359336	-320.838572
1981	-306.313924	-313.840294
3673	-309.691463	-298.708087
3299	-325.725069	-323.941075
2269	-308.452310	-322.677167
755	-324.568345	-328.740866
1840	-360.536972	-358.217857
3698	-360.508088	-364.131969
1834	-381.615289	-404.054242
2047	-286.246880	-280.944011
3517	-396.475511	-418.552708
848	-309.744522	-299.573965
1311	-288.545722	-278.294515
3912	-308.435951	-305.806003
3274	-196.407957	-91.639118
2622	-346.829131	-344.931297
3553	-346.830674	-353.436879
3544	-312.133269	-348.756542
3618	-309.731536	-301.922114
2173	-304.678340	-316.263182
2823	-309.730966	-322.915217
764	-233.560626	-235.194911
1775	-306.353871	-317.842225
595	-340.652012	-350.897022
91	-275.011437	-238.143293
2661	-323.448833	-321.167072
1634	-324.563073	-316.246391
3735	-360.522940	-368.384589
1133	-308.517070	-307.410390
2734	-309.719592	-302.151806
1903	-309.678054	-312.545904
3448	-324.634377	-321.038692
41	-345.649146	-355.955670
3772	-356.752251	-350.780795
3224	-286.504546	-266.217817
3717	-275.014300	-272.134016
3967	-273.758273	-287.010292
2217	-344.408081	-339.078463
962	-376.587043	-376.757638
2404	-323.340989	-297.912292
122	-339.419649	-365.852563
724	-320.775720	-313.921997
3622	-304.726439	-294.029507
2256	-303.503801	-308.581330
896	-323.312767	-320.602698
3560	-286.463470	-284.798685
149	-380.415966	-375.550157
2667	-308.455402	-310.758153
2816	-310.905786	-287.588031
3214	-344.426062	-358.498757
2746	-247.190194	-254.537642
826	-248.137789	-244.053548
1747	-360.559076	-360.106249
1989	-287.426977	-290.567638
3475	-321.247305	-319.534350
3468	-345.710017	-341.205752
3189	-324.510378	-337.063162
1229	-288.582662	-284.447509
1358	-340.682075	-339.988880
1451	-348.052763	-337.710166
3951	-326.977685	-339.118579
270	-372.752005	-371.317929
157	-376.519880	-378.867180
1296	-345.612257	-334.868727
3215	-320.793270	-325.828549
3409	-356.696744	-363.820335
3910	-309.703111	-306.872572
409	-306.383308	-321.887797
1973	-340.637231	-329.933049
309	-309.718312	-334.284586
1195	-285.287913	-297.485031
3046	-322.057728	-296.985326
3018	-345.638117	-348.679271
2892	-325.728271	-324.982551
3945	-304.737186	-311.724987
2023	-317.402836	-317.272430
281	-322.479769	-310.550747
2759	-393.905418	-390.057381
3119	-301.090914	-328.399335
908	-310.911406	-326.549727
1796	-307.536544	-314.021798
2032	-287.663174	-290.385681
615	-345.676743	-341.869793
3530	-309.739069	-337.104296
1156	-154.972731	-181.303248
776	-325.781815	-333.299820
3983	-322.115604	-332.698945
2851	-356.699504	-359.195042
1416	-308.514570	-326.252735
457	-380.372151	-372.578745
2394	-355.446449	-351.396819
2692	-356.663387	-357.160356
883	-340.647778	-333.441237
3901	-346.822424	-342.608597
86	-190.624631	-285.470094
879	-303.556846	-293.011468
386	-325.776001	-326.986086
1292	-323.652284	-313.644711
490	-231.142581	-248.696458
2868	-270.407057	-278.706427
2652	-317.377404	-303.934785
1121	-333.449362	-336.374816
854	-383.971058	-400.733212
779	-356.732185	-353.151210
3701	-248.211932	-241.893839
995	-360.542928	-368.307248
1387	-361.698635	-371.237094
5	-351.628383	-346.909586
1938	-341.826148	-339.933367
1055	-345.681183	-366.992481
2161	-361.735863	-351.834162
3595	-345.600227	-346.959444
2407	-377.829134	-366.380591
296	-345.688916	-342.565011
3740	-356.684693	-356.465765
1271	-310.902165	-303.287074
2075	-345.606444	-335.472580
2131	-320.777849	-322.270385
487	-307.223588	-294.616422
3799	-291.018995	-271.046150
986	-347.459586	-350.755676
2178	-339.455981	-338.186544
1902	-324.615795	-330.429595
547	-360.540793	-350.626953
264	-339.450073	-342.926751
2331	-308.516808	-318.545444
3911	-345.639354	-327.910806
792	-310.898648	-292.778483
3696	-308.474441	-301.541729
1654	-360.518768	-345.349643
3932	-360.472117	-353.002894
644	-376.595314	-388.988005
359	-346.832402	-352.923691
2433	-324.552283	-319.415239
1717	-345.603646	-343.260289
1718	-356.706262	-348.910689
3600	-325.781571	-312.690364
3922	-270.394284	-279.348280
2110	-341.867094	-330.437034
2260	-271.351786	-263.038711
1188	-306.054267	-278.761077
3383	-360.602876	-366.194816
3494	-324.573795	-330.529810
588	-309.684571	-310.362448
2061	-345.638357	-340.187485
2941	-340.635024	-328.321821
3133	-356.679691	-361.217268
3226	-339.491316	-334.828186
1784	-324.497693	-323.338127
1745	-264.171923	-255.626791
2552	-340.624424	-343.122719
3304	-346.843297	-325.624816
3306	-361.650084	-354.948775
2721	-271.401725	-313.654336
2017	-310.940345	-309.711788
1703	-286.154755	-308.867009
1602	-318.339586	-328.307429
3575	-309.736328	-315.957979
2489	-250.583259	-261.723900
3748	-376.556657	-383.715457
667	-360.533083	-363.971407
649	-340.685408	-343.552643
2140	-325.715372	-322.951642
2130	-271.612772	-259.664813
3931	-288.683173	-300.277041
2042	-232.364952	-231.610536
626	-288.653249	-280.856503
1332	-209.144909	-234.164884
2707	-310.915408	-304.801394
427	-382.798099	-365.939206
3038	-288.542113	-302.272956
959	-492.026657	-472.334211
1995	-362.946041	-359.632127
2476	-346.865438	-349.225049
1531	-345.640098	-347.363265
702	-379.000257	-372.138824
303	-375.328197	-373.098582
1187	-264.235803	-246.153053
1942	-382.751274	-407.385999
1721	-339.479764	-342.215041
3714	-265.398572	-243.115523
725	-325.725266	-324.193261
385	-305.159206	-290.913325
1299	-348.043466	-336.257283
3034	-360.418556	-364.138915
1788	-345.646841	-349.116212
3023	-323.343769	-333.318533
109	-158.340943	-170.823077
752	-324.557693	-325.720491
899	-321.230055	-326.427896
3048	-381.616883	-382.772824
3015	-359.362011	-374.604044
614	-383.982605	-389.112867
1546	-318.321510	-321.351335
3332	-376.610619	-368.171340
3423	-308.555641	-311.628874
3320	-310.952127	-331.943114
3960	-336.825944	-332.326638
2939	-352.864008	-347.931082
3044	-363.519194	-361.493178
0	-351.615495	-354.993083
488	-346.861837	-347.898682
3947	-382.782251	-400.655428
35	-343.197784	-353.662012
158	-308.540079	-292.999127
20	-270.370102	-256.675298
1979	-308.462923	-317.881800
800	-324.611571	-330.421655
1827	-343.492484	-358.241892
3605	-372.755216	-375.227919
2261	-233.260156	-282.717140
489	-356.745773	-355.796180
1000	-339.452428	-327.557363
440	-307.226474	-303.966469
802	-359.306313	-356.677435
2917	-267.068488	-275.073596
419	-312.128001	-320.477024
2521	-361.728609	-363.020073
2810	-273.763107	-269.423922
2575	-308.759090	-311.112256
1154	-310.937644	-283.139893
2207	-301.330754	-315.918803
360	-346.890881	-352.899953
3675	-360.534222	-359.465486
1507	-310.914024	-308.545156
1345	-376.540686	-370.741341
253	-305.838224	-303.012423
556	-272.600604	-357.317921
3739	-324.566515	-320.334443
1930	-341.835805	-346.648780
996	-307.544316	-313.127805
3972	-359.339915	-373.412475
252	-305.913756	-293.116252
1523	-340.646229	-336.562989
25	-309.712046	-298.801536
2418	-304.734646	-305.675776
2654	-304.679740	-289.877364
83	-344.434906	-343.688172
2442	-345.636611	-348.574350
1817	-339.459612	-334.179274
3603	-326.952955	-330.370344
205	-269.465281	-271.009787
2627	-235.695309	-216.864748
1920	-361.714679	-358.882301
902	-310.940195	-322.018360
1861	-235.696852	-202.636962
3858	-308.459001	-311.333332
3129	-361.692023	-353.659940
1165	-309.706371	-314.749947
78	-270.472470	-253.742795
436	-360.521191	-356.658840
2162	-340.613712	-338.459187
1514	-320.781098	-339.912709
2982	-325.722723	-325.831588
715	-285.275928	-269.055030
3487	-210.101789	-238.511708
3285	-247.192524	-249.132597
462	-234.474088	-236.077436
734	-233.242250	-239.562988
1414	-377.797879	-380.914000
1950	-232.331230	-197.595599
3598	-340.671493	-344.115769
2741	-297.520999	-298.956947
1426	-381.607770	-385.970298
171	-361.745138	-347.269391
132	-308.469258	-317.600520
1631	-345.642285	-344.814181
957	-360.490486	-358.293834
1648	-345.660642	-352.971121
3191	-284.360325	-289.699102
3104	-310.941183	-321.832550
2066	-432.401755	-416.067525
344	-343.305175	-365.834194
3032	-360.508895	-351.172871
864	-323.337623	-327.186693
3534	-320.785748	-323.946165
3449	-297.510804	-284.003143
3212	-360.575745	-358.791781
1945	-361.754136	-350.311610
2642	-324.578146	-328.607231
1638	-344.481904	-343.954000
3010	-361.720579	-357.385270
331	-309.734363	-304.676653
3218	-325.743746	-316.918843
3726	-382.754967	-378.246142
1580	-271.339821	-264.181582
3290	-341.859618	-332.539166
2889	-341.871347	-354.257842
1714	-132.718150	-131.239502
3936	-326.951067	-339.818312
1778	-305.036659	-308.073438
115	-356.682218	-357.908019
3442	-381.635659	-389.103102
1466	-340.657975	-344.596924
3566	-325.830752	-326.846445
1168	-308.454820	-307.335684
2428	-309.682996	-300.446526
935	-269.154939	-259.437764
2938	-346.875201	-343.278989
273	-323.312375	-325.413399
3416	-320.770681	-320.675892
1846	-344.370966	-342.385199
1773	-304.696646	-309.984648
2717	-309.726244	-314.953724
2368	-325.804686	-327.856241
722	-310.935212	-295.231934
3188	-325.807242	-334.063894
2188	-288.690060	-278.712526
3732	-320.774305	-328.930396
345	-309.704732	-289.828888
2672	-355.556836	-349.876529
2940	-339.418028	-339.151205
2934	-324.462733	-332.659287
613	-309.689486	-305.663163
1090	-272.500426	-286.458165
3774	-305.130184	-307.554571
2878	-285.336744	-299.836213
1400	-306.067385	-279.359389
2623	-235.700285	-213.713043
1793	-325.725688	-323.951636
825	-340.536374	-340.413792
3210	-336.808333	-329.698008
549	-372.785072	-374.082754
2313	-312.122262	-291.429901
166	-325.729970	-328.541997
2010	-323.385837	-347.205738
1969	-360.529678	-358.698513
2485	-392.676111	-393.424270
2905	-307.206439	-323.841705
3646	-305.130313	-321.649357
3019	-301.357437	-312.730435
2384	-281.469893	-275.796174
2597	-412.494644	-407.416895
1005	-273.786179	-260.221807
2212	-346.837271	-331.524959
1049	-323.336196	-326.375705
204	-287.353313	-284.465730
3630	-287.660591	-274.381969
1206	-342.315546	-331.588045
709	-286.134079	-302.280427
