no_training:3000	no_test:993file identifier	 training data
3851	-326.998454
14	-302.238859
1508	-308.462196
922	-272.844560
3965	-273.764529
2700	-304.687547
3665	-323.329494
797	-278.075775
2856	-376.586976
213	-249.281074
926	-345.680086
3905	-395.515911
1067	-273.762417
3150	-310.942587
1858	-343.238086
2315	-273.793520
3381	-309.731402
3599	-308.482454
473	-346.828378
3406	-286.459793
1366	-345.633122
3017	-271.339346
79	-324.605178
1166	-324.576650
2093	-324.473588
2075	-345.606444
1171	-325.721867
78	-270.472470
201	-308.561649
520	-309.720011
1105	-302.306944
2018	-286.492357
751	-361.724921
171	-361.745138
1921	-310.904960
2390	-270.097243
3449	-297.510804
3515	-346.852204
3397	-356.702115
3538	-271.350701
34	-306.355655
648	-287.422111
3859	-308.499978
1849	-324.547957
1800	-212.439286
2423	-338.238743
189	-322.167165
1457	-288.573089
3689	-308.467642
1285	-346.860450
374	-372.796889
1376	-348.053064
3501	-318.409788
1290	-345.660459
3035	-344.404557
3723	-345.597175
3273	-288.589678
954	-324.612244
1212	-304.733723
3638	-306.320806
690	-375.420808
1217	-325.773675
829	-310.909285
1500	-345.609230
3946	-286.438084
2726	-324.475651
2036	-309.733888
1493	-335.643923
2889	-341.871347
3554	-309.689751
241	-309.718177
2601	-333.464063
2430	-304.688809
959	-492.026657
3661	-287.358011
3128	-341.867138
3551	-345.646761
3646	-305.130313
118	-352.905052
2871	-308.460407
263	-341.853650
760	-324.605411
106	-362.952198
3263	-285.326726
2065	-340.537496
243	-323.389193
2185	-344.343476
3338	-308.466631
1087	-324.508933
1881	-361.772040
3269	-381.624381
1345	-376.540686
138	-362.875317
2900	-272.554670
3369	-158.342346
2347	-308.476587
2424	-273.764093
3871	-346.859809
2684	-310.940657
565	-356.730212
753	-361.710299
871	-309.680919
2670	-326.934805
2130	-271.612772
3531	-344.458268
2255	-360.513163
1260	-270.417842
3037	-288.567911
15	-288.542593
1371	-288.596392
2511	-250.500016
1431	-344.392695
1618	-345.629039
3625	-326.948771
1306	-288.682324
396	-372.782655
1399	-341.826906
1322	-271.619912
1070	-361.752301
3389	-309.689740
1081	-310.912796
4	-270.439280
2170	-274.987123
600	-268.859550
414	-192.762455
946	-324.577279
468	-322.150234
84	-345.610574
3897	-324.519277
816	-356.748545
891	-325.767721
1811	-346.855968
2241	-346.857051
2941	-340.635024
2406	-306.386594
224	-324.628594
3932	-360.472117
1492	-310.927319
1021	-232.328175
3814	-361.745554
1364	-267.963366
917	-323.320690
1844	-325.808754
77	-348.062001
3945	-304.737186
3138	-345.651520
3417	-354.292460
2168	-310.899911
629	-309.712115
494	-345.611057
72	-325.720699
3790	-286.502445
3129	-361.692023
1972	-233.542445
2967	-305.841708
2697	-360.495788
1276	-340.667317
1223	-324.586663
733	-345.660927
1927	-361.739999
974	-303.468081
3091	-341.869641
706	-303.481839
2775	-382.812383
3958	-291.015785
1123	-375.393636
1083	-309.726295
132	-308.469258
1398	-234.469383
1695	-344.411060
2663	-361.722327
1759	-305.906809
379	-391.337881
459	-348.056615
1270	-307.571937
409	-306.383308
1387	-361.698635
3647	-325.794522
3281	-309.716743
2032	-287.663174
762	-346.863396
2523	-344.512144
2772	-343.232602
2297	-322.412936
2274	-308.463553
1741	-345.629842
1691	-272.595294
2510	-325.797299
558	-344.464151
3337	-286.438448
902	-310.940195
1679	-288.576381
1809	-324.559733
1378	-346.867789
694	-344.360007
2498	-288.539500
933	-270.430832
1266	-324.582035
3256	-153.459846
1712	-345.612640
2826	-308.764658
1733	-322.169100
3975	-309.693760
3403	-339.424322
454	-265.283843
434	-338.195462
1831	-323.386306
2194	-273.757530
2976	-356.737615
3980	-372.708066
2590	-340.650928
2335	-346.825562
2456	-345.610758
1181	-323.657279
989	-272.839582
1216	-308.465534
2284	-359.298380
191	-307.610450
2125	-310.908354
349	-309.687623
3024	-251.729571
955	-345.632414
2420	-340.625366
1619	-340.600021
2539	-321.276274
328	-310.911163
2912	-346.883119
3629	-359.312853
1375	-345.645053
1297	-345.621773
96	-375.359188
3419	-335.590859
1610	-196.406419
137	-287.440932
918	-310.917344
151	-270.397623
525	-273.812813
124	-271.621961
3567	-309.693494
3656	-310.918831
1734	-359.354596
1816	-344.357220
1716	-325.784331
2240	-381.627040
2746	-247.190194
1	-360.499843
3251	-306.056425
776	-325.781815
1172	-357.927353
3271	-454.878708
1400	-306.067385
81	-318.390876
3754	-324.570035
2887	-345.641890
1524	-272.550818
1516	-249.358446
2744	-288.573110
1607	-303.462115
2692	-356.663387
540	-346.830523
3232	-345.686487
2908	-271.620997
601	-324.603558
2007	-308.499105
731	-355.501990
2321	-381.536295
1637	-343.503600
2281	-345.643890
60	-382.768883
947	-322.454079
312	-234.485640
3221	-308.477915
2201	-452.728039
38	-309.736982
1356	-271.372094
2591	-325.773278
2429	-306.081547
3306	-361.650084
1336	-334.362330
2106	-286.476486
1080	-288.570006
2129	-356.722498
3482	-281.480993
127	-322.216227
2547	-323.328581
825	-340.536374
2031	-269.170061
2085	-309.695312
3139	-344.437158
1555	-324.529724
3411	-286.134060
2901	-318.323005
1479	-309.677142
1405	-361.711854
3314	-305.846541
3913	-308.551230
1817	-339.459612
2727	-271.330291
376	-309.732528
3654	-307.541973
324	-307.534482
2285	-340.578657
264	-339.450073
3825	-93.411888
676	-272.584377
877	-359.317823
1414	-377.797879
1872	-272.566631
3733	-309.678068
3720	-308.561301
3374	-324.551244
1060	-345.713205
3772	-356.752251
340	-273.789697
2156	-346.827596
842	-360.514766
1245	-310.907810
309	-309.718312
3743	-325.726182
3769	-304.586424
2680	-340.664901
2132	-377.826580
2295	-305.898313
2157	-309.686797
1905	-231.145151
1541	-310.912991
2972	-320.764992
206	-309.688611
2958	-324.580268
1971	-362.906662
216	-307.283509
2944	-309.687280
2175	-324.545475
3872	-340.691219
1837	-381.574917
3086	-360.507527
3183	-345.642870
2620	-324.587670
257	-324.569867
970	-310.911364
308	-303.428586
271	-361.759779
2055	-304.724717
3165	-356.724041
2282	-375.368783
2562	-375.357530
2094	-325.812885
3154	-309.714008
3960	-336.825944
1495	-286.516879
2416	-344.406447
1878	-346.819711
196	-341.759398
2502	-309.685960
628	-325.726991
2911	-289.871661
2587	-376.609234
3092	-340.610697
1890	-371.608385
2197	-309.684327
2057	-288.540318
1901	-362.946498
2694	-317.396153
2655	-235.723792
3407	-343.517848
2934	-324.462733
3445	-286.508374
1137	-271.622539
1136	-271.296056
3280	-344.483775
2131	-320.777849
2035	-249.294409
1685	-338.273553
2629	-356.679047
1888	-276.201993
3817	-288.554600
630	-273.762561
3416	-320.770681
1168	-308.454820
985	-320.770329
1066	-375.344926
2089	-308.469081
3804	-324.573632
550	-319.568017
2709	-345.632155
1984	-287.441165
1244	-345.616998
306	-307.335530
3900	-308.465445
549	-372.785072
672	-345.661057
3882	-194.261089
3597	-360.539435
774	-395.551843
394	-344.385642
3261	-232.025930
172	-282.667163
1880	-346.873992
2563	-247.215049
3454	-376.600944
1365	-361.755045
2041	-346.821470
3874	-323.344889
1603	-232.363630
2328	-320.732586
3038	-288.542113
436	-360.521191
2625	-291.021574
3126	-360.523204
3173	-325.791830
3981	-249.257629
808	-320.774349
176	-308.554162
1436	-375.359407
2304	-286.431160
1949	-340.674935
3335	-275.020322
1572	-322.170570
3436	-361.762744
1799	-346.861635
2798	-307.259167
1167	-309.729139
3	-346.838279
2474	-357.944802
874	-271.611192
3208	-288.572843
1028	-360.421732
88	-345.655534
3537	-346.860694
1961	-197.629416
3802	-356.724118
2616	-272.542567
726	-346.870614
2278	-345.650717
2699	-346.864540
3962	-341.865856
2488	-363.508158
3714	-265.398572
375	-346.857432
1797	-194.267232
2641	-270.394309
431	-361.712798
2855	-268.917900
3961	-308.561152
3683	-308.510782
165	-327.013034
2224	-307.568767
3400	-289.799552
1977	-312.131398
784	-377.848074
3099	-324.530718
3248	-322.477268
2571	-309.686348
3187	-272.591906
799	-310.910909
742	-272.588370
397	-288.630839
3846	-318.393987
2705	-270.384180
9	-344.468531
2108	-267.944278
2179	-361.698233
2398	-319.533364
2966	-308.428791
3649	-343.292778
1533	-309.671865
3972	-359.339915
1823	-340.656176
3375	-324.594534
3749	-249.363949
915	-304.734226
2586	-191.810916
426	-362.933001
2324	-346.831385
1111	-335.656557
925	-307.567279
252	-305.913756
1697	-345.613396
1210	-340.641282
3560	-286.463470
1978	-281.485530
546	-306.365166
818	-387.475673
1676	-296.285473
857	-245.711897
2000	-309.736479
3145	-324.570872
208	-270.399081
2650	-361.727711
3976	-273.765901
3323	-232.335768
3624	-324.614194
943	-303.497783
3511	-324.552260
698	-274.985880
2411	-193.075202
2794	-304.681399
2968	-310.909942
949	-344.463502
602	-275.010289
170	-340.667287
2584	-360.567154
649	-340.685408
640	-345.616264
2610	-309.711468
281	-322.479769
12	-377.816587
1576	-247.184334
821	-307.566593
3677	-307.571921
1857	-307.540766
2283	-231.111403
3775	-324.576188
1884	-307.577822
1178	-382.751729
2857	-362.899149
3019	-301.357437
3921	-343.218379
3213	-339.438949
2724	-376.591176
1149	-325.796862
3600	-325.781571
86	-190.624631
656	-376.605347
3285	-247.192524
1604	-347.456674
1757	-285.313612
2338	-268.888303
1467	-345.613895
3412	-335.628480
45	-266.615452
1727	-324.606977
3939	-317.386479
1002	-287.689262
3425	-324.547564
3414	-285.313674
1783	-320.761312
2025	-249.363808
1132	-310.938583
2654	-304.679740
357	-307.245430
507	-309.697879
1585	-360.545832
1644	-325.774769
3850	-308.528193
2425	-322.435505
3293	-360.535142
3247	-360.531175
3205	-341.842686
147	-345.615452
2163	-324.503356
2500	-286.498235
1047	-346.836177
1948	-195.158734
1946	-346.841836
3225	-362.875945
66	-337.302324
453	-375.430225
3786	-308.759185
627	-359.304956
3006	-308.470648
3667	-249.293044
3686	-344.462681
2368	-325.804686
3102	-310.903589
1909	-345.630398
1877	-287.407788
1409	-285.282853
338	-272.544500
704	-235.696677
1057	-391.518453
332	-304.692914
571	-339.423497
2600	-307.237880
2827	-345.615042
1682	-269.215705
615	-345.676743
2711	-322.460671
3575	-309.736328
912	-323.344400
1340	-271.616723
3457	-324.559213
269	-325.729080
343	-360.502305
3517	-396.475511
3898	-356.700248
3712	-300.148891
2393	-324.608961
2917	-267.068488
1632	-340.673967
199	-309.673895
352	-288.557016
1983	-320.792773
3413	-308.440890
2865	-342.307696
984	-248.443503
1004	-355.416555
3757	-281.482952
3018	-345.638117
229	-361.648305
604	-320.777491
1269	-307.563525
2703	-309.722894
2111	-348.048744
2457	-382.757134
740	-344.452972
3324	-345.641848
1688	-324.567893
2989	-287.317913
744	-249.332005
325	-345.637577
3252	-340.610842
3648	-324.631468
1779	-288.583563
2037	-345.620113
1807	-344.469516
3350	-339.431591
3977	-288.552886
2707	-310.915408
3740	-356.684693
1537	-309.692993
3236	-310.912270
2144	-324.574829
214	-348.052027
699	-307.243079
1073	-233.249538
2202	-324.602888
3781	-274.984614
3310	-309.721850
102	-307.230370
3760	-280.314080
1577	-355.468067
3443	-346.866543
272	-322.161948
232	-490.793044
3382	-341.145624
724	-320.775720
2052	-325.809179
1182	-304.738393
3990	-303.459637
3318	-308.513124
2497	-325.763216
3834	-324.589539
1795	-356.736238
1526	-269.267574
3652	-361.720088
2559	-319.571638
2607	-275.007113
1544	-324.594826
957	-360.490486
980	-356.743821
2140	-325.715372
91	-275.011437
1606	-308.462382
3234	-287.349937
1379	-325.731549
1279	-377.837977
3627	-323.347112
2626	-305.900638
181	-412.528245
773	-309.674485
1629	-272.526778
318	-310.954514
1593	-335.598739
3486	-437.484875
574	-271.665153
3284	-343.290242
110	-346.869123
1452	-308.467331
3430	-341.828533
3106	-273.735646
10	-344.512001
3309	-274.989422
1929	-324.551800
908	-310.911406
1117	-345.566120
435	-306.309029
3316	-264.261826
2665	-348.031230
1871	-306.406578
711	-341.849127
2540	-211.295796
3429	-274.987297
610	-324.629068
2162	-340.613712
2608	-306.369631
1088	-291.017433
1747	-360.559076
1635	-360.520081
2847	-307.566260
2246	-287.318502
386	-325.776001
2779	-381.606362
3752	-345.686524
3931	-288.683173
427	-382.798099
3083	-381.591448
518	-289.791234
3070	-281.491976
407	-287.508781
3870	-345.605387
964	-291.014970
1834	-381.615289
405	-273.804251
2126	-270.399529
1199	-377.813742
3718	-195.186772
3949	-359.301320
1512	-346.839595
3149	-372.694726
3339	-356.699649
1923	-287.427777
2337	-324.588418
1272	-308.486687
642	-234.476516
727	-272.562906
823	-361.732840
3828	-288.650589
3288	-348.045786
3364	-305.057353
952	-325.717725
183	-362.962787
1740	-376.599676
401	-325.712603
246	-313.537245
1247	-325.770105
1281	-308.457113
1093	-325.718074
1254	-325.753541
2894	-309.717750
2878	-285.336744
3220	-273.806349
3899	-337.265273
3544	-312.133269
827	-303.556664
1238	-360.499088
41	-345.649146
3472	-340.657197
1490	-309.691591
3193	-320.725883
2320	-362.876210
2521	-361.728609
2740	-360.536920
1374	-322.175807
2819	-360.551444
296	-345.688916
1650	-341.836348
3000	-309.688191
3002	-269.479234
3325	-341.836362
1631	-345.642285
44	-309.735489
3728	-234.474951
383	-361.702346
532	-344.369744
3021	-360.495540
2797	-345.646914
2573	-307.303421
2383	-324.593866
3283	-287.404397
675	-346.827397
1704	-274.984793
1621	-346.884834
1444	-304.691748
1842	-362.894239
2374	-285.279236
3556	-276.202384
2614	-232.164586
3833	-324.559324
1996	-356.687774
2066	-432.401755
900	-288.561991
1815	-345.663783
2899	-310.930659
552	-340.639366
543	-310.937295
262	-345.647032
1119	-304.733360
814	-308.509272
3780	-323.320574
3319	-376.604793
1108	-341.839596
3104	-310.941183
732	-327.023478
3860	-308.505267
3865	-362.899954
2051	-325.790442
1071	-360.495618
3387	-309.727603
1827	-343.492484
2842	-308.450204
3302	-324.577047
1719	-232.050342
2195	-289.873479
3107	-281.504745
1330	-324.575010
1514	-320.781098
759	-398.888473
3130	-270.427802
1291	-285.276634
3214	-344.426062
1494	-345.654016
2926	-320.764569
1528	-360.446475
746	-273.802095
3135	-272.569212
893	-232.317400
2209	-382.781841
2867	-361.734339
3815	-288.574763
653	-344.473681
2599	-355.457663
2238	-281.495234
2136	-263.278851
3912	-308.435951
3840	-309.681264
3694	-338.246643
3666	-309.735874
245	-340.656722
2478	-339.450173
455	-340.664551
3272	-173.147782
3444	-289.794376
3879	-339.483894
3637	-309.764115
25	-309.712046
322	-346.832352
611	-248.364357
238	-233.253760
1325	-356.758284
928	-345.665412
658	-307.234503
489	-356.745773
668	-267.103350
1471	-346.857623
166	-325.729970
1282	-346.860539
3354	-360.529236
3916	-273.810780
2208	-286.486509
3532	-344.464356
3885	-304.728655
294	-308.506421
2354	-387.558484
2787	-324.505365
40	-344.338878
2936	-324.504178
2148	-309.718089
545	-356.698773
1666	-289.872246
1003	-308.516378
1177	-325.808092
155	-324.571682
297	-325.833945
632	-361.705069
2234	-272.580839
3547	-324.582904
3588	-272.549011
3326	-381.616196
3241	-319.515995
2494	-274.984732
24	-345.608180
2918	-271.326117
2948	-382.790431
700	-310.938181
2906	-340.657508
410	-325.835955
743	-309.719124
3042	-269.468415
966	-339.467091
234	-308.467880
364	-117.824798
1952	-344.408452
3202	-310.908741
1957	-206.721858
2840	-284.048718
717	-380.401348
1257	-346.855622
112	-340.648166
2642	-324.578146
2504	-325.805550
3216	-344.380260
1793	-325.725688
2159	-324.581067
1138	-308.444609
1812	-307.275809
94	-362.955075
3340	-229.879598
1107	-267.060326
3415	-308.495275
31	-359.310420
1331	-310.941319
3475	-321.247305
3973	-356.659922
1148	-284.062954
1184	-286.506282
3347	-286.510514
3466	-325.794624
3895	-325.808333
3878	-360.554015
2932	-285.320198
1491	-344.421383
3925	-325.718488
99	-336.813559
2047	-286.246880
924	-324.528533
937	-306.397642
2217	-344.408081
1951	-317.408548
637	-360.557419
1401	-307.265351
1906	-324.613156
1302	-339.445855
3616	-225.221461
1496	-268.248371
3470	-416.814878
2434	-377.845502
2219	-265.437885
2257	-307.238509
367	-360.491873
1966	-302.558699
3930	-338.542975
2765	-381.546975
3286	-361.731914
3141	-345.651109
3058	-247.214450
1220	-325.800532
2988	-310.923406
2207	-301.330754
1777	-265.408147
3174	-272.844804
2387	-391.391111
3690	-346.829378
554	-340.688787
809	-361.738091
280	-271.324234
1016	-305.129953
392	-345.637570
3853	-271.336383
2999	-307.237456
2407	-377.829134
1408	-379.527030
42	-376.564691
2222	-340.678668
3067	-271.304881
1288	-324.635136
3499	-309.702237
3207	-355.520098
1936	-360.564423
3783	-310.912792
1296	-345.612257
2053	-320.769272
2978	-340.669862
1335	-283.156647
1422	-361.728608
2276	-309.679242
1050	-304.643392
633	-325.759393
3516	-324.634527
1520	-309.728493
3212	-360.575745
3758	-272.557350
284	-360.500454
2088	-362.871515
3753	-271.652242
645	-308.540795
3609	-269.176442
1600	-249.301818
2294	-341.831947
1084	-309.711894
2214	-245.994065
2455	-344.431301
305	-346.859213
1561	-325.749687
1917	-325.790782
2569	-281.476967
3195	-274.982322
2628	-359.341296
3343	-320.735225
3764	-308.483519
75	-381.566310
2436	-308.473229
1907	-346.819476
3968	-287.425634
1215	-335.566430
3847	-356.693135
2486	-307.239887
2296	-309.691365
1072	-272.554773
3097	-309.716094
1404	-346.883049
443	-325.754109
1662	-377.834156
1439	-340.590431
2490	-343.078368
2828	-232.030352
1472	-306.080007
3160	-362.937857
2789	-340.629283
3303	-272.589883
2964	-362.945907
136	-343.240623
2314	-345.658870
2851	-356.699504
1061	-343.531666
1609	-210.001565
883	-340.647778
2353	-281.504579
2955	-346.822341
3533	-232.036378
3079	-270.401391
991	-345.602096
3938	-345.645388
21	-278.059333
298	-377.795528
3838	-271.318933
3827	-270.435807
481	-307.573371
2180	-340.665904
2375	-360.564233
2329	-324.557240
1144	-264.255612
3260	-345.595084
2225	-324.612179
30	-325.717105
1041	-371.504707
3117	-346.824942
1674	-360.499243
1453	-309.720334
1922	-248.132701
303	-375.328197
3428	-288.564752
3578	-286.432515
956	-230.183076
3875	-309.655400
65	-312.125621
3095	-339.431197
3344	-325.748658
1502	-340.679724
2367	-361.723620
1277	-309.706892
982	-307.235414
1324	-270.399280
2792	-362.944759
3570	-272.514475
3462	-272.538255
1548	-306.308471
1752	-296.265627
2954	-305.915530
2072	-344.431636
670	-324.618078
1413	-247.214861
3684	-362.958208
3670	-286.248451
3348	-304.715963
684	-361.753989
1344	-341.767606
1197	-308.462932
3311	-344.433172
1112	-287.644079
3886	-270.388222
139	-338.257996
865	-304.728720
2369	-273.760271
1052	-361.770383
1590	-344.415609
2145	-346.844016
1713	-323.381747
1319	-308.560759
708	-306.313133
1278	-362.942040
3823	-303.527274
2010	-323.385837
1803	-270.394458
3747	-324.521162
2606	-323.344105
2427	-339.474134
442	-356.712228
3633	-380.412093
835	-320.740782
837	-360.512026
1624	-340.670034
1174	-345.614442
3055	-285.313284
1636	-233.551389
2993	-346.825502
3573	-325.730390
1346	-308.542644
1673	-309.733829
1230	-323.396217
3702	-362.951503
3497	-392.627857
1517	-359.342366
1384	-361.755719
3908	-272.847530
2566	-346.832253
3724	-324.573480
502	-306.349558
43	-319.572842
2953	-348.047609
3929	-321.233569
3569	-272.588302
1891	-323.382399
153	-347.466594
385	-305.159206
2112	-304.729640
175	-361.754326
2781	-288.581699
2247	-348.046805
1918	-319.573117
2615	-360.501085
501	-345.630685
2621	-305.145002
1975	-341.829025
1659	-487.002792
2582	-320.773768
134	-308.516376
766	-312.133805
689	-341.818686
712	-294.081616
3845	-344.454717
1855	-360.497728
3543	-287.318584
562	-456.105229
2708	-308.512758
858	-340.661797
3040	-360.506446
1542	-370.291993
470	-303.460335
3676	-346.840522
3461	-320.776316
1627	-301.363590
2762	-306.370119
3448	-324.634377
719	-309.693538
2275	-312.122563
1581	-345.660520
1545	-308.468255
2122	-348.040439
3791	-360.491959
411	-397.680771
2400	-345.592410
1389	-272.510742
1573	-233.255259
2121	-324.619773
1645	-324.477059
2318	-348.039301
2090	-308.473428
3701	-248.211932
2405	-318.344936
1065	-360.485823
884	-276.202586
2603	-341.863083
3463	-304.735360
1617	-355.508183
705	-362.953848
2054	-302.588564
3230	-344.454591
1875	-242.186010
1768	-289.789940
2466	-325.785959
800	-324.611571
2914	-270.422403
1599	-304.689816
729	-343.084333
2253	-325.818163
365	-361.740208
2438	-392.565188
3110	-236.917458
2449	-341.841190
810	-269.144656
477	-265.399968
52	-345.627428
3641	-360.485033
47	-247.225618
2061	-345.638357
3013	-346.883127
288	-355.557059
1743	-346.856186
790	-341.836780
3922	-270.394284
3265	-324.569062
1229	-288.582662
74	-310.918822
1305	-319.621560
1303	-345.676156
3199	-273.811544
801	-273.763117
1483	-309.723988
2532	-301.405558
290	-348.056024
2836	-345.652670
2432	-274.987245
3357	-361.779217
1091	-309.678344
1843	-362.899677
1013	-271.300649
1780	-345.606551
1821	-308.473320
1950	-232.331230
2155	-343.243883
2086	-308.486338
404	-324.595399
1830	-345.641862
3384	-357.949026
639	-270.405973
2527	-297.554699
253	-305.838224
398	-345.636145
1651	-273.809498
3432	-297.523580
2135	-346.861074
3127	-327.010419
167	-310.912077
1101	-307.244627
3761	-352.866322
983	-341.851447
1253	-312.126356
39	-340.687222
968	-308.470667
1140	-304.683966
2916	-340.655601
2679	-312.130526
3116	-312.128429
1353	-359.297643
1899	-308.478846
3295	-231.069318
3607	-325.801523
159	-273.773408
680	-325.806369
1876	-251.732828
62	-309.677968
3388	-271.606364
3956	-345.698757
750	-344.384630
3169	-310.902849
2883	-308.757991
2605	-346.869041
606	-343.235457
579	-281.480583
3558	-339.464817
2768	-340.690205
3811	-274.982348
1095	-324.603415
3080	-344.436248
1128	-361.695007
775	-344.469204
2656	-376.622509
2333	-338.234590
1079	-287.347000
3991	-372.765028
1739	-303.454720
377	-360.527122
1654	-360.518768
3134	-271.319942
2506	-307.526911
2722	-344.423318
564	-272.569586
83	-344.434906
242	-340.623533
1246	-318.406529
313	-361.721849
1445	-396.491525
1661	-322.148261
3928	-377.799358
755	-324.568345
289	-321.949791
1240	-310.907666
592	-307.614861
932	-361.764881
2541	-341.834413
2319	-271.316064
623	-265.457424
2020	-272.514099
429	-288.570364
613	-309.689486
184	-322.436757
2677	-309.684577
2069	-346.855971
3410	-271.316922
2399	-308.430606
2270	-355.497046
2736	-310.922181
2924	-348.045292
2064	-309.687401
250	-360.538828
725	-325.725266
3849	-360.531172
3043	-196.405320
334	-245.983375
424	-309.717380
2557	-273.774103
677	-324.594116
3402	-234.522504
1893	-344.385273
1687	-344.407598
2651	-273.744309
463	-309.715058
2888	-361.704536
1507	-310.914024
1339	-285.316421
3884	-323.333263
131	-345.603479
3007	-319.573727
2467	-325.805017
3376	-273.775510
3085	-322.130736
3001	-270.386138
1462	-312.136049
239	-270.446608
796	-344.453746
219	-307.221351
2808	-340.646073
3442	-381.635659
339	-356.705991
1046	-271.618580
2459	-273.761223
2639	-302.580808
2334	-472.135006
3514	-340.654233
1062	-324.496997
1372	-381.574124
516	-312.134532
1161	-308.513516
190	-354.290746
1784	-324.497693
3576	-325.729906
1037	-306.397746
1628	-345.637174
2485	-392.676111
539	-341.886521
707	-381.585428
2401	-263.280728
1887	-361.696319
2365	-345.689766
3692	-281.505078
2574	-273.812881
2038	-348.056093
3856	-306.313590
1728	-362.942862
193	-307.285557
1433	-325.729800
3074	-272.553250
524	-308.507004
2820	-308.557865
2659	-324.461004
768	-193.039603
2059	-345.674176
1990	-281.482892
3003	-325.798735
2445	-324.576679
710	-340.625597
2004	-346.839235
1359	-229.927277
2288	-345.612787
2657	-308.451299
1863	-381.631601
2814	-325.804528
440	-307.226474
1869	-269.207716
2223	-288.657055
50	-357.934562
2872	-288.581144
990	-309.684377
2323	-310.954565
1015	-344.454928
1275	-310.936083
3989	-272.542369
2310	-338.194242
2492	-396.477101
3606	-310.906553
1746	-396.470299
2876	-360.574465
3480	-286.460642
3478	-343.296547
909	-325.789320
666	-381.593528
1078	-309.738888
3914	-325.805781
2211	-340.648620
3434	-360.560766
1042	-305.904676
1334	-273.765782
1243	-323.582949
1341	-301.373831
1749	-302.579654
2176	-345.608670
2243	-340.673964
3439	-301.389192
1338	-320.793141
3730	-291.017996
2325	-273.732431
993	-317.364547
3816	-272.830720
3542	-344.409533
3124	-308.562031
1762	-361.755551
2990	-376.661483
1224	-308.420805
3235	-339.416290
3708	-270.397474
1898	-360.497612
2447	-323.330261
2733	-310.940764
295	-320.770299
2292	-343.246371
3440	-322.135917
121	-361.711483
749	-249.280474
1862	-319.615129
2975	-345.579201
3098	-345.658421
323	-309.647349
3937	-361.713179
860	-397.697425
3808	-345.614760
3172	-274.982310
528	-288.538806
2661	-323.448833
2715	-345.709596
548	-233.555951
3222	-344.494043
3032	-360.508895
2366	-286.466852
275	-344.442225
2045	-324.495988
1351	-309.733696
1311	-288.545722
2617	-248.151318
1775	-306.353871
975	-357.171724
3805	-309.680682
603	-346.867624
2119	-323.665987
1043	-324.605875
1258	-344.472090
1262	-356.712023
329	-380.402442
1801	-301.335636
2026	-272.837907
2691	-308.505543
240	-286.517094
1814	-360.537947
1069	-375.370023
3585	-308.497008
2465	-339.464024
3115	-340.620294
722	-310.935212
3360	-382.810709
781	-362.918463
2759	-393.905418
3890	-341.849730
1942	-382.751274
3290	-341.859618
3441	-372.686714
6	-345.687671
1249	-272.543724
779	-356.732185
3483	-308.500974
1118	-306.032266
2012	-382.788561
1355	-361.727678
3218	-325.743746
1386	-362.967171
885	-324.623780
197	-233.549368
1960	-345.602645
3559	-309.721434
346	-307.586014
152	-306.286325
2477	-360.539944
927	-340.676668
3681	-310.914919
2864	-340.658990
1558	-270.389386
994	-323.428670
2846	-273.780933
2351	-304.614169
1034	-356.732791
3618	-309.731536
716	-325.758431
856	-324.568212
2205	-318.391203
2272	-324.528642
1839	-355.496901
1668	-344.433140
3355	-345.648365
2793	-306.384286
1596	-492.022084
1518	-309.683200
119	-327.012568
1916	-360.557411
1623	-229.615446
1571	-470.915515
2537	-317.434422
1841	-325.788368
2460	-345.631797
876	-325.807685
46	-372.766726
3157	-335.619981
651	-232.334436
2743	-234.516409
2799	-340.702898
3793	-381.580932
2747	-301.332569
0	-351.615495
619	-325.787161
534	-324.575799
3674	-309.731169
2839	-362.930315
1159	-325.779568
2312	-344.416076
2923	-325.801905
1304	-356.679729
2761	-309.696507
2648	-325.728744
3936	-326.951067
588	-309.684571
3255	-345.578846
2169	-356.733974
2994	-345.597078
3563	-227.798785
3979	-345.651111
2216	-308.505718
59	-248.430371
2545	-324.614082
2098	-327.020807
2530	-345.673444
2515	-323.341413
210	-362.938898
101	-324.507184
850	-271.623957
3152	-335.591582
1979	-308.462923
616	-345.676243
3088	-308.459859
2834	-325.699665
2974	-396.486691
929	-272.832690
100	-361.702143
3046	-322.057728
129	-308.512092
664	-335.632054
3784	-344.450127
3729	-376.562796
2729	-323.315925
3604	-273.812100
1283	-345.605635
3988	-309.707600
567	-339.489014
3855	-304.746925
2810	-273.763107
439	-288.690999
1115	-325.773014
1808	-356.676972
1090	-272.500426
2475	-381.524347
2348	-285.253877
3045	-310.906568
3076	-247.198000
3317	-269.177232
1754	-269.221561
3863	-346.804974
1774	-324.585556
2313	-312.122262
1092	-360.552974
1176	-288.584832
3519	-376.604739
226	-360.556344
2646	-325.800095
536	-323.348544
3498	-381.585231
3496	-302.303890
643	-345.663386
2461	-269.170508
2107	-325.766177
7	-309.722879
3385	-324.583090
384	-343.291812
1980	-345.680616
2133	-323.338627
3180	-323.669200
460	-360.488733
1825	-271.656372
1122	-345.601318
1959	-324.603913
1418	-325.725274
2668	-310.906004
1036	-340.609236
104	-360.574432
624	-312.119017
148	-345.629933
2082	-302.567313
360	-346.890881
521	-262.065493
3552	-325.793166
2636	-306.112153
3595	-345.600227
3902	-382.757521
276	-380.379743
2166	-343.239068
1470	-272.542270
1142	-309.702591
1146	-339.465889
1557	-322.456250
3492	-345.645245
93	-340.615011
2256	-303.503801
1293	-271.369084
1523	-340.646229
227	-377.805829
3824	-302.288055
3270	-273.788787
3732	-320.774305
117	-211.295163
3268	-324.562156
2479	-271.622821
2221	-308.512137
3933	-307.569255
3704	-348.035847
1851	-361.717868
1421	-360.526142
3257	-308.472221
188	-339.406341
3175	-309.649998
2078	-324.575989
461	-273.773506
3767	-324.568597
35	-343.197784
863	-285.288405
3050	-303.940271
2986	-340.629609
2778	-325.711441
372	-337.283890
130	-274.988525
634	-154.960361
3047	-285.293918
1163	-397.709232
895	-356.728690
1263	-345.642008
412	-372.768039
287	-307.560718
2397	-308.772292
3969	-324.609784
3750	-346.838572
369	-361.733362
2	-324.551643
425	-289.769718
3398	-304.686259
2712	-274.985024
2552	-340.624424
786	-307.544728
923	-322.135797
2067	-280.248350
168	-325.810050
2879	-265.401151
2002	-286.504040
1833	-302.579718
3719	-320.742924
898	-305.906901
3049	-324.610004
2950	-360.498298
1241	-345.608395
27	-324.573866
3507	-376.594067
321	-324.604397
979	-309.713440
2863	-287.423372
3907	-291.017966
23	-304.679494
1976	-346.831692
556	-272.600604
3523	-325.728070
28	-324.630221
3736	-355.517745
795	-246.023231
378	-356.705084
2091	-346.904050
3327	-348.059242
3593	-304.614300
3901	-346.822424
530	-360.503506
2496	-326.954795
667	-360.533083
3330	-323.360126
1459	-306.320451
2843	-308.509454
1870	-309.686187
1497	-251.731545
2034	-345.586124
391	-345.584667
3717	-275.014300
3889	-360.533387
703	-340.656580
3159	-324.612512
3594	-272.544482
830	-320.767103
2925	-301.394865
1328	-376.531779
1766	-270.387395
1131	-324.580815
635	-324.578381
3524	-308.455477
1994	-383.983835
2298	-270.396464
1420	-286.516174
3634	-340.646592
2980	-274.983908
3541	-379.527167
472	-273.761356
2291	-286.514923
125	-228.992613
1469	-324.444698
3635	-308.475489
1742	-288.583008
519	-309.687078
3164	-344.379764
479	-77.308427
1082	-310.901659
560	-344.385047
659	-326.976670
1357	-375.307060
179	-362.928160
551	-382.817123
89	-249.259410
595	-340.652012
358	-272.544323
1864	-312.133063
578	-382.825717
1410	-273.759553
2014	-371.537915
3779	-308.476903
942	-325.715957
1074	-304.697680
1368	-288.584029
2951	-308.569129
2611	-346.824672
2300	-453.655583
261	-310.905322
3468	-345.710017
1402	-286.203815
3650	-382.756764
2996	-324.566568
3796	-341.875439
3491	-361.750275
1611	-348.044714
1175	-361.742598
285	-249.362379
2880	-346.831172
3231	-380.446861
2029	-380.417684
3679	-320.794248
451	-362.932378
3630	-287.660591
3380	-345.606939
2389	-361.728546
1692	-362.862736
2361	-304.727460
144	-271.323089
1669	-287.426878
3153	-340.622406
1575	-334.447259
3250	-360.517106
3121	-344.419977
1958	-340.595950
1393	-271.647465
3795	-310.908453
886	-304.728323
3188	-325.807242
3500	-323.345473
2495	-307.596472
1009	-266.763445
3056	-269.180682
2854	-325.810616
967	-372.742461
1937	-287.438379
1039	-360.575277
1026	-325.765414
1765	-285.335887
2983	-346.833689
2618	-361.768020
1822	-344.395150
3075	-324.616343
1086	-272.587059
3464	-234.470922
32	-287.509315
1763	-325.799404
63	-287.377993
471	-324.532283
3669	-285.267165
1237	-360.542541
3903	-340.636306
1501	-288.653529
1663	-232.351764
1565	-325.735821
2476	-346.865438
1484	-273.817328
3059	-363.508158
1141	-115.679136
1264	-324.536694
1505	-308.487195
2806	-234.476081
561	-264.226909
3967	-273.758273
1154	-310.937644
764	-233.560626
3078	-383.966179
2593	-321.252793
3246	-340.652252
3626	-310.902465
3012	-276.205920
1778	-305.036659
2186	-320.782523
512	-346.861026
1693	-234.474613
523	-345.565792
2192	-307.232824
2508	-324.574476
3841	-371.541704
2384	-281.469893
577	-343.087962
2419	-287.353473
1292	-323.652284
480	-325.760797
3671	-326.941692
2660	-307.582044
1694	-273.743311
2076	-274.982287
68	-286.519735
3858	-308.459001
997	-361.688335
1473	-340.678945
2469	-270.392444
2905	-307.206439
681	-312.126544
2063	-344.402806
2124	-345.600825
1622	-346.869712
1382	-360.492675
614	-383.982605
49	-396.507540
1460	-309.684108
1630	-323.431776
831	-346.867207
951	-307.548619
441	-380.414967
1104	-287.315479
215	-356.645883
3361	-324.558989
1866	-310.940708
2767	-340.635968
3377	-360.549337
204	-287.353313
868	-312.124574
2468	-307.193849
464	-324.485629
3069	-346.878430
2178	-339.455981
2440	-317.433049
1035	-284.385189
2343	-325.781464
1348	-309.683859
1579	-288.589020
3614	-288.627505
1782	-308.555419
310	-308.480308
3331	-233.545899
3203	-308.459279
1554	-320.728167
3535	-323.235679
2909	-361.687451
1859	-324.577613
3489	-308.508824
3062	-381.573048
1169	-346.819305
2280	-359.345792
180	-360.505528
1287	-355.515622
3404	-309.733988
2873	-307.545713
1058	-324.585402
1133	-308.517070
2919	-340.635773
3081	-302.557878
3540	-321.236907
2080	-325.793131
1732	-269.170665
105	-309.727110
361	-376.622353
51	-283.168740
390	-306.070291
2517	-308.462063
2263	-274.983122
2977	-310.909944
852	-361.731511
3298	-345.599182
3918	-289.794194
1925	-309.677276
2634	-326.927446
3386	-309.684862
1620	-270.431243
1201	-224.944660
5	-351.628383
3716	-361.720799
1018	-354.272548
2359	-360.468392
1180	-306.364186
2652	-317.377404
1787	-325.795649
2441	-310.909223
1748	-288.688929
82	-309.701458
1381	-303.795699
1299	-348.043466
466	-382.782183
2788	-345.596027
1055	-345.681183
3353	-324.514429
3356	-270.447268
2997	-380.371074
2904	-302.545112
3313	-360.526364
2561	-325.778234
490	-231.142581
1926	-273.773955
3447	-270.389803
1736	-273.764207
3435	-361.728293
2264	-346.831590
3615	-210.071468
2686	-340.697732
278	-397.667072
1625	-320.776082
1655	-338.217210
3100	-361.716824
2100	-343.199390
2725	-269.218553
881	-234.470813
819	-276.204532
3862	-271.646263
914	-361.707841
2452	-344.424745
1151	-392.620909
890	-344.458979
591	-325.760915
3640	-309.692577
1536	-324.492974
3978	-282.861121
1678	-310.955296
422	-288.692943
2116	-340.646768
1012	-266.609146
2227	-356.712771
2480	-344.385369
2644	-320.786990
3192	-313.554802
2683	-309.686061
510	-234.491176
584	-309.681686
2060	-362.945811
2448	-346.833271
1127	-345.659797
3771	-309.655144
843	-308.437835
2484	-344.359905
3178	-345.605421
3140	-284.987905
638	-345.695868
3245	-327.024699
1706	-382.777508
1301	-309.679190
679	-340.668108
3137	-272.533448
1273	-355.513035
887	-361.720206
3619	-325.779372
3829	-323.654114
3770	-272.544060
2979	-320.767064
344	-343.305175
702	-379.000257
2415	-340.676441
3229	-271.614305
789	-324.581906
1702	-251.727632
3768	-227.338075
3177	-287.662612
2690	-231.093096
3438	-312.132858
2802	-325.804486
735	-309.716570
1614	-325.736331
3189	-324.510378
3036	-310.907823
687	-346.841762
2760	-155.908941
3186	-346.829695
783	-273.806375
2612	-345.627545
314	-233.255379
2546	-248.018573
1130	-346.826923
1989	-287.426977
1798	-312.126342
3520	-325.752207
2698	-344.434438
200	-345.625804
1271	-310.902165
2645	-362.923114
162	-232.324966
1183	-325.750970
2658	-308.461040
3054	-269.129580
969	-325.797425
3745	-310.912788
3379	-273.761967
2414	-382.803358
522	-309.680641
941	-340.652570
362	-289.871990
2149	-341.878745
3041	-345.692143
1194	-381.612648
2902	-271.653205
1053	-340.610046
3027	-336.811099
752	-324.557693
2748	-321.271406
3191	-284.360325
2570	-324.626187
1539	-382.755486
652	-345.620593
1160	-286.467220
2850	-288.580309
2030	-273.804223
2463	-288.576502
1116	-356.691214
3315	-269.176979
3830	-346.817778
3735	-360.522940
2791	-194.254127
2896	-356.725069
3142	-376.617653
1369	-392.662003
2860	-345.600676
2549	-375.410333
3655	-287.379629
2049	-344.463291
1209	-392.612820
826	-248.137789
813	-361.733052
3068	-306.015194
3710	-308.565933
2526	-340.601771
3171	-345.599912
1106	-231.106310
2023	-317.402836
3755	-341.874216
1955	-339.498757
2242	-362.870426
3636	-324.624318
3778	-309.700675
3876	-304.574737
399	-304.735224
961	-326.950279
2003	-324.579943
1613	-346.890723
1717	-345.603646
1794	-325.712420
1885	-345.647670
1503	-327.014214
368	-345.595021
2137	-324.588239
2378	-339.490841
3277	-354.254979
2630	-282.871678
3362	-345.632413
2015	-308.518276
2522	-307.545457
3920	-319.574905
671	-310.897268
2597	-412.494644
1109	-333.411326
209	-308.493663
1586	-272.837559
3131	-303.560907
504	-356.680129
1064	-276.202311
965	-323.329385
95	-351.666551
3408	-287.661454
2373	-302.564379
3564	-303.533472
3033	-325.785262
3509	-288.685117
2538	-344.417597
1415	-338.156727
2008	-336.802659
1974	-345.655745
1943	-325.729335
420	-362.950092
2158	-340.663379
767	-346.861463
3698	-360.508088
486	-288.678720
3809	-310.902628
3395	-248.436061
3194	-301.367422
3114	-309.692389
3401	-338.175569
2226	-276.206257
3372	-309.705858
2930	-310.906738
3119	-301.090914
3510	-340.674744
3819	-397.692021
2560	-339.452794
3857	-340.686134
3312	-323.647099
2146	-310.932540
2831	-356.723059
26	-301.359287
2959	-289.795007
2431	-309.684774
389	-271.336957
1120	-353.283458
894	-338.247875
3239	-361.708121
3806	-309.676410
1103	-273.764642
1011	-310.942660
1919	-407.364323
1164	-340.611734
1358	-340.682075
1718	-356.706262
1383	-344.398797
2962	-309.686114
2558	-472.145935
2800	-287.478272
3812	-271.623066
3584	-281.484877
1947	-303.533559
1153	-325.764669
756	-325.798888
2017	-310.940345
85	-272.550580
1931	-310.900102
3467	-308.494487
1726	-381.506605
3659	-340.683837
2935	-297.516418
3789	-273.762938
186	-340.606711
2866	-344.431605
1098	-356.649302
2777	-336.817321
3675	-360.534222
2632	-306.344083
1031	-304.643927
2503	-345.653983
3431	-323.229212
1185	-324.558175
2409	-324.595526
2782	-340.664407
458	-340.699868
2001	-346.833365
1738	-273.759338
2531	-157.115484
260	-359.369049
1781	-324.582445
1192	-326.947461
457	-380.372151
1315	-288.533780
2682	-324.528297
1309	-287.723848
3621	-346.815715
1791	-272.554824
3987	-324.506120
1705	-286.218259
3223	-341.794931
2439	-324.485913
3399	-307.229313
1731	-381.565314
2960	-271.360631
1701	-344.428649
2720	-231.102112
3909	-310.945132
1755	-304.686811
714	-356.669324
70	-346.874234
1242	-308.508254
3061	-392.552088
2083	-322.434119
1865	-345.609914
1902	-324.615795
2161	-361.735863
3880	-357.942023
3610	-360.476593
2317	-308.503515
251	-265.386781
3503	-266.630629
3668	-309.700336
3836	-346.833711
1852	-309.685790
2330	-287.681216
2758	-309.696640
2109	-321.219665
3785	-348.045948
792	-310.898648
2212	-346.837271
267	-345.641113
363	-320.778723
1646	-340.684749
2674	-342.352279
54	-195.186228
527	-324.629301
3953	-325.792503
1156	-154.972731
2287	-310.905485
3034	-360.418556
1129	-340.618148
3351	-285.306999
3287	-271.458576
1417	-381.586740
1675	-271.277972
319	-352.845678
1612	-310.902795
292	-308.517192
803	-325.789564
1396	-346.886411
2769	-376.563238
3992	-319.576017
3299	-325.725069
3572	-322.172641
2167	-309.681554
187	-341.842120
1461	-346.899170
3502	-376.564063
2548	-340.654465
3201	-346.845480
1498	-340.654582
2786	-327.009009
3582	-344.436500
3581	-319.540355
217	-271.648392
2533	-265.438520
3756	-326.943546
169	-309.688569
2752	-381.632242
1189	-287.322957
1570	-325.783642
1724	-381.594558
3352	-272.834623
2435	-229.013797
2128	-308.504896
2821	-308.511516
1007	-235.694216
811	-304.567859
3682	-291.017820
3226	-339.491316
2913	-361.630982
2143	-288.628466
1231	-324.569596
3072	-340.671263
1776	-325.785476
406	-359.295180
3695	-309.651827
1553	-323.448965
1005	-273.786179
1826	-285.242094
2380	-327.025010
3866	-341.882531
37	-381.587333
182	-324.474954
3598	-340.671493
589	-340.604189
3282	-362.972786
2638	-309.688194
2921	-310.904813
2764	-195.179738
3611	-324.577560
515	-287.727890
350	-320.793580
2299	-280.273691
1349	-286.542391
1941	-286.206129
1991	-285.282532
2509	-344.380267
444	-340.665581
331	-309.734363
1940	-334.429558
2635	-323.324700
2165	-319.567241
618	-308.467888
248	-339.489875
2150	-324.570860
646	-323.641347
3465	-324.548021
1391	-323.317575
2982	-325.722723
782	-361.678341
73	-233.293627
1442	-308.465594
415	-309.692626
1504	-360.489720
1110	-325.781398
3663	-344.446747
2487	-361.694757
3792	-360.525610
3982	-324.592116
988	-341.827199
2118	-324.560961
2553	-302.545562
1805	-344.380468
177	-362.872710
1730	-345.663299
2177	-346.868453
1868	-326.949224
2609	-322.351046
236	-325.758113
771	-346.903261
2182	-340.610000
19	-309.720734
1535	-324.463541
3477	-348.046236
2336	-344.433499
156	-288.654408
1139	-270.382725
3136	-340.660061
2199	-377.815601
586	-376.582598
739	-309.678703
547	-360.540793
2472	-209.159302
3549	-323.437779
3276	-344.508729
3926	-325.748612
793	-326.950540
3112	-327.021680
205	-269.465281
3941	-231.108368
713	-308.484017
3217	-306.392828
2671	-344.377098
2971	-312.131841
3390	-309.736085
2376	-346.840597
474	-281.476832
2529	-229.969129
2874	-309.725707
1582	-361.735290
2556	-321.958604
3015	-359.362011
450	-235.729507
542	-382.793238
225	-346.842403
71	-346.864282
1352	-304.677606
1638	-344.481904
2453	-268.273240
423	-304.694187
307	-302.239101
3883	-308.516508
255	-309.672030
1567	-356.714706
1032	-346.816694
581	-287.683128
3016	-309.730329
13	-360.526646
862	-361.764434
1584	-251.727102
3628	-272.509064
448	-346.831139
3244	-323.320332
3176	-432.852890
3426	-307.387663
2832	-250.585843
1234	-325.796704
3358	-326.934987
1006	-336.843788
3622	-304.726439
408	-208.863267
836	-324.606601
2213	-287.433999
2236	-235.698987
3237	-303.553222
1412	-242.195730
3025	-324.573338
3133	-356.679691
2903	-308.505951
1744	-288.535621
3731	-310.913156
2783	-272.537685
828	-361.684892
1595	-309.686571
3427	-325.793904
2473	-324.497671
3359	-325.733758
1761	-376.622507
3948	-340.614465
888	-323.328290
3904	-356.716094
896	-323.312767
432	-344.390227
1895	-324.551432
3052	-291.017787
2749	-340.645995
1424	-212.438188
839	-302.254301
2342	-309.680487
2785	-310.915445
1985	-339.481708
2583	-346.859078
2816	-310.905786
2885	-309.686862
1019	-327.016183
1179	-343.195060
2564	-325.789398
3242	-397.707881
3504	-308.561061
3963	-271.323381
622	-341.886905
2577	-381.600777
76	-325.685245
3233	-304.691526
861	-360.488871
2731	-272.836211
2172	-308.472272
3910	-309.703111
737	-336.836792
3894	-322.469844
1699	-272.541597
1219	-306.334850
2277	-383.973315
146	-377.813815
2790	-287.732329
143	-302.355005
3433	-308.465425
3118	-236.917873
1707	-288.590006
1320	-340.656628
1094	-304.696023
2631	-380.316551
3924	-270.393737
2218	-325.756157
1587	-322.133444
1853	-359.314227
1474	-340.654517
833	-325.761605
3148	-324.567513
1157	-309.691584
845	-40.478930
2152	-308.540101
2265	-360.469291
2922	-352.890573
879	-303.556846
3508	-309.675176
279	-306.012858
3494	-324.573795
3420	-306.358581
388	-340.594424
1672	-336.831068
2084	-361.708021
231	-346.860243
3476	-304.737418
2396	-307.546144
1773	-304.696646
3396	-273.815873
1186	-359.296697
2848	-339.419688
142	-307.594137
373	-379.522177
2784	-273.803873
141	-287.734664
2676	-325.784384
1583	-345.655509
2861	-288.654312
3243	-377.816466
1464	-381.610550
316	-341.858490
211	-357.939331
437	-309.705971
2869	-306.113519
499	-340.611683
1698	-325.800949
1772	-361.717972
2403	-326.955365
2579	-273.765811
2433	-324.552283
3513	-340.637067
3715	-381.567301
1527	-271.621836
605	-456.103432
1506	-339.437849
244	-346.835129
2602	-345.645491
2237	-325.784144
2245	-308.434866
875	-376.554863
1318	-310.897519
2339	-326.954728
1874	-416.367317
1521	-323.665247
3451	-319.606765
2963	-287.651399
2853	-325.794835
2915	-344.371144
1836	-268.273739
3919	-304.721921
1914	-288.576123
901	-270.446915
2594	-335.586914
2252	-382.779570
3368	-308.496367
3934	-381.630276
2402	-235.696227
3773	-345.602641
315	-302.472397
1173	-344.465017
899	-321.230055
1430	-361.720960
456	-336.811524
465	-266.553159
3746	-309.736797
2101	-361.717364
582	-325.833302
1425	-288.648476
2952	-308.511290
508	-325.801512
2973	-324.604156
3642	-324.565306
3249	-325.739818
36	-344.382282
3881	-357.951284
2181	-340.656656
1419	-344.350927
1390	-340.660793
533	-287.720383
2073	-345.600119
274	-272.539126
1025	-324.520219
353	-197.632222
1255	-381.635881
1049	-323.336196
2174	-324.606491
256	-308.741915
3867	-356.726146
1592	-271.616430
1913	-310.912131
3970	-305.897998
3653	-309.763576
709	-286.134079
2756	-153.742562
2766	-285.279992
3215	-320.793270
3813	-340.620847
882	-169.557758
2261	-233.260156
3122	-232.329070
475	-304.691568
2151	-289.802108
1313	-324.502042
3574	-398.876124
2147	-382.781806
1515	-360.502298
906	-383.969892
2491	-381.634033
403	-272.843742
1478	-309.691634
1014	-301.385442
3363	-345.658313
2520	-307.284294
2266	-289.766576
3765	-453.654335
3057	-301.381127
1529	-354.275774
1824	-336.855265
354	-285.174014
3528	-233.262752
1574	-245.997884
1102	-116.609549
115	-356.682218
2818	-335.618370
3557	-344.382663
1085	-231.092208
2115	-266.626759
2019	-340.659620
2413	-345.604177
1652	-301.316399
395	-234.447743
3620	-359.351415
847	-324.608363
393	-323.334482
2745	-322.118085
2875	-344.475122
2898	-310.940190
3103	-340.631134
650	-193.034094
2302	-492.008892
3562	-360.524672
3896	-307.280331
2370	-360.496984
3167	-309.688639
3259	-359.368793
2081	-273.775864
511	-320.778636
1475	-362.957353
467	-273.793804
3800	-346.862839
1615	-287.344000
3831	-451.528971
2267	-291.016020
626	-288.653249
3143	-286.432042
3066	-345.688382
3228	-381.648857
3026	-250.478855
748	-324.572987
433	-396.498209
370	-356.698196
282	-325.714378
3957	-307.291354
608	-309.688960
482	-272.599303
3971	-360.530885
1428	-265.391486
2947	-355.510313
3197	-309.714859
2341	-377.784360
3108	-361.653332
293	-377.807580
336	-308.524858
1769	-324.569009
3591	-273.762889
113	-360.478880
2627	-235.695309
3678	-285.255880
3190	-232.325947
1045	-344.449852
3566	-325.830752
3307	-318.647923
3484	-341.890999
916	-345.608831
3751	-339.491316
478	-119.052475
1361	-346.840635
1633	-247.201165
3787	-381.580675
3184	-308.439671
2322	-355.508682
3592	-323.367866
1435	-193.963318
3266	-287.736841
2446	-361.740252
2450	-312.124760
2985	-304.745635
2845	-307.602080
3196	-297.530335
97	-286.495035
919	-272.589999
1656	-323.352987
3020	-287.430903
1329	-309.710338
1213	-324.530103
3983	-322.115604
2184	-360.501473
2046	-286.493052
2575	-308.759090
3071	-273.789182
2943	-340.654874
3030	-324.500475
3911	-345.639354
1594	-323.433551
1578	-233.217482
2987	-271.618137
1608	-361.758032
3586	-287.506415
491	-287.737498
1643	-310.910140
2945	-307.281910
347	-309.687405
2823	-309.730966
1845	-302.309526
641	-322.439472
1162	-309.684472
1835	-376.631067
1550	-301.345683
2009	-273.812948
2706	-345.667357
1447	-469.758395
3332	-376.610619
2016	-308.569875
1360	-362.941781
1446	-319.575102
3008	-323.359336
873	-273.763068
3029	-285.281493
1226	-195.226072
18	-309.719641
3123	-309.702150
2961	-348.061993
140	-309.676929
3334	-325.800680
1024	-302.535621
953	-392.650949
1248	-304.732336
1200	-346.908492
3393	-359.297522
1721	-339.479764
654	-309.727166
939	-344.481802
758	-307.574899
2442	-345.636611
1363	-355.525451
2554	-345.649886
696	-356.709466
2714	-398.878264
791	-309.662433
270	-372.752005
1261	-268.282665
3822	-309.665941
2262	-325.780603
277	-302.288351
1986	-344.459234
2672	-355.556836
662	-341.843824
921	-325.682121
1188	-306.054267
2142	-324.624987
1256	-312.119596
1710	-361.726166
772	-381.599310
2992	-343.202564
1033	-339.482903
2844	-301.377995
2027	-376.585000
1953	-308.457242
1204	-361.704371
1616	-272.539058
202	-226.160842
2372	-322.217569
1236	-155.897345
2103	-346.834331
3296	-345.650105
3713	-325.748400
2572	-360.495461
3421	-324.571081
259	-309.735245
1165	-309.706371
3590	-340.660106
2379	-361.769162
553	-271.666055
2704	-320.786981
2381	-346.856604
3394	-376.613178
555	-361.677945
2462	-325.752244
2104	-379.006904
16	-273.806874
3893	-341.097446
149	-380.415966
1737	-323.398064
2669	-309.763785
2191	-359.317050
301	-324.570823
1671	-309.708282
3262	-235.693825
807	-340.681309
2886	-324.530742
2929	-345.638912
1686	-288.648208
286	-324.563745
1802	-361.715983
3525	-340.662316
1298	-308.505512
2062	-303.437471
2567	-320.795216
1722	-362.946707
1700	-320.782427
1626	-345.619567
495	-342.297848
1552	-346.865957
2811	-326.944158
1589	-324.608694
2099	-288.573876
593	-303.525517
2417	-336.838171
1448	-372.747155
770	-381.612946
728	-309.678404
1150	-308.551121
3892	-271.608843
2771	-310.910278
3181	-307.209274
2737	-322.442708
1124	-271.651913
3453	-321.254976
3063	-317.413890
3423	-308.555641
841	-361.736259
2311	-193.034988
1362	-249.387499
1987	-325.775071
3657	-312.124380
1286	-310.906869
960	-310.940611
2681	-308.466840
1995	-362.946041
2340	-310.899612
2833	-248.375248
1568	-324.555249
1522	-324.485746
380	-307.581989
3917	-274.985822
237	-268.287661
2308	-324.460752
3727	-285.317454
2363	-324.610150
1397	-271.624640
3170	-271.626697
1569	-234.503085
1232	-336.811744
430	-307.543210
2675	-303.787203
3887	-242.196351
3144	-308.472241
1208	-345.608535
3950	-270.439135
418	-324.565412
838	-361.709679
1239	-356.710448
3777	-339.431092
3835	-309.693085
2033	-310.919833
3788	-361.725962
1310	-307.529289
2160	-345.674929
1758	-271.616401
107	-307.580090
3561	-343.190300
3493	-232.333258
1205	-304.682331
930	-346.898838
1785	-273.751900
3383	-360.602876
3739	-324.566515
207	-285.281032
3341	-291.021228
2171	-359.346839
1867	-324.583096
2499	-376.539208
3469	-356.686540
2056	-325.729141
2984	-362.935648
517	-344.434827
1143	-367.635675
935	-269.154939
1203	-261.802956
1218	-287.431740
2938	-346.875201
291	-304.683134
2198	-382.804255
513	-355.518342
1786	-325.785038
3759	-270.393902
1760	-326.940002
2173	-304.678340
2689	-309.673807
3082	-272.586248
3546	-233.219124
3479	-265.289023
3734	-326.940196
2578	-324.576080
2332	-342.335241
3305	-310.955141
1920	-361.714679
3405	-269.206920
992	-377.811306
2269	-308.452310
2013	-343.195410
416	-271.318448
2920	-326.952797
3455	-270.401061
1598	-308.471397
3495	-288.563768
1411	-327.023352
973	-325.790444
1641	-340.647224
3580	-345.661657
538	-324.494520
1813	-307.550360
122	-339.419649
673	-345.680831
1912	-310.915653
3706	-345.687338
3568	-308.468418
222	-412.548009
1202	-361.725394
3206	-346.853173
907	-381.607752
1423	-344.413850
1928	-326.927990
3843	-309.717869
978	-324.545574
3200	-265.433051
2187	-310.904927
1152	-308.448572
69	-265.441614
1964	-309.726463
815	-285.324641
1077	-326.938562
446	-305.831164
585	-229.918003
160	-309.685140
195	-296.296482
2260	-271.351786
2624	-309.699280
1897	-197.629387
2739	-362.946034
3854	-346.867382
235	-270.375081
669	-377.780670
745	-344.464270
1195	-285.287913
2481	-324.614891
1097	-325.784473
2956	-360.528914
3240	-338.234966
2858	-346.862070
3051	-192.736096
2815	-324.570906
2483	-322.158791
3711	-303.469034
644	-376.595314
2647	-262.017735
2385	-310.911571
2702	-309.685148
2513	-345.631685
1317	-344.393241
1267	-341.841438
2239	-346.823312
2040	-317.409527
53	-285.330157
1714	-132.718150
2757	-346.855643
3258	-324.473847
2141	-307.287454
1158	-268.251114
1988	-312.124451
583	-285.016369
832	-308.470270
765	-317.447668
3329	-310.909123
2349	-301.357553
674	-346.879260
3336	-308.477672
3155	-376.605641
3589	-324.543443
1289	-344.439723
1147	-304.755780
840	-289.871520
3151	-362.873906
2345	-342.329232
2395	-297.523583
1720	-309.692095
3748	-376.556657
1788	-345.646841
3279	-356.732861
2991	-272.841336
1089	-344.451793
3915	-309.687698
2095	-348.034975
570	-275.012535
2723	-324.554067
3090	-287.362939
1250	-309.686189
476	-397.686127
1323	-289.811983
29	-344.425700
1767	-285.277900
2751	-273.787799
537	-361.731930
531	-226.107205
1965	-288.555445
944	-320.766684
609	-377.817369
3699	-355.497878
2279	-309.711101
1222	-325.805865
2812	-381.619786
133	-271.642927
3014	-269.263802
2589	-361.718361
503	-355.514134
3450	-382.824468
3526	-249.285024
1933	-270.396100
3391	-306.403144
3094	-324.601619
2701	-326.942959

file identifier 	 test data 	 predicted
999	-308.512721	-280.335949
3089	-327.025329	-346.985155
1969	-360.529678	-300.317821
3534	-320.785748	-276.972763
3459	-346.831382	-322.897727
2501	-232.377706	-175.835454
1193	-324.550139	-274.271715
3147	-338.530072	-189.117489
2942	-325.778444	-297.507212
867	-283.179781	-250.685871
3776	-320.773105	-282.231470
1295	-346.829652	-320.751401
1017	-308.419735	-267.778119
3644	-345.587398	-323.805667
820	-326.934229	-351.495352
2970	-339.501361	-100.662321
2795	-379.572458	-333.060765
3031	-270.411205	-219.828218
986	-347.459586	-118.241539
1284	-320.761539	-275.012586
3587	-322.421320	-78.629851
1326	-266.616319	-212.430102
445	-319.610687	-255.678183
1703	-286.154755	-196.324604
3367	-269.216969	-191.830855
2822	-310.902197	-288.959636
2203	-310.911529	-292.267200
1981	-306.313924	-247.098114
2190	-324.574822	-274.619029
2362	-305.134491	-147.022023
154	-324.538764	-279.887416
1998	-324.536830	-277.943617
1873	-346.842529	-322.387308
3210	-336.808333	-298.787860
2232	-56.525887	-29.890952
2640	-398.880824	-355.940269
1145	-312.129019	-283.287714
3297	-360.526636	-304.941340
3320	-310.952127	-287.239658
1008	-248.448467	-177.221127
785	-273.796695	-235.879682
1010	-340.666160	-302.484509
2301	-324.616647	-270.876202
1333	-270.359564	-220.052084
1427	-340.646339	-306.159465
688	-324.491475	-273.273171
371	-380.374978	-157.169334
1455	-381.570969	-349.841360
3697	-312.119261	-280.488628
1233	-265.440660	-202.755248
212	-324.605613	-282.021079
806	-308.768073	-277.644994
3481	-357.941534	-311.546724
355	-273.761263	-234.074691
3617	-345.608658	-313.250142
3605	-372.755216	-148.850862
1321	-234.472577	-191.696005
1307	-303.460433	-262.115786
2230	-262.056533	-241.394360
3596	-285.328258	-37.886404
3954	-271.611366	-240.712592
114	-361.772743	-321.432789
2470	-309.688189	-278.122238
1063	-265.440996	-203.038112
87	-490.834069	-404.578970
3673	-309.691463	-281.585672
3548	-79.764152	-136.853069
1745	-264.171923	-88.414256
2074	-285.300440	-33.795668
2516	-309.661518	-284.081538
1789	-310.905299	-291.486998
1416	-308.514570	-274.807725
855	-271.614051	-233.736135
2070	-114.483613	110.899237
976	-382.776658	-367.125400
17	-345.612580	-316.559844
1915	-361.705669	-331.413149
3168	-323.614890	-283.902887
3084	-325.781161	-299.062519
3742	-271.272557	-214.494564
3722	-308.759135	-283.576345
1126	-270.392715	-213.910857
2316	-306.361448	-239.641896
3943	-376.602183	-155.514755
3923	-309.737951	-278.588637
2482	-268.321270	-21.894811
1642	-344.345376	-320.156764
2596	-339.467484	-108.678706
2940	-339.418028	-97.303079
438	-381.565482	-339.511198
2776	-313.573888	-252.775060
3044	-363.519194	-225.482750
1829	-382.804482	-350.978606
3687	-325.793945	-300.141915
496	-377.794221	-339.079263
730	-336.821088	-298.567992
3797	-376.587519	-144.681426
2551	-325.792606	-296.431675
1559	-380.372123	-147.914327
419	-312.128001	-282.036488
3707	-271.620156	-238.408852
541	-325.714161	-293.473903
2196	-338.559964	-188.716177
1001	-304.724431	-260.179399
11	-356.688211	-296.588328
1894	-360.532510	-301.309394
223	-339.501781	-102.911866
266	-308.477155	-255.587106
568	-303.458583	-244.343232
2719	-286.477365	-247.247298
2774	-310.910631	-288.849453
2633	-324.627681	-285.570072
1225	-196.409349	-143.296151
1735	-320.791360	-279.475051
228	-346.859384	-322.676754
2841	-360.524422	-293.210152
2937	-324.573883	-283.658821
559	-362.935404	-338.552335
661	-335.635079	-96.107492
3601	-308.749822	-278.796006
2443	-288.547509	-254.267049
2471	-288.628801	-251.621256
1135	-310.903412	-289.975747
3807	-361.706503	-328.203506
2716	-303.464433	-258.272397
1935	-361.677841	-328.483100
1054	-323.427722	-252.114294
2044	-373.173910	-562.846271
203	-340.663148	-297.299653
904	-345.608456	-286.033765
3869	-324.525580	-283.402227
3289	-270.437636	-229.157782
1265	-227.324775	18.586292
3762	-351.646368	-208.163433
157	-376.519880	-159.375256
1551	-324.575851	-278.299961
3861	-234.486176	-187.313132
198	-303.934323	-270.715354
3738	-274.982053	-239.925708
2565	-345.591597	-314.396078
2813	-232.063900	-133.357278
1602	-318.339586	-155.910616
1076	-361.656187	-332.900306
2326	-320.768781	-281.356178
2685	-344.426408	-312.116581
1796	-307.536544	-263.961525
493	-336.819674	-294.288688
462	-234.474088	-184.700984
1343	-310.895432	-290.404134
3023	-323.343769	-240.740860
987	-273.765811	-240.238131
849	-360.532987	-300.516777
3545	-310.915918	-287.304791
3555	-360.547370	-300.279219
701	-265.396194	-181.212818
805	-309.658574	-280.673868
1696	-320.785074	-277.964548
3700	-361.717469	-332.367841
2592	-308.486071	-275.436931
3227	-348.043668	-334.932671
249	-306.347185	-234.595317
802	-359.306313	-219.257848
1030	-309.683546	-281.517862
1547	-335.613384	-92.900701
1040	-268.307873	-19.054732
2619	-326.939536	-349.730325
2071	-246.029150	-208.855163
1667	-323.323781	-252.941202
971	-324.624537	-288.531537
1020	-303.566436	-251.713208
625	-308.514390	-279.497543
3947	-382.782251	-364.845132
2235	-318.409670	-160.251817
3301	-371.491061	-323.228592
848	-309.744522	-280.084565
2309	-272.583285	-234.301448
594	-325.809558	-296.737405
3984	-344.418857	-313.337712
218	-285.311823	-35.605037
1549	-340.689515	-299.697369
1879	-288.594527	-245.641412
2742	-348.048844	-337.393842
695	-345.700085	-290.712641
529	-309.725786	-279.009758
892	-288.621895	-251.977250
2622	-346.829131	-324.369633
612	-397.697891	-339.404444
2525	-324.569051	-274.842705
3224	-286.504546	-245.096404
1488	-320.766344	-283.927604
1838	-356.685238	-303.367111
3485	-324.614459	-287.119637
3709	-340.613243	-307.548494
268	-362.957295	-337.877515
3505	-274.983383	-237.713464
1934	-341.769746	-298.747987
1227	-322.155306	-160.837724
2623	-235.700285	-227.149478
90	-327.017113	-353.372742
2732	-324.579850	-282.903673
2006	-339.486095	-106.591185
846	-270.434394	-219.464551
1982	-345.609374	-321.605063
685	-320.029854	-284.314514
1510	-322.425235	-72.075725
452	-324.575287	-285.376029
192	-310.897684	-291.901903
1308	-341.814212	-312.614748
3877	-340.623773	-302.448090
417	-344.440065	-298.876878
1564	-288.555332	-254.559370
1525	-345.608193	-319.916537
3077	-336.822591	-290.234027
1221	-344.436348	-308.896673
3418	-308.467120	-252.773012
3868	-360.526225	-299.112595
691	-361.734668	-323.214429
1051	-346.860404	-320.874005
1910	-326.978724	-350.550136
2588	-376.538277	-154.110881
2710	-361.773017	-328.614031
3346	-318.327053	-162.186530
2451	-359.328735	-211.215662
2138	-340.684371	-304.515919
3685	-381.602419	-339.776997
2893	-274.985796	-238.707907
1709	-326.941251	-351.304218
587	-307.283919	-261.379668
2079	-363.517297	-225.535085
1380	-288.625728	-248.850904
3613	-308.483617	-286.504615
1861	-235.696852	-229.723726
1715	-286.486570	-247.422867
2643	-372.711859	-144.058645
400	-376.570473	-152.215767
3238	-340.667053	-307.301885
2210	-325.710772	-296.443576
2892	-325.728271	-295.525549
3093	-334.424572	-273.924750
3437	-288.585212	-246.406909
2877	-324.556404	-287.451906
1350	-343.076530	-319.864577
2123	-327.010026	-352.298623
3763	-344.416821	-291.156880
3888	-323.359825	-224.366598
3645	-304.681903	-247.006000
2386	-352.829520	-306.732505
3818	-308.470796	-275.504061
3179	-270.408713	-213.813945
3693	-273.779498	-236.727721
2544	-381.632480	-346.909211
3274	-196.407957	-141.539266
911	-356.711832	-298.082760
1770	-309.719198	-280.703542
3664	-269.219315	-188.295889
2426	-340.650391	-306.630214
304	-322.464725	-82.158343
3253	-281.476938	-34.245980
617	-376.521083	-157.128538
636	-382.818623	-360.498905
3662	-360.469577	-305.262930
3927	-323.326298	-249.859337
3292	-326.937372	-351.942034
1187	-264.235803	-88.396422
3737	-361.714817	-320.828158
2043	-344.484341	-299.787844
3060	-270.441145	-218.578338
734	-233.242250	-174.032180
449	-325.753993	-291.767445
754	-361.718210	-320.325156
2604	-304.743934	-269.448624
2364	-360.507160	-300.227069
2585	-249.269471	-194.939697
3672	-309.689612	-280.200139
2931	-361.729140	-326.529847
1487	-345.665813	-326.899997
2244	-414.351653	-363.992317
3529	-341.843027	-287.302790
1023	-309.663477	-281.205316
3658	-309.682445	-281.123001
2649	-381.581036	-354.708531
2741	-297.520999	-136.996196
607	-301.373496	-142.411356
2568	-325.718022	-293.239729
2738	-324.555069	-273.779739
2673	-345.652182	-307.100085
936	-382.773457	-363.820112
2637	-325.687098	-298.626683
663	-323.347275	-240.654905
715	-285.275928	-39.008316
3163	-319.610683	-255.677457
3741	-169.860788	-129.434618
3632	-340.612805	-293.968466
337	-312.123120	-282.069800
488	-346.861837	-323.864798
3446	-306.044918	-53.333798
697	-340.621200	-303.460769
718	-392.601894	-263.869926
1388	-250.583643	-178.612207
2024	-306.349032	-230.091628
311	-287.724713	-257.460970
2598	-308.508949	-264.432535
817	-345.619715	-313.990272
3782	-262.035127	-244.440166
2039	-360.553317	-309.112612
3985	-324.548763	-275.181716
2728	-304.742823	-268.281382
1354	-382.790027	-351.522205
3004	-288.652346	-243.784220
1477	-303.462312	-259.193686
3294	-340.693392	-302.671180
1764	-304.725676	-263.198650
3473	-360.527434	-307.285733
483	-309.705795	-280.256157
3308	-381.582831	-340.624942
233	-301.382062	-137.067776
1191	-360.510716	-291.045449
320	-232.333410	-178.604363
500	-308.452306	-278.963610
1723	-307.290176	-256.078828
2206	-312.126404	-282.331757
787	-360.525379	-312.598305
1820	-324.522751	-280.408021
498	-273.791878	-239.086542
1155	-272.838189	-276.700504
1708	-324.502429	-276.841794
2259	-361.734611	-323.065919
2050	-362.937518	-339.825553
2021	-346.818246	-324.072320
2220	-272.538190	-234.665737
1068	-308.470010	-256.628349
2437	-356.692640	-305.677649
1725	-360.495137	-298.960449
580	-360.537290	-303.449422
3304	-346.843297	-323.163393
3579	-356.677429	-306.593070
1394	-396.500849	-270.078833
1392	-353.321142	-349.029566
889	-272.539307	-233.348602
48	-304.689512	-245.644979
3409	-356.696744	-307.367765
2688	-284.964138	-113.359219
2251	-430.448052	-817.561745
1563	-376.575382	-144.083863
2233	-319.556235	-238.126798
1889	-361.731388	-328.260986
3688	-322.476720	-81.175323
948	-336.827390	-294.520712
2428	-309.682996	-276.844649
2493	-346.822460	-323.739004
1963	-325.761942	-296.477669
2852	-274.986857	-238.795833
977	-285.160699	-51.423523
174	-229.928448	-144.130708
1556	-340.659506	-300.047016
778	-324.573162	-275.172751
1370	-242.180146	-203.965959
1511	-271.315027	-196.608155
1274	-309.686648	-280.420628
3906	-309.685651	-278.943624
1819	-249.292101	-190.990565
2695	-346.871133	-322.096952
3536	-352.836930	-301.102520
3942	-287.507193	-237.324170
2377	-236.916033	-192.779189
2204	-310.904876	-290.248684
1196	-346.840727	-323.567976
2535	-272.835594	-284.495174
2773	-325.684055	-295.961102
3964	-336.853985	-293.791276
3844	-308.450468	-272.856942
794	-248.143861	2.690925
1818	-371.535911	-322.149827
780	-308.769557	-282.462233
98	-303.553222	-255.367787
2939	-352.864008	-297.780407
1268	-344.411146	-303.879586
356	-372.741729	-143.549002
3322	-272.536448	-236.735244
1848	-273.769835	-236.476154
1367	-325.812267	-300.841839
2803	-327.013853	-354.094599
161	-285.276468	-40.808245
798	-208.842347	-162.936448
1860	-308.507458	-272.541525
631	-371.449232	-322.617102
1294	-345.612830	-315.873608
3166	-326.949535	-350.108575
2444	-318.641916	-75.471609
1337	-286.498779	-248.421948
844	-324.606050	-286.435363
1451	-348.052763	-333.002754
1530	-272.549380	-233.160315
3342	-153.787612	-84.629381
2805	-272.587161	-233.613703
2022	-344.425164	-295.314841
2215	-289.795079	-303.236433
596	-325.754527	-296.992059
1519	-352.874613	-298.309970
1653	-157.116735	-91.020792
2068	-308.471269	-250.660355
3366	-323.268818	-277.225645
3254	-287.469473	-226.680681
2092	-288.572051	-246.118793
2248	-377.773452	-343.570678
3039	-341.851538	-310.564608
1790	-345.664882	-299.201528
2804	-344.433943	-312.480543
572	-356.752533	-297.601559
3826	-372.742383	-150.567262
57	-345.635513	-343.177314
1546	-318.321510	-162.153409
120	-323.345161	-241.441803
220	-276.205821	-242.242894
3162	-324.546164	-280.996437
2801	-310.932716	-288.536377
1756	-326.935440	-344.911197
1932	-310.911279	-285.680862
866	-340.620625	-288.942545
812	-308.509197	-274.030175
2087	-286.484121	-244.061365
2770	-288.588657	-243.249882
2404	-323.340989	-263.500899
1482	-312.132386	-280.951683
1426	-381.607770	-341.654838
3512	-340.641866	-300.900179
3774	-305.130184	-141.545582
870	-345.646965	-316.079674
3794	-317.361117	-258.620007
123	-269.263476	-206.615312
2307	-346.859945	-325.438299
2830	-325.800699	-291.916527
2305	-376.633716	-151.106321
2412	-310.904086	-289.733387
3839	-231.155780	13.961748
3539	-324.625415	-285.085699
1252	-301.395982	-141.257097
1235	-265.447270	-203.969528
2193	-383.976576	-362.406215
1634	-324.563073	-280.511769
2303	-309.719920	-279.964097
2350	-341.853951	-316.538650
1489	-266.777425	-225.660666
2005	-305.155985	-143.570847
3422	-340.663929	-303.019782
1377	-325.768959	-293.951867
2110	-341.867094	-323.643102
230	-271.617434	-233.404758
302	-340.632285	-299.942602
2286	-309.728265	-279.706152
3487	-210.101789	-30.855492
1847	-325.753767	-291.045499
569	-376.620836	-156.040640
723	-361.717032	-320.863606
2422	-325.718957	-295.004252
1597	-336.805704	-301.682225
3209	-346.834502	-322.223114
1997	-271.666841	-234.894488
2250	-339.462492	-106.966570
3264	-307.260972	-248.663524
2662	-345.635068	-308.677861
126	-274.991042	-239.445734
1810	-288.653294	-246.558666
2077	-309.736028	-280.606838
1134	-343.068226	-321.780412
1605	-345.703157	-335.364977
2306	-287.354343	-231.001037
2837	-325.730097	-296.138094
1911	-272.582516	-233.793666
563	-345.644179	-311.341069
2835	-362.925466	-338.363533
258	-371.546126	-322.904768
2753	-310.904304	-291.085940
2505	-344.440744	-312.073450
2613	-338.214346	-278.450797
3291	-362.911941	-336.162700
1677	-344.412416	-318.212542
3553	-346.830674	-320.109517
2271	-310.916474	-289.736084
3521	-342.324182	-194.553189
1660	-274.985107	-239.637535
3691	-352.852117	-298.367848
2807	-269.176124	-201.219045
721	-185.648533	396.915530
58	-304.683044	-249.784470
330	-286.408473	-249.833648
1690	-339.426816	-90.616315
1854	-382.743932	-368.317723
2884	-324.471313	-283.820589
1438	-356.728392	-301.066558
1968	-324.538807	-287.748666
2542	-326.951186	-348.819151
769	-271.361537	-203.810572
788	-324.467888	-283.716141
1481	-376.634518	-155.519263
2273	-324.579188	-293.673519
484	-351.639205	-208.047298
2489	-250.583259	-187.167905
1332	-209.144909	-121.391276
1406	-375.394844	-324.258739
3766	-344.436564	-311.093159
382	-344.494711	-304.962423
576	-345.655968	-305.298688
1096	-309.689595	-280.904008
1534	-340.632075	-290.406909
3125	-308.510840	-264.166871
2653	-361.749428	-322.538362
3951	-326.977685	-349.962494
1059	-303.436180	-262.704973
2995	-381.584942	-340.635552
2134	-344.433965	-313.215549
1113	-234.484521	-184.680501
1480	-324.584824	-278.971788
1468	-345.650338	-310.241091
869	-327.026488	-352.731266
2514	-354.197108	-332.931367
566	-303.472917	-236.513418
3105	-346.821661	-321.669024
678	-308.506580	-269.511102
3550	-341.825957	-299.108337
2730	-286.492223	-240.480711
447	-271.627826	-238.033210
3940	-308.464824	-259.866852
1751	-339.469166	-107.242757
3955	-323.391458	-251.656198
3010	-361.720579	-322.551330
3506	-320.804155	-279.488682
1463	-362.938449	-337.248725
3349	-207.916786	-196.889643
1665	-336.802871	-301.555595
2200	-344.426799	-297.607031
92	-301.343578	-142.830514
3370	-396.486664	-270.486165
931	-361.763293	-316.802862
348	-196.432825	-138.399333
2392	-272.551442	-235.025374
1027	-360.529992	-286.079912
1342	-361.712098	-320.936651
910	-270.384937	-221.974060
2519	-323.585680	-282.883568
1407	-235.694798	-226.306534
655	-325.771459	-296.086920
3966	-376.570141	-152.822311
2388	-309.695742	-278.346302
3158	-269.271320	-197.684125
3146	-289.872162	-290.203488
1454	-288.652757	-244.277925
2780	-272.545389	-232.490999
1403	-308.462299	-260.376564
3571	-309.676719	-282.815836
67	-172.006141	-77.310033
341	-273.735711	-239.333116
2678	-285.255563	-36.793940
3721	-284.372483	-117.428141
1683	-346.829154	-325.137605
1476	-308.455419	-265.293422
1924	-340.591587	-304.116178
111	-344.470970	-309.480820
2258	-303.453218	-241.147586
2113	-344.391557	-292.100270
2891	-308.511094	-261.676043
1211	-286.498633	-247.640696
335	-361.729115	-332.147200
1992	-325.723538	-295.208893
265	-236.916125	-192.346428
2360	-340.636727	-297.767289
2825	-360.576433	-309.632829
1190	-377.830859	-332.938548
2721	-271.401725	-214.498630
920	-281.489179	-34.346035
683	-348.060054	-332.082891
2229	-319.560814	-227.172032
2048	-235.699029	-229.394460
3864	-288.639421	-255.647494
1856	-321.958301	-282.784598
647	-338.268974	-279.610733
1689	-336.823026	-280.942585
763	-308.429953	-274.237466
2357	-325.754267	-297.755576
824	-310.952875	-288.384468
2421	-249.395323	-194.319984
1044	-304.687053	-233.191131
2809	-344.506029	-307.280956
599	-343.312201	-105.155086
2949	-346.838702	-324.898101
3801	-310.937414	-292.136431
1973	-340.637231	-300.387077
1828	-284.993731	-112.522106
326	-236.917664	-190.196700
3300	-344.499155	-305.185510
2352	-288.589622	-241.747549
173	-396.486463	-265.852428
1904	-304.752598	-267.734874
3211	-310.908555	-288.781336
3837	-343.468335	-283.014922
2907	-344.466563	-313.375373
2249	-392.653825	-264.333269
3156	-362.941094	-335.090194
1850	-323.407987	-261.898753
359	-346.832402	-322.232379
2183	-339.459869	-102.474394
2105	-335.635972	-94.602577
3660	-288.651313	-246.460625
3120	-309.689111	-280.949073
3725	-309.710255	-279.194699
109	-158.340943	-90.169164
1648	-345.660642	-327.706098
854	-383.971058	-364.930780
693	-234.520624	-189.364094
506	-234.516241	-188.185773
1938	-341.826148	-301.393479
3577	-361.716705	-320.436628
3744	-339.414779	-99.709963
981	-303.499320	-261.854181
3065	-344.486202	-310.010589
2524	-392.642251	-264.804601
2713	-310.904631	-289.186353
1441	-303.469082	-241.435004
1882	-273.764420	-233.713477
514	-309.685045	-281.353380
2754	-309.674575	-280.615945
3456	-276.206318	-239.061182
421	-288.627624	-250.836686
1458	-288.648179	-240.879099
3009	-307.265383	-267.755210
1450	-273.757658	-235.424230
741	-344.434318	-313.856549
597	-309.683901	-282.527988
2042	-232.364952	-182.776894
3275	-308.757315	-283.828215
2664	-348.047695	-335.860301
2188	-288.690060	-253.795298
3365	-396.458774	-270.973622
2512	-346.823548	-326.880896
3518	-340.655390	-301.180962
1993	-339.504090	-103.122518
1206	-342.315546	-194.185327
1251	-322.482659	-81.244411
3803	-287.351460	-229.711813
1100	-380.373569	-156.616121
2289	-325.766945	-292.648851
3608	-372.729173	-143.072080
2928	-324.540084	-282.345805
300	-324.602433	-280.571107
1099	-231.975652	-171.340516
1658	-287.337578	-239.478994
317	-325.797397	-299.692503
163	-319.624414	-257.685976
2750	-268.301176	-19.071598
2458	-361.683558	-328.966027
3278	-298.952950	-273.025195
1939	-242.205627	-204.147610
2735	-309.690179	-276.516854
995	-360.542928	-292.603893
2696	-353.269456	-321.215744
913	-352.855499	-301.987246
3198	-288.680991	-254.765952
283	-355.460155	-212.608495
3935	-289.875063	-298.522924
2528	-308.467760	-255.692897
428	-324.570042	-284.015434
3810	-372.726782	-152.409772
996	-307.544316	-271.265394
535	-248.416462	-183.609238
2518	-360.566272	-301.076060
254	-285.284456	-33.520707
1883	-346.839066	-323.344893
3204	-306.313706	-213.887308
1846	-344.370966	-313.257367
3087	-392.563319	-271.213815
1588	-323.678800	-279.878759
1657	-338.273162	-279.348063
3703	-287.697316	-258.774910
185	-361.726913	-335.191466
1908	-286.508233	-243.518765
402	-312.124533	-281.145027
2666	-303.423742	-264.498333
2231	-346.825174	-325.572727
2153	-309.673226	-279.351354
3602	-361.683811	-326.890540
897	-345.659998	-317.399487
2391	-310.927566	-285.880836
3028	-346.861640	-325.242052
3371	-286.517424	-240.682822
1314	-324.460304	-288.142476
55	-335.683118	-96.246220
972	-341.869909	-294.023899
2595	-303.465315	-240.213399
2910	-307.536915	-268.027006
2870	-289.872470	-297.416152
3053	-490.831786	-407.761206
2408	-356.708234	-282.949775
273	-323.312375	-262.279219
1892	-382.805933	-349.220980
8	-272.545439	-233.491314
3096	-338.175960	-280.510180
3471	-416.384141	-377.518582
1395	-375.348487	-326.328499
194	-308.496245	-256.830521
2957	-323.644468	-280.487355
2355	-336.816043	-298.629042
1729	-361.740062	-331.671881
2327	-381.624797	-342.675593
822	-336.845442	-297.013991
3101	-360.503577	-306.164082
3726	-382.754967	-360.917397
3452	-361.758902	-319.324087
880	-345.648463	-306.850270
2102	-361.723581	-322.216887
761	-312.126820	-280.201812
2344	-305.915175	-271.261077
3820	-340.655117	-296.118183
2581	-234.469389	-189.610183
2293	-269.216495	-178.517374
3798	-310.941861	-288.204188
1429	-288.579114	-255.047570
1840	-360.536972	-299.054113
3603	-326.952955	-350.210544
851	-270.117027	-212.405675
1486	-380.373644	-148.109435
413	-301.369263	-141.847036
1681	-310.908780	-287.675634
3651	-303.463214	-260.579922
1198	-308.449457	-265.934931
1580	-271.339821	-184.898374
590	-346.857871	-324.814740
777	-307.544712	-266.379184
2331	-308.516808	-262.694447
1832	-309.737802	-278.502109
178	-188.042067	-140.064191
2189	-325.762375	-293.026921
1540	-285.217962	-37.074229
1900	-309.689410	-280.674301
834	-346.828689	-322.817970
2356	-323.346816	-260.071937
692	-362.917261	-338.168762
962	-376.587043	-155.194796
2228	-308.518356	-244.820247
2829	-340.622886	-292.563388
56	-345.599154	-323.911056
1038	-267.106213	-194.199255
963	-345.645239	-310.007057
3799	-291.018995	-257.414560
1670	-269.230258	-186.696476
1259	-288.590804	-256.112113
487	-307.223588	-251.893311
934	-345.650323	-312.537391
3986	-355.516778	-213.689509
469	-325.775843	-292.013348
1228	-345.640969	-339.875428
1280	-356.683566	-296.531613
1649	-346.868661	-324.832875
1465	-382.796989	-352.619500
381	-341.835557	-312.117195
2667	-308.455402	-280.247774
3219	-339.428557	-93.994226
1945	-361.754136	-319.008435
2268	-302.558547	-229.082217
2763	-272.548325	-233.223367
2011	-270.099401	-208.235883
2895	-273.764673	-240.547768
544	-340.643340	-294.103398
3132	-309.670613	-278.989407
150	-309.732713	-278.579412
1771	-287.657053	-254.151733
1639	-345.640072	-315.559936
3696	-308.474441	-271.181433
1804	-324.542706	-281.983747
1056	-271.618179	-240.865360
1170	-310.895183	-292.403940
1022	-310.902683	-288.208195
2154	-360.512793	-306.322594
1591	-249.397368	-191.035682
2717	-309.726244	-281.337210
333	-308.507517	-273.226861
3639	-345.680996	-314.407367
3530	-309.739069	-280.356035
2838	-324.547436	-284.510115
2824	-304.720708	-260.514093
3321	-251.726162	-214.952850
1753	-375.351387	-325.887190
505	-338.531538	-190.673102
1125	-285.292217	-40.028683
1440	-270.441325	-217.334250
3005	-249.248680	-197.449665
2693	-340.638326	-309.350244
665	-288.571762	-254.896303
2734	-309.719592	-280.333142
1207	-324.584396	-292.096117
2580	-309.722373	-279.568892
3959	-305.831035	-276.573592
2946	-345.649552	-317.445096
1509	-345.612220	-313.498149
3182	-287.440436	-227.244886
3109	-324.582824	-285.035111
3705	-345.665479	-326.513897
2418	-304.734646	-265.574476
3333	-361.709769	-340.408868
3392	-361.774979	-312.694040
2849	-355.442748	-212.270579
1930	-341.835805	-306.675197
497	-287.470402	-224.679283
247	-304.688358	-243.088911
1684	-320.783029	-280.422883
938	-331.411639	-266.837899
2114	-307.528446	-263.809017
1075	-325.751822	-298.269796
1962	-382.756724	-354.801117
22	-324.575190	-280.887745
573	-286.504534	-235.974311
2507	-291.014750	-255.680097
3643	-309.660190	-280.936499
620	-346.820834	-324.383657
1048	-286.495416	-243.765683
3842	-376.587741	-156.126163
2755	-381.595252	-352.137823
3490	-359.315205	-218.400210
64	-362.945802	-340.242138
2555	-287.427764	-227.726161
3488	-340.672417	-304.603535
940	-325.787515	-293.496974
1560	-340.645686	-302.014013
2718	-382.782995	-377.330582
682	-302.303791	-56.115249
128	-303.785832	-265.162257
342	-323.351196	-239.570175
1432	-324.522792	-279.879278
657	-270.392759	-215.713674
2464	-297.555801	-137.168142
20	-270.370102	-221.897616
1214	-341.865386	-312.602364
1121	-333.449362	-308.542929
3631	-303.560350	-255.439999
1711	-345.611239	-314.430501
2394	-355.446449	-212.886452
1312	-381.612501	-346.837823
1499	-320.779994	-283.618234
2028	-346.821466	-327.670440
2534	-362.960595	-341.281449
686	-391.370332	-371.334107
1443	-346.867442	-325.247555
2897	-346.825923	-321.742322
1531	-345.640098	-318.222452
2817	-340.641240	-292.852752
1562	-309.676327	-281.352327
509	-307.238995	-241.335612
621	-310.899323	-294.298156
878	-308.466070	-254.621415
950	-324.580266	-281.467224
2371	-307.253245	-272.417188
2254	-359.388326	-216.149439
2410	-361.673369	-324.243864
2290	-343.224836	-97.237693
1485	-309.731369	-279.048944
2927	-324.500425	-282.050591
1944	-325.796840	-291.510345
853	-76.404702	-147.825110
2933	-360.538112	-293.122305
1967	-288.573475	-255.604111
1300	-324.595031	-286.017731
2139	-381.581478	-340.656437
1750	-287.645651	-246.442392
1792	-363.504227	-224.352846
1903	-309.678054	-279.419532
3161	-309.678595	-280.268747
1000	-339.452428	-100.046192
859	-308.468407	-259.911231
3113	-324.531139	-279.453851
3832	-346.836423	-321.213041
1538	-348.050463	-339.624445
2120	-381.630205	-347.096563
3623	-341.892484	-314.073987
103	-291.024232	-257.457835
945	-264.243028	-88.919367
3527	-309.716030	-281.089289
2998	-246.027383	-206.021439
1513	-306.368494	-238.530850
872	-309.711438	-281.109630
2981	-327.026688	-350.986512
1806	-324.610229	-283.981913
738	-324.592221	-288.288658
2096	-345.661705	-330.788600
2358	-322.169697	-167.251243
366	-324.576206	-278.102745
1532	-309.731599	-278.143272
1664	-310.904974	-290.370128
1640	-304.583737	-255.036596
3460	-288.678290	-245.686975
575	-272.582834	-233.210547
3267	-320.776472	-278.717261
3612	-309.738513	-281.365183
2882	-322.444150	-80.381316
1956	-308.461475	-248.806228
2550	-271.628346	-238.683356
3873	-348.051405	-332.894203
2969	-286.484904	-243.013955
485	-250.585183	-184.673912
2890	-309.738198	-280.033832
747	-359.350089	-218.093259
2868	-270.407057	-222.973411
736	-325.799293	-298.111538
1566	-380.438011	-153.194518
33	-264.504487	-13.394848
3373	-271.613890	-232.021541
3458	-345.693035	-321.342392
1970	-362.897428	-339.835378
3852	-361.710525	-325.908314
2687	-377.816463	-336.767090
2097	-345.639692	-330.154474
3064	-326.983087	-352.501467
1114	-302.353948	-57.599692
345	-309.704732	-282.690777
1466	-340.657975	-304.933073
2382	-380.343633	-149.765420
221	-310.917273	-286.903792
2859	-362.909074	-337.973118
720	-381.594735	-351.198242
1896	-326.971392	-349.044488
1543	-323.360471	-232.587090
1449	-308.507220	-254.798626
1029	-325.751230	-297.017244
903	-309.685872	-275.762622
998	-302.306196	-56.482395
3848	-324.564634	-279.142577
557	-312.122696	-283.809815
158	-308.540079	-262.282760
3974	-323.433262	-255.761279
2965	-344.689237	-311.101387
108	-345.614707	-319.151684
327	-324.607903	-276.536863
1456	-308.496384	-249.191198
3048	-381.616883	-340.990825
3378	-325.831718	-296.295734
1601	-345.646864	-325.058038
598	-193.088340	-12.121183
2058	-356.710498	-303.280129
2127	-308.519863	-249.792297
2881	-345.594203	-317.731164
3011	-310.902708	-289.157416
2454	-288.578155	-256.256884
3073	-309.734862	-281.329216
3821	-308.427345	-269.157928
526	-344.430692	-314.480673
3022	-234.455424	-193.659513
864	-323.337623	-259.310385
3328	-324.549529	-276.193625
660	-271.630416	-238.901489
1434	-344.482088	-308.716720
1316	-361.652250	-322.547048
3522	-309.691414	-281.341378
299	-195.196751	-129.300112
492	-305.904760	-274.182300
116	-346.831175	-323.457447
2117	-346.839895	-323.453155
3185	-348.053386	-333.094331
3583	-325.721011	-298.364099
3111	-318.340705	-155.635939
1954	-226.144377	-142.269588
2862	-309.693471	-281.411299
3345	-312.120708	-281.806467
1886	-302.286171	-58.197134
3891	-346.821929	-325.204884
3474	-309.730988	-280.605488
3680	-305.904722	-272.566812
2796	-345.678871	-329.639614
3952	-269.175627	-213.167340
1373	-324.557383	-287.692603
164	-340.675814	-301.305401
2543	-376.588479	-146.090506
804	-248.395289	-179.592021
3565	-286.474509	-245.859746
905	-360.513668	-297.747488
2164	-304.744503	-269.754547
2576	-306.418503	-247.553597
1437	-376.547304	-153.276991
958	-302.599262	-241.988234
1680	-377.842223	-342.088179
135	-301.341304	-142.619959
1327	-320.768458	-277.987296
3424	-348.051118	-335.439854
387	-268.248806	-24.056100
2346	-310.909551	-288.009421
145	-310.929561	-287.526759
1647	-343.242553	-101.319510
1347	-359.361259	-218.727209
2536	-273.758980	-240.411914
757	-345.678211	-324.711422
1385	-309.679840	-279.695990
61	-308.462933	-252.825518
80	-392.672883	-266.090626
3944	-381.563295	-342.353842
351	-345.625747	-345.030413
1999	-233.547877	-203.099213
