no_training:1500	no_test:2493file identifier	 training data
2050	-362.937518
38	-309.736982
1600	-249.301818
3425	-324.547564
2892	-325.728271
3087	-392.563319
764	-233.560626
1337	-286.498779
686	-391.370332
2637	-325.687098
600	-268.859550
716	-325.758431
3149	-372.694726
3678	-285.255880
2921	-310.904813
3610	-360.476593
464	-324.485629
458	-340.699868
546	-306.365166
612	-397.697891
1886	-302.286171
1300	-324.595031
2643	-372.711859
1966	-302.558699
498	-273.791878
1771	-287.657053
1028	-360.421732
3457	-324.559213
1750	-287.645651
3516	-324.634527
2624	-309.699280
390	-306.070291
301	-324.570823
2203	-310.911529
595	-340.652012
2964	-362.945907
2016	-308.569875
2683	-309.686061
582	-325.833302
1768	-289.789940
967	-372.742461
1871	-306.406578
601	-324.603558
833	-325.761605
910	-270.384937
769	-271.361537
3773	-345.602641
304	-322.464725
3445	-286.508374
3098	-345.658421
394	-344.385642
2762	-306.370119
3602	-361.683811
411	-397.680771
1959	-324.603913
1905	-231.145151
1855	-360.497728
2986	-340.629609
961	-326.950279
3158	-269.271320
1115	-325.773014
1628	-345.637174
24	-345.608180
2677	-309.684577
3118	-236.917873
67	-172.006141
2604	-304.743934
1175	-361.742598
1378	-346.867789
728	-309.678404
3497	-392.627857
1743	-346.856186
3185	-348.053386
2059	-345.674176
832	-308.470270
1298	-308.505512
316	-341.858490
2356	-323.346816
3037	-288.567911
2932	-285.320198
3848	-324.564634
1541	-310.912991
698	-274.985880
637	-360.557419
159	-273.773408
2947	-355.510313
1305	-319.621560
3141	-345.651109
3144	-308.472241
3038	-288.542113
1777	-265.408147
92	-301.343578
413	-301.369263
62	-309.677968
3110	-236.917458
3342	-153.787612
3376	-273.775510
3921	-343.218379
3736	-355.517745
2537	-317.434422
3536	-352.836930
743	-309.719124
266	-308.477155
3491	-361.750275
1424	-212.438188
1525	-345.608193
2278	-345.650717
2410	-361.673369
2760	-155.908941
2694	-317.396153
326	-236.917664
1519	-352.874613
2391	-310.927566
760	-324.605411
491	-287.737498
1195	-285.287913
3945	-304.737186
3501	-318.409788
210	-362.938898
645	-308.540795
1631	-345.642285
151	-270.397623
274	-272.539126
3494	-324.573795
936	-382.773457
3017	-271.339346
3205	-341.842686
2742	-348.048844
1054	-323.427722
3534	-320.785748
944	-320.766684
3530	-309.739069
1820	-324.522751
3691	-352.852117
1883	-346.839066
1024	-302.535621
2207	-301.330754
1810	-288.653294
1108	-341.839596
3554	-309.689751
2511	-250.500016
3179	-270.408713
2102	-361.723581
2397	-308.772292
3191	-284.360325
84	-345.610574
353	-197.632222
2098	-327.020807
137	-287.440932
369	-361.733362
34	-306.355655
2597	-412.494644
3728	-234.474951
366	-324.576206
2086	-308.486338
428	-324.570042
2759	-393.905418
1037	-306.397746
20	-270.370102
3090	-287.362939
1825	-271.656372
3892	-271.608843
3600	-325.781571
683	-348.060054
3791	-360.491959
2344	-305.915175
2860	-345.600676
3717	-275.014300
2345	-342.329232
1399	-341.826906
3474	-309.730988
3060	-270.441145
2512	-346.823548
1253	-312.126356
1942	-382.751274
2617	-248.151318
2726	-324.475651
1182	-304.738393
2559	-319.571638
3251	-306.056425
1969	-360.529678
3984	-344.418857
710	-340.625597
1623	-229.615446
1474	-340.654517
3817	-288.554600
1730	-345.663299
299	-195.196751
3477	-348.046236
219	-307.221351
2700	-304.687547
866	-340.620625
3720	-308.561301
2110	-341.867094
1129	-340.618148
984	-248.443503
3012	-276.205920
1718	-356.706262
2330	-287.681216
799	-310.910909
3563	-227.798785
3820	-340.655117
2577	-381.600777
170	-340.667287
2148	-309.718089
3699	-355.497878
3361	-324.558989
1621	-346.884834
1780	-345.606551
1196	-346.840727
1459	-306.320451
916	-345.608831
3875	-309.655400
1877	-287.407788
784	-377.848074
921	-325.682121
1715	-286.486570
2583	-346.859078
3040	-360.506446
401	-325.712603
2803	-327.013853
2941	-340.635024
1444	-304.691748
3320	-310.952127
2871	-308.460407
544	-340.643340
499	-340.611683
3955	-323.391458
2385	-310.911571
3882	-194.261089
1098	-356.649302
2115	-266.626759
1624	-340.670034
2218	-325.756157
2910	-307.536915
1075	-325.751822
3859	-308.499978
1366	-345.633122
2564	-325.789398
3123	-309.702150
3309	-274.989422
1055	-345.681183
2990	-376.661483
1323	-289.811983
3765	-453.654335
1281	-308.457113
3313	-360.526364
1121	-333.449362
1489	-266.777425
2241	-346.857051
1802	-361.715983
2322	-355.508682
2870	-289.872470
2381	-346.856604
2442	-345.636611
813	-361.733052
2955	-346.822341
3006	-308.470648
2517	-308.462063
1105	-302.306944
2398	-319.533364
422	-288.692943
545	-356.698773
986	-347.459586
541	-325.714161
3883	-308.516508
1798	-312.126342
1926	-273.773955
2675	-303.787203
27	-324.573866
2940	-339.418028
3044	-363.519194
3015	-359.362011
1532	-309.731599
2773	-325.684055
176	-308.554162
3413	-308.440890
2602	-345.645491
2979	-320.767064
976	-382.776658
574	-271.665153
477	-265.399968
2217	-344.408081
66	-337.302324
1763	-325.799404
3952	-269.175627
58	-304.683044
2192	-307.232824
1988	-312.124451
1805	-344.380468
402	-312.124533
2108	-267.944278
240	-286.517094
3104	-310.941183
3972	-359.339915
3147	-338.530072
3058	-247.214450
63	-287.377993
3005	-249.248680
1116	-356.691214
1840	-360.536972
1111	-335.656557
1338	-320.793141
2335	-346.825562
1113	-234.484521
1192	-326.947461
95	-351.666551
2816	-310.905786
462	-234.474088
1781	-324.582445
550	-319.568017
375	-346.857432
1158	-268.251114
99	-336.813559
1092	-360.552974
1429	-288.579114
132	-308.469258
702	-379.000257
1347	-359.361259
2794	-304.681399
3026	-250.478855
2361	-304.727460
1181	-323.657279
94	-362.955075
3573	-325.730390
2667	-308.455402
708	-306.313133
2858	-346.862070
2886	-324.530742
730	-336.821088
955	-345.632414
828	-361.684892
2516	-309.661518
2168	-310.899911
1843	-362.899677
3803	-287.351460
1332	-209.144909
418	-324.565412
2290	-343.224836
2774	-310.910631
3392	-361.774979
3257	-308.472221
1234	-325.796704
2854	-325.810616
3504	-308.561061
510	-234.491176
3102	-310.903589
319	-352.845678
2406	-306.386594
3674	-309.731169
2907	-344.466563
2626	-305.900638
3152	-335.591582
1344	-341.767606
101	-324.507184
3302	-324.577047
3453	-321.254976
1359	-229.927277
3126	-360.523204
3904	-356.716094
1693	-234.474613
1481	-376.634518
2191	-359.317050
3744	-339.414779
3806	-309.676410
2988	-310.923406
2967	-305.841708
395	-234.447743
3300	-344.499155
3068	-306.015194
1548	-306.308471
1400	-306.067385
163	-319.624414
3866	-341.882531
2309	-272.583285
1503	-327.014214
349	-309.687623
1004	-355.416555
918	-310.917344
3194	-301.367422
1681	-310.908780
2557	-273.774103
93	-340.615011
781	-362.918463
2521	-361.728609
1142	-309.702591
2366	-286.466852
229	-361.648305
2799	-340.702898
1906	-324.613156
1989	-287.426977
2127	-308.519863
1646	-340.684749
3829	-323.654114
1389	-272.510742
1924	-340.591587
718	-392.601894
1454	-288.652757
3322	-272.536448
3661	-287.358011
3022	-234.455424
3721	-284.372483
129	-308.512092
973	-325.790444
1352	-304.677606
2125	-310.908354
3576	-325.729906
2342	-309.680487
115	-356.682218
1912	-310.915653
1009	-266.763445
2446	-361.740252
2658	-308.461040
2904	-302.545112
3746	-309.736797
2308	-324.460752
543	-310.937295
3449	-297.510804
1125	-285.292217
2329	-324.557240
2453	-268.273240
2953	-348.047609
1909	-345.630398
3843	-309.717869
128	-303.785832
3182	-287.440436
2630	-282.871678
1149	-325.796862
2149	-341.878745
572	-356.752533
2082	-302.567313
351	-345.625747
1615	-287.344000
2151	-289.802108
2105	-335.635972
2074	-285.300440
2576	-306.418503
119	-327.012568
1270	-307.571937
3808	-345.614760
3028	-346.861640
2847	-307.566260
1671	-309.708282
426	-362.933001
1419	-344.350927
212	-324.605613
3447	-270.389803
2696	-353.269456
1848	-273.769835
3613	-308.483617
76	-325.685245
3177	-287.662612
1064	-276.202311
3812	-271.623066
906	-383.969892
1114	-302.353948
71	-346.864282
2215	-289.795079
2466	-325.785959
3858	-308.459001
3944	-381.563295
1580	-271.339821
3235	-339.416290
5	-351.628383
1982	-345.609374
1049	-323.336196
2587	-376.609234
3899	-337.265273
455	-340.664551
1215	-335.566430
1254	-325.753541
1144	-264.255612
634	-154.960361
2635	-323.324700
1700	-320.782427
3723	-345.597175
2785	-310.915445
1183	-325.750970
3935	-289.875063
2834	-325.699665
1925	-309.677276
3371	-286.517424
2260	-271.351786
100	-361.702143
1299	-348.043466
3929	-321.233569
3210	-336.808333
2588	-376.538277
2969	-286.484904
184	-322.436757
657	-270.392759
278	-397.667072
1656	-323.352987
3590	-340.660106
3919	-304.721921
437	-309.705971
2222	-340.678668
621	-310.899323
2426	-340.650391
3508	-309.675176
1151	-392.620909
2949	-346.838702
2035	-249.294409
2685	-344.426408
2075	-345.606444
2314	-345.658870
1321	-234.472577
2595	-303.465315
966	-339.467091
1133	-308.517070
3020	-287.430903
50	-357.934562
2003	-324.579943
3571	-309.676719
1742	-288.583008
3964	-336.853985
810	-269.144656
3299	-325.725069
940	-325.787515
3598	-340.671493
504	-356.680129
1107	-267.060326
2245	-308.434866
935	-269.154939
449	-325.753993
1934	-341.769746
558	-344.464151
1145	-312.129019
2777	-336.817321
2786	-327.009009
3418	-308.467120
1057	-391.518453
1660	-274.985107
293	-377.807580
273	-323.312375
834	-346.828689
336	-308.524858
3550	-341.825957
2353	-281.504579
2012	-382.788561
896	-323.312767
2469	-270.392444
1878	-346.819711
3560	-286.463470
1644	-325.774769
696	-356.709466
3391	-306.403144
3283	-287.404397
3948	-340.614465
2289	-325.766945
2313	-312.122262
3824	-302.288055
629	-309.712115
593	-303.525517
2837	-325.730097
1090	-272.500426
3273	-288.589678
3718	-195.186772
735	-309.716570
1720	-309.692095
1897	-197.629387
1774	-324.585556
726	-346.870614
2476	-346.865438
3160	-362.937857
2156	-346.827596
3252	-340.610842
3877	-340.623773
1815	-345.663783
805	-309.658574
640	-345.616264
2332	-342.335241
3990	-303.459637
1961	-197.629416
2160	-345.674929
1493	-335.643923
1368	-288.584029
42	-376.564691
2166	-343.239068
378	-356.705084
1551	-324.575851
1727	-324.606977
3233	-304.691526
1443	-346.867442
1860	-308.507458
109	-158.340943
862	-361.764434
2175	-324.545475
3633	-380.412093
3136	-340.660061
2807	-269.176124
2403	-326.955365
2097	-345.639692
1896	-326.971392
454	-265.283843
2304	-286.431160
3390	-309.736085
643	-345.663386
3084	-325.781161
3726	-382.754967
1524	-272.550818
2917	-267.068488
110	-346.869123
122	-339.419649
1126	-270.392715
2703	-309.722894
616	-345.676243
584	-309.681686
1460	-309.684108
711	-341.849127
1516	-249.358446
3630	-287.660591
3930	-338.542975
1983	-320.792773
113	-360.478880
1288	-324.635136
1241	-345.608395
483	-309.705795
2190	-324.574822
3939	-317.386479
3327	-348.059242
2632	-306.344083
2348	-285.253877
3890	-341.849730
3884	-323.333263
2393	-324.608961
3385	-324.583090
993	-317.364547
3898	-356.700248
2781	-288.581699
3083	-381.591448
324	-307.534482
1310	-307.529289
2725	-269.218553
817	-345.619715
2906	-340.657508
3206	-346.853173
691	-361.734668
2869	-306.113519
2883	-308.757991
431	-361.712798
824	-310.952875
2908	-271.620997
2461	-269.170508
130	-274.988525
666	-381.593528
1999	-233.547877
3595	-345.600227
469	-325.775843
3064	-326.983087
1106	-231.106310
2627	-235.695309
2079	-363.517297
1091	-309.678344
29	-344.425700
2952	-308.511290
3652	-361.720088
178	-188.042067
2000	-309.736479
2014	-371.537915
3706	-345.687338
3688	-322.476720
57	-345.635513
642	-234.476516
3124	-308.562031
3117	-346.824942
559	-362.935404
775	-344.469204
774	-395.551843
980	-356.743821
1239	-356.710448
1636	-233.551389
625	-308.514390
1515	-360.502298
2823	-309.730966
83	-344.434906
2666	-303.423742
1668	-344.433140
1570	-325.783642
1317	-344.393241
2077	-309.736028
2302	-492.008892
2362	-305.134491
3978	-282.861121
1887	-361.696319
2690	-231.093096
2227	-356.712771
2350	-341.853951
2319	-271.316064
626	-288.653249
14	-302.238859
736	-325.799293
1076	-361.656187
436	-360.521191
2214	-245.994065
1245	-310.907810
1275	-310.936083
1272	-308.486687
3914	-325.805781
1799	-346.861635
790	-341.836780
1155	-272.838189
1097	-325.784473
1220	-325.800532
36	-344.382282
2015	-308.518276
2399	-308.430606
1612	-310.902795
1407	-235.694798
694	-344.360007
179	-362.928160
1842	-362.894239
22	-324.575190
3583	-325.721011
3827	-270.435807
1709	-326.941251
1471	-346.857623
124	-271.621961
3339	-356.699649
3095	-339.431197
1237	-360.542541
1334	-273.765782
1036	-340.609236
3853	-271.336383
1472	-306.080007
2802	-325.804486
1752	-296.265627
2644	-320.786990
1202	-361.725394
3029	-285.281493
1829	-382.804482
1313	-324.502042
181	-412.528245
2034	-345.586124
2340	-310.899612
1908	-286.508233
96	-375.359188
3014	-269.263802
2734	-309.719592
962	-376.587043
3045	-310.906568
2324	-346.831385
1051	-346.860404
297	-325.833945
3437	-288.585212
3708	-270.397474
516	-312.134532
1869	-269.207716
3545	-310.915918
54	-195.186228
571	-339.423497
432	-344.390227
3263	-285.326726
1200	-346.908492
465	-266.553159
3209	-346.834502
2612	-345.627545
1873	-346.842529
3627	-323.347112
323	-309.647349
153	-347.466594
939	-344.481802
2689	-309.673807
1590	-344.415609
1095	-324.603415
2711	-322.460671
3918	-289.794194
2255	-360.513163
2866	-344.431605
1398	-234.469383
2427	-339.474134
1186	-359.296697
3594	-272.544482
239	-270.446608
2155	-343.243883
264	-339.450073
2687	-377.816463
167	-310.912077
147	-345.615452
3920	-319.574905
2911	-289.871661
3548	-79.764152
2312	-344.416076
1027	-360.529992
313	-361.721849
3254	-287.469473
3783	-310.912792
1283	-345.605635
262	-345.647032
2006	-339.486095
3535	-323.235679
3486	-437.484875
500	-308.452306
3654	-307.541973
2161	-361.735863
2693	-340.638326
1919	-407.364323
1311	-288.545722
561	-264.226909
2795	-379.572458
3569	-272.588302
245	-340.656722
2919	-340.635773
2541	-341.834413
1010	-340.666160
2206	-312.126404
668	-267.103350
3135	-272.569212
1008	-248.448467
695	-345.700085
3915	-309.687698
2568	-325.718022
886	-304.728323
2671	-344.377098
2669	-309.763785
3507	-376.594067
989	-272.839582
1938	-341.826148
1497	-251.731545
1163	-397.709232
2071	-246.029150
3353	-324.514429
855	-271.614051
2204	-310.904876
3634	-340.646592
849	-360.532987
3860	-308.505267
2865	-342.307696
958	-302.599262
2231	-346.825174
3869	-324.525580
801	-273.763117
2474	-357.944802
881	-234.470813
41	-345.649146
884	-276.202586
88	-345.655534
1324	-270.399280
1077	-326.938562
2645	-362.923114
1949	-340.674935
382	-344.494711
70	-346.874234
350	-320.793580
2094	-325.812885
1401	-307.265351
667	-360.533083
3063	-317.413890
2663	-361.722327
2727	-271.330291
1074	-304.697680
253	-305.838224
3933	-307.569255
3619	-325.779372
2515	-323.341413
2169	-356.733974
2471	-288.628801
1295	-346.829652
1816	-344.357220
530	-360.503506
3244	-323.320332
638	-345.695868
2326	-320.768781
2494	-274.984732
143	-302.355005
1043	-324.605875
2562	-375.357530
536	-323.348544
3492	-345.645245
0	-351.615495
3335	-275.020322
1696	-320.785074
2436	-308.473229
374	-372.796889
1289	-344.439723
1591	-249.397368
3626	-310.902465
3291	-362.911941
2505	-344.440744
3992	-319.576017
3867	-356.726146
80	-392.672883
3364	-305.057353
3460	-288.678290
3047	-285.293918
2522	-307.545457
3009	-307.265383
43	-319.572842
3585	-308.497008
2272	-324.528642
2735	-309.690179
2178	-339.455981
646	-323.641347
2232	-56.525887
2533	-265.438520
1954	-226.144377
1112	-287.644079
1020	-303.566436
3434	-360.560766
703	-340.656580
1161	-308.513516
2849	-355.442748
3722	-308.759135
3308	-381.582831
858	-340.661797
3237	-303.553222
2230	-262.056533
2085	-309.695312
3612	-309.738513
3463	-304.735360
257	-324.569867
2473	-324.497671
1563	-376.575382
2939	-352.864008
2682	-324.528297
470	-303.460335
3903	-340.636306
1343	-310.895432
1184	-286.506282
3314	-305.846541
2569	-281.476967
3475	-321.247305
456	-336.811524
1528	-360.446475
1972	-233.542445
1326	-266.616319
2236	-235.698987
2451	-359.328735
3831	-451.528971
2655	-235.723792
1678	-310.955296
872	-309.711438
3670	-286.248451
2076	-274.982287
2697	-360.495788
3312	-323.647099
1488	-320.766344
1199	-377.813742
1997	-271.666841
2419	-287.353473
2163	-324.503356
1821	-308.473320
1422	-361.728608
1685	-338.273553
3553	-346.830674
182	-324.474954
1767	-285.277900
3909	-310.945132
2200	-344.426799
2045	-324.495988
3367	-269.216969
1230	-323.396217
457	-380.372151
3951	-326.977685
1418	-325.725274
2812	-381.619786
923	-322.135797
3436	-361.762744
105	-309.727110
3624	-324.614194
3067	-271.304881
244	-346.835129
3819	-397.692021
1287	-355.515622
1235	-265.447270
1225	-196.409349
3934	-381.630276
268	-362.957295
3607	-325.801523
1807	-344.469516
551	-382.817123
35	-343.197784
3851	-326.998454
2488	-363.508158
3458	-345.693035
3772	-356.752251
233	-301.382062
3692	-281.505078
1920	-361.714679
2235	-318.409670
895	-356.728690
2386	-352.829520
2380	-327.025010
435	-306.309029
1755	-304.686811
1255	-381.635881
427	-382.798099
1994	-383.983835
1455	-381.570969
2585	-249.269471
2558	-472.145935
953	-392.650949
3151	-362.873906
1358	-340.682075
2048	-235.699029
3219	-339.428557
2435	-229.013797
893	-232.317400
1903	-309.678054
2420	-340.625366
3097	-309.716094
2103	-346.834331
3580	-345.661657
999	-308.512721
2722	-344.423318
133	-271.642927
1620	-270.431243
1917	-325.790782
1793	-325.725688
3349	-207.916786
271	-361.759779
2715	-345.709596
836	-324.606601
2248	-377.773452
2531	-157.115484
2653	-361.749428
563	-345.644179
2509	-344.380267
1915	-361.705669
1657	-338.273162
740	-344.452972
3325	-341.836362
1292	-323.652284
1362	-249.387499
3140	-284.987905
3707	-271.620156
3121	-344.419977
1495	-286.516879
3343	-320.735225
2049	-344.463291
766	-312.133805
2884	-324.471313
180	-360.505528
3043	-196.405320
2508	-324.574476
2493	-346.822460
145	-310.929561
311	-287.724713
2040	-317.409527
2863	-287.423372
3564	-303.533472
3176	-432.852890
2444	-318.641916
662	-341.843824
3702	-362.951503
2535	-272.835594
3217	-306.392828
303	-375.328197
1137	-271.622539
1833	-302.579718
3113	-324.531139
1725	-360.495137
2225	-324.612179
1247	-325.770105
3826	-372.742383
1279	-377.837977
679	-340.668108
520	-309.720011
3441	-372.686714
2031	-269.170061
3781	-274.984614
277	-302.288351
3421	-324.571081
2078	-324.575989
846	-270.434394
2721	-271.401725
2269	-308.452310
1470	-272.542270
1019	-327.016183
3132	-309.670613
1673	-309.733829
3690	-346.829378
2026	-272.837907
2551	-325.792606
3973	-356.659922
2680	-340.664901
2778	-325.711441
1773	-304.696646
713	-308.484017
1737	-323.398064
272	-322.161948
3671	-326.941692
3954	-271.611366
3319	-376.604793
904	-345.608456
596	-325.754527
3032	-360.508895
1329	-309.710338
1835	-376.631067
3275	-308.757315
3207	-355.520098
3769	-304.586424
3260	-345.595084
1881	-361.772040
3077	-336.822591
26	-301.359287
310	-308.480308
746	-273.802095
3758	-272.557350
3242	-397.707881
2010	-323.385837
1654	-360.518768
2250	-339.462492
2100	-343.199390
1360	-362.941781
205	-269.465281
344	-343.305175
1244	-345.616998
996	-307.544316
3066	-345.688382
3484	-341.890999
931	-361.763293
2437	-356.692640
1501	-288.653529
3212	-360.575745
3345	-312.120708
1561	-325.749687
3713	-325.748400
3411	-286.134060
3529	-341.843027
1891	-323.382399
3352	-272.834623
3431	-323.229212
2447	-323.330261
681	-312.126544
461	-273.773506
425	-289.769718
1967	-288.573475
2051	-325.790442
1932	-310.911279
1670	-269.230258
3025	-324.573338
473	-346.828378
3139	-344.437158
2608	-306.369631
3328	-324.549529
2862	-309.693471
3183	-345.642870
3214	-344.426062
3223	-341.794931
2291	-286.514923
2553	-302.545562
2360	-340.636727
186	-340.606711
3094	-324.601619
1381	-303.795699
2491	-381.634033
985	-320.770329
540	-346.830523
3657	-312.124380
721	-185.648533
3838	-271.318933
927	-340.676668
1082	-310.901659
2280	-359.345792
2733	-310.940764
2479	-271.622821
3169	-310.902849
822	-336.845442
1560	-340.645686
472	-273.761356
3942	-287.507193
840	-289.871520
650	-193.034094
2755	-381.595252
279	-306.012858
1190	-377.830859
3054	-269.129580
1397	-271.624640
2670	-326.934805
365	-361.740208
614	-383.982605
699	-307.243079
2590	-340.650928
954	-324.612244
589	-340.604189
2555	-287.427764
2396	-307.546144
2688	-284.964138
17	-345.612580
1464	-381.610550
3278	-298.952950
1463	-362.938449
729	-343.084333
1213	-324.530103
1992	-325.723538
2787	-324.505365
3137	-272.533448
3880	-357.942023
2293	-269.216495
1662	-377.834156
3640	-309.692577
1756	-326.935440
3428	-288.564752
978	-324.545574
3360	-382.810709
3173	-325.791830
928	-345.665412
819	-276.204532
873	-273.763068
1684	-320.783029
199	-309.673895
664	-335.632054
2271	-310.916474
2301	-324.616647
3294	-340.693392
562	-456.105229
652	-345.620593
3742	-271.272557
618	-308.467888
1655	-338.217210
2629	-356.679047
1198	-308.449457
2007	-308.499105
3804	-324.573632
3575	-309.736328
3216	-344.380260
3578	-286.432515
1608	-361.758032
23	-304.679494
1846	-344.370966
3130	-270.427802
1386	-362.967171
2575	-308.759090
1435	-193.963318
445	-319.610687
660	-271.630416
745	-344.464270
3980	-372.708066
3478	-343.296547
827	-303.556664
225	-346.842403
484	-351.639205
1236	-155.897345
2257	-307.238509
1757	-285.313612
3539	-324.625415
1122	-345.601318
2605	-346.869041
2887	-345.641890
1530	-272.549380
1210	-340.641282
3544	-312.133269
3950	-270.439135
1576	-247.184334
3515	-346.852204
3388	-271.606364
1923	-287.427777
3790	-286.502445
2111	-348.048744
506	-234.516241
2311	-193.034988
1977	-312.131398
3558	-339.464817
3270	-273.788787
1663	-232.351764
2885	-309.686862
1277	-309.706892
573	-286.504534
3614	-288.627505
2240	-381.627040
1258	-344.472090
513	-355.518342
2691	-308.505543
2458	-361.683558
3741	-169.860788
55	-335.683118
1585	-360.545832
2134	-344.433965
2974	-396.486691
2961	-348.061993
806	-308.768073
3759	-270.393902
3863	-346.804974
21	-278.059333
624	-312.119017
1446	-319.575102
3836	-346.833711
2281	-345.643890
1233	-265.440660
1664	-310.904974
448	-346.831139
1069	-375.370023
2909	-361.687451
3967	-273.758273
2606	-323.344105
1605	-345.703157
692	-362.917261
1589	-324.608694
3940	-308.464824
3870	-345.605387
770	-381.612946
2649	-381.581036
2378	-339.490841
1263	-345.642008
2186	-320.782523
216	-307.283509
2739	-362.946034
1511	-271.315027
623	-265.457424
2571	-309.686348
1342	-361.712098
2924	-348.045292
3568	-308.468418
3669	-285.267165
3080	-344.436248
820	-326.934229
1858	-343.238086
2525	-324.569051
3035	-344.404557
2118	-324.560961
809	-361.738091
3989	-272.542369
3316	-264.261826
867	-283.179781
400	-376.570473
3305	-310.955141
3088	-308.459859
3664	-269.219315
757	-345.678211
3092	-340.610697
2367	-361.723620
3777	-339.431092
3075	-324.616343
3201	-346.845480
1669	-287.426878
2392	-272.551442
2268	-302.558547
2956	-360.528914
2647	-262.017735
3566	-325.830752
1930	-341.835805
2976	-356.737615
3823	-303.527274
3211	-310.908555
1593	-335.598739
2477	-360.539944
372	-337.283890
1056	-271.618179
2337	-324.588418
387	-268.248806
2247	-348.046805
3154	-309.714008
68	-286.519735
3960	-336.825944
577	-343.087962
3631	-303.560350
3304	-346.843297
3078	-383.966179
1811	-346.855968
1451	-348.052763
1863	-381.631601
376	-309.732528
3622	-304.726439
3378	-325.831718
505	-338.531538
3846	-318.393987
3546	-233.219124
1801	-301.335636
2966	-308.428791
1140	-304.683966
2927	-324.500425
441	-380.414967
1800	-212.439286
3821	-308.427345
3329	-310.909123
2021	-346.818246
765	-317.447668
1208	-345.608535
495	-342.297848
2096	-345.661705
2723	-324.554067
3891	-346.821929
2889	-341.871347
3873	-348.051405
2029	-380.417684
1167	-309.729139
1490	-309.691591
3466	-325.794624
2970	-339.501361
1596	-492.022084
328	-310.911163
263	-341.853650
1557	-322.456250
537	-361.731930
2936	-324.504178
2563	-247.215049
3495	-288.563768
1968	-324.538807
3249	-325.739818
3517	-396.475511
195	-296.296482
1385	-309.679840
3279	-356.732861
2579	-273.765811
3885	-304.728655
3985	-324.548763
2948	-382.790431
3816	-272.830720
1857	-307.540766
1070	-361.752301
1635	-360.520081
2897	-346.825923
1322	-271.619912
346	-307.586014
2835	-362.925466
741	-344.434318
2636	-306.112153
1487	-345.665813
3079	-270.401391
3570	-272.514475
3907	-291.017966
231	-346.860243
737	-336.836792
1986	-344.459234
2853	-325.794835
2719	-286.477365
3324	-345.641848
3685	-381.602419
2187	-310.904927
3861	-234.486176
1079	-287.347000
1602	-318.339586
2221	-308.512137
2107	-325.766177
2470	-309.688189
1336	-334.362330
1627	-301.363590
419	-312.128001
2072	-344.431636
2712	-274.985024
2370	-360.496984
1795	-356.736238
3292	-326.937372
2570	-324.626187
823	-361.732840
3253	-281.476938
1442	-308.465594
2699	-346.864540
617	-376.521083
1124	-271.651913
3255	-345.578846
444	-340.665581
945	-264.243028
701	-265.396194
2896	-356.725069
3427	-325.793904
2460	-345.631797
312	-234.485640
755	-324.568345
588	-309.684571
1975	-341.829025
2903	-308.505951
2099	-288.573876
1745	-264.171923
1026	-325.765414
338	-272.544500
364	-117.824798
1892	-382.805933
1294	-345.612830
2154	-360.512793
423	-304.694187
2743	-234.516409
2011	-270.099401
1529	-354.275774
28	-324.630221
1189	-287.322957
3430	-341.828533
2009	-273.812948
1168	-308.454820
1946	-346.841836
1392	-353.321142
3202	-310.908741
1047	-346.836177
555	-361.677945
2642	-324.578146
463	-309.715058
1217	-325.773675
615	-345.676743
1136	-271.296056
2234	-272.580839
1841	-325.788368
1703	-286.154755
2657	-308.451299
972	-341.869909
2766	-285.279992
3111	-318.340705
3986	-355.516778
3443	-346.866543
1468	-345.650338
1371	-288.596392
2676	-325.784384
3541	-379.527167
2504	-325.805550
3013	-346.883127
194	-308.496245
3089	-327.025329
1588	-323.678800
3473	-360.527434
644	-376.595314

file identifier 	 test data 	 predicted
1423	-344.413850	-344.397743
3159	-324.612512	-324.609921
3114	-309.692389	-309.652376
1219	-306.334850	-306.509606
1921	-310.904960	-310.922400
3221	-308.477915	-308.489625
1462	-312.136049	-312.040099
565	-356.730212	-356.675163
1564	-288.555332	-288.474537
3103	-340.631134	-340.694538
2928	-324.540084	-324.558873
3070	-281.491976	-281.635128
103	-291.024232	-290.397908
39	-340.687222	-340.678474
647	-338.268974	-337.988339
2717	-309.726244	-309.736140
1268	-344.411146	-344.749791
2664	-348.047695	-347.997720
1212	-304.733723	-304.713672
2321	-381.536295	-381.920083
2090	-308.473428	-308.549165
861	-360.488871	-360.585909
2518	-360.566272	-360.506767
2994	-345.597078	-345.618479
3647	-325.794522	-325.837612
511	-320.778636	-320.736580
709	-286.134079	-286.561470
3336	-308.477672	-308.354325
142	-307.594137	-307.603756
1760	-326.940002	-326.923123
693	-234.520624	-234.366354
368	-345.595021	-345.324178
838	-361.709679	-361.627448
2423	-338.238743	-338.411738
3056	-269.180682	-269.253968
722	-310.935212	-310.902496
885	-324.623780	-324.640739
2578	-324.576080	-324.560930
865	-304.728720	-304.765930
479	-77.308427	-68.137713
864	-323.337623	-323.383188
414	-192.762455	-192.926159
3618	-309.731536	-309.690101
98	-303.553222	-303.551705
3354	-360.529236	-360.466158
3277	-354.254979	-355.300090
2718	-382.782995	-381.717233
1271	-310.902165	-310.824532
201	-308.561649	-308.539509
1653	-157.116735	-159.750835
1465	-382.796989	-383.020041
1507	-310.914024	-310.889053
3099	-324.530718	-324.631185
3426	-307.387663	-307.071459
1483	-309.723988	-309.680357
2530	-345.673444	-345.852508
2449	-341.841190	-341.770505
188	-339.406341	-339.338873
3714	-265.398572	-265.373186
1302	-339.445855	-339.594898
3133	-356.679691	-356.646534
1643	-310.910140	-310.944553
609	-377.817369	-378.061098
2672	-355.556836	-355.705032
2709	-345.632155	-345.650399
2253	-325.818163	-325.791009
2081	-273.775864	-273.874871
3261	-232.025930	-231.550982
608	-309.688960	-309.713219
2761	-309.696507	-309.664003
1417	-381.586740	-381.268352
1714	-132.718150	-144.886915
1766	-270.387395	-270.317576
2710	-361.773017	-361.654592
744	-249.332005	-249.462002
3521	-342.324182	-341.965510
3326	-381.616196	-381.317256
218	-285.311823	-285.065162
922	-272.844560	-272.818815
2607	-275.007113	-274.303073
370	-356.698196	-356.751270
3272	-173.147782	-173.110319
3109	-324.582824	-324.575731
2220	-272.538190	-272.593445
3684	-362.958208	-362.958124
3987	-324.506120	-324.437330
1172	-357.927353	-357.918116
509	-307.238995	-307.117367
1683	-346.829154	-346.839257
845	-40.478930	-71.714333
1911	-272.582516	-272.558708
1888	-276.201993	-276.857651
2650	-361.727711	-361.743944
138	-362.875317	-362.847277
1764	-304.725676	-304.795730
386	-325.776001	-325.798429
566	-303.472917	-303.498814
2603	-341.863083	-341.948762
442	-356.712228	-356.705595
2306	-287.354343	-287.290771
3864	-288.639421	-288.395823
2925	-301.394865	-301.781893
3562	-360.524672	-360.798552
2401	-263.280728	-263.913590
1980	-345.680616	-345.736171
3046	-322.057728	-321.936410
85	-272.550580	-272.418834
1998	-324.536830	-324.497888
1812	-307.275809	-307.179932
1702	-251.727632	-251.672020
1794	-325.712420	-325.738043
1770	-309.719198	-309.715755
281	-322.479769	-322.317126
3085	-322.130736	-321.481968
114	-361.772743	-361.721189
3330	-323.360126	-323.432569
3138	-345.651520	-345.107582
399	-304.735224	-304.770867
785	-273.796695	-273.713962
712	-294.081616	-331.214648
3420	-306.358581	-306.506630
1711	-345.611239	-345.796435
191	-307.610450	-307.585644
2529	-229.969129	-230.918019
2983	-346.833689	-346.851786
3333	-361.709769	-361.690119
2389	-361.728546	-361.710933
3192	-313.554802	-313.613505
1331	-310.941319	-310.961552
2057	-288.540318	-288.448240
3472	-340.657197	-340.645266
3399	-307.229313	-307.269321
347	-309.687405	-309.727238
2861	-288.654312	-288.654241
1388	-250.583643	-249.056467
877	-359.317823	-359.089342
1682	-269.215705	-269.168600
3761	-352.866322	-352.906685
630	-273.762561	-273.777173
405	-273.804251	-273.681484
2355	-336.816043	-336.705166
3543	-287.318584	-287.054692
992	-377.811306	-377.970960
1430	-361.720960	-361.428315
227	-377.805829	-377.933945
237	-268.287661	-268.553381
1827	-343.492484	-343.488331
335	-361.729115	-361.614938
2027	-376.585000	-376.818006
1562	-309.676327	-309.650196
118	-352.905052	-352.905453
318	-310.954514	-311.010520
2351	-304.614169	-304.734246
1286	-310.906869	-310.856045
2914	-270.422403	-270.800520
542	-382.793238	-382.879106
2277	-383.973315	-384.285103
2746	-247.190194	-247.442013
247	-304.688358	-304.551672
1002	-287.689262	-288.033889
4	-270.439280	-270.334787
1573	-233.255259	-232.086135
2414	-382.803358	-382.553106
951	-307.548619	-307.543985
2487	-361.694757	-361.826486
1044	-304.687053	-305.064097
3527	-309.716030	-309.720472
2334	-472.135006	-451.237054
707	-381.585428	-381.457201
3677	-307.571921	-307.602583
2793	-306.384286	-306.988720
2737	-322.442708	-323.076145
1203	-261.802956	-264.879765
358	-272.544323	-272.592866
1456	-308.496384	-308.645996
914	-361.707841	-361.744025
1902	-324.615795	-324.680615
3750	-346.838572	-346.829573
2926	-320.764569	-320.814390
1432	-324.522792	-324.479113
198	-303.934323	-302.805877
2316	-306.361448	-306.525941
1597	-336.805704	-336.856251
2652	-317.377404	-317.242777
3798	-310.941861	-310.920919
3100	-361.716824	-361.750738
1448	-372.747155	-373.458988
749	-249.280474	-249.387118
1553	-323.448965	-323.365744
776	-325.781815	-325.813303
1545	-308.468255	-308.302957
1143	-367.635675	-366.713341
1649	-346.868661	-347.058582
396	-372.782655	-373.006709
1971	-362.906662	-362.845162
1274	-309.686648	-309.656791
3318	-308.513124	-308.525329
3833	-324.559324	-324.590287
1013	-271.300649	-271.396266
879	-303.556846	-303.692417
409	-306.383308	-306.311299
1546	-318.321510	-318.273205
3387	-309.727603	-309.679907
3197	-309.714859	-309.744866
2654	-304.679740	-304.524957
3295	-231.069318	-232.426503
1356	-271.372094	-271.444840
2371	-307.253245	-307.322797
2196	-338.559964	-338.370147
2827	-345.615042	-345.689711
1761	-376.622507	-376.651937
2532	-301.405558	-301.298632
1242	-308.508254	-308.518928
2352	-288.589622	-288.755812
2036	-309.733888	-309.677321
3673	-309.691463	-309.622680
2320	-362.876210	-362.924787
3886	-270.388222	-270.393306
3511	-324.552260	-324.573510
3150	-310.942587	-310.896855
168	-325.810050	-325.821564
794	-248.143861	-249.407817
2104	-379.006904	-377.818757
3129	-361.692023	-361.683085
1222	-325.805865	-325.769875
519	-309.687078	-309.565375
3350	-339.431591	-339.289097
3865	-362.899954	-362.846902
2462	-325.752244	-325.760682
3503	-266.630629	-266.780533
1707	-288.590006	-288.596874
3916	-273.810780	-273.772641
2874	-309.725707	-309.735545
1319	-308.560759	-308.650686
2640	-398.880824	-396.186480
3446	-306.044918	-306.187051
3528	-233.262752	-231.865449
481	-307.573371	-307.624075
3763	-344.416821	-344.299625
3400	-289.799552	-289.715969
841	-361.736259	-361.662886
3537	-346.860694	-346.856961
812	-308.509197	-308.515585
2346	-310.909551	-310.904454
1014	-301.385442	-301.313753
2219	-265.437885	-265.400387
1939	-242.205627	-241.994781
3579	-356.677429	-356.701341
648	-287.422111	-287.793703
3747	-324.521162	-324.385750
251	-265.386781	-265.410600
1498	-340.654582	-340.657629
339	-356.705991	-356.699102
241	-309.718177	-309.719890
440	-307.226474	-307.765778
2004	-346.839235	-346.845577
379	-391.337881	-390.075241
2216	-308.505718	-308.503332
2984	-362.935648	-363.000207
1792	-363.504227	-363.518617
2369	-273.760271	-273.753612
1523	-340.646229	-340.640565
3442	-381.635659	-381.701774
2274	-308.463553	-308.469096
2916	-340.655601	-340.626739
108	-345.614707	-345.656474
3363	-345.658313	-345.720950
628	-325.726991	-325.692335
3682	-291.017820	-292.599733
3069	-346.878430	-346.899940
171	-361.745138	-361.666023
434	-338.195462	-338.062595
2701	-326.942959	-326.823090
3306	-361.650084	-361.713404
3792	-360.525610	-360.417874
2254	-359.388326	-359.486061
1062	-324.496997	-324.575149
3700	-361.717469	-361.755093
1086	-272.587059	-272.544012
1817	-339.459612	-339.495135
288	-355.557059	-355.738672
3764	-308.483519	-308.483886
1238	-360.499088	-360.286355
868	-312.124574	-311.906142
166	-325.729970	-325.779333
673	-345.680831	-345.757422
2741	-297.520999	-297.666720
3906	-309.685651	-309.688188
547	-360.540793	-360.555831
337	-312.123120	-312.075307
2265	-360.469291	-360.476776
2756	-153.742562	-153.496497
3966	-376.570141	-377.526704
830	-320.767103	-320.808673
934	-345.650323	-345.693269
1901	-362.946498	-362.891578
2052	-325.809179	-325.811594
3540	-321.236907	-321.142518
1782	-308.555419	-308.628238
1395	-375.348487	-375.349000
1100	-380.373569	-380.368612
3011	-310.902708	-310.890891
1290	-345.660459	-345.645394
725	-325.725266	-325.690102
1428	-265.391486	-265.423804
321	-324.604397	-324.575399
3348	-304.715963	-304.824341
49	-396.507540	-396.684810
3743	-325.726182	-325.717082
3606	-310.906553	-310.908477
1207	-324.584396	-324.528891
2776	-313.573888	-313.630054
507	-309.697879	-309.732683
1249	-272.543724	-272.625757
2873	-307.545713	-307.600613
1853	-359.314227	-357.507363
3695	-309.651827	-309.554513
3589	-324.543443	-324.538939
3153	-340.622406	-340.602321
412	-372.768039	-373.621469
2881	-345.594203	-345.578325
2770	-288.588657	-288.664818
2119	-323.665987	-323.694673
3800	-346.862839	-346.927567
829	-310.909285	-310.933600
763	-308.429953	-308.390332
1594	-323.433551	-323.297479
848	-309.744522	-309.746095
2210	-325.710772	-325.697403
1599	-304.689816	-304.805858
1216	-308.465534	-308.595881
2310	-338.194242	-338.172675
1614	-325.736331	-325.749998
1209	-392.612820	-392.825663
3187	-272.591906	-272.523651
1262	-356.712023	-356.689058
1351	-309.733696	-309.757186
1301	-309.679190	-309.629901
134	-308.516376	-308.393826
2490	-343.078368	-343.122309
1726	-381.506605	-381.917895
1868	-326.949224	-326.899441
1813	-307.550360	-307.430450
228	-346.859384	-346.868765
2959	-289.795007	-289.829862
1558	-270.389386	-270.600178
2408	-356.708234	-357.094619
1856	-321.958301	-322.154954
2622	-346.829131	-346.832440
3912	-308.435951	-308.492106
3852	-361.710525	-361.605937
2499	-376.539208	-376.210131
1176	-288.584832	-288.543897
3532	-344.464356	-344.406328
949	-344.463502	-344.420358
590	-346.857871	-346.894290
2433	-324.552283	-324.636997
1979	-308.462923	-308.397807
1854	-382.743932	-381.495721
3395	-248.436061	-248.552149
3971	-360.530885	-360.614760
3365	-396.458774	-396.400760
1574	-245.997884	-247.884560
2767	-340.635968	-340.648308
717	-380.401348	-379.725511
267	-345.641113	-345.569580
3403	-339.424322	-339.397536
2188	-288.690060	-288.552953
77	-348.062001	-348.014867
1260	-270.417842	-270.968641
1914	-288.576123	-288.580710
102	-307.230370	-307.180194
2695	-346.871133	-346.916954
1751	-339.469166	-339.394260
221	-310.917273	-310.907598
1363	-355.525451	-355.649469
3586	-287.506415	-287.686723
1318	-310.897519	-310.841374
3549	-323.437779	-323.381301
1306	-288.682324	-288.546609
669	-377.780670	-377.871605
78	-270.472470	-270.485149
1197	-308.462932	-308.414465
1789	-310.905299	-310.924320
3738	-274.982053	-275.172783
1256	-312.119596	-312.096578
3977	-288.552886	-288.510810
2528	-308.467760	-308.459691
1769	-324.569009	-324.559034
753	-361.710299	-361.840419
1179	-343.195060	-343.070363
157	-376.519880	-376.439073
3439	-301.389192	-301.325040
361	-376.622353	-377.078011
2439	-324.485913	-324.529134
715	-285.275928	-285.316205
2042	-232.364952	-232.553897
173	-396.486463	-396.590939
2543	-376.588479	-377.225305
1754	-269.221561	-269.298679
1084	-309.711894	-309.682964
215	-356.645883	-356.555681
1416	-308.514570	-308.574273
417	-344.440065	-344.462690
60	-382.768883	-382.890528
2641	-270.394309	-270.515227
3125	-308.510840	-308.496012
3462	-272.538255	-272.537162
3419	-335.590859	-335.589955
2317	-308.503515	-308.469056
1832	-309.737802	-309.769674
3502	-376.564063	-375.951268
2116	-340.646768	-340.647309
1651	-273.809498	-273.741362
2692	-356.663387	-356.664638
1734	-359.354596	-359.660794
1518	-309.683200	-309.616177
3705	-345.665479	-345.711197
3196	-297.530335	-297.589206
1531	-345.640098	-345.651464
2172	-308.472272	-308.430968
2481	-324.614891	-324.605505
1372	-381.574124	-381.336754
3651	-303.463214	-303.438599
2704	-320.786981	-320.850969
2638	-309.688194	-309.679898
3408	-287.661454	-287.442454
1578	-233.217482	-232.344867
243	-323.389193	-323.364321
2662	-345.635068	-345.561079
397	-288.630839	-288.640937
3621	-346.815715	-346.752690
1976	-346.831692	-346.838334
2540	-211.295796	-211.406556
960	-310.940611	-311.015667
1033	-339.482903	-339.417854
474	-281.476832	-281.444949
2267	-291.016020	-289.300167
3740	-356.684693	-356.647569
3755	-341.874216	-341.898288
2826	-308.764658	-308.791395
367	-360.491873	-360.372868
2973	-324.604156	-324.565892
3213	-339.438949	-339.857011
3351	-285.306999	-285.262947
768	-193.039603	-193.449992
3227	-348.043668	-347.976863
13	-360.526646	-360.610515
3490	-359.315205	-359.246327
1048	-286.495416	-286.299397
2060	-362.945811	-362.877711
2246	-287.318502	-287.142632
3389	-309.689740	-309.709935
3106	-273.735646	-273.870728
3268	-324.562156	-324.725913
2413	-345.604177	-345.579631
751	-361.724921	-361.812659
183	-362.962787	-362.984613
2199	-377.815601	-377.976080
1284	-320.761539	-320.800011
1956	-308.461475	-308.539950
1739	-303.454720	-303.556125
2202	-324.602888	-324.522013
2	-324.551643	-324.538833
1957	-206.721858	-148.943794
1556	-340.659506	-340.658537
2276	-309.679242	-309.609182
2519	-323.585680	-323.652809
177	-362.872710	-362.897136
1171	-325.721867	-325.698178
2548	-340.654465	-340.665468
1849	-324.547957	-324.554568
3975	-309.693760	-309.690430
2336	-344.433499	-344.442465
2684	-310.940657	-310.950630
2087	-286.484121	-286.601820
2033	-310.919833	-310.911277
1916	-360.557411	-360.695443
1964	-309.726463	-309.760635
706	-303.481839	-303.301359
2263	-274.983122	-274.490968
3016	-309.730329	-309.693382
2454	-288.578155	-288.576439
2958	-324.580268	-324.591182
995	-360.542928	-360.579853
471	-324.532283	-324.530778
798	-208.842347	-210.769504
146	-377.813815	-377.816530
259	-309.735245	-309.733646
1050	-304.643392	-304.587176
1016	-305.129953	-305.114578
1410	-273.759553	-273.793561
2586	-191.810916	-189.934891
3872	-340.691219	-340.627370
2421	-249.395323	-249.254880
1425	-288.648476	-288.615960
250	-360.538828	-360.547406
2790	-287.732329	-287.810401
2377	-236.916033	-238.522195
2534	-362.960595	-363.007567
25	-309.712046	-309.691945
909	-325.789320	-325.778072
3234	-287.349937	-287.464278
2975	-345.579201	-345.831372
863	-285.288405	-285.147257
256	-308.741915	-308.638060
767	-346.861463	-346.864164
2167	-309.681554	-309.629200
1180	-306.364186	-306.326497
2109	-321.219665	-321.322130
3667	-249.293044	-249.114564
494	-345.611057	-345.690929
3036	-310.907823	-310.870929
3983	-322.115604	-321.918269
1264	-324.536694	-324.578068
585	-229.918003	-230.174535
3982	-324.592116	-324.701406
1672	-336.831068	-336.817409
3584	-281.484877	-281.057271
1513	-306.368494	-306.383727
486	-288.678720	-288.685345
1666	-289.872246	-290.017336
3752	-345.686524	-345.351004
2506	-307.526911	-307.448156
352	-288.557016	-288.532412
684	-361.753989	-361.477828
2064	-309.687401	-309.668286
380	-307.581989	-307.551274
3061	-392.552088	-392.765990
69	-265.441614	-265.358373
3603	-326.952955	-326.970092
1559	-380.372123	-379.948315
2120	-381.630205	-381.891834
2796	-345.678871	-345.379632
3236	-310.912270	-310.828314
3362	-345.632413	-345.663003
408	-208.863267	-211.609570
467	-273.793804	-273.718012
3010	-361.720579	-361.645480
1592	-271.616430	-271.642513
1616	-272.539058	-272.559224
2238	-281.495234	-281.674809
3298	-345.599182	-345.638644
438	-381.565482	-381.602207
2783	-272.537685	-272.522487
560	-344.385047	-344.341390
603	-346.867624	-346.988000
3893	-341.097446	-335.719469
982	-307.235414	-307.177858
2599	-355.457663	-355.322504
797	-278.075775	-278.346484
988	-341.827199	-341.862240
1823	-340.656176	-340.516868
3435	-361.728293	-361.721110
1276	-340.667317	-340.661358
453	-375.430225	-368.608702
1534	-340.632075	-340.689372
677	-324.594116	-324.609558
2292	-343.246371	-343.736961
298	-377.795528	-378.247629
2440	-317.433049	-317.406258
2194	-273.757530	-273.657911
1060	-345.713205	-345.686732
1083	-309.726295	-309.718661
1015	-344.454928	-344.422548
1947	-303.533559	-303.540989
476	-397.686127	-397.334260
2372	-322.217569	-322.095069
2083	-322.434119	-322.406541
3981	-249.257629	-249.643873
302	-340.632285	-340.633541
3709	-340.613243	-340.618123
2438	-392.565188	-392.527463
3301	-371.491061	-371.371008
1748	-288.688929	-288.500362
2613	-338.214346	-336.939967
3737	-361.714817	-361.248434
3440	-322.135917	-321.866756
3672	-309.689612	-309.652411
690	-375.420808	-375.644773
1834	-381.615289	-381.350038
1566	-380.438011	-380.878642
2804	-344.433943	-344.384746
2573	-307.303421	-307.057816
3910	-309.703111	-309.689744
392	-345.637570	-345.513719
2223	-288.657055	-288.594019
291	-304.683134	-304.848221
2068	-308.471269	-308.438364
1865	-345.609914	-345.632980
3293	-360.535142	-360.629649
3946	-286.438084	-286.510457
492	-305.904760	-305.963846
2030	-273.804223	-273.718509
334	-245.983375	-240.209259
3230	-344.454591	-344.446978
1953	-308.457242	-308.363318
2283	-231.111403	-232.121636
2660	-307.582044	-307.599846
2448	-346.833271	-346.857521
222	-412.548009	-412.284787
3482	-281.480993	-281.363239
3592	-323.367866	-323.721626
1862	-319.615129	-319.536584
3171	-345.599912	-345.693764
2181	-340.656656	-340.668828
2856	-376.586976	-376.487667
3456	-276.206318	-273.781946
2938	-346.875201	-346.888901
3119	-301.090914	-302.487687
2480	-344.385369	-344.376056
3281	-309.716743	-309.702860
734	-233.242250	-233.611669
3632	-340.612805	-340.625219
1575	-334.447259	-334.430179
2957	-323.644468	-323.697883
3239	-361.708121	-361.910532
3802	-356.724118	-356.748748
2266	-289.766576	-289.519834
2164	-304.744503	-304.777070
2468	-307.193849	-307.236597
2851	-356.699504	-356.733833
362	-289.871990	-290.085658
2724	-376.591176	-376.408931
1224	-308.420805	-308.595059
1484	-273.817328	-273.773499
1437	-376.547304	-376.519033
1622	-346.869712	-346.900013
1453	-309.720334	-309.714094
1500	-345.609230	-345.926329
2560	-339.452794	-339.591255
1117	-345.566120	-345.643246
3644	-345.587398	-345.690897
680	-325.806369	-325.833630
1738	-273.759338	-273.745759
2814	-325.804528	-325.822146
3481	-357.941534	-357.922298
3561	-343.190300	-343.059483
850	-271.623957	-271.597612
788	-324.467888	-324.540818
3793	-381.580932	-381.563281
587	-307.283919	-307.199551
3879	-339.483894	-339.362019
2934	-324.462733	-324.458247
2848	-339.419688	-338.823064
1089	-344.451793	-344.433648
1713	-323.381747	-323.598470
714	-356.669324	-356.622565
1732	-269.170665	-269.340486
2729	-323.315925	-323.603088
761	-312.126820	-312.091643
2307	-346.859945	-346.775198
1162	-309.684472	-309.645287
837	-360.512026	-360.486518
727	-272.562906	-272.542869
3331	-233.545899	-233.605740
2024	-306.349032	-306.921291
889	-272.539307	-272.626629
1438	-356.728392	-356.791800
3837	-343.468335	-343.499602
3050	-303.940271	-300.298316
3623	-341.892484	-341.844990
3559	-309.721434	-309.686891
913	-352.855499	-352.882068
1626	-345.619567	-345.596826
121	-361.711483	-361.244334
235	-270.375081	-270.370253
2550	-271.628346	-271.620326
2589	-361.718361	-361.743108
3397	-356.702115	-356.717535
1376	-348.053064	-348.041093
3908	-272.847530	-273.110046
956	-230.183076	-230.095035
890	-344.458979	-344.421592
1822	-344.395150	-344.340673
1246	-318.406529	-318.313418
2502	-309.685960	-309.683659
3760	-280.314080	-280.263847
655	-325.771459	-325.765725
524	-308.507004	-308.594377
1582	-361.735290	-361.725828
3344	-325.748658	-325.740031
1617	-355.508183	-355.515161
3868	-360.526225	-360.308049
851	-270.117027	-270.799621
2527	-297.554699	-297.633988
932	-361.764881	-361.604250
604	-320.777491	-320.798628
388	-340.594424	-340.587603
2999	-307.237456	-307.309674
450	-235.729507	-236.163729
1987	-325.775071	-325.731812
2412	-310.904086	-310.949986
2780	-272.545389	-272.594548
3696	-308.474441	-308.531745
82	-309.701458	-309.684202
852	-361.731511	-361.706772
3577	-361.716705	-360.612291
842	-360.514766	-360.500143
3116	-312.128429	-311.928515
2262	-325.780603	-325.723245
882	-169.557758	-101.257842
518	-289.791234	-289.704218
2833	-248.375248	-248.585930
1828	-284.993731	-285.255903
777	-307.544712	-307.623170
983	-341.851447	-341.851946
568	-303.458583	-303.446063
1123	-375.393636	-373.821305
52	-345.627428	-345.295205
860	-397.697425	-397.401335
246	-313.537245	-312.265599
2728	-304.742823	-304.684382
2483	-322.158791	-321.928951
2523	-344.512144	-344.498325
2282	-375.368783	-375.396143
3048	-381.616883	-381.434311
3969	-324.609784	-324.607817
3733	-309.678068	-309.680015
1330	-324.575010	-324.562943
1415	-338.156727	-338.135296
1759	-305.906809	-305.975715
1420	-286.516174	-286.470140
2707	-310.915408	-310.913785
2137	-324.588239	-324.608199
1467	-345.613895	-345.091598
549	-372.785072	-372.827704
3051	-192.736096	-192.190612
3830	-346.817778	-346.734615
526	-344.430692	-344.408072
883	-340.647778	-340.635927
946	-324.577279	-324.582669
2738	-324.555069	-324.594994
2018	-286.492357	-286.611829
407	-287.508781	-287.756401
16	-273.806874	-273.637875
2224	-307.568767	-307.308231
2913	-361.630982	-361.409399
1492	-310.927319	-310.870285
3170	-271.626697	-271.609168
2503	-345.653983	-345.642651
1445	-396.491525	-396.535836
487	-307.223588	-306.967792
1861	-235.696852	-235.585146
2001	-346.833365	-346.892374
2303	-309.719920	-309.651848
2526	-340.601771	-340.522069
309	-309.718312	-309.731047
2459	-273.761223	-273.919490
1440	-270.441325	-270.377712
139	-338.257996	-337.188888
969	-325.797425	-325.800005
322	-346.832352	-346.852503
2855	-268.917900	-270.187194
3957	-307.291354	-307.228640
2425	-322.435505	-321.903018
2996	-324.566568	-324.596934
2343	-325.781464	-325.818967
748	-324.572987	-324.570450
1128	-361.695007	-361.731098
46	-372.766726	-373.384697
847	-324.608363	-324.671254
2044	-373.173910	-311.816590
975	-357.171724	-357.862973
3681	-310.914919	-310.915668
1141	-115.679136	-145.937005
3958	-291.015785	-290.733497
1837	-381.574917	-381.671977
3897	-324.519277	-324.351086
3412	-335.628480	-335.678548
2782	-340.664407	-340.670772
460	-360.488733	-360.229507
3635	-308.475489	-308.308559
1473	-340.678945	-340.711413
1632	-340.673967	-340.693189
207	-285.281032	-285.596720
3591	-273.762889	-273.773903
391	-345.584667	-345.799348
3655	-287.379629	-287.300200
1293	-271.369084	-271.702403
1361	-346.840635	-346.893816
2020	-272.514099	-272.554245
534	-324.575799	-324.571717
3358	-326.934987	-326.573512
19	-309.720734	-309.730171
3145	-324.570872	-324.593707
3771	-309.655144	-309.458036
2946	-345.649552	-345.581243
1677	-344.412416	-344.174024
831	-346.867207	-346.849870
2824	-304.720708	-304.695637
531	-226.107205	-226.085158
2987	-271.618137	-271.616103
2923	-325.801905	-325.829050
490	-231.142581	-230.464261
2415	-340.676441	-340.644100
3862	-271.646263	-271.531036
2288	-345.612787	-345.644911
2092	-288.572051	-288.597476
1638	-344.481904	-344.429299
97	-286.495035	-286.360780
965	-323.329385	-323.507289
2574	-273.812881	-273.662275
1261	-268.282665	-267.517753
2185	-344.343476	-344.353090
1391	-323.317575	-323.296152
1040	-268.307873	-268.498301
2757	-346.855643	-346.858941
2758	-309.696640	-309.718301
2093	-324.473588	-324.530719
1676	-296.285473	-296.068809
190	-354.290746	-356.399081
1304	-356.679729	-356.583707
2648	-325.728744	-325.684048
3928	-377.799358	-378.007312
1791	-272.554824	-272.497659
1572	-322.170570	-321.974904
2902	-271.653205	-271.683493
3809	-310.902628	-310.886694
942	-325.715957	-325.747040
1439	-340.590431	-340.648646
3382	-341.145624	-339.366029
1267	-341.841438	-341.866578
2390	-270.097243	-270.661221
2985	-304.745635	-304.811154
59	-248.430371	-248.458012
818	-387.475673	-386.575406
3464	-234.470922	-234.492426
2091	-346.904050	-346.919427
3509	-288.685117	-288.602822
3105	-346.821661	-346.855531
1314	-324.460304	-324.424046
1747	-360.559076	-360.638964
2284	-359.298380	-359.211417
2547	-323.328581	-323.601327
938	-331.411639	-330.959251
3941	-231.108368	-230.800230
1031	-304.643927	-304.619670
2933	-360.538112	-360.534211
733	-345.660927	-345.598796
2407	-377.829134	-377.820042
3398	-304.686259	-304.718376
2752	-381.632242	-381.395016
2772	-343.232602	-343.067229
1333	-270.359564	-270.505816
1962	-382.756724	-382.976934
2681	-308.466840	-308.456148
1704	-274.984793	-274.752581
2017	-310.940345	-310.971871
793	-326.950540	-326.839701
1940	-334.429558	-334.749586
148	-345.629933	-345.621091
3359	-325.733758	-325.739580
230	-271.617434	-271.644977
3142	-376.617653	-376.991534
1875	-242.186010	-241.376052
3396	-273.815873	-273.738333
433	-396.498209	-396.297456
1278	-362.942040	-362.920741
2347	-308.476587	-308.467751
2716	-303.464433	-303.426227
1393	-271.647465	-271.663125
406	-359.295180	-359.385783
292	-308.517192	-308.465183
3597	-360.539435	-360.582387
2364	-360.507160	-360.246827
3911	-345.639354	-345.518546
1320	-340.656628	-340.657570
1819	-249.292101	-248.819634
2147	-382.781806	-381.861497
2942	-325.778444	-325.790187
294	-308.506421	-308.574852
1193	-324.550139	-324.600874
3340	-229.879598	-229.865965
1204	-361.704371	-361.892555
756	-325.798888	-325.815129
2549	-375.410333	-375.373941
3245	-327.024699	-327.162146
1746	-396.470299	-396.634868
2937	-324.573883	-324.647643
2982	-325.722723	-325.745508
2430	-304.688809	-304.737374
1251	-322.482659	-321.868984
1153	-325.764669	-325.759382
553	-271.666055	-271.675231
2295	-305.898313	-305.984957
3429	-274.987297	-274.903151
2888	-361.704536	-361.383822
3581	-319.540355	-319.694331
2318	-348.039301	-347.916675
3355	-345.648365	-345.571009
2061	-345.638357	-345.672156
3347	-286.510514	-286.512137
61	-308.462933	-308.493528
641	-322.439472	-322.472208
3193	-320.725883	-320.855745
3801	-310.937414	-310.929498
2538	-344.417597	-344.189247
2195	-289.873479	-289.767104
2714	-398.878264	-395.619290
3913	-308.551230	-308.557974
2130	-271.612772	-271.604043
3703	-287.697316	-287.368377
899	-321.230055	-321.444316
3310	-309.721850	-309.757325
2043	-344.484341	-344.512668
2485	-392.676111	-392.642199
1691	-272.595294	-272.606113
2270	-355.497046	-355.613327
1650	-341.836348	-341.842121
795	-246.023231	-248.476232
1851	-361.717868	-361.711556
1296	-345.612257	-345.703823
1166	-324.576650	-324.534947
3924	-270.393737	-270.492714
891	-325.767721	-325.762451
3081	-302.557878	-302.594785
443	-325.754109	-325.785119
3847	-356.693135	-356.763907
2673	-345.652182	-345.782761
1872	-272.566631	-272.516667
3156	-362.941094	-362.941991
307	-302.239101	-302.733838
3241	-319.515995	-319.650074
447	-271.627826	-271.610658
3198	-288.680991	-288.593961
1692	-362.862736	-362.899681
1567	-356.714706	-356.714833
2918	-271.326117	-271.284922
815	-285.324641	-285.560090
1194	-381.612648	-381.841031
533	-287.720383	-287.862944
174	-229.928448	-230.288249
3754	-324.570035	-324.616250
136	-343.240623	-343.437690
3383	-360.602876	-360.510994
3729	-376.562796	-376.118096
202	-226.160842	-226.918969
598	-193.088340	-192.738801
2879	-265.401151	-265.404501
959	-492.026657	-504.922431
2880	-346.831172	-346.860325
557	-312.122696	-312.122717
1867	-324.583096	-324.645333
1063	-265.440996	-265.529946
3888	-323.359825	-323.784656
172	-282.667163	-282.792541
2997	-380.371074	-380.519210
1555	-324.529724	-324.648676
1426	-381.607770	-381.553267
3813	-340.620847	-340.606200
152	-306.286325	-306.252834
3480	-286.460642	-286.395841
3372	-309.705858	-309.657168
3505	-274.983383	-274.833532
759	-398.888473	-396.007093
3394	-376.613178	-376.699699
1173	-344.465017	-344.500425
3073	-309.734862	-309.757422
1818	-371.535911	-371.035744
2991	-272.841336	-273.123289
1466	-340.657975	-340.642688
2331	-308.516808	-308.627499
2177	-346.868453	-346.860915
2404	-323.340989	-323.297430
193	-307.285557	-307.385572
1514	-320.781098	-320.858752
2028	-346.821466	-346.861063
2128	-308.504896	-308.418716
950	-324.580266	-324.560769
697	-340.621200	-340.541879
602	-275.010289	-274.689175
1724	-381.594558	-381.703841
1045	-344.449852	-344.623838
2565	-345.591597	-345.686358
249	-306.347185	-306.776983
990	-309.684377	-309.609926
3658	-309.682445	-309.676818
1508	-308.462196	-308.499436
1509	-345.612220	-345.618882
3259	-359.368793	-359.321787
3222	-344.494043	-344.549057
478	-119.052475	-125.004159
332	-304.692914	-304.741600
3782	-262.035127	-261.043231
3751	-339.491316	-339.451133
1285	-346.860450	-346.826313
2754	-309.674575	-309.656514
3850	-308.528193	-308.623360
120	-323.345161	-323.150177
3693	-273.779498	-273.696260
3523	-325.728070	-325.787892
446	-305.831164	-305.836992
1659	-487.002792	-485.854079
933	-270.430832	-270.652245
2338	-268.888303	-269.784856
1716	-325.784331	-325.794365
1364	-267.963366	-268.282994
1955	-339.498757	-339.608147
3357	-361.779217	-361.883825
2702	-309.685148	-309.651057
3807	-361.706503	-361.640301
2365	-345.689766	-345.382102
659	-326.976670	-326.915531
1898	-360.497612	-360.469726
3247	-360.531175	-360.533517
1150	-308.551121	-308.592334
3789	-273.762938	-273.729714
3189	-324.510378	-324.472749
802	-359.306313	-358.974133
610	-324.629068	-324.777157
209	-308.493663	-308.415687
2259	-361.734611	-361.888972
2095	-348.034975	-347.924279
1152	-308.448572	-308.450682
2524	-392.642251	-392.351788
3485	-324.614459	-324.654957
1839	-355.496901	-355.453687
3642	-324.565306	-324.553071
3455	-270.401061	-270.384799
2379	-361.769162	-361.716555
754	-361.718210	-361.162679
123	-269.263476	-269.162897
2592	-308.486071	-308.451905
1928	-326.927990	-326.768835
3315	-269.176979	-269.193327
3334	-325.800680	-325.763181
1085	-231.092208	-231.620893
1778	-305.036659	-305.526260
56	-345.599154	-345.603668
1404	-346.883049	-346.995506
1502	-340.679724	-340.730323
3024	-251.729571	-251.793239
3487	-210.101789	-209.716455
452	-324.575287	-324.566578
2821	-308.511516	-308.508929
1159	-325.779568	-325.772279
2456	-345.610758	-345.526795
1240	-310.907666	-310.914414
2631	-380.316551	-379.641040
3071	-273.789182	-273.734433
1889	-361.731388	-361.571295
1611	-348.044714	-348.012423
1907	-346.819476	-346.797517
2678	-285.255563	-285.121494
1022	-310.902683	-310.934705
796	-344.453746	-344.350833
421	-288.627624	-288.595433
804	-248.395289	-248.417222
3162	-324.546164	-324.578190
1661	-322.148261	-322.229944
1096	-309.689595	-309.631839
1641	-340.647224	-340.669732
2133	-323.338627	-323.311621
529	-309.725786	-309.723989
1046	-271.618580	-271.673971
9	-344.468531	-344.492069
1165	-309.706371	-309.659889
3887	-242.196351	-242.477345
1138	-308.444609	-308.492904
2546	-248.018573	-245.342694
2593	-321.252793	-321.027857
2995	-381.584942	-381.341833
3712	-300.148891	-299.726794
125	-228.992613	-231.231721
1695	-344.411060	-344.409490
930	-346.898838	-346.896022
3900	-308.465445	-308.431004
1087	-324.508933	-324.431609
2080	-325.793131	-325.770187
2811	-326.944158	-327.108092
2708	-308.512758	-308.475509
3178	-345.605421	-345.635278
594	-325.809558	-325.770337
3002	-269.479234	-269.957054
1697	-345.613396	-345.601417
1369	-392.662003	-392.652324
275	-344.442225	-344.362904
3200	-265.433051	-265.560302
974	-303.468081	-303.464815
2212	-346.837271	-346.873502
90	-327.017113	-326.718583
871	-309.680919	-309.675056
3901	-346.822424	-346.845099
3974	-323.433262	-323.465581
527	-324.629301	-324.611438
1491	-344.421383	-344.373459
206	-309.688611	-309.661854
327	-324.607903	-324.565503
2805	-272.587161	-272.559285
3794	-317.361117	-316.335825
33	-264.504487	-265.200882
64	-362.945802	-362.973915
3379	-273.761967	-273.773267
1680	-377.842223	-377.900911
2126	-270.399529	-270.492689
1550	-301.345683	-301.328771
1965	-288.555445	-288.533488
957	-360.490486	-360.511765
2615	-360.501085	-361.381054
1081	-310.912796	-310.925551
2857	-362.899149	-362.842421
384	-343.291812	-343.135857
287	-307.560718	-307.456772
611	-248.364357	-248.327237
3030	-324.500475	-324.443015
2748	-321.271406	-320.944523
3962	-341.865856	-341.885200
2038	-348.056093	-347.972200
1991	-285.282532	-284.379316
7	-309.722879	-309.710098
3582	-344.436500	-344.373167
3895	-325.808333	-325.793372
3452	-361.758902	-362.036663
2184	-360.501473	-360.620910
1185	-324.558175	-324.556106
3186	-346.829695	-346.859708
2144	-324.574829	-324.599241
538	-324.494520	-324.408826
2876	-360.574465	-360.613173
135	-301.341304	-301.378699
1427	-340.646339	-340.655765
2819	-360.551444	-360.518196
1139	-270.382725	-270.351394
3188	-325.807242	-325.841467
2566	-346.832253	-346.774033
998	-302.306196	-302.441750
2779	-381.606362	-381.473818
1303	-345.676156	-345.675563
1259	-288.590804	-288.596117
1526	-269.267574	-269.361144
317	-325.797397	-325.772002
1610	-196.406419	-197.108230
360	-346.890881	-346.932449
1640	-304.583737	-304.577204
424	-309.717380	-309.678987
750	-344.384630	-344.250114
1899	-308.478846	-308.299995
869	-327.026488	-326.715030
3704	-348.035847	-347.908595
2864	-340.658990	-340.628388
3715	-381.567301	-380.923896
2121	-324.619773	-324.709531
1619	-340.600021	-340.574849
1053	-340.610046	-340.537806
363	-320.778723	-320.788927
665	-288.571762	-288.526941
1984	-287.441165	-286.907320
3810	-372.726782	-372.388278
2580	-309.722373	-309.693611
3041	-345.692143	-345.754830
3650	-382.756764	-382.174661
894	-338.247875	-336.874335
1740	-376.599676	-376.766905
2634	-326.927446	-326.826413
826	-248.137789	-248.535943
270	-372.752005	-372.751019
3766	-344.436564	-344.612143
2877	-324.556404	-324.635416
3680	-305.904722	-305.996843
576	-345.655968	-345.538022
653	-344.473681	-344.486086
2226	-276.206257	-275.072587
1882	-273.764420	-273.690507
3323	-232.335768	-232.268396
3115	-340.620294	-340.634317
3796	-341.875439	-341.841458
1067	-273.762417	-273.734103
2661	-323.448833	-323.262492
2775	-382.812383	-382.704916
496	-377.794221	-377.963824
654	-309.727166	-309.683045
3415	-308.495275	-308.283124
2296	-309.691365	-309.677872
2432	-274.987245	-275.041030
2486	-307.239887	-306.981332
3832	-346.836423	-346.820850
599	-343.312201	-343.386880
3373	-271.613890	-271.575994
581	-287.683128	-287.831222
678	-308.506580	-308.447392
2915	-344.371144	-344.389872
140	-309.676929	-309.737703
3825	-93.411888	-392.046508
112	-340.648166	-340.690191
3979	-345.651111	-345.654745
2261	-233.260156	-233.286754
1604	-347.456674	-347.341134
232	-490.793044	-487.401065
2417	-336.838171	-336.853364
3007	-319.573727	-319.277455
814	-308.509272	-308.473618
3093	-334.424572	-334.567652
3525	-340.662316	-340.648060
1790	-345.664882	-345.694825
3739	-324.566515	-324.530902
1543	-323.360471	-323.567239
1598	-308.471397	-308.413973
705	-362.953848	-362.942080
2159	-324.581067	-324.617087
3072	-340.671263	-340.728012
1291	-285.276634	-285.298941
1458	-288.648179	-288.544376
127	-322.216227	-321.996937
1405	-361.711854	-361.875996
1584	-251.727102	-251.914088
3108	-361.653332	-361.648847
556	-272.600604	-272.530490
688	-324.491475	-324.474519
1345	-376.540686	-376.552430
2972	-320.764992	-320.792676
2901	-318.323005	-318.335112
3023	-323.343769	-323.043611
204	-287.353313	-287.359460
1232	-336.811744	-336.812043
639	-270.405973	-270.437094
2117	-346.839895	-346.905374
2256	-303.503801	-303.457913
2467	-325.805017	-325.815489
3000	-309.688191	-309.671860
3128	-341.867138	-341.936630
742	-272.588370	-272.614761
261	-310.905322	-310.844997
1520	-309.728493	-309.715364
3228	-381.648857	-381.960361
2514	-354.197108	-355.488769
897	-345.659998	-345.649582
2140	-325.715372	-325.710841
663	-323.347275	-323.108518
2981	-327.026688	-326.992629
1316	-361.652250	-361.710183
3828	-288.650589	-288.624135
282	-325.714378	-325.749531
45	-266.615452	-266.671047
3844	-308.450468	-308.382775
3896	-307.280331	-307.013555
1479	-309.677142	-309.676239
3	-346.838279	-346.863127
383	-361.702346	-361.632007
3055	-285.313284	-285.135497
1308	-341.814212	-341.858271
977	-285.160699	-283.983029
3432	-297.523580	-297.606471
1170	-310.895183	-310.820781
3988	-309.707600	-309.691240
1864	-312.133063	-311.941534
2142	-324.624987	-324.627764
2867	-361.734339	-361.671248
1772	-361.717972	-361.739602
2609	-322.351046	-322.036224
859	-308.468407	-308.270312
2239	-346.823312	-346.797183
2032	-287.663174	-287.457723
3423	-308.555641	-308.529512
1958	-340.595950	-340.763723
1102	-116.609549	-139.284240
286	-324.563745	-324.579308
876	-325.807685	-325.780206
3780	-323.320574	-323.386578
2769	-376.563238	-376.545554
631	-371.449232	-370.613155
3184	-308.439671	-308.483134
968	-308.470667	-308.410496
3854	-346.867382	-346.890337
31	-359.310420	-359.139692
3082	-272.586248	-272.560698
1830	-345.641862	-345.589482
3265	-324.569062	-324.553378
2106	-286.476486	-286.266307
1412	-242.195730	-243.917400
952	-325.717725	-325.775712
3648	-324.631468	-324.617981
1945	-361.754136	-361.823896
1506	-339.437849	-339.514159
2890	-309.738198	-309.721930
3096	-338.175960	-338.074212
1890	-371.608385	-366.666533
3615	-210.071468	-208.828582
3454	-376.600944	-376.924101
3510	-340.674744	-340.690105
2912	-346.883119	-346.856800
1603	-232.363630	-232.560533
2899	-310.930659	-310.893933
1	-360.499843	-360.442965
276	-380.379743	-379.691065
1093	-325.718074	-325.778993
3074	-272.553250	-272.489108
1583	-345.655509	-345.616450
116	-346.831175	-346.902939
739	-309.678703	-309.658654
3008	-323.359336	-323.494116
1134	-343.068226	-343.198961
354	-285.174014	-284.669541
3787	-381.580675	-381.448549
3519	-376.604739	-378.291706
1227	-322.155306	-322.260874
1187	-264.235803	-264.071368
3052	-291.017787	-291.583590
779	-356.732185	-356.676834
1776	-325.785476	-325.809226
3881	-357.951284	-357.866837
2065	-340.537496	-340.306875
3039	-341.851538	-341.972421
1852	-309.685790	-309.690728
1645	-324.477059	-324.489728
3500	-323.345473	-323.276846
676	-272.584377	-272.535029
674	-346.879260	-346.936106
203	-340.663148	-340.650329
185	-361.726913	-361.573157
1517	-359.342366	-359.320309
3917	-274.985822	-274.993032
111	-344.470970	-344.510828
2305	-376.633716	-376.894363
2002	-286.504040	-286.626138
656	-376.605347	-376.941004
289	-321.949791	-321.991032
2935	-297.516418	-297.474392
1731	-381.565314	-381.649615
2349	-301.357553	-301.322164
1178	-382.751729	-383.399001
2963	-287.651399	-287.634155
548	-233.555951	-233.915024
234	-308.467880	-308.301432
1586	-272.837559	-273.068361
1547	-335.613384	-335.602812
1476	-308.455419	-308.425589
929	-272.832690	-272.807208
2920	-326.952797	-326.975249
2628	-359.341296	-359.304100
164	-340.675814	-340.696656
3665	-323.329494	-323.458830
1457	-288.573089	-288.600608
15	-288.542593	-288.460860
3845	-344.454717	-344.586673
3240	-338.234966	-338.278046
1146	-339.465889	-339.493989
2211	-340.648620	-340.685213
2744	-288.573110	-288.583083
2965	-344.689237	-344.662340
844	-324.606050	-324.635158
898	-305.906901	-305.980941
1035	-284.385189	-284.314756
1701	-344.428649	-344.399479
2013	-343.195410	-343.002708
2625	-291.021574	-288.544161
3229	-271.614305	-271.631629
2536	-273.758980	-273.798680
2495	-307.596472	-307.543326
1706	-382.777508	-383.188468
3970	-305.897998	-305.989554
1729	-361.740062	-361.796206
1637	-343.503600	-343.507425
1571	-470.915515	-418.450319
1118	-306.032266	-306.155320
3416	-320.770681	-320.795086
141	-287.734664	-288.011828
1379	-325.731549	-325.788669
1554	-320.728167	-321.100164
2046	-286.493052	-286.522016
1539	-382.755486	-381.367497
2572	-360.495461	-360.672300
2839	-362.930315	-362.973360
3127	-327.010419	-327.012920
2905	-307.206439	-307.289213
3643	-309.660190	-309.663697
3687	-325.793945	-325.759977
2561	-325.778234	-325.791797
2542	-326.951186	-327.024552
1510	-322.425235	-322.884416
3422	-340.663929	-340.674436
1390	-340.660793	-340.654099
3369	-158.342346	-155.374523
1607	-303.462115	-303.622295
2153	-309.673226	-309.680929
3451	-319.606765	-319.488816
1521	-323.665247	-323.629614
3208	-288.572843	-288.636989
1722	-362.946707	-362.948492
3774	-305.130184	-305.196260
1355	-361.727678	-361.667215
2706	-345.667357	-345.598182
2162	-340.613712	-340.667232
502	-306.349558	-306.595236
2213	-287.433999	-287.693310
2429	-306.081547	-306.443922
2070	-114.483613	-30.429808
902	-310.940195	-310.992947
2152	-308.540101	-308.539136
1007	-235.694216	-235.847367
1648	-345.660642	-345.743607
2198	-382.804255	-381.594853
3735	-360.522940	-360.650691
3285	-247.192524	-247.363900
3840	-309.681264	-309.680261
2228	-308.518356	-308.545491
1879	-288.594527	-288.575198
1814	-360.537947	-360.590285
2496	-326.954795	-326.829299
1218	-287.431740	-287.766588
3337	-286.438448	-286.613384
1951	-317.408548	-317.439082
1642	-344.345376	-344.358083
3656	-310.918831	-310.925654
1201	-224.944660	-224.126825
994	-323.428670	-323.369763
162	-232.324966	-231.915874
661	-335.635079	-335.671008
3086	-360.507527	-360.722755
3414	-285.313674	-284.948533
290	-348.056024	-348.017567
2170	-274.987123	-274.760634
528	-288.538806	-288.547592
2492	-396.477101	-396.468154
2544	-381.632480	-381.948182
3356	-270.447268	-270.424734
2659	-324.461004	-324.572092
554	-340.688787	-340.657594
514	-309.685045	-309.671604
1374	-322.175807	-320.744455
3225	-362.875945	-362.240918
2395	-297.523583	-297.614632
803	-325.789564	-325.750450
2791	-194.254127	-193.587682
2875	-344.475122	-344.547823
1431	-344.392695	-344.365580
3424	-348.051118	-348.062421
2363	-324.610150	-324.595614
575	-272.582834	-272.519606
2041	-346.821470	-346.841693
3795	-310.908453	-310.923690
1880	-346.873992	-346.834957
1120	-353.283458	-351.857030
1708	-324.502429	-324.484884
3842	-376.587741	-376.354589
3811	-274.982348	-274.956228
3287	-271.458576	-272.098522
3461	-320.776316	-320.787596
3256	-153.459846	-155.465511
320	-232.333410	-232.188497
475	-304.691568	-304.678615
2639	-302.580808	-302.687833
1844	-325.808754	-325.771185
991	-345.602096	-345.689474
1542	-370.291993	-372.255285
410	-325.835955	-325.818493
517	-344.434827	-344.522459
3768	-227.338075	-227.467549
2055	-304.724717	-304.694666
3506	-320.804155	-320.938263
1475	-362.957353	-362.918741
2898	-310.940190	-310.904764
1312	-381.612501	-381.728651
1803	-270.394458	-270.316680
81	-318.390876	-318.326383
3524	-308.455477	-308.430950
2067	-280.248350	-280.228247
1690	-339.426816	-338.804035
1367	-325.812267	-325.788766
719	-309.693538	-309.661912
2394	-355.446449	-355.329139
3620	-359.351415	-359.328562
2384	-281.469893	-281.685058
670	-324.618078	-324.641852
1257	-346.855622	-346.887307
2753	-310.904304	-310.874135
682	-302.303791	-302.341642
2114	-307.528446	-307.488401
248	-339.489875	-339.532662
3925	-325.718488	-325.793817
1595	-309.686571	-309.646315
606	-343.235457	-342.826089
1831	-323.386306	-323.119303
880	-345.648463	-345.798125
3786	-308.759185	-308.715262
2073	-345.600119	-345.608370
3384	-357.949026	-357.939770
2852	-274.986857	-274.707307
2584	-360.567154	-360.621109
2500	-286.498235	-286.464704
3637	-309.764115	-309.769357
73	-233.293627	-234.024521
1346	-308.542644	-308.604808
3346	-318.327053	-318.255005
2616	-272.542567	-272.566486
1109	-333.411326	-334.237504
1029	-325.751230	-325.767729
791	-309.662433	-309.540980
675	-346.827397	-346.796824
687	-346.841762	-346.889477
2441	-310.909223	-310.897899
1667	-323.323781	-323.590446
3753	-271.652242	-271.675127
3250	-360.517106	-360.595409
3878	-360.554015	-360.578081
2008	-336.802659	-336.859947
1544	-324.594826	-324.571620
1674	-360.499243	-360.414944
2418	-304.734646	-304.823712
3368	-308.496367	-308.555542
3401	-338.175569	-337.862060
778	-324.573162	-324.572407
3926	-325.748612	-325.733811
2233	-319.556235	-319.488711
2810	-273.763107	-273.799067
2610	-309.711468	-309.707979
252	-305.913756	-305.912381
1850	-323.407987	-323.208917
37	-381.587333	-381.563266
493	-336.819674	-336.815904
772	-381.599310	-381.236676
2056	-325.729141	-325.776589
816	-356.748545	-356.749222
2989	-287.317913	-287.398090
1504	-360.489720	-360.586662
1030	-309.683546	-309.491431
1073	-233.249538	-232.000585
3164	-344.379764	-344.330391
1059	-303.436180	-303.402836
126	-274.991042	-275.058769
3857	-340.686134	-340.662924
1447	-469.758395	-459.643170
3224	-286.504546	-286.480174
1847	-325.753767	-325.732923
3567	-309.693494	-309.672277
1639	-345.640072	-345.890704
3231	-380.446861	-380.844974
3101	-360.503577	-360.392442
3226	-339.491316	-339.451133
943	-303.497783	-303.430967
724	-320.775720	-320.832741
854	-383.971058	-383.956385
3374	-324.551244	-324.432004
2980	-274.983908	-274.193097
254	-285.284456	-284.953093
488	-346.861837	-346.880816
1804	-324.542706	-324.567376
1103	-273.764642	-273.860205
1859	-324.577613	-324.529577
74	-310.918822	-310.923349
2279	-309.711101	-309.671362
3923	-309.737951	-309.741568
1025	-324.520219	-324.517233
2665	-348.031230	-347.715122
2136	-263.278851	-263.824982
1936	-360.564423	-360.648413
1540	-285.217962	-284.788031
1469	-324.444698	-324.646005
2900	-272.554670	-272.394316
1038	-267.106213	-267.031493
2066	-432.401755	-433.413695
220	-276.205821	-276.265318
385	-305.159206	-305.017838
3617	-345.608658	-345.873479
72	-325.720699	-325.738844
3267	-320.776472	-320.791436
3932	-360.472117	-360.543193
1533	-309.671865	-309.685634
3157	-335.619981	-335.617466
3131	-303.560907	-303.651046
1838	-356.685238	-356.649631
1943	-325.729335	-325.715410
672	-345.661057	-345.530005
18	-309.719641	-309.742513
1779	-288.583563	-288.539959
1913	-310.912131	-310.867953
979	-309.713440	-309.704024
10	-344.512001	-344.466222
3902	-382.757521	-382.267059
3775	-324.576188	-324.600728
342	-323.351196	-323.403078
2674	-342.352279	-342.730628
592	-307.614861	-307.568192
280	-271.324234	-271.354545
1248	-304.732336	-304.764887
1749	-302.579654	-302.679424
2736	-310.922181	-310.915912
2053	-320.769272	-320.770120
2294	-341.831947	-341.890100
3779	-308.476903	-308.465186
2788	-345.596027	-345.567992
1003	-308.516378	-308.504013
3467	-308.494487	-308.326179
2275	-312.122563	-312.094872
3513	-340.637067	-340.509491
2422	-325.718957	-325.745158
3296	-345.650105	-345.705287
1001	-304.724431	-304.717320
3542	-344.409533	-344.389744
1893	-344.385273	-344.377760
2978	-340.669862	-340.633313
1382	-360.492675	-360.530815
2846	-273.780933	-273.664518
2201	-452.728039	-447.567216
2411	-193.075202	-193.124160
44	-309.735489	-309.745118
1587	-322.133444	-321.991522
2089	-308.469081	-308.495604
2539	-321.276274	-321.038635
857	-245.711897	-240.585554
2047	-286.246880	-286.194401
1538	-348.050463	-347.996489
1408	-379.527030	-379.663844
2428	-309.682996	-309.746474
1808	-356.676972	-356.668069
75	-381.566310	-381.624156
941	-340.652570	-340.683649
3776	-320.773105	-320.814753
924	-324.528533	-324.464579
356	-372.741729	-372.630697
1449	-308.507220	-308.407722
3689	-308.467642	-308.460215
3805	-309.680682	-309.691063
997	-361.688335	-361.555577
3246	-340.652252	-340.654193
1710	-361.726166	-361.786909
3469	-356.686540	-356.693860
439	-288.690999	-288.597027
732	-327.023478	-327.048698
3679	-320.794248	-320.786427
3163	-319.610683	-319.608661
636	-382.818623	-382.409801
3286	-361.731914	-361.547050
79	-324.605178	-324.556934
2251	-430.448052	-278.582616
1836	-268.273739	-267.673851
1723	-307.290176	-307.130042
3174	-272.844804	-273.085494
2931	-361.729140	-361.823466
3438	-312.132858	-312.162409
2800	-287.478272	-287.274883
2146	-310.932540	-310.915406
3433	-308.465425	-308.486114
2633	-324.627681	-324.708381
3797	-376.587519	-376.365361
3629	-359.312853	-359.068035
508	-325.801512	-325.767481
2023	-317.402836	-317.453211
503	-355.514134	-355.797144
373	-379.522177	-379.572625
3730	-291.017996	-289.526334
1884	-307.577822	-307.458398
892	-288.621895	-288.508410
3660	-288.651313	-288.584724
1705	-286.218259	-285.756763
2623	-235.700285	-235.680439
3512	-340.641866	-340.638710
3204	-306.313706	-306.282521
1758	-271.616401	-271.602020
2829	-340.622886	-340.529994
1922	-248.132701	-247.474624
2465	-339.464024	-339.504186
3694	-338.246643	-336.920731
2825	-360.576433	-360.758156
3175	-309.649998	-309.742461
2977	-310.909944	-310.901051
3122	-232.329070	-232.179024
1601	-345.646864	-345.610409
2424	-273.764093	-273.840577
3380	-345.606939	-345.630396
1006	-336.843788	-336.852940
564	-272.569586	-272.595563
3288	-348.045786	-348.069716
1629	-272.526778	-272.546684
2368	-325.804686	-325.776682
451	-362.932378	-362.959212
523	-345.565792	-345.758990
1895	-324.551432	-324.545467
2845	-307.602080	-307.512443
3479	-265.289023	-265.263087
811	-304.567859	-304.802606
3338	-308.466631	-308.447575
2818	-335.618370	-335.663459
3468	-345.710017	-345.711163
2713	-310.904631	-310.933397
1753	-375.351387	-375.124309
1785	-273.751900	-273.839818
903	-309.685872	-309.633355
1214	-341.865386	-341.893697
1478	-309.691634	-309.708587
3649	-343.292778	-343.176619
3307	-318.647923	-318.018613
1797	-194.267232	-193.138195
1269	-307.563525	-307.516119
605	-456.103432	-458.451969
430	-307.543210	-307.551235
1741	-345.629842	-345.467675
1505	-308.487195	-308.535007
578	-382.825717	-382.160666
2328	-320.732586	-320.716521
1910	-326.978724	-326.960152
808	-320.774349	-320.782611
1765	-285.335887	-285.497196
345	-309.704732	-309.706510
1315	-288.533780	-288.549097
2150	-324.570860	-324.604963
2600	-307.237880	-306.976587
1728	-362.942862	-362.929585
1960	-345.602645	-345.544186
963	-345.645239	-345.648530
3757	-281.482952	-281.420723
3662	-360.469577	-360.367474
2208	-286.486509	-286.523336
213	-249.281074	-249.542602
2962	-309.686114	-309.672132
1433	-325.729800	-325.711259
1434	-344.482088	-344.476625
1485	-309.731369	-309.753072
3001	-270.386138	-270.325013
3841	-371.541704	-371.294034
87	-490.834069	-489.109958
2124	-345.600825	-346.028353
2123	-327.010026	-326.841659
1996	-356.687774	-356.735594
579	-281.480583	-281.466769
2264	-346.831590	-346.763539
908	-310.911406	-310.897343
2732	-324.579850	-324.543671
1496	-268.248371	-268.337116
2556	-321.958604	-322.137454
1694	-273.743311	-273.879254
3266	-287.736841	-287.935116
2954	-305.915530	-305.942096
2596	-339.467484	-339.509832
149	-380.415966	-380.811319
2598	-308.508949	-308.401599
3148	-324.567513	-324.858551
330	-286.408473	-286.806748
2054	-302.588564	-302.622855
3377	-360.549337	-360.495167
2339	-326.954728	-327.002936
265	-236.916125	-238.757968
607	-301.373496	-301.306996
1688	-324.567893	-324.473282
91	-275.011437	-274.852298
3018	-345.638117	-345.636152
1099	-231.975652	-232.259533
649	-340.685408	-340.682346
2373	-302.564379	-302.633728
1101	-307.244627	-307.367463
3290	-341.859618	-341.841184
47	-247.225618	-247.475522
1974	-345.655745	-345.489959
1736	-273.764207	-273.748014
3572	-322.172641	-321.808346
2197	-309.684327	-309.729838
1402	-286.203815	-286.275795
3835	-309.693085	-309.655689
2730	-286.492223	-286.467036
3215	-320.793270	-320.828414
2960	-271.360631	-271.351689
459	-348.056615	-347.971173
1080	-288.570006	-288.589572
2922	-352.890573	-352.953599
1353	-359.297643	-359.276498
2022	-344.425164	-344.469808
1387	-361.698635	-361.651738
3489	-308.508824	-308.477046
155	-324.571682	-324.592039
1052	-361.770383	-361.551097
3271	-454.878708	-454.625128
1350	-343.076530	-343.117362
1993	-339.504090	-339.443739
3683	-308.510782	-308.514125
2552	-340.624424	-340.582164
3653	-309.763576	-309.778781
2244	-414.351653	-412.619275
1394	-396.500849	-396.769734
2656	-376.622509	-376.692203
2129	-356.722498	-356.709946
2749	-340.645995	-340.655182
3601	-308.749822	-308.699059
1280	-356.683566	-356.685821
981	-303.499320	-303.275223
1032	-346.816694	-346.805799
2751	-273.787799	-273.887479
3756	-326.943546	-326.938279
1065	-360.485823	-360.399323
3317	-269.177232	-269.128369
3645	-304.681903	-304.754029
2375	-360.564233	-360.500887
925	-307.567279	-307.433736
2205	-318.391203	-318.347146
3284	-343.290242	-343.246191
1809	-324.559733	-324.502060
3711	-303.469034	-303.533200
1370	-242.180146	-241.700170
2171	-359.346839	-359.405873
2243	-340.673964	-340.654856
3409	-356.696744	-356.677893
1744	-288.535621	-288.428298
1132	-310.938583	-310.899831
3959	-305.831035	-305.872171
569	-376.620836	-376.308476
3961	-308.561152	-308.613021
357	-307.245430	-307.257801
156	-288.654408	-288.634994
1477	-303.462312	-303.362725
2482	-268.321270	-269.743528
2484	-344.359905	-344.173554
591	-325.760915	-325.769058
1613	-346.890723	-346.900383
3785	-348.045948	-347.998011
3406	-286.459793	-286.358692
389	-271.336957	-271.425745
3767	-324.568597	-324.404913
2832	-250.585843	-250.620581
3218	-325.743746	-325.695348
429	-288.570364	-288.583960
773	-309.674485	-309.706236
1058	-324.585402	-324.581664
3871	-346.859809	-346.899802
3181	-307.209274	-307.227133
1494	-345.654016	-345.682029
2376	-346.840597	-346.863476
106	-362.952198	-362.945802
622	-341.886905	-341.869326
3143	-286.432042	-286.461045
2745	-322.118085	-322.034463
947	-322.454079	-322.358678
870	-345.646965	-345.667867
3155	-376.605641	-376.525162
2554	-345.649886	-345.642266
3855	-304.746925	-304.775486
1609	-210.001565	-209.284584
415	-309.692626	-309.620986
1973	-340.637231	-340.793168
843	-308.437835	-308.633016
3874	-323.344889	-323.427709
3034	-360.418556	-360.253288
3968	-287.425634	-287.531080
1354	-382.790027	-382.609135
3778	-309.700675	-309.717957
2242	-362.870426	-362.890848
300	-324.602433	-324.593097
1373	-324.557383	-324.517517
1383	-344.398797	-344.343132
3599	-308.482454	-308.526948
521	-262.065493	-261.373090
2475	-381.524347	-382.267780
552	-340.639366	-340.648750
3470	-416.814878	-407.108277
3949	-359.301320	-359.443650
1273	-355.513035	-355.656707
1995	-362.946041	-362.953415
3922	-270.394284	-270.492932
3799	-291.018995	-291.423444
2138	-340.684371	-340.652044
3165	-356.724041	-356.878954
887	-361.720206	-361.623704
782	-361.678341	-361.769800
340	-273.789697	-273.747214
2037	-345.620113	-345.561662
583	-285.016369	-284.980632
158	-308.540079	-308.529403
2409	-324.595526	-324.476336
1552	-346.865957	-346.968454
1461	-346.899170	-346.951483
3724	-324.573480	-324.853495
1335	-283.156647	-282.962593
3381	-309.731402	-309.715357
1950	-232.331230	-232.643208
620	-346.820834	-346.823985
1231	-324.569596	-324.606185
3636	-324.624318	-324.644011
3876	-304.574737	-304.656154
512	-346.861026	-346.869993
165	-327.013034	-326.850884
325	-345.637577	-345.611100
900	-288.561991	-288.601546
3943	-376.602183	-376.365153
2387	-391.391111	-393.576275
2582	-320.773768	-320.769377
3611	-324.577560	-324.590054
3483	-308.500974	-308.481485
3605	-372.755216	-372.462641
3608	-372.729173	-372.294689
1569	-234.503085	-234.437185
2815	-324.570906	-324.736677
3444	-289.794376	-289.731122
3965	-273.764529	-273.779796
2176	-345.608670	-345.483440
2836	-345.652670	-345.599187
2402	-235.696227	-235.795994
331	-309.734363	-309.755627
1952	-344.408452	-344.372667
3889	-360.533387	-360.569067
2287	-310.905485	-310.898635
2141	-307.287454	-306.969284
12	-377.816587	-377.830804
2611	-346.824672	-346.893768
348	-196.432825	-196.862954
2374	-285.279236	-285.168583
1675	-271.277972	-271.342014
3734	-326.940196	-326.797372
1581	-345.660520	-345.503638
905	-360.513668	-360.493520
1226	-195.226072	-195.269508
420	-362.950092	-362.972966
1870	-309.686187	-309.682034
2813	-232.063900	-232.668015
416	-271.318448	-271.292642
2651	-273.744309	-273.850515
758	-307.574899	-307.544740
11	-356.688211	-356.693916
295	-320.770299	-320.811472
912	-323.344400	-323.369025
329	-380.402442	-380.310088
2158	-340.663379	-340.660915
1414	-377.797879	-377.859951
187	-341.842120	-341.825630
1119	-304.733360	-304.737795
3725	-309.710255	-309.688704
1228	-345.640969	-345.194178
2801	-310.932716	-310.887476
3303	-272.589883	-272.563927
2333	-338.234590	-338.378020
3716	-361.720799	-361.798598
381	-341.835557	-342.026269
1876	-251.732828	-251.754147
2771	-310.910278	-310.922836
2507	-291.014750	-290.384440
2705	-270.384180	-270.227670
821	-307.566593	-307.473731
1866	-310.940708	-311.067432
1512	-346.839595	-346.855849
2174	-324.606491	-324.528122
208	-270.399081	-270.298423
1309	-287.723848	-287.520234
2457	-382.757134	-382.695481
937	-306.397642	-306.524917
2501	-232.377706	-232.830069
2139	-381.581478	-381.809707
2614	-232.164586	-231.130184
296	-345.688916	-345.751173
2797	-345.646914	-345.559187
3822	-309.665941	-309.680206
1537	-309.692993	-309.674401
539	-341.886521	-342.208562
856	-324.568212	-324.566762
2992	-343.202564	-343.398826
3668	-309.700336	-309.645165
3533	-232.036378	-231.826963
2840	-284.048718	-283.811120
305	-346.859213	-346.809762
2183	-339.459869	-339.429609
1328	-376.531779	-376.399426
1017	-308.419735	-308.500123
48	-304.689512	-304.761582
580	-360.537290	-360.488617
2157	-309.686797	-309.676688
1206	-342.315546	-342.590925
3297	-360.526636	-360.421123
1929	-324.551800	-324.557664
1221	-344.436348	-344.471668
964	-291.014970	-290.970056
3604	-273.812100	-273.768512
377	-360.527122	-360.511170
308	-303.428586	-303.230664
3953	-325.792503	-325.829636
1042	-305.904676	-306.019453
107	-307.580090	-307.547974
341	-273.735711	-273.815154
1061	-343.531666	-343.465959
1784	-324.497693	-324.522318
1384	-361.755719	-361.681979
2237	-325.784144	-325.784781
2382	-380.343633	-379.947397
1188	-306.054267	-305.942516
2809	-344.506029	-344.486471
619	-325.787161	-325.791764
800	-324.611571	-324.680527
3931	-288.683173	-288.590922
3556	-276.202384	-276.624808
30	-325.717105	-325.706668
1436	-375.359407	-375.303117
2668	-310.906004	-310.911314
2005	-305.155985	-305.358323
2315	-273.793520	-273.717374
2341	-377.784360	-377.809085
343	-360.502305	-360.455986
1630	-323.431776	-323.318551
1411	-327.023352	-327.104245
468	-322.150234	-321.826183
3625	-326.948771	-326.959971
214	-348.052027	-348.080592
2789	-340.629283	-340.658409
269	-325.729080	-325.706673
1948	-195.158734	-191.692469
3167	-309.688639	-309.669137
3727	-285.317454	-285.002472
200	-345.625804	-345.558923
1211	-286.498633	-286.441698
1990	-281.482892	-281.663372
1034	-356.732791	-356.710042
1130	-346.826923	-346.812957
8	-272.545439	-272.549871
1480	-324.584824	-324.436352
3963	-271.323381	-271.088899
2878	-285.336744	-285.340733
482	-272.599303	-272.675970
2545	-324.614082	-324.502693
3459	-346.831382	-346.808582
2132	-377.826580	-377.771538
2357	-325.754267	-325.718399
2731	-272.836211	-272.888848
874	-271.611192	-271.584535
65	-312.125621	-311.976922
1970	-362.897428	-362.868759
1699	-272.541597	-272.569773
3476	-304.737418	-304.812567
1944	-325.796840	-325.856564
1647	-343.242553	-343.007298
3927	-323.326298	-323.538932
658	-307.234503	-307.174737
3894	-322.469844	-321.822975
3248	-322.477268	-322.264437
792	-310.898648	-310.931399
144	-271.323089	-271.290814
807	-340.681309	-340.657071
2445	-324.576679	-324.566316
1824	-336.855265	-336.850050
1721	-339.479764	-339.343038
314	-233.255379	-232.497772
723	-361.717032	-360.708547
1900	-309.689410	-309.624149
480	-325.760797	-325.788843
1169	-346.819305	-346.821036
2249	-392.653825	-392.339667
532	-344.369744	-344.541830
1174	-345.614442	-345.592570
2179	-361.698233	-361.694271
1665	-336.802871	-336.818751
853	-76.404702	-369.180165
3638	-306.320806	-306.348216
2209	-382.781841	-382.269592
2450	-312.124760	-312.207323
3057	-301.381127	-301.341077
2792	-362.944759	-363.025997
3168	-323.614890	-323.448417
3161	-309.678595	-309.595312
1409	-285.282853	-284.952984
1985	-339.481708	-339.346370
839	-302.254301	-302.509197
2088	-362.871515	-362.927313
1297	-345.621773	-345.827078
3402	-234.522504	-234.572341
731	-355.501990	-355.485820
1698	-325.800949	-325.835644
907	-381.607752	-381.577117
1625	-320.776082	-320.853859
3280	-344.483775	-344.416803
3134	-271.319942	-271.380624
3146	-289.872162	-289.908889
3031	-270.411205	-270.339955
1733	-322.169100	-321.436476
315	-302.472397	-302.476975
398	-345.636145	-345.740111
2258	-303.453218	-303.601920
150	-309.732713	-309.669346
525	-273.812813	-273.649387
1927	-361.739999	-361.769456
3991	-372.765028	-373.081295
1787	-325.795649	-325.778564
1250	-309.686189	-309.618887
2273	-324.579188	-324.607116
1357	-375.307060	-375.058933
1349	-286.542391	-286.418919
3719	-320.742924	-320.846925
2750	-268.301176	-268.801510
825	-340.536374	-340.267998
2400	-345.592410	-345.755019
3417	-354.292460	-355.872728
2452	-344.424745	-344.294407
970	-310.911364	-310.874467
2894	-309.717750	-309.692253
3003	-325.798735	-325.810867
2358	-322.169697	-321.691556
1712	-345.612640	-345.584417
3471	-416.384141	-416.939202
3264	-307.260972	-307.215651
1177	-325.808092	-325.826957
242	-340.623533	-340.730496
3393	-359.297522	-359.280810
3370	-396.486664	-396.933567
1981	-306.313924	-306.872067
197	-233.549368	-232.748219
919	-272.589999	-272.581837
51	-283.168740	-283.647567
355	-273.761263	-273.615428
3588	-272.549011	-272.423190
1068	-308.470010	-308.419971
3697	-312.119261	-312.151956
3282	-362.972786	-363.016202
224	-324.628594	-324.562314
3818	-308.470796	-308.660636
1450	-273.757658	-273.619053
3936	-326.951067	-326.834982
3076	-247.198000	-247.408749
3551	-345.646761	-345.685894
2520	-307.284294	-307.133308
2472	-209.159302	-209.907625
597	-309.683901	-309.693350
3659	-340.683837	-340.652633
2820	-308.557865	-308.458799
169	-309.688569	-309.651856
1679	-288.576381	-288.517917
3748	-376.556657	-376.297050
2286	-309.728265	-309.711540
3784	-344.450127	-344.442671
2594	-335.586914	-335.622039
1340	-271.616723	-271.660886
1719	-232.050342	-232.409564
2063	-344.402806	-344.482248
3180	-323.669200	-323.656593
3274	-196.407957	-197.815286
1606	-308.462382	-308.312984
3565	-286.474509	-286.542173
586	-376.582598	-377.394137
2808	-340.646073	-340.619427
117	-211.295163	-211.323832
1154	-310.937644	-310.820447
2252	-382.779570	-382.452450
160	-309.685140	-309.705084
1325	-356.758284	-356.770975
2998	-246.027383	-247.063097
3815	-288.574763	-288.632531
3021	-360.495540	-360.619649
2299	-280.273691	-280.684120
2828	-232.030352	-231.443812
700	-310.938181	-310.893709
2601	-333.464063	-333.131533
3749	-249.363949	-249.323428
1788	-345.646841	-345.651713
627	-359.304956	-359.648479
780	-308.769557	-308.802563
2872	-288.581144	-288.608486
1147	-304.755780	-304.922927
1205	-304.682331	-304.750080
2679	-312.130526	-311.926833
1229	-288.582662	-288.648499
2229	-319.560814	-319.157344
1157	-309.691584	-309.641653
3276	-344.508729	-344.460530
3004	-288.652346	-288.591167
3593	-304.614300	-304.706163
2698	-344.434438	-344.377992
3375	-324.594534	-324.592241
2463	-288.576502	-288.572996
3732	-320.774305	-320.910966
3321	-251.726162	-251.784383
1088	-291.017433	-288.937989
3956	-345.698757	-345.587774
3269	-381.624381	-381.628312
3386	-309.684862	-309.696191
226	-360.556344	-360.551429
2478	-339.450173	-339.987766
1011	-310.942660	-310.836610
1687	-344.407598	-344.603692
2182	-340.610000	-340.570920
671	-310.897268	-310.896554
3019	-301.357437	-301.301182
1164	-340.611734	-340.600876
1021	-232.328175	-232.454367
3496	-302.303890	-302.317039
1536	-324.492974	-324.500591
393	-323.334482	-323.390880
3410	-271.316922	-271.201584
236	-325.758113	-325.781079
2619	-326.939536	-326.956806
2971	-312.131841	-312.109562
131	-345.603479	-345.530647
1762	-361.755551	-361.744740
2817	-340.641240	-340.656705
2868	-270.407057	-270.297435
3199	-273.811544	-273.764463
3976	-273.765901	-273.688609
1072	-272.554773	-272.452517
1806	-324.610229	-324.600110
3616	-225.221461	-230.249831
567	-339.489014	-339.588411
2359	-360.468392	-360.324134
689	-341.818686	-341.864810
1786	-325.785038	-325.763849
3856	-306.313590	-306.834543
333	-308.507517	-308.621366
2943	-340.654874	-340.678086
3538	-271.350701	-271.406732
1403	-308.462299	-308.517144
2019	-340.659620	-340.628507
1904	-304.752598	-304.797453
2513	-345.631685	-345.647541
738	-324.592221	-324.666355
3547	-324.582904	-324.620311
3574	-398.876124	-396.490853
2101	-361.717364	-361.483204
2434	-377.845502	-377.811855
1931	-310.900102	-310.877750
1413	-247.214861	-247.236053
2498	-288.539500	-288.583495
2784	-273.803873	-273.715289
1110	-325.781398	-325.777598
2841	-360.524422	-360.436556
1191	-360.510716	-360.335799
704	-235.696677	-235.640473
3220	-273.806349	-273.581173
3059	-363.508158	-363.508447
3033	-325.785262	-325.807188
1845	-302.309526	-302.976275
2112	-304.729640	-304.852544
2145	-346.844016	-346.856597
3332	-376.610619	-376.980963
522	-309.680641	-309.567386
3788	-361.725962	-361.778326
1000	-339.452428	-339.521281
2843	-308.509454	-308.528462
258	-371.546126	-371.690863
2388	-309.695742	-309.724697
2765	-381.546975	-381.480439
284	-360.500454	-360.374182
2950	-360.498298	-360.438116
497	-287.470402	-287.580583
161	-285.276468	-285.193950
2882	-322.444150	-322.827747
359	-346.832402	-346.820548
501	-345.630685	-345.563862
89	-249.259410	-248.662285
40	-344.338878	-344.304831
752	-324.557693	-324.569094
2189	-325.762375	-325.728196
1018	-354.272548	-355.645258
2893	-274.985796	-274.878790
1406	-375.394844	-373.668521
3557	-344.382663	-344.413168
1499	-320.779994	-320.819311
1396	-346.886411	-346.906590
3531	-344.458268	-344.100658
920	-281.489179	-281.447470
2798	-307.259167	-307.267076
2951	-308.569129	-308.550040
1071	-360.495618	-360.658838
3232	-345.686487	-345.665622
3676	-346.840522	-346.884192
1527	-271.621836	-271.577893
515	-287.727890	-288.113548
633	-325.759393	-325.748411
2069	-346.855971	-346.848391
1441	-303.469082	-303.556418
3289	-270.437636	-270.682551
260	-359.369049	-359.431489
2193	-383.976576	-384.211497
1266	-324.582035	-324.444038
2058	-356.710498	-356.863968
1633	-247.201165	-247.221000
306	-307.335530	-307.063106
1885	-345.647670	-345.583709
2173	-304.678340	-304.632477
3499	-309.702237	-309.692903
3839	-231.155780	-231.922053
3520	-325.752207	-325.703045
1826	-285.242094	-285.069621
1565	-325.735821	-325.690494
1963	-325.761942	-325.786399
1327	-320.768458	-320.900556
2993	-346.825502	-346.816155
3731	-310.913156	-310.917808
2581	-234.469389	-234.199998
3663	-344.446747	-344.451410
1039	-360.575277	-360.889363
3646	-305.130313	-305.238779
1127	-345.659797	-345.550467
651	-232.334436	-232.874315
3938	-345.645388	-345.673126
2180	-340.665904	-340.677944
3849	-360.531172	-360.416307
1365	-361.755045	-361.523838
1735	-320.791360	-320.793881
535	-248.416462	-248.397904
1223	-324.586663	-324.598664
1717	-345.603646	-345.587214
2165	-319.567241	-319.482821
3596	-285.328258	-285.331615
1348	-309.683859	-309.652152
786	-307.544728	-307.597131
771	-346.903261	-346.880852
2405	-318.344936	-318.100647
403	-272.843742	-272.919108
3493	-232.333258	-232.508523
3498	-381.585231	-381.436439
2285	-340.578657	-340.654685
1618	-345.629039	-345.660425
3262	-235.693825	-235.968082
632	-361.705069	-361.757020
835	-320.740782	-320.801385
3701	-248.211932	-245.591355
1894	-360.532510	-360.544289
1634	-324.563073	-324.607789
192	-310.897684	-310.929716
971	-324.624537	-324.637469
1375	-345.645053	-345.675117
2621	-305.145002	-305.034299
2323	-310.954565	-310.928269
255	-309.672030	-309.655546
1522	-324.485746	-324.455026
2135	-346.861074	-346.845753
3166	-326.949535	-326.958890
2062	-303.437471	-303.497094
2327	-381.624797	-381.748751
1041	-371.504707	-371.283527
2497	-325.763216	-325.728089
2768	-340.690205	-340.586627
1918	-319.573117	-319.616023
948	-336.827390	-336.832157
901	-270.446915	-270.472311
2895	-273.764673	-273.807159
720	-381.594735	-381.167593
2443	-288.547509	-288.611444
3042	-269.468415	-268.914503
2084	-361.708021	-361.697393
86	-190.624631	-189.755520
1156	-154.972731	-155.809830
1796	-307.536544	-307.470135
875	-376.554863	-376.391054
3341	-291.021228	-291.187561
1094	-304.696023	-304.762546
2455	-344.431301	-344.584554
3107	-281.504745	-281.456070
1941	-286.206129	-286.619124
6	-345.687671	-345.759095
466	-382.782183	-383.321176
1486	-380.373644	-379.900429
1131	-324.580815	-324.574989
3488	-340.672417	-340.668579
2298	-270.396464	-270.467766
3552	-325.793166	-325.733491
3465	-324.548021	-324.503284
283	-355.460155	-355.343656
2842	-308.450204	-308.559538
3947	-382.782251	-382.264501
1577	-355.468067	-355.573294
3675	-360.534222	-360.632225
2620	-324.587670	-324.593347
1066	-375.344926	-375.272011
154	-324.538764	-324.535587
3609	-269.176442	-268.859986
196	-341.759398	-342.014580
685	-320.029854	-319.874506
175	-361.754326	-361.625606
3065	-344.486202	-344.446765
2720	-231.102112	-231.489037
2143	-288.628466	-288.556724
2591	-325.773278	-325.740616
1689	-336.823026	-336.742868
2464	-297.555801	-297.574286
2383	-324.593866	-324.497491
3172	-274.982310	-274.582559
1012	-266.609146	-266.858848
189	-322.167165	-322.295695
3745	-310.912788	-310.921695
2844	-301.377995	-301.335527
2325	-273.732431	-273.878294
747	-359.350089	-359.379652
2763	-272.548325	-272.536862
1579	-288.589020	-288.604228
911	-356.711832	-356.752689
1377	-325.768959	-325.740962
635	-324.578381	-324.565554
1937	-287.438379	-287.856806
1148	-284.062954	-286.654661
1783	-320.761312	-320.807759
3522	-309.691414	-309.713882
783	-273.806375	-273.637649
211	-357.939331	-357.939096
3628	-272.509064	-272.565534
3243	-377.816466	-377.814976
1452	-308.467331	-308.527610
3407	-343.517848	-343.247518
1243	-323.582949	-323.721692
613	-309.689486	-309.604042
3091	-341.869641	-341.965725
104	-360.574432	-360.806903
2968	-310.909942	-310.874681
404	-324.595399	-324.645097
2567	-320.795216	-320.928689
1160	-286.467220	-286.572128
3190	-232.325947	-232.188380
2686	-340.697732	-340.644737
3120	-309.689111	-309.679551
762	-346.863396	-346.923816
2131	-320.777849	-320.752290
1535	-324.463541	-324.435088
1686	-288.648208	-288.659784
485	-250.585183	-249.767680
223	-339.501781	-339.357940
2891	-308.511094	-308.453233
32	-287.509315	-287.541363
3027	-336.811099	-336.828779
3555	-360.547370	-360.647455
1380	-288.625728	-288.642796
878	-308.466070	-308.391901
2113	-344.391557	-344.286387
3834	-324.589539	-324.560546
371	-380.374978	-379.526890
3666	-309.735874	-309.754375
285	-249.362379	-249.076464
1252	-301.395982	-301.342744
3049	-324.610004	-324.589444
789	-324.581906	-324.570516
3518	-340.655390	-340.647080
2416	-344.406447	-344.317656
3514	-340.654233	-340.649326
2510	-325.797299	-325.778705
1549	-340.689515	-340.647688
2431	-309.684774	-309.720482
217	-271.648392	-271.623161
3448	-324.634377	-324.624656
1078	-309.738888	-309.622610
3238	-340.667053	-340.679071
1265	-227.324775	-227.993745
3526	-249.285024	-249.322202
1874	-416.367317	-416.252781
2822	-310.902197	-310.842285
2740	-360.536920	-360.523531
2806	-234.476081	-234.428961
2838	-324.547436	-324.545035
1339	-285.316421	-285.227573
3311	-344.433172	-344.384992
3404	-309.733988	-309.645880
888	-323.328290	-323.610400
1023	-309.663477	-309.660469
1568	-324.555249	-324.509458
2300	-453.655583	-455.684852
1135	-310.903412	-310.923214
2618	-361.768020	-361.687259
1658	-287.337578	-287.204228
53	-285.330157	-285.375446
3641	-360.485033	-360.552118
3698	-360.508088	-360.443644
3937	-361.713179	-361.797365
2025	-249.363808	-248.953926
3770	-272.544060	-272.718900
787	-360.525379	-360.422481
2859	-362.909074	-362.876007
1307	-303.460433	-303.448000
3366	-323.268818	-322.965613
3762	-351.646368	-351.681499
915	-304.734226	-304.745418
917	-323.320690	-323.399250
238	-233.253760	-232.775832
3814	-361.745554	-361.848634
1775	-306.353871	-306.452874
3258	-324.473847	-324.441857
570	-275.012535	-275.202233
2830	-325.800699	-325.779527
2764	-195.179738	-193.359718
489	-356.745773	-356.743619
2747	-301.332569	-301.385696
1933	-270.396100	-270.307129
2297	-322.412936	-322.298499
1652	-301.316399	-301.368448
3062	-381.573048	-381.146964
2354	-387.558484	-388.311247
3587	-322.421320	-322.831520
2850	-288.580309	-288.540072
2489	-250.583259	-249.983731
3905	-395.515911	-393.687007
1282	-346.860539	-346.937635
2930	-310.906738	-310.977220
3450	-382.824468	-382.256819
2831	-356.723059	-356.768198
3053	-490.831786	-486.701904
1978	-281.485530	-281.424025
3195	-274.982322	-275.139163
1341	-301.373831	-301.277096
1482	-312.132386	-312.061489
1005	-273.786179	-273.734053
2039	-360.553317	-360.612151
2929	-345.638912	-345.664518
3203	-308.459279	-308.369055
2646	-325.800095	-325.809236
3405	-269.206920	-269.306950
2122	-348.040439	-347.964402
987	-273.765811	-273.868139
3710	-308.565933	-308.696758
1104	-287.315479	-287.410610
1421	-360.526142	-360.543684
926	-345.680086	-345.650969
3639	-345.680996	-345.689399
3686	-344.462681	-344.367255
1935	-361.677841	-361.569171
2944	-309.687280	-309.725601
2945	-307.281910	-307.435475
3112	-327.021680	-326.976577
