no_training:3000	no_test:993file identifier	 training data
3550	-341.825957
1167	-309.729139
3521	-342.324182
1525	-345.608193
2694	-317.396153
2326	-320.768781
1178	-382.751729
739	-309.678703
1136	-271.296056
791	-309.662433
1955	-339.498757
936	-382.773457
1289	-344.439723
2696	-353.269456
1176	-288.584832
704	-235.696677
1356	-271.372094
986	-347.459586
3296	-345.650105
3028	-346.861640
3362	-345.632413
2780	-272.545389
1319	-308.560759
3728	-234.474951
3594	-272.544482
1677	-344.412416
639	-270.405973
2320	-362.876210
1917	-325.790782
677	-324.594116
877	-359.317823
110	-346.869123
3011	-310.902708
1278	-362.942040
1102	-116.609549
3525	-340.662316
3748	-376.556657
3768	-227.338075
3204	-306.313706
623	-265.457424
3676	-346.840522
3462	-272.538255
624	-312.119017
99	-336.813559
3988	-309.707600
1615	-287.344000
2961	-348.061993
3651	-303.463214
3383	-360.602876
2852	-274.986857
3126	-360.523204
2260	-271.351786
1235	-265.447270
657	-270.392759
1089	-344.451793
3244	-323.320332
669	-377.780670
431	-361.712798
500	-308.452306
241	-309.718177
2049	-344.463291
3388	-271.606364
1340	-271.616723
3066	-345.688382
567	-339.489014
710	-340.625597
394	-344.385642
3243	-377.816466
147	-345.615452
3648	-324.631468
1756	-326.935440
1533	-309.671865
1656	-323.352987
303	-375.328197
981	-303.499320
2589	-361.718361
2427	-339.474134
2854	-325.810616
1029	-325.751230
2412	-310.904086
3587	-322.421320
2689	-309.673807
2277	-383.973315
2897	-346.825923
668	-267.103350
3913	-308.551230
2064	-309.687401
2672	-355.556836
3637	-309.764115
2697	-360.495788
1673	-309.733829
268	-362.957295
1657	-338.273162
1618	-345.629039
3621	-346.815715
238	-233.253760
831	-346.867207
765	-317.447668
2085	-309.695312
3634	-340.646592
173	-396.486463
760	-324.605411
3612	-309.738513
3262	-235.693825
3608	-372.729173
1410	-273.759553
3465	-324.548021
1272	-308.486687
2825	-360.576433
3051	-192.736096
3481	-357.941534
2420	-340.625366
185	-361.726913
1925	-309.677276
1290	-345.660459
1007	-235.694216
2243	-340.673964
1405	-361.711854
3239	-361.708121
1505	-308.487195
1305	-319.621560
3339	-356.699649
2265	-360.469291
2973	-324.604156
568	-303.458583
1050	-304.643392
396	-372.782655
3260	-345.595084
2438	-392.565188
537	-361.731930
3253	-281.476938
471	-324.532283
1992	-325.723538
966	-339.467091
2919	-340.635773
2594	-335.586914
1575	-334.447259
2533	-265.438520
2189	-325.762375
3478	-343.296547
3669	-285.267165
1877	-287.407788
2507	-291.014750
3441	-372.686714
1679	-288.576381
2021	-346.818246
2375	-360.564233
985	-320.770329
1246	-318.406529
1549	-340.689515
2293	-269.216495
883	-340.647778
3886	-270.388222
1642	-344.345376
1760	-326.940002
965	-323.329385
3640	-309.692577
1168	-308.454820
3837	-343.468335
3407	-343.517848
1832	-309.737802
804	-248.395289
3631	-303.560350
1400	-306.067385
2726	-324.475651
1311	-288.545722
9	-344.468531
2380	-327.025010
2665	-348.031230
459	-348.056615
3920	-319.574905
1867	-324.583096
261	-310.905322
1371	-288.596392
549	-372.785072
2410	-361.673369
1737	-323.398064
3727	-285.317454
726	-346.870614
1936	-360.564423
1927	-361.739999
3007	-319.573727
2269	-308.452310
614	-383.982605
1116	-356.691214
3437	-288.585212
1134	-343.068226
378	-356.705084
1671	-309.708282
3720	-308.561301
2419	-287.353473
522	-309.680641
2036	-309.733888
3538	-271.350701
1883	-346.839066
2666	-303.423742
2254	-359.388326
3600	-325.781571
3515	-346.852204
3131	-303.560907
3114	-309.692389
3661	-287.358011
3782	-262.035127
3986	-355.516778
2048	-235.699029
2765	-381.546975
2975	-345.579201
2985	-304.745635
1754	-269.221561
1364	-267.963366
2096	-345.661705
3978	-282.861121
3153	-340.622406
3746	-309.736797
771	-346.903261
2948	-382.790431
3165	-356.724041
2791	-194.254127
994	-323.428670
3128	-341.867138
1281	-308.457113
84	-345.610574
3742	-271.272557
1528	-360.446475
3973	-356.659922
3251	-306.056425
1489	-266.777425
1147	-304.755780
2593	-321.252793
1481	-376.634518
888	-323.328290
784	-377.848074
3927	-323.326298
3579	-356.677429
1859	-324.577613
2011	-270.099401
142	-307.594137
1960	-345.602645
3508	-309.675176
1017	-308.419735
1554	-320.728167
2541	-341.834413
2418	-304.734646
2063	-344.402806
145	-310.929561
955	-345.632414
2636	-306.112153
1032	-346.816694
3724	-324.573480
2768	-340.690205
1267	-341.841438
3854	-346.867382
2619	-326.939536
1328	-376.531779
752	-324.557693
630	-273.762561
3043	-196.405320
982	-307.235414
579	-281.480583
1114	-302.353948
1074	-304.697680
3436	-361.762744
1306	-288.682324
3177	-287.662612
923	-322.135797
636	-382.818623
3816	-272.830720
3160	-362.937857
3617	-345.608658
3855	-304.746925
257	-324.569867
3655	-287.379629
837	-360.512026
703	-340.656580
2755	-381.595252
2548	-340.654465
1065	-360.485823
3265	-324.569062
2186	-320.782523
1866	-310.940708
940	-325.787515
2300	-453.655583
3819	-397.692021
207	-285.281032
3084	-325.781161
3707	-271.620156
2395	-297.523583
2713	-310.904631
2456	-345.610758
588	-309.684571
3190	-232.325947
2109	-321.219665
3627	-323.347112
524	-308.507004
1555	-324.529724
1194	-381.612648
2493	-346.822460
2322	-355.508682
3188	-325.807242
2044	-373.173910
478	-119.052475
2054	-302.588564
3548	-79.764152
1878	-346.819711
606	-343.235457
3312	-323.647099
197	-233.549368
2809	-344.506029
7	-309.722879
1741	-345.629842
2876	-360.574465
3496	-302.303890
1906	-324.613156
2754	-309.674575
3291	-362.911941
3088	-308.459859
3247	-360.531175
3099	-324.530718
640	-345.616264
1318	-310.897519
384	-343.291812
3352	-272.834623
3912	-308.435951
2272	-324.528642
2704	-320.786981
3571	-309.676719
1338	-320.793141
3349	-207.916786
2257	-307.238509
2662	-345.635068
395	-234.447743
2235	-318.409670
2582	-320.773768
2877	-324.556404
490	-231.142581
3875	-309.655400
436	-360.521191
2344	-305.915175
2086	-308.486338
574	-271.665153
2397	-308.772292
3763	-344.416821
1352	-304.677606
3238	-340.667053
301	-324.570823
2968	-310.909942
3075	-324.616343
847	-324.608363
3577	-361.716705
1901	-362.946498
351	-345.625747
613	-309.689486
2222	-340.678668
368	-345.595021
3473	-360.527434
1753	-375.351387
780	-308.769557
2786	-327.009009
3121	-344.419977
2774	-310.910631
2528	-308.467760
1592	-271.616430
3001	-270.386138
2238	-281.495234
234	-308.467880
2451	-359.328735
1692	-362.862736
1973	-340.637231
2140	-325.715372
1653	-157.116735
2274	-308.463553
3272	-173.147782
1912	-310.915653
1217	-325.773675
685	-320.029854
2717	-309.726244
1519	-352.874613
1113	-234.484521
16	-273.806874
2740	-360.536920
228	-346.859384
1736	-273.764207
1904	-304.752598
970	-310.911364
3250	-360.517106
25	-309.712046
3537	-346.860694
3800	-346.862839
1808	-356.676972
2797	-345.646914
2152	-308.540101
3778	-309.700675
743	-309.719124
2590	-340.650928
818	-387.475673
1457	-288.573089
494	-345.611057
2356	-323.346816
3094	-324.601619
2371	-307.253245
1823	-340.656176
3542	-344.409533
3267	-320.776472
3446	-306.044918
3607	-325.801523
826	-248.137789
1161	-308.513516
1163	-397.709232
3573	-325.730390
2656	-376.622509
2084	-361.708021
1261	-268.282665
3650	-382.756764
2384	-281.469893
1893	-344.385273
1795	-356.736238
1175	-361.742598
887	-361.720206
2766	-285.279992
584	-309.681686
2175	-324.545475
2495	-307.596472
856	-324.568212
785	-273.796695
1964	-309.726463
3365	-396.458774
541	-325.714161
2526	-340.601771
3549	-323.437779
256	-308.741915
1512	-346.839595
3185	-348.053386
2463	-288.576502
713	-308.484017
104	-360.574432
2125	-310.908354
942	-325.715957
1784	-324.497693
1422	-361.728608
3762	-351.646368
3129	-361.692023
1518	-309.683200
3821	-308.427345
369	-361.733362
553	-271.666055
779	-356.732185
1310	-307.529289
2008	-336.802659
315	-302.472397
3825	-93.411888
2216	-308.505718
3513	-340.637067
2428	-309.682996
2401	-263.280728
1990	-281.482892
1488	-320.766344
3750	-346.838572
1744	-288.535621
1022	-310.902683
194	-308.496245
587	-307.283919
1718	-356.706262
1576	-247.184334
764	-233.560626
2253	-325.818163
1497	-251.731545
1070	-361.752301
213	-249.281074
2989	-287.317913
2556	-321.958604
2170	-274.987123
453	-375.430225
166	-325.729970
1054	-323.427722
438	-381.565482
3682	-291.017820
2915	-344.371144
2617	-248.151318
2785	-310.915445
1499	-320.779994
1445	-396.491525
3561	-343.190300
2413	-345.604177
1953	-308.457242
113	-360.478880
3616	-225.221461
1317	-344.393241
2162	-340.613712
611	-248.364357
3310	-309.721850
2579	-273.765811
3749	-249.363949
656	-376.605347
1360	-362.941781
1991	-285.282532
2669	-309.763785
665	-288.571762
1809	-324.559733
929	-272.832690
1987	-325.775071
455	-340.664551
3541	-379.527167
2758	-309.696640
3123	-309.702150
3459	-346.831382
3512	-340.641866
2960	-271.360631
346	-307.586014
3320	-310.952127
2057	-288.540318
3710	-308.565933
1391	-323.317575
2501	-232.377706
355	-273.761263
904	-345.608456
1572	-322.170570
2488	-363.508158
2578	-324.576080
2302	-492.008892
1496	-268.248371
17	-345.612580
250	-360.538828
2466	-325.785959
3758	-272.557350
550	-319.568017
1886	-302.286171
58	-304.683044
1358	-340.682075
3413	-308.440890
3328	-324.549529
891	-325.767721
3982	-324.592116
2658	-308.461040
3136	-340.660061
3194	-301.367422
198	-303.934323
715	-285.275928
1280	-356.683566
1791	-272.554824
3457	-324.559213
1770	-309.719198
2009	-273.812948
2974	-396.486691
510	-234.491176
172	-282.667163
3759	-270.393902
2245	-308.434866
1003	-308.516378
1193	-324.550139
2901	-318.323005
153	-347.466594
3828	-288.650589
2517	-308.462063
849	-360.532987
3747	-324.521162
2259	-361.734611
2423	-338.238743
1782	-308.555419
3115	-340.620294
3613	-308.483617
561	-264.226909
3381	-309.731402
100	-361.702143
1346	-308.542644
2671	-344.377098
3412	-335.628480
3068	-306.015194
2295	-305.898313
1731	-381.565314
66	-337.302324
206	-309.688611
2097	-345.639692
347	-309.687405
1588	-323.678800
277	-302.288351
1740	-376.599676
3801	-310.937414
1046	-271.618580
1038	-267.106213
20	-270.370102
1628	-345.637174
1552	-346.865957
447	-271.627826
2087	-286.484121
519	-309.687078
3786	-308.759185
2638	-309.688194
151	-270.397623
626	-288.653249
926	-345.680086
3176	-432.852890
2514	-354.197108
3366	-323.268818
792	-310.898648
1298	-308.505512
158	-308.540079
3056	-269.180682
910	-270.384937
2627	-235.695309
1890	-371.608385
917	-323.320690
2050	-362.937518
846	-270.434394
65	-312.125621
2561	-325.778234
2615	-360.501085
1397	-271.624640
666	-381.593528
897	-345.659998
3824	-302.288055
1254	-325.753541
3688	-322.476720
1610	-196.406419
503	-355.514134
700	-310.938181
2764	-195.179738
3019	-301.357437
963	-345.645239
3535	-323.235679
2017	-310.940345
245	-340.656722
446	-305.831164
2957	-323.644468
2028	-346.821466
1635	-360.520081
1975	-341.829025
835	-320.740782
3324	-345.641848
1845	-302.309526
3173	-325.791830
1463	-362.938449
1645	-324.477059
504	-356.680129
797	-278.075775
398	-345.636145
1075	-325.751822
409	-306.383308
3293	-360.535142
3377	-360.549337
876	-325.807685
758	-307.574899
857	-245.711897
289	-321.949791
2661	-323.448833
909	-325.789320
366	-324.576206
1170	-310.895183
2318	-348.039301
916	-345.608831
1296	-345.612257
731	-355.501990
2787	-324.505365
1436	-375.359407
2653	-361.749428
3835	-309.693085
3815	-288.574763
869	-327.026488
1536	-324.492974
592	-307.614861
3475	-321.247305
2055	-304.724717
2104	-379.006904
1398	-234.469383
3532	-344.464356
1777	-265.408147
1524	-272.550818
2931	-361.729140
1713	-323.381747
722	-310.935212
2506	-307.526911
1108	-341.839596
1288	-324.635136
1900	-309.689410
3022	-234.455424
3818	-308.470796
645	-308.540795
865	-304.728720
1174	-345.614442
1276	-340.667317
117	-211.295163
233	-301.382062
3242	-397.707881
1590	-344.415609
3463	-304.735360
3200	-265.433051
3552	-325.793166
3881	-357.951284
497	-287.470402
927	-340.676668
1256	-312.119596
2181	-340.656656
62	-309.677968
1923	-287.427777
3210	-336.808333
105	-309.727110
1377	-325.768959
1125	-285.292217
2647	-262.017735
2478	-339.450173
3647	-325.794522
3208	-288.572843
2038	-348.056093
1634	-324.563073
1527	-271.621836
3771	-309.655144
1409	-285.282853
1986	-344.459234
425	-289.769718
1355	-361.727678
339	-356.705991
2688	-284.964138
3767	-324.568597
1637	-343.503600
558	-344.464151
744	-249.332005
3343	-320.735225
3080	-344.436248
2988	-310.923406
3363	-345.658313
1053	-340.610046
3683	-308.510782
1666	-289.872246
132	-308.469258
379	-391.337881
1342	-361.712098
3529	-341.843027
3183	-345.642870
240	-286.517094
1150	-308.551121
1670	-269.230258
3883	-308.516508
518	-289.791234
12	-377.816587
805	-309.658574
2228	-308.518356
1929	-324.551800
2866	-344.431605
2446	-361.740252
683	-348.060054
950	-324.580266
3739	-324.566515
2739	-362.946034
1586	-272.837559
894	-338.247875
863	-285.288405
793	-326.950540
673	-345.680831
1211	-286.498633
1805	-344.380468
496	-377.794221
1353	-359.297643
1412	-242.195730
1381	-303.795699
2746	-247.190194
140	-309.676929
1173	-344.465017
531	-226.107205
56	-345.599154
2832	-250.585843
1037	-306.397746
2982	-325.722723
3030	-324.500475
3236	-310.912270
601	-324.603558
3957	-307.291354
1892	-382.805933
2923	-325.801905
2555	-287.427764
1287	-355.515622
1697	-345.613396
2821	-308.511516
125	-228.992613
903	-309.685872
237	-268.287661
1907	-346.819476
3221	-308.477915
2869	-306.113519
2406	-306.386594
481	-307.573371
1649	-346.868661
2600	-307.237880
565	-356.730212
199	-309.673895
1323	-289.811983
3419	-335.590859
2532	-301.405558
932	-361.764881
3810	-372.726782
3830	-346.817778
2984	-362.935648
2847	-307.566260
2370	-360.496984
3589	-324.543443
3977	-288.552886
382	-344.494711
392	-345.637570
913	-352.855499
1541	-310.912991
2000	-309.736479
1589	-324.608694
1472	-306.080007
919	-272.589999
1994	-383.983835
3559	-309.721434
495	-342.297848
162	-232.324966
96	-375.359188
969	-325.797425
235	-270.375081
1537	-309.692993
748	-324.572987
781	-362.918463
1720	-309.692095
3006	-308.470648
437	-309.705971
3859	-308.499978
2519	-323.585680
320	-232.333410
3860	-308.505267
753	-361.710299
428	-324.570042
371	-380.374978
1438	-356.728392
1312	-381.612501
1979	-308.462923
1299	-348.043466
2143	-288.628466
2952	-308.511290
2712	-274.985024
1578	-233.217482
1896	-326.971392
3205	-341.842686
1885	-345.647670
1179	-343.195060
149	-380.415966
1920	-361.714679
1471	-346.857623
1129	-340.618148
3036	-310.907823
2227	-356.712771
2058	-356.710498
875	-376.554863
1229	-288.582662
2377	-236.916033
603	-346.867624
1574	-245.997884
2112	-304.729640
1774	-324.585556
1851	-361.717868
3498	-381.585231
3232	-345.686487
356	-372.741729
3974	-323.433262
3817	-288.554600
374	-372.796889
1598	-308.471397
3214	-344.426062
3842	-376.587741
2921	-310.904813
3822	-309.665941
996	-307.544316
3382	-341.145624
2159	-324.581067
1295	-346.829652
2925	-301.394865
1947	-303.533559
2479	-271.622821
860	-397.697425
646	-323.641347
1465	-382.796989
1884	-307.577822
2939	-352.864008
232	-490.793044
73	-233.293627
2430	-304.688809
78	-270.472470
1831	-323.386306
1145	-312.129019
441	-380.414967
3519	-376.604739
377	-360.527122
957	-360.490486
1225	-196.409349
652	-345.620593
507	-309.697879
2417	-336.838171
408	-208.863267
3502	-376.564063
2977	-310.909944
730	-336.821088
3319	-376.604793
2641	-270.394309
474	-281.476832
871	-309.680919
812	-308.509197
2700	-304.687547
721	-185.648533
372	-337.283890
1858	-343.238086
3274	-196.407957
1025	-324.520219
2342	-309.680487
3939	-317.386479
3545	-310.915918
1215	-335.566430
2575	-308.759090
0	-351.615495
3569	-272.588302
1868	-326.949224
2954	-305.915530
1602	-318.339586
895	-356.728690
782	-361.678341
2442	-345.636611
2065	-340.537496
388	-340.594424
340	-273.789697
28	-324.630221
3174	-272.844804
473	-346.828378
825	-340.536374
1514	-320.781098
3797	-376.587519
3451	-319.606765
3544	-312.133269
535	-248.416462
3896	-307.280331
912	-323.344400
1414	-377.797879
1815	-345.663783
280	-271.324234
1814	-360.537947
3035	-344.404557
864	-323.337623
2728	-304.742823
1088	-291.017433
3347	-286.510514
3992	-319.576017
112	-340.648166
3305	-310.955141
745	-344.464270
154	-324.538764
2184	-360.501473
3853	-271.336383
2544	-381.632480
267	-345.641113
3495	-288.563768
1209	-392.612820
1706	-382.777508
2568	-325.718022
1309	-287.723848
928	-345.665412
3898	-356.700248
2655	-235.723792
2309	-272.583285
328	-310.911163
292	-308.517192
204	-287.353313
3000	-309.688191
3522	-309.691414
3636	-324.624318
3351	-285.306999
2117	-346.839895
2822	-310.902197
2211	-340.648620
2727	-271.330291
103	-291.024232
2536	-273.758980
2967	-305.841708
3294	-340.693392
3421	-324.571081
1606	-308.462382
3791	-360.491959
2337	-324.588418
3805	-309.680682
3082	-272.586248
482	-272.599303
1049	-323.336196
844	-324.606050
70	-346.874234
815	-285.324641
2465	-339.464024
552	-340.639366
3399	-307.229313
2859	-362.909074
3455	-270.401061
2278	-345.650717
1749	-302.579654
1339	-285.316421
898	-305.906901
2226	-276.206257
3826	-372.742383
413	-301.369263
1172	-357.927353
1470	-272.542270
3827	-270.435807
3266	-287.736841
79	-324.605178
2775	-382.812383
2856	-376.586976
900	-288.561991
572	-356.752533
3536	-352.836930
999	-308.512721
1988	-312.124451
1	-360.499843
2298	-270.396464
2863	-287.423372
2902	-271.653205
3711	-303.469034
3371	-286.517424
3193	-320.725883
1652	-301.316399
422	-288.692943
2273	-324.579188
3652	-361.720088
2037	-345.620113
945	-264.243028
1180	-306.364186
607	-301.373496
1577	-355.468067
2192	-307.232824
967	-372.742461
1016	-305.129953
37	-381.587333
1485	-309.731369
1060	-345.713205
1844	-325.808754
1712	-345.612640
3111	-318.340705
2373	-302.564379
1092	-360.552974
3145	-324.570872
2714	-398.878264
163	-319.624414
2576	-306.418503
1115	-325.773014
3764	-308.483519
1347	-359.361259
427	-382.798099
3953	-325.792503
2652	-317.377404
152	-306.286325
2026	-272.837907
774	-395.551843
3916	-273.810780
2116	-340.646768
1583	-345.655509
1922	-248.132701
2513	-345.631685
3943	-376.602183
1761	-376.622507
1734	-359.354596
3049	-324.610004
2994	-345.597078
370	-356.698196
3307	-318.647923
597	-309.683901
3555	-360.547370
314	-233.255379
3694	-338.246643
1848	-273.769835
602	-275.010289
3313	-360.526364
2333	-338.234590
302	-340.632285
1532	-309.731599
3170	-271.626697
845	-40.478930
2756	-153.742562
2133	-323.338627
679	-340.668108
3806	-309.676410
2779	-381.606362
288	-355.557059
2010	-323.385837
1938	-341.826148
2790	-287.732329
3601	-308.749822
3643	-309.660190
1779	-288.583563
839	-302.254301
1788	-345.646841
1816	-344.357220
3179	-270.408713
3672	-309.689612
2070	-114.483613
1980	-345.680616
1916	-360.557411
2163	-324.503356
1039	-360.575277
88	-345.655534
2934	-324.462733
694	-344.360007
1262	-356.712023
638	-345.695868
1688	-324.567893
2905	-307.206439
2221	-308.512137
1772	-361.717972
515	-287.727890
1888	-276.201993
2906	-340.657508
3754	-324.570035
644	-376.595314
203	-340.663148
3240	-338.234966
2263	-274.983122
2509	-344.380267
3444	-289.794376
2239	-346.823312
1984	-287.441165
956	-230.183076
1418	-325.725274
930	-346.898838
1942	-382.751274
3038	-288.542113
3666	-309.735874
3653	-309.763576
1333	-270.359564
385	-305.159206
3938	-345.645388
2457	-382.757134
2732	-324.579850
3047	-285.293918
3155	-376.605641
2565	-345.591597
1705	-286.218259
2731	-272.836211
3483	-308.500974
2871	-308.460407
3907	-291.017966
2511	-250.500016
3987	-324.506120
2545	-324.614082
3954	-271.611366
227	-377.805829
2040	-317.409527
3199	-273.811544
975	-357.171724
3911	-345.639354
329	-380.402442
120	-323.345161
1523	-340.646229
2718	-382.782995
1530	-272.549380
13	-360.526646
3218	-325.743746
1247	-325.770105
3060	-270.441145
1516	-249.358446
3148	-324.567513
1819	-249.292101
3575	-309.736328
1721	-339.479764
1727	-324.606977
3118	-236.917873
3472	-340.657197
2171	-359.346839
3425	-324.547564
741	-344.434318
773	-309.674485
2242	-362.870426
298	-377.795528
3539	-324.625415
3192	-313.554802
3944	-381.563295
3678	-285.255880
402	-312.124533
1368	-288.584029
224	-324.628594
1367	-325.812267
1560	-340.645686
1607	-303.462115
2995	-381.584942
1838	-356.685238
3150	-310.942587
3796	-341.875439
853	-76.404702
2016	-308.569875
2031	-269.170061
2218	-325.756157
2504	-325.805550
3178	-345.605421
295	-320.770299
3980	-372.708066
1018	-354.272548
2978	-340.669862
3162	-324.546164
820	-326.934229
3507	-376.594067
1647	-343.242553
2431	-309.684774
2980	-274.983908
1301	-309.679190
2069	-346.855971
725	-325.725266
1933	-270.396100
3428	-288.564752
3689	-308.467642
2137	-324.588239
2142	-324.624987
3667	-249.293044
1943	-325.729335
41	-345.649146
3433	-308.465425
3685	-381.602419
1843	-362.899677
1099	-231.975652
2744	-288.573110
3725	-309.710255
418	-324.565412
429	-288.570364
1839	-355.496901
711	-341.849127
1931	-310.900102
3697	-312.119261
809	-361.738091
3223	-341.794931
3836	-346.833711
1545	-308.468255
2437	-356.692640
2885	-309.686862
769	-271.361537
3191	-284.360325
3225	-362.875945
2264	-346.831590
2108	-267.944278
423	-304.694187
407	-287.508781
1597	-336.805704
980	-356.743821
3642	-324.565306
1703	-286.154755
3410	-271.316922
1765	-285.335887
94	-362.955075
2101	-361.717364
2352	-288.589622
3840	-309.681264
3937	-361.713179
1806	-324.610229
1324	-270.399280
3663	-344.446747
82	-309.701458
659	-326.976670
259	-309.735245
2929	-345.638912
3254	-287.469473
1406	-375.394844
534	-324.575799
1042	-305.904676
3397	-356.702115
135	-301.341304
1660	-274.985107
2250	-339.462492
1956	-308.461475
977	-285.160699
3360	-382.810709
2425	-322.435505
3722	-308.759135
3386	-309.684862
933	-270.430832
1822	-344.395150
2200	-344.426799
1811	-346.855968
530	-360.503506
708	-306.313133
754	-361.718210
195	-296.296482
326	-236.917664
1382	-360.492675
51	-283.168740
1723	-307.290176
1304	-356.679729
1234	-325.796704
3609	-269.176442
1699	-272.541597
54	-195.186228
2751	-273.787799
383	-361.702346
2802	-325.804486
1101	-307.244627
3874	-323.344889
508	-325.801512
2573	-307.303421
281	-322.479769
2206	-312.126404
387	-268.248806
1565	-325.735821
2667	-308.455402
3315	-269.176979
2051	-325.790442
1542	-370.291993
514	-309.685045
3906	-309.685651
3534	-320.785748
2900	-272.554670
2315	-273.793520
1322	-271.619912
1475	-362.957353
833	-325.761605
1834	-381.615289
718	-392.601894
3288	-348.045786
2262	-325.780603
399	-304.735224
43	-319.572842
1067	-273.762417
2553	-302.545562
1013	-271.300649
2472	-209.159302
2710	-361.773017
2164	-304.744503
2631	-380.316551
2306	-287.354343
737	-336.836792
161	-285.276468
1719	-232.050342
3323	-232.335768
3268	-324.562156
2845	-307.602080
2364	-360.507160
74	-310.918822
434	-338.195462
430	-307.543210
1158	-268.251114
590	-346.857871
1686	-288.648208
3968	-287.425634
1044	-304.687053
3213	-339.438949
2930	-310.906738
2426	-340.650391
906	-383.969892
49	-396.507540
3546	-233.219124
1451	-348.052763
3460	-288.678290
3289	-270.437636
1958	-340.595950
3484	-341.890999
3023	-323.343769
3024	-251.729571
3230	-344.454591
3719	-320.742924
3411	-286.134060
634	-154.960361
1513	-306.368494
1799	-346.861635
1733	-322.169100
979	-309.713440
3489	-308.508824
3592	-323.367866
2113	-344.391557
3877	-340.623773
442	-356.712228
164	-340.675814
3325	-341.836362
2276	-309.679242
1802	-361.715983
3004	-288.652346
1199	-377.813742
836	-324.606601
3297	-360.526636
2091	-346.904050
1240	-310.907666
3701	-248.211932
2007	-308.499105
1266	-324.582035
3809	-310.902628
688	-324.491475
1715	-286.486570
3278	-298.952950
2670	-326.934805
1959	-324.603913
3009	-307.265383
325	-345.637577
491	-287.737498
1130	-346.826923
2781	-288.581699
243	-323.389193
3269	-381.624381
3450	-382.824468
107	-307.580090
1002	-287.689262
2135	-346.861074
2917	-267.068488
2540	-211.295796
2052	-325.809179
3255	-345.578846
3675	-360.534222
126	-274.991042
2913	-361.630982
2308	-324.460752
2621	-305.145002
2683	-309.686061
2610	-309.711468
564	-272.569586
3530	-309.739069
249	-306.347185
2799	-340.702898
1599	-304.689816
3053	-490.831786
2402	-235.696227
1198	-308.449457
2232	-56.525887
2403	-326.955365
1989	-287.426977
1034	-356.732791
862	-361.764434
3206	-346.853173
712	-294.081616
2962	-309.686114
3	-346.838279
545	-356.698773
2502	-309.685960
2023	-317.402836
3890	-341.849730
2081	-273.775864
139	-338.257996
2270	-355.497046
1558	-270.389386
3368	-308.496367
2559	-319.571638
1184	-286.506282
544	-340.643340
1139	-270.382725
2390	-270.097243
36	-344.382282
2118	-324.560961
3891	-346.821929
1019	-327.016183
1417	-381.586740
2824	-304.720708
3373	-271.613890
3426	-307.387663
794	-248.143861
2817	-340.641240
1872	-272.566631
24	-345.608180
678	-308.506580
2258	-303.453218
2942	-325.778444
554	-340.688787
795	-246.023231
3597	-360.539435
3952	-269.175627
1362	-249.387499
348	-196.432825
3215	-320.793270
3166	-326.949535
3731	-310.913156
2089	-308.469081
1511	-271.315027
2601	-333.464063
1363	-355.525451
1327	-320.768458
3599	-308.482454
3087	-392.563319
1676	-296.285473
1538	-348.050463
1983	-320.792773
2039	-360.553317
327	-324.607903
978	-324.545574
270	-372.752005
756	-325.798888
3848	-324.564634
3554	-309.689751
1424	-212.438188
1638	-344.481904
1722	-362.946707
1629	-272.526778
3757	-281.482952
2685	-344.426408
3551	-345.646761
3492	-345.645245
1085	-231.092208
2148	-309.718089
1157	-309.691584
989	-272.839582
3540	-321.236907
873	-273.763068
2029	-380.417684
3488	-340.672417
32	-287.509315
3989	-272.542369
2613	-338.214346
55	-335.683118
130	-274.988525
855	-271.614051
2569	-281.476967
1348	-309.683859
2136	-263.278851
3584	-281.484877
1764	-304.725676
486	-288.678720
308	-303.428586
33	-264.504487
2557	-273.774103
1847	-325.753767
1830	-345.641862
3588	-272.549011
310	-308.480308
1587	-322.133444
1569	-234.503085
3361	-324.558989
3338	-308.466631
134	-308.516376
2207	-301.330754
2953	-348.047609
1122	-345.601318
3340	-229.879598
3841	-371.541704
719	-309.693538
1447	-469.758395
3477	-348.046236
1279	-377.837977
2571	-309.686348
1978	-281.485530
3327	-348.059242
2160	-345.674929
3130	-270.427802
786	-307.544728
1210	-340.641282
2194	-273.757530
2188	-288.690060
3040	-360.506446
2019	-340.659620
3234	-287.349937
2439	-324.485913
1693	-234.474613
2682	-324.528297
1854	-382.743932
1091	-309.678344
3117	-346.824942
1386	-362.967171
1608	-361.758032
3556	-276.202384
2940	-339.418028
2837	-325.730097
2632	-306.344083
2283	-231.111403
3329	-310.909123
1076	-361.656187
2830	-325.800699
63	-287.377993
1601	-345.646864
333	-308.507517
1876	-251.732828
3083	-381.591448
1846	-344.370966
411	-397.680771
81	-318.390876
1473	-340.678945
1110	-325.781398
959	-492.026657
3449	-297.510804
1343	-310.895432
415	-309.692626
3820	-340.655117
3434	-360.560766
2391	-310.927566
1950	-232.331230
612	-397.697891
1191	-360.510716
2491	-381.634033
1389	-272.510742
960	-310.940611
3002	-269.479234
2187	-310.904927
3336	-308.477672
361	-376.622353
1469	-324.444698
2240	-381.627040
3567	-309.693494
3568	-308.468418
882	-169.557758
3286	-361.731914
1081	-310.912796
1596	-492.022084
1926	-273.773955
3226	-339.491316
1803	-270.394458
542	-382.793238
1201	-224.944660
3804	-324.573632
695	-345.700085
2027	-376.585000
651	-232.334436
2388	-309.695742
990	-309.684377
30	-325.717105
2247	-348.046805
2521	-361.728609
331	-309.734363
992	-377.811306
2445	-324.576679
1250	-309.686189
2460	-345.631797
3590	-340.660106
3802	-356.724118
60	-382.768883
736	-325.799293
2127	-308.519863
2316	-306.361448
1456	-308.496384
2035	-249.294409
3387	-309.727603
1730	-345.663299
1437	-376.547304
881	-234.470813
714	-356.669324
160	-309.685140
1701	-344.428649
1732	-269.170665
1024	-302.535621
2880	-346.831172
2539	-321.276274
2396	-307.546144
67	-172.006141
2836	-345.652670
3726	-382.754967
489	-356.745773
2609	-322.351046
3079	-270.401391
586	-376.582598
2003	-324.579943
3097	-309.716094
3391	-306.403144
2462	-325.752244
689	-341.818686
1055	-345.681183
2303	-309.719920
1263	-345.642008
1284	-320.761539
939	-344.481802
1124	-271.651913
1627	-301.363590
3196	-297.530335
3985	-324.548763
477	-265.399968
2020	-272.514099
376	-309.732528
1543	-323.360471
3057	-301.381127
1407	-235.694798
998	-302.306196
821	-307.566593
1200	-346.908492
3964	-336.853985
852	-361.731511
3849	-360.531172
2816	-310.905786
2349	-301.357553
1064	-276.202311
1894	-360.532510
1271	-310.902165
1776	-325.785476
832	-308.470270
2886	-324.530742
1640	-304.583737
2483	-322.158791
3770	-272.544060
338	-272.544500
954	-324.612244
2169	-356.733974
1999	-233.547877
1326	-266.616319
775	-344.469204
3341	-291.021228
3356	-270.447268
1995	-362.946041
968	-308.470667
3287	-271.458576
2597	-412.494644
2018	-286.492357
2220	-272.538190
1057	-391.518453
1068	-308.470010
2562	-375.357530
2288	-345.612787
209	-308.493663
2515	-323.341413
3258	-324.473847
1946	-346.841836
3781	-274.984614
2782	-340.664407
662	-341.843824
2580	-309.722373
3430	-341.828533
631	-371.449232
3695	-309.651827
619	-325.787161
252	-305.913756
1966	-302.558699
1783	-320.761312
948	-336.827390
476	-397.686127
3620	-359.351415
2098	-327.020807
1351	-309.733696
3456	-276.206318
1580	-271.339821
3277	-354.254979
2692	-356.663387
2848	-339.419688
1895	-324.551432
516	-312.134532
2944	-309.687280
3344	-325.748658
650	-193.034094
1109	-333.411326
284	-360.500454
1214	-341.865386
3696	-308.474441
98	-303.553222
306	-307.335530
1141	-115.679136
357	-307.245430
2141	-307.287454
1450	-273.757658
1376	-348.053064
2409	-324.595526
1464	-381.610550
2949	-346.838702
3222	-344.494043
941	-340.652570
2455	-344.431301
1621	-346.884834
562	-456.105229
485	-250.585183
3020	-287.430903
1061	-343.531666
1361	-346.840635
918	-310.917344
177	-362.872710
1853	-359.314227
551	-382.817123
2808	-340.646073
3395	-248.436061
1123	-375.393636
1685	-338.273553
1072	-272.554773
2102	-361.723581
1027	-360.529992
3348	-304.715963
3453	-321.254976
2715	-345.709596
3187	-272.591906
1249	-272.543724
3823	-303.527274
2623	-235.700285
3248	-322.477268
435	-306.309029
1494	-345.654016
997	-361.688335
321	-324.604397
244	-346.835129
3925	-325.718488
2432	-274.987245
1374	-322.175807
1684	-320.783029
803	-325.789564
1435	-193.963318
2628	-359.341296
2147	-382.781806
1810	-288.653294
2818	-335.618370
3275	-308.757315
1804	-324.542706
2134	-344.433965
2071	-246.029150
3604	-273.812100
1698	-325.800949
1724	-381.594558
1005	-273.786179
265	-236.916125
381	-341.835557
1213	-324.530103
720	-381.594735
924	-324.528533
1967	-288.573475
2834	-325.699665
2106	-286.476486
3042	-269.468415
512	-346.861026
2637	-325.687098
3203	-308.459279
1244	-345.616998
3005	-249.248680
1605	-345.703157
1097	-325.784473
1604	-347.456674
2433	-324.552283
1030	-309.683546
167	-310.912077
432	-344.390227
2255	-360.513163
69	-265.441614
1678	-310.955296
479	-77.308427
2958	-324.580268
1359	-229.927277
2441	-310.909223
3737	-361.714817
2176	-345.608670
1835	-376.631067
2323	-310.954565
1218	-287.431740
1553	-323.448965
2107	-325.766177
3074	-272.553250
635	-324.578381
3509	-288.685117
2083	-322.434119
2093	-324.473588
68	-286.519735
1557	-322.456250
2928	-324.540084
1232	-336.811744
2518	-360.566272
3414	-285.313674
1012	-266.609146
287	-307.560718
3734	-326.940196
3892	-271.608843
1873	-346.842529
2350	-341.853951
1035	-284.385189
1300	-324.595031
305	-346.859213
76	-325.685245
866	-340.620625
1794	-325.712420
2144	-324.574829
499	-340.611683
649	-340.685408
1128	-361.695007
1636	-233.551389
2006	-339.486095
3578	-286.432515
2290	-343.224836
934	-345.650323
1855	-360.497728
974	-303.468081
3494	-324.573795
3471	-416.384141
1675	-271.277972
2487	-361.694757
608	-309.688960
3064	-326.983087
3104	-310.941183
593	-303.525517
987	-273.765811
3025	-324.573338
2572	-360.495461
390	-306.070291
3497	-392.627857
175	-361.754326
102	-307.230370
625	-308.514390
2492	-396.477101
2660	-307.582044
345	-309.704732
3990	-303.459637
921	-325.682121
502	-306.349558
254	-285.284456
1940	-334.429558
2745	-322.118085
2130	-271.612772
2586	-191.810916
389	-271.336957
2969	-286.484904
1349	-286.542391
2158	-340.663379
1644	-325.774769
2424	-273.764093
2730	-286.492223
2015	-308.518276
1535	-324.463541
1985	-339.481708
3216	-344.380260
3059	-363.508158
97	-286.495035
1220	-325.800532
1336	-334.362330
3692	-281.505078
275	-344.442225
1711	-345.611239
3899	-337.265273
148	-345.629933
1567	-356.714706
1393	-271.647465
3693	-273.779498
128	-303.785832
2826	-308.764658
3091	-341.869641
2346	-310.909551
3120	-309.689111
2202	-324.602888
3921	-343.218379
3706	-345.687338
3565	-286.474509
3671	-326.941692
3712	-300.148891
3271	-454.878708
952	-325.717725
1683	-346.829154
2383	-324.593866
2805	-272.587161
578	-382.825717
2124	-345.600825
2650	-361.727711
1146	-339.465889
3752	-345.686524
144	-271.323089
823	-361.732840
3924	-270.393737
806	-308.768073
598	-193.088340
1182	-304.738393
3981	-249.257629
691	-361.734668
2307	-346.859945
1874	-416.367317
2570	-324.626187
365	-361.740208
1056	-271.618179
1320	-340.656628
1921	-310.904960
682	-302.303791
3067	-271.304881
2481	-324.614891
2312	-344.416076
2770	-288.588657
914	-361.707841
1726	-381.506605
1040	-268.307873
3580	-345.661657
2687	-377.816463
3138	-345.651520
165	-327.013034
509	-307.238995
2963	-287.651399
729	-343.084333
3137	-272.533448
273	-323.312375
1020	-303.566436
3900	-308.465445
3249	-325.739818
2748	-321.271406
575	-272.582834
3885	-304.728655
2551	-325.792606
1641	-340.647224
2292	-343.246371
3500	-323.345473
1507	-310.914024
3346	-318.327053
2904	-302.545112
3979	-345.651111
1329	-309.710338
3888	-323.359825
57	-345.635513
2633	-324.627681
201	-308.561649
2299	-280.273691
2997	-380.371074
3947	-382.782251
3733	-309.678068
2549	-375.410333
337	-312.123120
735	-309.716570
2177	-346.868453
334	-245.983375
1238	-360.499088
3670	-286.248451
2474	-357.944802
2676	-325.784384
3914	-325.805781
1521	-323.665247
3045	-310.906568
3908	-272.847530
3803	-287.351460
2888	-361.704536
2173	-304.678340
3398	-304.686259
599	-343.312201
2644	-320.786990
119	-327.012568
2215	-289.795079
426	-362.933001
1789	-310.905299
3010	-361.720579
3151	-362.873906
3303	-272.589883
3302	-324.577047
777	-307.544712
532	-344.369744
1897	-197.629387
1226	-195.226072
1949	-340.674935
168	-325.810050
1750	-287.645651
472	-273.761356
2099	-288.573876
318	-310.954514
15	-288.542593
1934	-341.769746
2131	-320.777849
3574	-398.876124
670	-324.618078
1522	-324.485746
706	-303.481839
2090	-308.473428
3480	-286.460642
716	-325.758431
187	-341.842120
1493	-335.643923
2784	-273.803873
3699	-355.497878
1208	-345.608535
216	-307.283509
3945	-304.737186
106	-362.952198
2686	-340.697732
2381	-346.856604
1428	-265.391486
3784	-344.450127
2844	-301.377995
2182	-340.610000
2076	-274.982287
589	-340.604189
3081	-302.557878
2884	-324.471313
810	-269.144656
3209	-346.834502
947	-322.454079
2422	-325.718957
133	-271.642927
137	-287.440932
2092	-288.572051
925	-307.567279
2190	-324.574822
1775	-306.353871
1850	-323.407987
2920	-326.952797
3423	-308.555641
3975	-309.693760
2853	-325.794835
1420	-286.516174
2761	-309.696507
1479	-309.677142
3122	-232.329070
2760	-155.908941
294	-308.506421
2060	-362.945811
3109	-324.582824
3432	-297.523580
1993	-339.504090
1840	-360.536972
3531	-344.458268
3766	-344.436564
872	-309.711438
511	-320.778636
3856	-306.313590
1063	-265.440996
2208	-286.486509
3861	-234.486176
2912	-346.883119
889	-272.539307
2935	-297.516418
2534	-362.960595
1972	-233.542445
1510	-322.425235
2663	-361.722327
2205	-318.391203
184	-322.436757
192	-310.897684
3761	-352.866322
3659	-340.683837
3378	-325.831718
1952	-344.408452
1758	-271.616401
1977	-312.131398
291	-304.683134
1066	-375.344926
1257	-346.855622
2743	-234.516409
1865	-345.609914
3077	-336.822591
2864	-340.658990
2563	-247.215049
3018	-345.638117
89	-249.259410
3037	-288.567911
2229	-319.560814
2146	-310.932540
902	-310.940195
767	-346.861463
3197	-309.714859
643	-345.663386
2421	-249.395323
3991	-372.765028
827	-303.556664
3385	-324.583090
1780	-345.606551
1203	-261.802956
3520	-325.752207
31	-359.310420
935	-269.154939
3470	-416.814878
1325	-356.758284
3442	-381.635659
1842	-362.894239
1863	-381.631601
1083	-309.726295
2505	-344.440744
3034	-360.418556
808	-320.774349
3389	-309.689740
577	-343.087962
3417	-354.292460
2360	-340.636727
3576	-325.729906
2983	-346.833689
263	-341.853650
1579	-288.589020
2908	-271.620997
1891	-323.382399
3983	-322.115604
3593	-304.614300
1785	-273.751900
1483	-309.723988
3429	-274.987297
1241	-345.608395
1951	-317.408548
3673	-309.691463
349	-309.687623
2033	-310.919833
663	-323.347275
21	-278.059333
380	-307.581989
594	-325.809558
3093	-334.424572
159	-273.773408
529	-309.725786
2066	-432.401755
3468	-345.710017
868	-312.124574
1792	-363.504227
1658	-287.337578
2899	-310.930659
2199	-377.815601
591	-325.760915
440	-307.226474
1010	-340.666160
492	-305.904760
1283	-345.605635
1277	-309.706892
3252	-340.610842
450	-235.729507
2795	-379.572458
18	-309.719641
208	-270.399081
2673	-345.652182
336	-308.524858
2702	-309.685148
1341	-301.373831
3760	-280.314080
1714	-132.718150
1239	-356.710448
304	-322.464725
525	-273.812813
299	-195.196751
3966	-376.570141
403	-272.843742
3354	-360.529236
2328	-320.732586
2737	-322.442708
2313	-312.122262
2310	-338.194242
1104	-287.315479
2203	-310.911529
2368	-325.804686
766	-312.133805
129	-308.512092
1133	-308.517070
2079	-363.517297
2325	-273.732431
2005	-305.155985
800	-324.611571
1265	-227.324775
983	-341.851447
734	-233.242250
276	-380.379743
2870	-289.872470
3231	-380.446861
1971	-362.906662
3665	-323.329494
702	-379.000257
2068	-308.471269
1755	-304.686811
3785	-348.045948
3237	-303.553222
1821	-308.473320
3164	-344.379764
3780	-323.320574
2213	-287.433999
2828	-232.030352
2327	-381.624797
1031	-304.643927
1160	-286.467220
2993	-346.825502
749	-249.280474
1861	-235.696852
742	-272.588370
946	-324.577279
2114	-307.528446
1696	-320.785074
566	-303.472917
1354	-382.790027
2151	-289.802108
776	-325.781815
3416	-320.770681
3257	-308.472221
944	-320.766684
2646	-325.800095
443	-325.754109
2219	-265.437885
3951	-326.977685
2892	-325.728271
3149	-372.694726
297	-325.833945
653	-344.473681
701	-265.396194
1612	-310.902795
2709	-345.632155
2359	-360.468392
1619	-340.600021
848	-309.744522
2281	-345.643890
80	-392.672883
2838	-324.547436
3524	-308.455477
1825	-271.656372
953	-392.650949
2965	-344.689237
39	-340.687222
2924	-348.045292
2153	-309.673226
1669	-287.426878
136	-343.240623
543	-310.937295
272	-322.161948
3342	-153.787612
53	-285.330157
746	-273.802095
1126	-270.392715
1614	-325.736331
3276	-344.508729
1186	-359.296697
1682	-269.215705
2123	-327.010026
1439	-340.590431
286	-324.563745
1455	-381.570969
2115	-266.626759
1773	-304.696646
1378	-346.867789
2680	-340.664901
3506	-320.804155
3014	-269.263802
1268	-344.411146
2909	-361.687451
3745	-310.912788
1103	-273.764642
628	-325.726991
317	-325.797397
1140	-304.683966
1751	-339.469166
3163	-319.610683
3833	-324.559324
3180	-323.669200
3409	-356.696744
1402	-286.203815
931	-361.763293
3069	-346.878430
2284	-359.298380
2119	-323.665987
842	-360.514766
3285	-247.192524
1708	-324.502429
2543	-376.588479
2467	-325.805017
2319	-271.316064
2166	-343.239068
91	-275.011437
3956	-345.698757
1800	-212.439286
1423	-344.413850
2331	-308.516808
364	-117.824798
802	-359.306313
3108	-361.653332
1880	-346.873992
1919	-407.364323
1260	-270.417842
3334	-325.800680
2788	-345.596027
3644	-345.587398
2450	-312.124760
121	-361.711483
2132	-377.826580
1797	-194.267232
1202	-361.725394
332	-304.692914
319	-352.845678
1105	-302.306944
3175	-309.649998
3372	-309.705858
2354	-387.558484
801	-273.763117
52	-345.627428
816	-356.748545
2348	-285.253877
3668	-309.700336
2122	-348.040439
1087	-324.508933
3708	-270.397474
687	-346.841762
627	-359.304956
2711	-322.460671
127	-322.216227
617	-376.521083
1962	-382.756724
230	-271.617434
3376	-273.775510
3181	-307.209274
1444	-304.691748
3427	-325.793904
1004	-355.416555
3212	-360.575745
3161	-309.678595
3814	-361.745554
2581	-234.469389
1566	-380.438011
157	-376.519880
3831	-451.528971
2981	-327.026688
1187	-264.235803
2862	-309.693471
26	-301.359287
2469	-270.392444
3466	-325.794624
1826	-285.242094
1165	-309.706371
3379	-273.761967
3003	-325.798735
1100	-380.373569
3703	-287.697316
1864	-312.133063
3918	-289.794194
3794	-317.361117
242	-340.623533
236	-325.758113
2404	-323.340989
3658	-309.682445
1458	-288.648179
344	-343.305175
290	-348.056024
733	-345.660927
467	-273.793804
3139	-344.437158
3027	-336.811099
1395	-375.348487
111	-344.470970
1665	-336.802871
239	-270.446608
2542	-326.951186
2174	-324.606491
1159	-325.779568
3832	-346.836423
3649	-343.292778
2525	-324.569051
2461	-269.170508
2476	-346.865438
1399	-341.826906
2361	-304.727460
1082	-310.901659
433	-396.498209
1559	-380.372123
3713	-325.748400
1581	-345.660520
3793	-381.580932
2803	-327.013853
1707	-288.590006
2378	-339.490841
1307	-303.460433
576	-345.655968
2750	-268.301176
2436	-308.473229
3270	-273.788787
1509	-345.612220
1148	-284.062954
2212	-346.837271
2626	-305.900638
1033	-339.482903
796	-344.453746
3807	-361.706503
38	-309.736982
2874	-309.725707
2317	-308.503515
1227	-322.155306
1836	-268.273739
2634	-326.927446
2675	-303.787203
260	-359.369049
2674	-342.352279
3116	-312.128429
3076	-247.198000
193	-307.285557
2753	-310.904304
3306	-361.650084
8	-272.545439
3132	-309.670613
1771	-287.657053
3684	-362.958208
3638	-306.320806
3241	-319.515995
3431	-323.229212
2695	-346.871133
1468	-345.650338
763	-308.429953
840	-289.871520
182	-324.474954
22	-324.575190
660	-271.630416
253	-305.838224
3171	-345.599912
1860	-308.507458
1294	-345.612830
2157	-309.686797
498	-273.791878
2607	-275.007113
323	-309.647349
834	-346.828689
1314	-324.460304
1664	-310.904974
555	-361.677945
3279	-356.732861
3172	-274.982310
3401	-338.175569
2537	-317.434422
2214	-245.994065
3516	-324.634527
183	-362.962787
1156	-154.972731
2167	-309.681554
621	-310.899323
2329	-324.557240
892	-288.621895
283	-355.460155
2878	-285.336744
2891	-308.511094
2523	-344.512144
2659	-324.461004
2733	-310.940764
1090	-272.500426
1633	-247.201165
1036	-340.609236
2241	-346.857051
211	-357.939331
2486	-307.239887
3729	-376.562796
1466	-340.657975
671	-310.897268
2596	-339.467484
2452	-344.424745
1626	-345.619567
3660	-288.651313
1564	-288.555332
2059	-345.674176
3394	-376.613178
2972	-320.764992
3583	-325.721011
375	-346.857432
2366	-286.466852
2546	-248.018573
3311	-344.433172
296	-345.688916
2645	-362.923114
1568	-324.555249
2642	-324.578146
1462	-312.136049
1648	-345.660642
3143	-286.432042
1335	-283.156647
3677	-307.571921
2304	-286.431160
2271	-310.916474
2970	-339.501361
2611	-346.824672
343	-360.502305
170	-340.667287
2883	-308.757991
692	-362.917261
3331	-233.545899
1302	-339.445855
2138	-340.684371
452	-324.575287
1517	-359.342366
1274	-309.686648
2414	-382.803358
2890	-309.738198
1431	-344.392695
386	-325.776001
1153	-325.764669
3639	-345.680996
1909	-345.630398
115	-356.682218
728	-309.678404
1913	-310.912131
2386	-352.829520
937	-306.397642
1478	-309.691634
3563	-227.798785
3558	-339.464817
1416	-308.514570
2443	-288.547509
3955	-323.391458
1631	-345.642285
3633	-380.412093
1976	-346.831692
517	-344.434827
1725	-360.495137
2527	-297.554699
1484	-273.817328
3332	-376.610619
3547	-324.582904
3869	-324.525580
1997	-271.666841
3263	-285.326726
3048	-381.616883
843	-308.437835
246	-313.537245
205	-269.465281
3894	-322.469844
761	-312.126820
1611	-348.044714
1918	-319.573117
2382	-380.343633
1503	-327.014214
3152	-335.591582
505	-338.531538
1026	-325.765414
397	-288.630839
790	-341.836780
3345	-312.120708
2324	-346.831385
493	-336.819674
2234	-272.580839
3562	-360.524672
3645	-304.681903
3863	-346.804974
1166	-324.576650
3358	-326.934987
922	-272.844560
861	-360.488871
1624	-340.670034
3862	-271.646263
3843	-309.717869
3526	-249.285024
527	-324.629301
1043	-324.605875
1380	-288.625728
2180	-340.665904
1245	-310.907810
2851	-356.699504
487	-307.223588
48	-304.689512
2538	-344.417597
2155	-343.243883
1869	-269.207716
962	-376.587043
2926	-320.764569
632	-361.705069
1181	-323.657279
879	-303.556846
1394	-396.500849
2110	-341.867094
581	-287.683128
705	-362.953848
2332	-342.335241
1446	-319.575102
973	-325.790444
367	-360.491873
342	-323.351196
1058	-324.585402
454	-265.283843
3553	-346.830674
2887	-345.641890
899	-321.230055
1655	-338.217210
279	-306.012858
747	-359.350089
1387	-361.698635
1674	-360.499243
360	-346.890881
2833	-248.375248
2564	-325.789398
354	-285.174014
2625	-291.021574
3847	-356.693135
316	-341.858490
3367	-269.216969
448	-346.831139
3958	-291.015785
3133	-356.679691
1502	-340.679724
1899	-308.478846
1585	-360.545832
75	-381.566310
3505	-274.983383
460	-360.488733
3085	-322.130736
2524	-392.642251
3657	-312.124380
188	-339.406341
3146	-289.872162
1694	-273.743311
1903	-309.678054
3714	-265.398572
1623	-229.615446
681	-312.126544
3330	-323.360126
2508	-324.574476
1474	-340.654517
2773	-325.684055
2643	-372.711859
822	-336.845442
2204	-310.904876
3619	-325.779372
1221	-344.436348
2056	-325.729141
1112	-287.644079
3314	-305.846541
1716	-325.784331
3622	-304.726439
2475	-381.524347
222	-412.548009
1051	-346.860404
501	-345.630685
3169	-310.902849
3910	-309.703111
309	-309.718312
2100	-343.199390
330	-286.408473
406	-359.295180
3098	-345.658421
3976	-273.765901
2865	-342.307696
1009	-266.763445
2341	-377.784360
3110	-236.917458
86	-190.624631
2225	-324.612179
2842	-308.450204
10	-344.512001
1487	-345.665813
641	-322.439472
2374	-285.279236
14	-302.238859
2657	-308.451299
3755	-341.874216
2708	-308.512758
3743	-325.726182
2815	-324.570906
3322	-272.536448
457	-380.372151
2282	-375.368783
738	-324.592221
1650	-341.836348
2810	-273.763107
1790	-345.664882
536	-323.348544
1365	-361.755045
1111	-335.656557
2297	-322.412936
2002	-286.504040
1957	-206.721858
2468	-307.193849
3304	-346.843297
2121	-324.619773
101	-324.507184
2237	-325.784144
1195	-285.287913
2191	-359.317050
3606	-310.906553
1396	-346.886411
3686	-344.462681
1870	-309.686187
1403	-308.462299
3798	-310.941861
1062	-324.496997
1047	-346.836177
1069	-375.370023
2080	-325.793131
2321	-381.536295
2734	-309.719592
1742	-288.583008
169	-309.688569
3439	-301.389192
1219	-306.334850
2301	-324.616647
3950	-270.439135
2473	-324.497671
647	-338.268974
1430	-361.720960
3280	-344.483775
1421	-360.526142
1448	-372.747155
285	-249.362379
251	-265.386781
1584	-251.727102
1768	-289.789940
1935	-361.677841
2798	-307.259167
3527	-309.716030
1204	-361.704371
674	-346.879260
3839	-231.155780
2945	-307.281910
1237	-360.542541
3300	-344.499155
3931	-288.683173
2907	-344.466563
2522	-307.545457
2690	-231.093096
2072	-344.431636
3868	-360.526225
2873	-307.545713
293	-377.807580
964	-291.014970
1508	-308.462196
1910	-326.978724
615	-345.676743
3015	-359.362011
885	-324.623780
1008	-248.448467
1127	-345.659797
1077	-326.938562
1875	-242.186010
3029	-285.281493
1401	-307.265351
229	-361.648305
1454	-288.652757
3936	-326.951067
1849	-324.547957
2365	-345.689766
2598	-308.508949
1151	-392.620909
893	-232.317400
1717	-345.603646
1303	-345.676156
2416	-344.406447
3182	-287.440436
2334	-472.135006
2358	-322.169697
3581	-319.540355
1190	-377.830859
3100	-361.716824
458	-340.699868
1745	-264.171923
1028	-360.421732
2867	-361.734339
420	-362.950092
2547	-323.328581
1889	-361.731388
2379	-361.769162
664	-335.632054
1625	-320.776082
3867	-356.726146
1330	-324.575010
2698	-344.434438
2500	-286.498235
3845	-344.454717
2074	-285.300440
829	-310.909285
85	-272.550580
1747	-360.559076
1691	-272.595294
3404	-309.733988
841	-361.736259
1297	-345.621773
196	-341.759398
1570	-325.783642
3355	-345.648365
3096	-338.175960
3967	-273.758273
95	-351.666551
3715	-381.567301
2846	-273.780933
732	-327.023478
3721	-284.372483
1643	-310.910140
3078	-383.966179
87	-490.834069
2415	-340.676441
2769	-376.563238
1014	-301.385442
2820	-308.557865
1778	-305.036659
539	-341.886521
1357	-375.307060
3603	-326.952955
3628	-272.509064
2691	-308.505543
595	-340.652012
2999	-307.237456
2831	-356.723059
3572	-322.172641
2510	-325.797299
1477	-303.462312
3932	-360.472117
3610	-360.476593
35	-343.197784
1738	-273.759338
156	-288.654408
2651	-273.744309
874	-271.611192
424	-309.717380
2612	-345.627545
59	-248.430371
506	-234.516241
759	-398.888473
3963	-271.323381
123	-269.263476
1828	-284.993731
2624	-309.699280
610	-324.629068
513	-355.518342
750	-344.384630
886	-304.728323
3063	-317.413890
92	-301.343578
3691	-352.852117
2681	-308.466840
1228	-345.640969
2552	-340.624424
1006	-336.843788
3233	-304.691526
2362	-305.134491
1857	-307.540766
2604	-304.743934
2394	-355.446449
1408	-379.527030
1495	-286.516879
1905	-231.145151
523	-345.565792
859	-308.468407
520	-309.720011
255	-309.672030
404	-324.595399
1941	-286.206129
3144	-308.472241
1388	-250.583643
146	-377.813815
629	-309.712115
2073	-345.600119
1798	-312.126342
2793	-306.384286
2217	-344.408081
2034	-345.586124
3308	-381.582831
202	-226.160842
1639	-345.640072
2210	-325.710772
3523	-325.728070
1622	-346.869712
1563	-376.575382
1729	-361.740062
122	-339.419649
419	-312.128001
2291	-286.514923
2707	-310.915408
3915	-309.687698
2139	-381.581478
2145	-346.844016
3970	-305.897998
3543	-287.318584
3021	-360.495540
3186	-346.829695
456	-336.811524
3113	-324.531139
215	-356.645883
3207	-355.520098
3227	-348.043668
218	-285.311823
2620	-324.587670
3033	-325.785262
995	-360.542928
2789	-340.629283
2956	-360.528914
2464	-297.555801
3709	-340.613243
675	-346.827397
1968	-324.538807
622	-341.886905
2584	-360.567154
2881	-345.594203
27	-324.573866
3789	-273.762938
1188	-306.054267
1440	-270.441325
282	-325.714378
1442	-308.465594
1252	-301.395982
1011	-310.942660
3718	-195.186772
1654	-360.518768
322	-346.832352
2503	-345.653983
391	-345.584667
2201	-452.728039
2336	-344.433499
2587	-376.609234
3245	-327.024699
131	-345.603479
1255	-381.635881
1315	-288.533780
2699	-346.864540
2749	-340.645995
2823	-309.730966
1556	-340.659506
838	-361.709679
616	-345.676243
1079	-287.347000
3086	-360.507527
1748	-288.688929
813	-361.733052
464	-324.485629
1143	-367.635675
2128	-308.504896
1480	-324.584824
1222	-325.805865
1453	-309.720334
71	-346.864282
851	-270.117027
2230	-262.056533
2966	-308.428791
231	-346.860243
1117	-345.566120
3879	-339.483894
3933	-307.569255
1132	-310.938583
3384	-357.949026
571	-339.423497
1373	-324.557383
1529	-354.275774
114	-361.772743
3702	-362.951503
2763	-272.548325
2435	-229.013797
3595	-345.600227
3298	-345.599182
2314	-345.658870
1415	-338.156727
1752	-296.265627
3017	-271.339346
2440	-317.433049
3873	-348.051405
854	-383.971058
1700	-320.782427
2012	-382.788561
3681	-310.914919
991	-345.602096
1902	-324.615795
3353	-324.514429
2762	-306.370119
2385	-310.911571
3935	-289.875063
2950	-360.498298
2339	-326.954728
269	-325.729080
2776	-313.573888
2484	-344.359905
2399	-308.430606
1248	-304.732336
1948	-195.158734
870	-345.646965
3765	-453.654335
655	-325.771459
2896	-356.725069
3295	-231.069318
2448	-346.833271
819	-276.204532

file identifier 	 test data 	 predicted
1506	-339.437849	-340.066462
1882	-273.764420	-284.836125
2783	-272.537685	-259.156956
1107	-267.060326	-273.899281
1142	-309.702591	-308.539756
799	-310.910909	-316.928851
2248	-377.773452	-382.117683
2849	-355.442748	-359.058008
2550	-271.628346	-254.684906
1582	-361.735290	-354.908449
2879	-265.401151	-255.546262
2520	-307.284294	-310.393187
3940	-308.464824	-318.213869
3625	-326.948771	-333.883248
3664	-269.219315	-274.504794
993	-317.364547	-318.127093
3041	-345.692143	-336.868471
470	-303.460335	-308.992870
1189	-287.322957	-280.924762
1796	-307.536544	-299.821382
2684	-310.940657	-314.728126
138	-362.875317	-344.927404
618	-308.467888	-302.584584
2400	-345.592410	-349.038197
2267	-291.016020	-279.860796
3504	-308.561061	-302.312155
3632	-340.612805	-334.019507
1695	-344.411060	-346.804715
461	-273.773506	-275.753908
3393	-359.297522	-352.682940
3105	-346.821661	-364.273923
2893	-274.985796	-276.551447
3503	-266.630629	-274.981868
1630	-323.431776	-316.896852
3184	-308.439671	-304.648873
2411	-193.075202	-207.100737
2812	-381.619786	-385.436296
2165	-319.567241	-320.774405
262	-345.647032	-346.716506
2459	-273.761223	-260.233791
1879	-288.594527	-295.597265
3705	-345.665479	-339.506112
1526	-269.267574	-268.299298
1911	-272.582516	-262.490300
2721	-271.401725	-263.300022
1540	-285.217962	-301.041587
90	-327.017113	-313.136351
3919	-304.721921	-302.806561
2449	-341.841190	-342.813403
2614	-232.164586	-202.904987
1286	-310.906869	-307.225892
3922	-270.394284	-244.833184
1837	-381.574917	-367.984797
2918	-271.326117	-267.655216
1073	-233.249538	-232.811983
850	-271.623957	-284.791996
210	-362.938898	-367.539661
1185	-324.558175	-325.437064
2801	-310.932716	-300.605596
3598	-340.671493	-333.515587
2111	-348.048744	-340.857086
3846	-318.393987	-315.966729
698	-274.985880	-275.966331
1862	-319.615129	-314.243990
778	-324.573162	-328.714144
3813	-340.620847	-338.711450
1098	-356.649302	-355.997742
3039	-341.851538	-327.361385
867	-283.179781	-266.534576
951	-307.548619	-312.179807
3357	-361.779217	-346.528653
1820	-324.522751	-315.663218
1131	-324.580815	-321.680724
2343	-325.781464	-324.025201
3256	-153.459846	-126.218147
2936	-324.504178	-325.288514
3560	-286.463470	-288.352215
2353	-281.504579	-274.061051
1207	-324.584396	-317.011621
2630	-282.871678	-288.955076
3281	-309.716743	-299.577900
3142	-376.617653	-371.660751
42	-376.564691	-384.319891
417	-344.440065	-347.696306
1944	-325.796840	-320.476941
324	-307.534482	-295.764326
585	-229.918003	-243.384521
2558	-472.145935	-461.722969
3396	-273.815873	-283.742342
3788	-361.725962	-357.265476
3101	-360.503577	-359.091269
3775	-324.576188	-328.573388
2236	-235.698987	-227.482993
3375	-324.594534	-328.971884
3408	-287.661454	-290.177342
2592	-308.486071	-305.287900
2720	-231.102112	-262.404816
2387	-391.391111	-400.245095
2251	-430.448052	-316.183932
1562	-309.676327	-306.525003
686	-391.370332	-381.961835
1251	-322.482659	-316.894088
3930	-338.542975	-336.894776
1383	-344.398797	-357.035538
911	-356.711832	-357.399973
3834	-324.589539	-319.569559
3224	-286.504546	-296.053759
548	-233.555951	-245.053607
3501	-318.409788	-317.261669
2053	-320.769272	-320.551610
1594	-323.433551	-323.231263
3829	-323.654114	-323.535209
3499	-309.702237	-306.309738
1547	-335.613384	-337.458812
2861	-288.654312	-301.405607
1137	-271.622539	-276.237655
3228	-381.648857	-369.722975
1856	-321.958301	-311.391198
1425	-288.648476	-278.990123
3528	-233.262752	-252.483250
2947	-355.510313	-352.101529
3787	-381.580675	-367.760064
1078	-309.738888	-308.218591
226	-360.556344	-351.366681
1429	-288.579114	-295.416749
3013	-346.883127	-351.207294
3405	-269.206920	-258.076093
488	-346.861837	-333.177978
2367	-361.723620	-366.285442
2839	-362.930315	-367.186122
2389	-361.728546	-365.015211
1205	-304.682331	-290.964661
3467	-308.494487	-321.484056
2588	-376.538277	-370.525601
2959	-289.795007	-288.278272
1595	-309.686571	-310.424968
1759	-305.906809	-312.800526
1106	-231.106310	-273.272842
3566	-325.830752	-318.241977
3687	-325.793945	-333.444152
264	-339.450073	-347.902247
3646	-305.130313	-329.791259
46	-372.766726	-372.355811
3158	-269.271320	-272.124339
3301	-371.491061	-372.377578
788	-324.467888	-321.792810
469	-325.775843	-340.945107
3052	-291.017787	-310.180277
1500	-345.609230	-333.110278
2335	-346.825562	-345.916129
1620	-270.431243	-253.891016
807	-340.681309	-339.380423
3772	-356.752251	-358.675722
2777	-336.817321	-336.875653
1974	-345.655745	-349.181184
1144	-264.255612	-308.962468
124	-271.621961	-279.963499
2602	-345.645491	-347.274553
2767	-340.635968	-338.298710
1270	-307.571937	-312.332352
1149	-325.796862	-331.412312
2196	-338.559964	-334.261616
311	-287.724713	-282.176315
988	-341.827199	-338.040660
2252	-382.779570	-364.532036
2529	-229.969129	-240.747911
3624	-324.614194	-324.409674
3700	-361.717469	-347.676060
47	-247.225618	-240.919404
3901	-346.822424	-330.966276
1258	-344.472090	-342.442059
1390	-340.660793	-338.577841
3738	-274.982053	-276.253049
2261	-233.260156	-255.160340
2369	-273.760271	-275.797679
2679	-312.130526	-321.602541
2156	-346.827596	-349.282343
3482	-281.480993	-273.263188
3517	-396.475511	-394.860832
1230	-323.396217	-320.500814
3948	-340.614465	-327.461014
1121	-333.449362	-327.258834
2860	-345.600676	-345.955010
181	-412.528245	-404.220324
2591	-325.773278	-311.355405
3219	-339.428557	-337.271019
1969	-360.529678	-363.048558
1609	-210.001565	-206.365262
971	-324.624537	-324.031906
1646	-340.684749	-347.986631
1550	-301.345683	-299.932701
1366	-345.633122	-342.072878
1539	-382.755486	-375.955911
3061	-392.552088	-381.066211
1392	-353.321142	-353.966591
1345	-376.540686	-369.975366
1898	-360.497612	-364.045504
1427	-340.646339	-340.185921
2482	-268.321270	-289.461769
3779	-308.476903	-302.182898
3261	-232.025930	-228.132152
3422	-340.663929	-348.149246
1120	-353.283458	-356.486162
2577	-381.600777	-396.175996
2738	-324.555069	-328.481257
155	-324.571682	-321.545519
1616	-272.539058	-256.374128
2372	-322.217569	-315.060617
943	-303.497783	-303.357691
1369	-392.662003	-387.175924
600	-268.859550	-263.240954
762	-346.863396	-333.325190
358	-272.544323	-267.076285
3046	-322.057728	-305.732691
2719	-286.477365	-295.010461
1242	-308.508254	-297.903997
3400	-289.799552	-284.393770
1491	-344.421383	-341.803472
2393	-324.608961	-317.368753
3229	-271.614305	-264.293745
1824	-336.855265	-338.209877
1370	-242.180146	-235.480805
2340	-310.899612	-295.138047
2814	-325.804528	-323.834805
680	-325.806369	-328.135243
3586	-287.506415	-284.044081
2560	-339.452794	-345.767402
2062	-303.437471	-313.329689
1766	-270.387395	-270.124853
2470	-309.688189	-288.709563
751	-361.724921	-356.854826
1461	-346.899170	-354.444100
3032	-360.508895	-365.108963
1282	-346.860539	-341.250196
1757	-285.313612	-279.661786
1164	-340.611734	-330.690520
1939	-242.205627	-243.948960
141	-287.734664	-288.695737
676	-272.584377	-264.665193
2857	-362.899149	-367.653159
2046	-286.493052	-285.734154
200	-345.625804	-333.702517
3259	-359.368793	-363.227508
3070	-281.491976	-275.199146
2664	-348.047695	-330.394044
521	-262.065493	-255.821119
2285	-340.578657	-342.092901
3071	-273.789182	-253.826728
3493	-232.333258	-241.585774
3852	-361.710525	-357.342195
563	-345.644179	-346.826683
3485	-324.614459	-328.284560
1119	-304.733360	-302.558229
19	-309.720734	-293.506631
596	-325.754527	-312.957283
3402	-234.522504	-225.611237
2351	-304.614169	-297.066011
189	-322.167165	-292.504723
2705	-270.384180	-260.277909
439	-288.690999	-284.882447
3959	-305.831035	-309.613676
3962	-341.865856	-360.518751
2716	-303.464433	-301.175501
858	-340.661797	-335.066188
3438	-312.132858	-305.259707
1441	-303.469082	-313.229422
1963	-325.761942	-330.342412
2231	-346.825174	-344.301301
2932	-285.320198	-285.466331
180	-360.505528	-361.236924
2103	-346.834331	-361.482544
3866	-341.882531	-338.603041
3585	-308.497008	-304.671518
3909	-310.945132	-307.635204
171	-361.745138	-354.540718
3299	-325.725069	-334.715794
1291	-285.276634	-290.026649
3662	-360.469577	-346.577180
2771	-310.910278	-310.533766
3596	-285.328258	-289.468253
1781	-324.582445	-320.699867
1520	-309.728493	-305.178501
2996	-324.566568	-318.204776
29	-344.425700	-351.305348
1651	-273.809498	-277.879117
3284	-343.290242	-342.112886
709	-286.134079	-293.179673
3751	-339.491316	-337.608040
2498	-288.539500	-275.724135
2616	-272.542567	-280.703026
3887	-242.196351	-233.830705
3283	-287.404397	-286.616611
1293	-271.369084	-212.810545
938	-331.411639	-327.200538
1668	-344.433140	-352.794917
1177	-325.808092	-333.962564
3359	-325.733758	-320.507437
1982	-345.609374	-337.174114
2649	-381.581036	-369.606806
1285	-346.860450	-334.394757
1086	-272.587059	-258.406438
2585	-249.269471	-249.560403
2499	-376.539208	-386.496313
3635	-308.475489	-301.887351
3564	-303.533472	-298.012459
1292	-323.652284	-332.547344
2606	-323.344105	-322.996133
3557	-344.382663	-343.970546
2150	-324.570860	-319.718580
1551	-324.575851	-336.788544
2567	-320.795216	-320.927852
2654	-304.679740	-288.528545
2453	-268.273240	-272.817573
109	-158.340943	-187.717974
2693	-340.638326	-337.631356
353	-197.632222	-96.854188
2287	-310.905485	-299.060616
2987	-271.618137	-292.378497
811	-304.567859	-297.646219
3406	-286.459793	-284.522506
3514	-340.654233	-336.337565
2938	-346.875201	-332.473297
2477	-360.539944	-358.229783
1739	-303.454720	-309.482587
307	-302.239101	-313.307916
3147	-338.530072	-330.456637
3479	-265.289023	-258.475163
2875	-344.475122	-357.600128
248	-339.489875	-341.296431
717	-380.401348	-384.190976
961	-326.950279	-330.423293
2855	-268.917900	-300.818310
3198	-288.680991	-278.371017
547	-360.540793	-352.129205
1930	-341.835805	-353.342537
3965	-273.764529	-277.407223
3510	-340.674744	-336.200074
2330	-287.681216	-293.027573
2964	-362.945907	-351.198530
2792	-362.944759	-342.088339
1000	-339.452428	-342.345157
1687	-344.407598	-326.195012
83	-344.434906	-344.921152
2311	-193.034988	-149.806592
3415	-308.495275	-321.436222
949	-344.463502	-346.720095
1786	-325.785038	-310.723359
3106	-273.735646	-259.559653
143	-302.355005	-298.272564
3016	-309.730329	-297.642235
1224	-308.420805	-312.046386
3611	-324.577560	-321.494695
2639	-302.580808	-320.960473
958	-302.599262	-298.802158
2910	-307.536915	-306.518089
3454	-376.600944	-369.192633
1332	-209.144909	-258.057549
1945	-361.754136	-355.309350
3917	-274.985822	-311.800095
362	-289.871990	-279.805665
3374	-324.551244	-326.974279
3871	-346.859809	-346.770501
3654	-307.541973	-299.147179
3135	-272.569212	-265.595730
278	-397.667072	-406.481010
3168	-323.614890	-317.943271
699	-307.243079	-302.058905
2363	-324.610150	-325.510567
740	-344.452972	-353.049778
3464	-234.470922	-209.221285
1787	-325.795649	-326.891165
3984	-344.418857	-360.513224
1093	-325.718074	-318.273849
3189	-324.510378	-325.710645
2286	-309.728265	-294.604122
118	-352.905052	-349.174743
466	-382.782183	-382.284387
176	-308.554162	-314.305751
2894	-309.717750	-307.438244
3447	-270.389803	-271.838104
40	-344.338878	-346.335056
3440	-322.135917	-324.825710
672	-345.661057	-356.478333
1531	-345.640098	-342.281512
915	-304.734226	-310.293467
1433	-325.729800	-318.805919
3435	-361.728293	-359.857651
1746	-396.470299	-417.166712
2531	-157.115484	-184.471638
690	-375.420808	-377.574937
3626	-310.902465	-304.217057
696	-356.709466	-353.484409
2752	-381.632242	-387.791306
1932	-310.911279	-329.920448
3008	-323.359336	-326.342342
465	-266.553159	-273.662304
757	-345.678211	-343.938633
1632	-340.673967	-341.362559
247	-304.688358	-295.936370
1434	-344.482088	-345.913551
3605	-372.755216	-364.717423
798	-208.842347	-231.509561
3217	-306.392828	-307.589000
2244	-414.351653	-284.578151
3134	-271.319942	-278.833406
2338	-268.888303	-308.986405
772	-381.599310	-368.233225
3112	-327.021680	-317.065303
3364	-305.057353	-307.332580
3795	-310.908453	-325.670021
483	-309.705795	-298.460157
3264	-307.260972	-297.661685
2813	-232.063900	-192.811984
3926	-325.748612	-323.238023
2078	-324.575989	-333.535458
2703	-309.722894	-286.219179
2742	-348.048844	-360.334362
44	-309.735489	-316.879274
3735	-360.522940	-369.173109
2629	-356.679047	-348.785891
3333	-361.709769	-369.019992
214	-348.052027	-355.550524
274	-272.539126	-267.339121
2976	-356.737615	-357.885820
1192	-326.947461	-342.288905
1914	-288.576123	-277.083025
225	-346.842403	-347.412079
412	-372.768039	-379.691767
335	-361.729115	-343.677907
1334	-273.765782	-272.125947
2979	-320.767064	-331.902898
2355	-336.816043	-341.429115
2772	-343.232602	-365.153991
2903	-308.505951	-307.149607
787	-360.525379	-350.327720
1411	-327.023352	-312.758204
64	-362.945802	-350.655499
1372	-381.574124	-382.656291
3753	-271.652242	-270.093714
186	-340.606711	-343.079523
3337	-286.438448	-299.540406
3072	-340.671263	-340.479845
2224	-307.568767	-329.462874
3723	-345.597175	-339.152057
3946	-286.438084	-285.956710
1021	-232.328175	-240.559132
609	-377.817369	-385.120704
1573	-233.255259	-247.790334
2025	-249.363808	-268.192204
1702	-251.727632	-245.247175
2807	-269.176124	-258.407589
1344	-341.767606	-347.611146
212	-324.605613	-323.822020
3942	-287.507193	-291.329428
3792	-360.525610	-356.264371
2179	-361.698233	-363.935135
2554	-345.649886	-338.555428
400	-376.570473	-376.639755
3618	-309.731536	-301.012407
3838	-271.318933	-258.393816
2827	-345.615042	-337.368296
3065	-344.486202	-340.755413
3326	-381.616196	-376.323961
1269	-307.563525	-300.152424
1661	-322.148261	-319.545932
580	-360.537290	-365.567550
3103	-340.631134	-336.008340
984	-248.443503	-263.491100
1071	-360.495618	-357.841909
3486	-437.484875	-503.289158
3949	-359.301320	-357.378349
1015	-344.454928	-353.947730
480	-325.760797	-327.113262
219	-307.221351	-290.125276
2168	-310.899911	-295.004376
3969	-324.609784	-324.622025
3878	-360.554015	-361.201708
1593	-335.598739	-321.636033
1762	-361.755551	-355.838294
658	-307.234503	-306.355120
3929	-321.233569	-303.608730
2195	-289.873479	-272.710062
569	-376.620836	-372.188624
2922	-352.890573	-353.725484
2741	-297.520999	-303.380338
3127	-327.010419	-333.031027
3317	-269.177232	-259.212405
907	-381.607752	-380.806264
1801	-301.335636	-298.011082
1095	-324.603415	-320.156577
220	-276.205821	-365.584318
2701	-326.942959	-326.997759
2599	-355.457663	-349.578005
2895	-273.764673	-282.411150
3321	-251.726162	-250.474310
1183	-325.750970	-313.723272
654	-309.727166	-312.279253
2778	-325.711441	-337.311750
2398	-319.533364	-326.992727
3350	-339.431591	-344.953564
4	-270.439280	-269.720526
2256	-303.503801	-300.323280
3102	-310.903589	-325.039707
1561	-325.749687	-347.472213
373	-379.522177	-377.311119
1769	-324.569009	-329.337339
896	-323.312767	-329.778369
2759	-393.905418	-370.009994
3864	-288.639421	-288.633694
313	-361.721849	-353.025463
3928	-377.799358	-375.381835
1981	-306.313924	-304.350711
605	-456.103432	-458.288467
3769	-304.586424	-305.816688
546	-306.365166	-289.363197
2595	-303.465315	-297.281467
2835	-362.925466	-349.192232
1793	-325.725688	-326.630431
1662	-377.834156	-375.503953
1264	-324.536694	-323.640631
3851	-326.998454	-312.546769
3811	-274.982348	-272.458066
3282	-362.972786	-357.394772
1223	-324.586663	-327.641632
2986	-340.629609	-339.058241
1154	-310.937644	-294.591018
633	-325.759393	-303.260394
1084	-309.711894	-305.242272
2197	-309.684327	-313.335951
1138	-308.444609	-299.706980
3235	-339.416290	-337.086347
3491	-361.750275	-349.647406
405	-273.804251	-289.619237
3904	-356.716094	-349.163895
2392	-272.551442	-271.472289
1813	-307.550360	-333.116656
2722	-344.423318	-342.554942
1375	-345.645053	-355.086391
1459	-306.320451	-328.646100
2429	-306.081547	-333.787775
421	-288.627624	-283.356479
557	-312.122696	-330.177771
2094	-325.812885	-326.905964
573	-286.504534	-284.680216
3050	-303.940271	-282.178815
2183	-339.459869	-335.602927
1476	-308.455419	-309.081286
312	-234.485640	-242.277205
2943	-340.654874	-340.900313
2275	-312.122563	-275.909100
1571	-470.915515	-449.334851
2678	-285.255563	-268.879020
972	-341.869909	-343.216118
3202	-310.908741	-290.040032
3934	-381.630276	-366.610445
3941	-231.108368	-215.526855
1486	-380.373644	-363.348318
2	-324.551643	-322.528311
475	-304.691568	-295.294607
3392	-361.774979	-360.786267
2496	-326.954795	-322.021059
1546	-318.321510	-313.184156
350	-320.793580	-323.490816
1385	-309.679840	-317.289342
463	-309.715058	-307.223683
2841	-360.524422	-350.002946
2405	-318.344936	-315.028446
217	-271.648392	-264.140409
2794	-304.681399	-303.479633
2082	-302.567313	-313.783005
3418	-308.467120	-314.308548
3736	-355.517745	-355.461302
341	-273.735711	-295.540868
2480	-344.385369	-339.733030
2075	-345.606444	-329.649786
1331	-310.941319	-302.338597
3857	-340.686134	-340.846937
2041	-346.821470	-348.473387
528	-288.538806	-279.055847
3870	-345.605387	-352.041476
620	-346.820834	-346.426428
3679	-320.794248	-322.232648
814	-308.509272	-303.702963
2233	-319.556235	-313.970782
77	-348.062001	-359.671100
93	-340.615011	-343.997788
2497	-325.763216	-323.707566
1672	-336.831068	-337.120393
2408	-356.708234	-357.202825
3960	-336.825944	-341.602504
878	-308.466070	-306.180240
3140	-284.987905	-303.961476
1384	-361.755719	-363.070259
23	-304.679494	-287.706952
3318	-308.513124	-302.817351
2129	-356.722498	-355.216950
2266	-289.766576	-296.291116
1548	-306.308471	-297.684801
3012	-276.205920	-261.520239
3570	-272.514475	-261.766872
1118	-306.032266	-313.394241
3458	-345.693035	-335.879672
1152	-308.448572	-315.754786
3090	-287.362939	-279.501005
3614	-288.627505	-288.787338
2618	-361.768020	-354.791794
3445	-286.508374	-283.538458
2154	-360.512793	-336.777794
410	-325.835955	-314.543476
1316	-361.652250	-351.723584
3630	-287.660591	-280.118304
3443	-346.866543	-345.039482
1841	-325.788368	-304.936823
2668	-310.906004	-309.040053
3518	-340.655390	-344.629428
2120	-381.630205	-372.712838
1812	-307.275809	-306.109298
1954	-226.144377	-234.664404
1426	-381.607770	-386.288375
2249	-392.653825	-386.342562
34	-306.355655	-293.780255
2042	-232.364952	-224.228139
3923	-309.737951	-305.973123
2516	-309.661518	-302.599789
2209	-382.781841	-382.276507
3469	-356.686540	-357.505478
1052	-361.770383	-357.570239
2811	-326.944158	-324.173068
526	-344.430692	-340.100231
2916	-340.655601	-348.419501
3369	-158.342346	-33.373218
3704	-348.035847	-381.469602
2872	-288.581144	-276.891422
1728	-362.942862	-339.919068
3903	-340.636306	-329.330488
266	-308.477155	-290.809640
1498	-340.654582	-338.652683
2043	-344.484341	-355.444631
3674	-309.731169	-298.633097
1452	-308.467331	-313.049460
363	-320.778723	-319.716725
1710	-361.726166	-344.224118
3273	-288.589678	-286.823714
3774	-305.130184	-294.340210
2067	-280.248350	-282.166905
3690	-346.829378	-344.429106
3211	-310.908555	-311.436952
3808	-345.614760	-346.346156
72	-325.720699	-318.476163
1709	-326.941251	-319.897213
1253	-312.126356	-306.957269
2648	-325.728744	-324.303024
1460	-309.684108	-307.374479
3246	-340.652252	-335.240638
271	-361.759779	-362.911331
2723	-324.554067	-323.955329
3790	-286.502445	-284.605926
444	-340.665581	-340.596142
2946	-345.649552	-345.555585
3730	-291.017996	-324.621404
2819	-360.551444	-357.968593
2376	-346.840597	-337.629473
3062	-381.573048	-380.334489
2032	-287.663174	-307.582547
223	-339.501781	-340.183085
3031	-270.411205	-269.067042
2198	-382.804255	-379.341328
2347	-308.476587	-290.350919
3054	-269.129580	-272.771521
484	-351.639205	-348.294665
2951	-308.569129	-312.111942
1600	-249.301818	-266.738871
2868	-270.407057	-254.355040
2022	-344.425164	-318.557305
1308	-341.814212	-347.014380
920	-281.489179	-273.742908
178	-188.042067	-232.295258
2735	-309.690179	-311.422991
768	-193.039603	-199.084524
1659	-487.002792	-458.776203
1743	-346.856186	-339.484437
707	-381.585428	-394.642214
3876	-304.574737	-304.342325
451	-362.932378	-372.051968
2345	-342.329232	-340.813599
2843	-308.509454	-315.039292
1275	-310.936083	-313.662223
642	-234.476516	-225.183818
3773	-345.602641	-349.898390
2289	-325.766945	-323.097629
2185	-344.343476	-351.423476
2829	-340.622886	-333.739156
2757	-346.855643	-348.887559
3756	-326.943546	-325.508838
2490	-343.078368	-343.326453
2729	-323.315925	-299.224070
1171	-325.721867	-332.181332
3882	-194.261089	-229.775458
1663	-232.351764	-222.977156
1735	-320.791360	-318.945791
3615	-210.071468	-194.825669
3889	-360.533387	-352.133982
2223	-288.657055	-283.298901
1313	-324.502042	-318.532007
3777	-339.431092	-342.875750
1467	-345.613895	-339.293555
1617	-355.508183	-354.679098
1243	-323.582949	-309.990426
468	-322.150234	-334.115021
1273	-355.513035	-359.997307
2454	-288.578155	-287.453783
3159	-324.612512	-327.694244
3125	-308.510840	-315.669435
538	-324.494520	-326.630322
1681	-310.908780	-321.491080
2077	-309.736028	-316.970775
583	-285.016369	-314.415914
684	-361.753989	-349.511741
724	-320.775720	-311.012293
1591	-249.397368	-254.369466
1432	-324.522792	-317.351117
1833	-302.579718	-300.972370
3220	-273.806349	-263.357337
3680	-305.904722	-309.862002
1763	-325.799404	-335.172430
3370	-396.486664	-390.712279
1094	-304.696023	-294.191810
2047	-286.246880	-279.725111
3461	-320.776316	-323.741672
2494	-274.984732	-291.600524
3026	-250.478855	-245.493312
1928	-326.927990	-310.184279
2927	-324.500425	-318.509511
1667	-323.323781	-329.013714
3884	-323.333263	-320.328325
1041	-371.504707	-374.160351
3895	-325.808333	-306.887542
2280	-359.345792	-361.930909
3124	-308.562031	-310.411522
2088	-362.871515	-350.339572
2605	-346.869041	-356.624304
1196	-346.840727	-344.477309
61	-308.462933	-303.501827
1515	-360.502298	-353.466667
3897	-324.519277	-282.924172
3744	-339.414779	-344.930128
3424	-348.051118	-347.412303
2991	-272.841336	-272.849340
2796	-345.678871	-330.469689
1613	-346.890723	-361.311846
1169	-346.819305	-333.623317
3095	-339.431197	-338.441122
1449	-308.507220	-311.717287
2725	-269.218553	-282.778036
3641	-360.485033	-359.222203
1961	-197.629416	-222.615981
3812	-271.623066	-296.237109
1852	-309.685790	-307.328769
1827	-343.492484	-359.291388
3490	-359.315205	-352.033096
2941	-340.635024	-338.195302
1908	-286.508233	-291.134221
2444	-318.641916	-314.732700
3156	-362.941094	-345.349142
2014	-371.537915	-364.093165
2305	-376.633716	-371.251000
2296	-309.691365	-324.380080
3154	-309.714008	-306.267221
1048	-286.495416	-279.576173
1023	-309.663477	-321.896193
2126	-270.399529	-252.251295
1419	-344.350927	-320.318648
1162	-309.684472	-311.454840
828	-361.684892	-358.787508
1236	-155.897345	-168.596282
1998	-324.536830	-323.165341
770	-381.612946	-374.054389
1689	-336.823026	-391.717433
2178	-339.455981	-337.262942
1259	-288.590804	-287.261087
11	-356.688211	-359.983874
1829	-382.804482	-386.441929
1534	-340.632075	-341.691189
1767	-285.277900	-271.908179
1504	-360.489720	-360.933601
401	-325.712603	-324.207877
1924	-340.591587	-335.788009
3972	-359.339915	-357.555551
693	-234.520624	-232.815325
1544	-324.594826	-316.493590
1887	-361.696319	-355.064152
1690	-339.426816	-346.947207
1212	-304.733723	-298.750532
3055	-285.313284	-289.739259
2583	-346.859078	-349.938022
1135	-310.903412	-317.495576
2512	-346.823548	-342.194466
890	-344.458979	-344.555439
1680	-377.842223	-361.631027
3698	-360.508088	-368.686400
2800	-287.478272	-274.559825
3880	-357.942023	-354.025791
880	-345.648463	-343.736761
2485	-392.676111	-381.260150
2172	-308.472272	-308.179953
2858	-346.862070	-353.915133
3850	-308.528193	-296.669420
1233	-265.440660	-260.279302
3058	-247.214450	-279.882777
174	-229.928448	-241.501783
2971	-312.131841	-279.367084
1197	-308.462932	-314.902435
445	-319.610687	-318.697940
3716	-361.720799	-357.379111
2095	-348.034975	-330.909879
416	-271.318448	-249.452025
2622	-346.829131	-335.647299
2998	-246.027383	-249.894014
3390	-309.736085	-318.481806
2898	-310.940190	-299.869116
2268	-302.558547	-310.100286
1413	-247.214861	-248.685129
1490	-309.691591	-305.234537
1379	-325.731549	-320.815879
3335	-275.020322	-255.089336
1881	-361.772040	-379.755194
1996	-356.687774	-355.490205
179	-362.928160	-373.975241
2193	-383.976576	-391.355720
533	-287.720383	-304.291994
2608	-306.369631	-323.819321
3865	-362.899954	-383.430450
661	-335.635079	-336.755479
3717	-275.014300	-239.294396
3629	-359.312853	-353.077304
1817	-339.459612	-340.648797
3290	-341.859618	-333.020739
789	-324.581906	-322.102273
648	-287.422111	-286.892422
824	-310.952875	-315.211479
3961	-308.561152	-306.225471
570	-275.012535	-267.232023
1350	-343.076530	-339.936981
976	-382.776658	-385.668186
1501	-288.653529	-289.547668
637	-360.557419	-349.926373
2990	-376.661483	-371.908229
723	-361.717032	-370.511498
45	-266.615452	-249.367031
3309	-274.989422	-283.106325
3971	-360.530885	-358.943742
50	-357.934562	-347.485336
3656	-310.918831	-319.210497
905	-360.513668	-352.869307
2294	-341.831947	-323.165984
908	-310.911406	-330.259447
191	-307.610450	-305.046665
3316	-264.261826	-272.552512
108	-345.614707	-337.464778
2061	-345.638357	-336.633170
3783	-310.912792	-318.220864
3073	-309.734862	-285.049808
3420	-306.358581	-305.836183
3201	-346.845480	-337.633160
755	-324.568345	-330.978619
1404	-346.883049	-342.766704
2914	-270.422403	-268.272308
667	-360.533083	-358.620028
5	-351.628383	-355.310647
727	-272.562906	-264.607360
560	-344.385047	-330.044987
300	-324.602433	-323.871206
2635	-323.324700	-329.155740
2889	-341.871347	-362.464980
2105	-335.635972	-335.204412
3448	-324.634377	-322.259075
116	-346.831175	-339.077677
1482	-312.132386	-297.041595
2933	-360.538112	-368.021359
3044	-363.519194	-359.071040
3893	-341.097446	-324.595641
2804	-344.433943	-341.049929
1603	-232.363630	-238.961939
3740	-356.684693	-356.721976
1965	-288.555445	-286.616562
2840	-284.048718	-282.042488
2850	-288.580309	-284.867356
393	-323.334482	-318.201933
2471	-288.628801	-287.302933
462	-234.474088	-245.634272
830	-320.767103	-315.659965
2535	-272.835594	-287.451725
1915	-361.705669	-361.629190
359	-346.832402	-356.471075
1970	-362.897428	-362.619180
3157	-335.619981	-326.444988
3905	-395.515911	-395.942126
884	-276.202586	-281.336631
3872	-340.691219	-338.346011
1206	-342.315546	-341.660002
2640	-398.880824	-414.866112
1937	-287.438379	-287.302897
2030	-273.804223	-274.507497
1001	-304.724431	-309.475959
3511	-324.552260	-313.268827
3089	-327.025329	-323.088897
2434	-377.845502	-372.614006
2736	-310.922181	-287.921785
3602	-361.683811	-353.273010
2706	-345.667357	-334.647664
697	-340.621200	-326.709865
1443	-346.867442	-349.820762
2001	-346.833365	-339.356436
559	-362.935404	-360.107565
1155	-272.838189	-276.024342
1807	-344.469516	-332.282393
2882	-322.444150	-322.832974
3623	-341.892484	-326.182797
3167	-309.688639	-295.210100
2004	-346.839235	-336.333892
3092	-340.610697	-331.105607
3141	-345.651109	-353.107216
2724	-376.591176	-375.910053
604	-320.777491	-318.498754
1492	-310.927319	-293.139866
414	-192.762455	-160.294173
2246	-287.318502	-290.195127
1059	-303.436180	-301.824477
1080	-288.570006	-284.678418
3533	-232.036378	-224.589759
2911	-289.871661	-290.588665
150	-309.732713	-322.110996
2992	-343.202564	-341.521265
1337	-286.498779	-276.283891
2603	-341.863083	-351.749211
1096	-309.689595	-308.346558
3195	-274.982322	-261.856230
221	-310.917273	-288.324855
2357	-325.754267	-326.724944
817	-345.619715	-336.477129
540	-346.830523	-339.040823
1321	-234.472577	-236.877652
190	-354.290746	-359.973565
3487	-210.101789	-219.157880
2045	-324.495988	-318.179272
2530	-345.673444	-343.926213
2677	-309.684577	-314.655499
3902	-382.757521	-374.521246
1216	-308.465534	-284.906459
3452	-361.758902	-350.985362
2279	-309.711101	-301.618946
6	-345.687671	-342.196772
352	-288.557016	-282.821865
783	-273.806375	-254.606959
3476	-304.737418	-302.357977
2407	-377.829134	-359.720769
3119	-301.090914	-327.917955
2013	-343.195410	-322.736829
3732	-320.774305	-312.806736
3403	-339.424322	-338.205476
449	-325.753993	-315.167549
3474	-309.730988	-303.615713
3380	-345.606939	-344.113938
556	-272.600604	-255.606548
3799	-291.018995	-281.554326
3776	-320.773105	-319.791462
2806	-234.476081	-238.681153
2458	-361.683558	-351.374411
2489	-250.583259	-263.166993
3858	-308.459001	-302.466128
1231	-324.569596	-335.141543
3107	-281.504745	-276.934875
901	-270.446915	-263.417501
3292	-326.937372	-318.627905
258	-371.546126	-371.239713
2574	-273.812881	-260.153063
3582	-344.436500	-342.852267
2161	-361.735863	-351.567726
2024	-306.349032	-303.558139
1045	-344.449852	-327.184185
2937	-324.573883	-326.942240
582	-325.833302	-318.516044
2747	-301.332569	-304.051838
2566	-346.832253	-344.509058
3591	-273.762889	-264.138887
1704	-274.984793	-297.638346
3844	-308.450468	-312.097748
2955	-346.822341	-354.892295
1818	-371.535911	-370.853777
3741	-169.860788	-100.335754
2149	-341.878745	-338.486154
1871	-306.406578	-314.063085
2447	-323.330261	-333.670925
