no_training:1500	no_test:2493file identifier	 training data
1505	-308.487195
2934	-324.462733
3708	-270.397474
1991	-285.282532
1285	-346.860450
1792	-363.504227
1632	-340.673967
3131	-303.560907
3824	-302.288055
777	-307.544712
3972	-359.339915
613	-309.689486
3916	-273.810780
2501	-232.377706
268	-362.957295
3914	-325.805781
3523	-325.728070
3550	-341.825957
3860	-308.505267
550	-319.568017
3604	-273.812100
1589	-324.608694
698	-274.985880
1923	-287.427777
1245	-310.907810
699	-307.243079
2891	-308.511094
2441	-310.909223
1273	-355.513035
2704	-320.786981
932	-361.764881
1533	-309.671865
797	-278.075775
2732	-324.579850
3581	-319.540355
3175	-309.649998
1903	-309.678054
1213	-324.530103
2038	-348.056093
1504	-360.489720
3976	-273.765901
2465	-339.464024
2814	-325.804528
454	-265.283843
2873	-307.545713
1963	-325.761942
2083	-322.434119
2050	-362.937518
1641	-340.647224
2285	-340.578657
2455	-344.431301
1853	-359.314227
2746	-247.190194
3434	-360.560766
3231	-380.446861
2120	-381.630205
1684	-320.783029
1134	-343.068226
347	-309.687405
2137	-324.588239
364	-117.824798
1977	-312.131398
496	-377.794221
1107	-267.060326
3195	-274.982322
165	-327.013034
1146	-339.465889
3368	-308.496367
345	-309.704732
2948	-382.790431
1958	-340.595950
3093	-334.424572
518	-289.791234
2319	-271.316064
3779	-308.476903
1311	-288.545722
1787	-325.795649
3113	-324.531139
1512	-346.839595
514	-309.685045
178	-188.042067
270	-372.752005
735	-309.716570
1240	-310.907666
3556	-276.202384
608	-309.688960
3607	-325.801523
2191	-359.317050
1279	-377.837977
141	-287.734664
3519	-376.604739
2980	-274.983908
2736	-310.922181
2463	-288.576502
2687	-377.816463
1168	-308.454820
710	-340.625597
2506	-307.526911
1583	-345.655509
1984	-287.441165
280	-271.324234
2932	-285.320198
637	-360.557419
2158	-340.663379
2767	-340.635968
1298	-308.505512
769	-271.361537
834	-346.828689
2385	-310.911571
153	-347.466594
858	-340.661797
3326	-381.616196
3292	-326.937372
975	-357.171724
3498	-381.585231
145	-310.929561
397	-288.630839
2880	-346.831172
1974	-345.655745
1332	-209.144909
1629	-272.526778
3986	-355.516778
712	-294.081616
1545	-308.468255
721	-185.648533
3622	-304.726439
548	-233.555951
998	-302.306196
1982	-345.609374
1247	-325.770105
1003	-308.516378
1554	-320.728167
3711	-303.469034
1563	-376.575382
3422	-340.663929
3918	-289.794194
3458	-345.693035
78	-270.472470
3899	-337.265273
748	-324.572987
1156	-154.972731
144	-271.323089
1643	-310.910140
690	-375.420808
1751	-339.469166
629	-309.712115
2784	-273.803873
3570	-272.514475
1576	-247.184334
2779	-381.606362
214	-348.052027
504	-356.680129
423	-304.694187
2093	-324.473588
1334	-273.765782
3427	-325.793904
3751	-339.491316
3207	-355.520098
210	-362.938898
2147	-382.781806
1989	-287.426977
231	-346.860243
3931	-288.683173
462	-234.474088
2859	-362.909074
1864	-312.133063
3370	-396.486664
1704	-274.984793
1850	-323.407987
3631	-303.560350
3389	-309.689740
988	-341.827199
2188	-288.690060
3904	-356.716094
3285	-247.192524
2406	-306.386594
1029	-325.751230
582	-325.833302
2587	-376.609234
146	-377.813815
3270	-273.788787
852	-361.731511
782	-361.678341
1058	-324.585402
2307	-346.859945
2827	-345.615042
829	-310.909285
2830	-325.800699
3123	-309.702150
2260	-271.351786
508	-325.801512
3108	-361.653332
2396	-307.546144
1495	-286.516879
659	-326.976670
1687	-344.407598
2063	-344.402806
1514	-320.781098
2339	-326.954728
1244	-345.616998
1820	-324.522751
1195	-285.287913
336	-308.524858
2647	-262.017735
558	-344.464151
3144	-308.472241
3683	-308.510782
943	-303.497783
2801	-310.932716
2334	-472.135006
318	-310.954514
1162	-309.684472
103	-291.024232
3639	-345.680996
3714	-265.398572
729	-343.084333
1509	-345.612220
3753	-271.652242
3327	-348.059242
3757	-281.482952
73	-233.293627
340	-273.789697
2524	-392.642251
158	-308.540079
3870	-345.605387
2689	-309.673807
2389	-361.728546
3815	-288.574763
1399	-341.826906
873	-273.763068
950	-324.580266
264	-339.450073
862	-361.764434
1104	-287.315479
2785	-310.915445
1816	-344.357220
3418	-308.467120
2610	-309.711468
2974	-396.486691
2022	-344.425164
3834	-324.589539
1014	-301.385442
2053	-320.769272
3778	-309.700675
3213	-339.438949
2569	-281.476967
182	-324.474954
2833	-248.375248
281	-322.479769
2499	-376.539208
2256	-303.503801
3776	-320.773105
3653	-309.763576
2076	-274.982287
409	-306.383308
793	-326.950540
694	-344.360007
1315	-288.533780
2102	-361.723581
1453	-309.720334
1552	-346.865957
801	-273.763117
3415	-308.495275
1729	-361.740062
1912	-310.915653
2575	-308.759090
2609	-322.351046
3401	-338.175569
3883	-308.516508
2765	-381.546975
1518	-309.683200
547	-360.540793
3251	-306.056425
3717	-275.014300
992	-377.811306
693	-234.520624
435	-306.309029
1161	-308.513516
1499	-320.779994
2278	-345.650717
1385	-309.679840
2323	-310.954565
567	-339.489014
16	-273.806874
3011	-310.902708
111	-344.470970
1262	-356.712023
680	-325.806369
737	-336.836792
1502	-340.679724
3694	-338.246643
81	-318.390876
3906	-309.685651
2532	-301.405558
2019	-340.659620
2601	-333.464063
36	-344.382282
386	-325.776001
248	-339.489875
724	-320.775720
438	-381.565482
1539	-382.755486
3658	-309.682445
2395	-297.523583
130	-274.988525
1968	-324.538807
1381	-303.795699
49	-396.507540
7	-309.722879
2473	-324.497671
3875	-309.655400
2843	-308.509454
3565	-286.474509
2345	-342.329232
2312	-344.416076
2849	-355.442748
1520	-309.728493
615	-345.676743
3223	-341.794931
1091	-309.678344
471	-324.532283
1233	-265.440660
194	-308.496245
3725	-309.710255
2535	-272.835594
2317	-308.503515
3851	-326.998454
2807	-269.176124
1448	-372.747155
37	-381.587333
3273	-288.589678
3312	-323.647099
2893	-274.985796
3289	-270.437636
2480	-344.385369
2667	-308.455402
2841	-360.524422
1979	-308.462923
1263	-345.642008
159	-273.773408
1368	-288.584029
3456	-276.206318
367	-360.491873
1829	-382.804482
641	-322.439472
1313	-324.502042
2373	-302.564379
3886	-270.388222
2247	-348.046805
294	-308.506421
2709	-345.632155
2485	-392.676111
104	-360.574432
486	-288.678720
1814	-360.537947
1125	-285.292217
2766	-285.279992
372	-337.283890
3496	-302.303890
3695	-309.651827
1108	-341.839596
910	-270.384937
2573	-307.303421
3441	-372.686714
3921	-343.218379
1506	-339.437849
3599	-308.482454
3393	-359.297522
1397	-271.624640
2737	-322.442708
114	-361.772743
1631	-345.642285
1255	-381.635881
3843	-309.717869
2898	-310.940190
3785	-348.045948
1138	-308.444609
3594	-272.544482
914	-361.707841
1200	-346.908492
3351	-285.306999
3907	-291.017966
3665	-323.329494
1889	-361.731388
352	-288.557016
3222	-344.494043
989	-272.839582
2234	-272.580839
1076	-361.656187
3051	-192.736096
2458	-361.683558
1523	-340.646229
1726	-381.506605
2697	-360.495788
1866	-310.940708
3925	-325.718488
3732	-320.774305
2016	-308.569875
1357	-375.307060
896	-323.312767
2633	-324.627681
465	-266.553159
1102	-116.609549
2747	-301.332569
2928	-324.540084
1221	-344.436348
555	-361.677945
1327	-320.768458
2336	-344.433499
2753	-310.904304
2421	-249.395323
1178	-382.751729
3719	-320.742924
1319	-308.560759
1665	-336.802871
892	-288.621895
1710	-361.726166
244	-346.835129
1131	-324.580815
3237	-303.553222
2498	-288.539500
3949	-359.301320
3036	-310.907823
2161	-361.735863
25	-309.712046
3410	-271.316922
154	-324.538764
2205	-318.391203
482	-272.599303
2435	-229.013797
3625	-326.948771
2037	-345.620113
2322	-355.508682
590	-346.857871
2095	-348.034975
902	-310.940195
1353	-359.297643
1605	-345.703157
1894	-360.532510
1840	-360.536972
3056	-269.180682
1372	-381.574124
1830	-345.641862
2690	-231.093096
3412	-335.628480
3632	-340.612805
1525	-345.608193
2472	-209.159302
1778	-305.036659
3923	-309.737951
2894	-309.717750
3727	-285.317454
3447	-270.389803
1452	-308.467331
3618	-309.731536
2049	-344.463291
1459	-306.320451
1011	-310.942660
381	-341.835557
663	-323.347275
2414	-382.803358
3347	-286.510514
2713	-310.904631
3659	-340.683837
1410	-273.759553
138	-362.875317
2311	-193.034988
1202	-361.725394
2223	-288.657055
2487	-361.694757
771	-346.903261
1883	-346.839066
1323	-289.811983
1994	-383.983835
539	-341.886521
2702	-309.685148
3571	-309.676719
407	-287.508781
3739	-324.566515
2745	-322.118085
3960	-336.825944
746	-273.802095
3525	-340.662316
3971	-360.530885
2870	-289.872470
1622	-346.869712
3839	-231.155780
1995	-362.946041
3566	-325.830752
2567	-320.795216
2264	-346.831590
2023	-317.402836
2868	-270.407057
2837	-325.730097
1628	-345.637174
1444	-304.691748
3538	-271.350701
2632	-306.344083
424	-309.717380
331	-309.734363
1964	-309.726463
2531	-157.115484
1043	-324.605875
1793	-325.725688
1207	-324.584396
612	-397.697891
672	-345.661057
1500	-345.609230
1790	-345.664882
533	-287.720383
1473	-340.678945
2488	-363.508158
1909	-345.630398
1752	-296.265627
1005	-273.786179
1296	-345.612257
3913	-308.551230
2086	-308.486338
839	-302.254301
3766	-344.436564
794	-248.143861
1439	-340.590431
373	-379.522177
8	-272.545439
1762	-361.755551
3545	-310.915918
2243	-340.673964
3006	-308.470648
267	-345.641113
2889	-341.871347
1321	-234.472577
2068	-308.471269
1060	-345.713205
2777	-336.817321
1738	-273.759338
3546	-233.219124
430	-307.543210
578	-382.825717
131	-345.603479
969	-325.797425
1841	-325.788368
1002	-287.689262
1651	-273.809498
1096	-309.689595
3616	-225.221461
2170	-274.987123
2646	-325.800095
1086	-272.587059
139	-338.257996
2968	-310.909942
2235	-318.409670
1680	-377.842223
2850	-288.580309
2364	-360.507160
2048	-235.699029
1239	-356.710448
3490	-359.315205
236	-325.758113
2803	-327.013853
1469	-324.444698
1887	-361.696319
2735	-309.690179
2035	-249.294409
3476	-304.737418
3593	-304.614300
1875	-242.186010
3342	-153.787612
1785	-273.751900
1064	-276.202311
907	-381.607752
1336	-334.362330
3942	-287.507193
1797	-194.267232
600	-268.859550
2917	-267.068488
3532	-344.464356
2288	-345.612787
2192	-307.232824
1617	-355.508183
3477	-348.046236
3050	-303.940271
285	-249.362379
327	-324.607903
679	-340.668108
2433	-324.552283
2358	-322.169697
297	-325.833945
3216	-344.380260
606	-343.235457
859	-308.468407
3879	-339.483894
1926	-273.773955
1084	-309.711894
1801	-301.335636
459	-348.056615
2291	-286.514923
1944	-325.796840
2857	-362.899149
2973	-324.604156
1391	-323.317575
1006	-336.843788
665	-288.571762
780	-308.769557
546	-306.365166
2658	-308.461040
460	-360.488733
395	-234.447743
2424	-273.764093
371	-380.374978
2662	-345.635068
2282	-375.368783
432	-344.390227
3277	-354.254979
133	-271.642927
3196	-297.530335
1529	-354.275774
50	-357.934562
1822	-344.395150
3274	-196.407957
2251	-430.448052
71	-346.864282
3180	-323.669200
2622	-346.829131
2790	-287.732329
3831	-451.528971
1387	-361.698635
1534	-340.632075
3317	-269.177232
2117	-346.839895
2292	-343.246371
221	-310.917273
3007	-319.573727
1165	-309.706371
3917	-274.985822
1170	-310.895183
11	-356.688211
2096	-345.661705
255	-309.672030
826	-248.137789
2983	-346.833689
3484	-341.890999
1786	-325.785038
1846	-344.370966
3226	-339.491316
2719	-286.477365
2051	-325.790442
1555	-324.529724
1852	-309.685790
1689	-336.823026
1214	-341.865386
2770	-288.588657
2337	-324.588418
3796	-341.875439
445	-319.610687
2751	-273.787799
2163	-324.503356
2533	-265.438520
1241	-345.608395
1604	-347.456674
513	-355.518342
2207	-301.330754
3166	-326.949535
2804	-344.433943
1975	-341.829025
883	-340.647778
1415	-338.156727
527	-324.629301
1025	-324.520219
452	-324.575287
3150	-310.942587
1270	-307.571937
3982	-324.592116
2780	-272.545389
589	-340.604189
1483	-309.723988
1354	-382.790027
3016	-309.730329
640	-345.616264
1880	-346.873992
1	-360.499843
702	-379.000257
1791	-272.554824
3655	-287.379629
632	-361.705069
322	-346.832352
1652	-301.316399
3878	-360.554015
480	-325.760797
3569	-272.588302
2539	-321.276274
569	-376.620836
3260	-345.595084
2680	-340.664901
593	-303.525517
3837	-343.468335
485	-250.585183
759	-398.888473
3184	-308.439671
1626	-345.619567
2772	-343.232602
419	-312.128001
2604	-304.743934
3276	-344.508729
349	-309.687623
2001	-346.833365
1379	-325.731549
3681	-310.914919
3010	-361.720579
239	-270.446608
3473	-360.527434
30	-325.717105
720	-381.594735
3452	-361.758902
869	-327.026488
905	-360.513668
2005	-305.155985
2184	-360.501473
3489	-308.508824
1343	-310.895432
3141	-345.651109
3168	-323.614890
3349	-207.916786
220	-276.205821
3329	-310.909123
1538	-348.050463
3023	-323.343769
3743	-325.726182
3794	-317.361117
2380	-327.025010
532	-344.369744
3810	-372.726782
2279	-309.711101
868	-312.124574
2671	-344.377098
300	-324.602433
3414	-285.313674
207	-285.281032
1588	-323.678800
1548	-306.308471
616	-345.676243
1884	-307.577822
911	-356.711832
1748	-288.688929
2195	-289.873479
1389	-272.510742
928	-345.665412
3680	-305.904722
2991	-272.841336
967	-372.742461
2269	-308.452310
293	-377.807580
1691	-272.595294
2943	-340.654874
2734	-309.719592
779	-356.732185
3511	-324.552260
3744	-339.414779
1004	-355.416555
189	-322.167165
1492	-310.927319
1093	-325.718074
2944	-309.687280
1363	-355.525451
1384	-361.755719
1931	-310.900102
2015	-308.518276
3626	-310.902465
3153	-340.622406
2064	-309.687401
739	-309.678703
3255	-345.578846
2834	-325.699665
3115	-340.620294
605	-456.103432
1669	-287.426878
2109	-321.219665
882	-169.557758
2004	-346.839235
1981	-306.313924
1863	-381.631601
1550	-301.345683
1789	-310.905299
2388	-309.695742
3697	-312.119261
1472	-306.080007
478	-119.052475
3435	-361.728293
2640	-398.880824
3988	-309.707600
1932	-310.911279
3774	-305.130184
2224	-307.568767
1638	-344.481904
952	-325.717725
1795	-356.736238
2185	-344.343476
2521	-361.728609
941	-340.652570
2123	-327.010026
3633	-380.412093
1946	-346.841836
732	-327.023478
2477	-360.539944
3129	-361.692023
3845	-344.454717
166	-325.729970
1261	-268.282665
579	-281.480583
2548	-340.654465
2818	-335.618370
815	-285.324641
3928	-377.799358
1826	-285.242094
688	-324.491475
1821	-308.473320
3119	-301.090914
2066	-432.401755
728	-309.678404
3361	-324.558989
3730	-291.017996
1181	-323.657279
2237	-325.784144
1374	-322.175807
1737	-323.398064
761	-312.126820
3952	-269.175627
820	-326.934229
3869	-324.525580
1768	-289.789940
2392	-272.551442
937	-306.397642
1488	-320.766344
1190	-377.830859
3455	-270.401061
1345	-376.540686
1526	-269.267574
1650	-341.836348
2579	-273.765811
2272	-324.528642
1644	-325.774769
434	-338.195462
3177	-287.662612
181	-412.528245
940	-325.787515
1596	-492.022084
1905	-231.145151
1044	-304.687053
3438	-312.132858
3281	-309.716743
2328	-320.732586
673	-345.680831
602	-275.010289
484	-351.639205
354	-285.174014
507	-309.697879
3760	-280.314080
603	-346.867624
1965	-288.555445
3863	-346.804974
3761	-352.866322
2335	-346.825562
2225	-324.612179
531	-226.107205
1463	-362.938449
520	-309.720011
636	-382.818623
1598	-308.471397
942	-325.715957
1770	-309.719198
1952	-344.408452
2899	-310.930659
2054	-302.588564
3867	-356.726146
2773	-325.684055
344	-343.305175
502	-306.349558
1236	-155.897345
1649	-346.868661
1117	-345.566120
1812	-307.275809
3709	-340.613243
348	-196.432825
1668	-344.433140
1959	-324.603913
597	-309.683901
3453	-321.254976
1318	-310.897519
2432	-274.987245
1020	-303.566436
2416	-344.406447
1809	-324.559733
775	-344.469204
2583	-346.859078
1358	-340.682075
2666	-303.423742
1489	-266.777425
1580	-271.339821
2901	-318.323005
3246	-340.652252
3204	-306.313706
1249	-272.543724
1116	-356.691214
1301	-309.679190
524	-308.507004
3479	-265.289023
320	-232.333410
3165	-356.724041
2190	-324.574822
653	-344.473681
3881	-357.951284
3980	-372.708066
3287	-271.458576
3091	-341.869641
1283	-345.605635
528	-288.538806
3066	-345.688382
2614	-232.164586
3147	-338.530072
618	-308.467888
1610	-196.406419
3729	-376.562796
1009	-266.763445
1337	-286.498779
1623	-229.615446
3149	-372.694726
2813	-232.063900
2625	-291.021574
3755	-341.874216
841	-361.736259
1235	-265.447270
3390	-309.736085
3728	-234.474951
1095	-324.603415
3903	-340.636306
2819	-360.551444
2835	-362.925466
3676	-346.840522
3040	-360.506446
812	-308.509197
1992	-325.723538
622	-341.886905
1742	-288.583008
1902	-324.615795
2267	-291.016020
420	-362.950092
832	-308.470270
1250	-309.686189
2218	-325.756157
1405	-361.711854
544	-340.643340
3013	-346.883127
1950	-232.331230
1110	-325.781398
1037	-306.397746
2574	-273.812881
245	-340.656722
129	-308.512092
259	-309.735245
2146	-310.932540
332	-304.692914
211	-357.939331
3353	-324.514429
3197	-309.714859
3126	-360.523204
2270	-355.497046
574	-271.665153
3190	-232.325947
951	-307.548619
2140	-325.715372
2629	-356.679047
990	-309.684377
3375	-324.594534
2409	-324.595526
1382	-360.492675
1774	-324.585556
3770	-272.544060
3423	-308.555641
1930	-341.835805
2215	-289.795079
2918	-271.326117
2546	-248.018573
3850	-308.528193
328	-310.911163
1562	-309.676327
3300	-344.499155
1971	-362.906662
888	-323.328290
66	-337.302324
1697	-345.613396
2135	-346.861074
2672	-355.556836
781	-362.918463
3350	-339.431591
3137	-272.533448
2908	-271.620997
1251	-322.482659
2148	-309.718089
3924	-270.393737
1230	-323.396217
3321	-251.726162
464	-324.485629
3357	-361.779217
2627	-235.695309
2985	-304.745635
3492	-345.645245
1322	-271.619912
516	-312.134532
398	-345.636145
2459	-273.761223
127	-322.216227
1434	-344.482088
1676	-296.285473
1396	-346.886411
2045	-324.495988
408	-208.863267
215	-356.645883
3001	-270.386138
2796	-345.678871
3588	-272.549011
2886	-324.530742
1590	-344.415609
246	-313.537245
1656	-323.352987
46	-372.766726
3645	-304.681903
757	-345.678211
80	-392.672883
3613	-308.483617
2286	-309.728265
733	-345.660927
3670	-286.248451
1017	-308.419735
3171	-345.599912
2508	-324.574476
3282	-362.972786
170	-340.667287
1831	-323.386306
377	-360.527122
824	-310.952875
3475	-321.247305
1066	-375.344926
3209	-346.834502
2229	-319.560814
3800	-346.862839
2047	-286.246880
1547	-335.613384
3820	-340.655117
3978	-282.861121
3666	-309.735874
973	-325.790444
200	-345.625804
2678	-285.255563
1832	-309.737802
3667	-249.293044
3081	-302.557878
3583	-325.721011
1615	-287.344000
611	-248.364357
877	-359.317823
850	-271.623957
853	-76.404702
3406	-286.459793
3323	-232.335768
1808	-356.676972
1441	-303.469082
1205	-304.682331
83	-344.434906
2072	-344.431636
3554	-309.689751
1269	-307.563525
1613	-346.890723
284	-360.500454
1414	-377.797879
3254	-287.469473
3718	-195.186772
1666	-289.872246
1819	-249.292101
740	-344.452972
570	-275.012535
1582	-361.735290
3855	-304.746925
1612	-310.902795
996	-307.544316
2783	-272.537685
2070	-114.483613
1824	-336.855265
363	-320.778723
1647	-343.242553
1192	-326.947461
1933	-270.396100
29	-344.425700
2226	-276.206257
3103	-340.631134
440	-307.226474
1972	-233.542445
3650	-382.756764
1256	-312.119596
3512	-340.641866
2961	-348.061993
3578	-286.432515
2954	-305.915530
2661	-323.448833
2363	-324.610150
1671	-309.708282
2168	-310.899911
1978	-281.485530
1130	-346.826923
308	-303.428586
2733	-310.940764
169	-309.688569
3267	-320.776472
2557	-273.774103
97	-286.495035
3192	-313.554802
3201	-346.845480
2568	-325.718022
3358	-326.934987
2489	-250.583259
3279	-356.732861
390	-306.070291
3436	-361.762744
3019	-301.357437
1293	-271.369084
1564	-288.555332
3188	-325.807242
3724	-324.573480
566	-303.472917
3737	-361.714817
2138	-340.684371
2596	-339.467484
185	-361.726913
217	-271.648392
1876	-251.732828
2502	-309.685960
3391	-306.403144
2728	-304.742823
2271	-310.916474
2013	-343.195410
949	-344.463502
315	-302.472397
3991	-372.765028
1736	-273.764207
1482	-312.132386
651	-232.334436
3894	-322.469844
1900	-309.689410
291	-304.683134
1129	-340.618148
422	-288.692943
2739	-362.946034
3022	-234.455424
537	-361.731930
110	-346.869123
266	-308.477155
3241	-319.515995
1326	-266.616319
2008	-336.802659
2544	-381.632480
703	-340.656580
1664	-310.904974
795	-246.023231
946	-324.577279
3382	-341.145624
2382	-380.343633
1371	-288.596392
1486	-380.373644
2975	-345.579201
3700	-361.717469
657	-270.392759
633	-325.759393
1126	-270.392715
3385	-324.583090
251	-265.386781
3097	-309.716094
252	-305.913756
2896	-356.725069
755	-324.568345
3086	-360.507527
964	-291.014970
3926	-325.748612
3804	-324.573632
3654	-307.541973
719	-309.693538
2497	-325.763216
1435	-193.963318
183	-362.962787
3155	-376.605641
2444	-318.641916
561	-264.226909
2925	-301.394865
2173	-304.678340
2094	-325.812885
1898	-360.497612
635	-324.578381
412	-372.768039
1679	-288.576381
2536	-273.758980
2462	-325.752244
1494	-345.654016
3549	-323.437779
238	-233.253760
3836	-346.833711
1118	-306.032266
741	-344.434318
1481	-376.634518
3849	-360.531172
1079	-287.347000
682	-302.303791
1844	-325.808754
1045	-344.449852
1603	-232.363630
3325	-341.836362
2194	-273.757530
2607	-275.007113
3530	-309.739069
1784	-324.497693
60	-382.768883
1432	-324.522792
2403	-326.955365
1352	-304.677606
1807	-344.469516
3827	-270.435807
1137	-271.622539
3934	-381.630276
2789	-340.629283
768	-193.039603
1412	-242.195730
2724	-376.591176
2876	-360.574465
1577	-355.468067
2032	-287.663174
3647	-325.794522
3072	-340.671263
3008	-323.359336
1378	-346.867789
2030	-273.804223
1144	-264.255612
1735	-320.791360
3015	-359.362011
2586	-191.810916
2407	-377.829134
1828	-284.993731
687	-346.841762
2791	-194.254127
3407	-343.517848
3675	-360.534222
3107	-281.504745
3817	-288.554600
378	-356.705084
1242	-308.508254
2748	-321.271406
3716	-361.720799
461	-273.773506
2729	-323.315925
630	-273.762561
2160	-345.674929
3543	-287.318584
2209	-382.781841
3830	-346.817778
1106	-231.106310
376	-309.732528
568	-303.458583
3758	-272.557350
142	-307.594137
1715	-286.486570
912	-323.344400
2812	-381.619786
810	-269.144656
3253	-281.476938
936	-382.773457
3263	-285.326726
2179	-361.698233
3442	-381.635659
2560	-339.452794
2926	-320.764569
856	-324.568212
2203	-310.911529
3280	-344.483775
1171	-325.721867
2534	-362.960595
1260	-270.417842
2842	-308.450204
2281	-345.643890
1802	-361.715983
2296	-309.691365
192	-310.897684
1993	-339.504090
3803	-287.351460
263	-341.853650
2210	-325.710772
2626	-305.900638
1847	-325.753767
64	-362.945802
147	-345.615452
1160	-286.467220
3627	-323.347112
758	-307.574899
2464	-297.555801
240	-286.517094
3440	-322.135917
2555	-287.427764
553	-271.666055
1701	-344.428649
1132	-310.938583
3742	-271.272557
1430	-361.720960
2105	-335.635972
870	-345.646965
2451	-359.328735
2404	-323.340989
198	-303.934323
2429	-306.081547
2940	-339.418028
895	-356.728690
1642	-344.345376
3380	-345.606939
1055	-345.681183
3946	-286.438084
1763	-325.799404
2668	-310.906004
2426	-340.650391
3060	-270.441145
2427	-339.474134
2749	-340.645995
1773	-304.696646
3378	-325.831718
700	-310.938181
3487	-210.101789
2927	-324.500425
1551	-324.575851
359	-346.832402
505	-338.531538
3189	-324.510378
3467	-308.494487
752	-324.557693
2727	-271.330291
2829	-340.622886
1115	-325.773014
3866	-341.882531
223	-339.501781
2198	-382.804255
195	-296.296482
70	-346.874234
2167	-309.681554
3983	-322.115604
3644	-345.587398
2683	-309.686061
2588	-376.538277
587	-307.283919
2301	-324.616647
1806	-324.610229
1741	-345.629842
2585	-249.269471
2305	-376.633716
2542	-326.951186
933	-270.430832
2825	-360.576433
2858	-346.862070
3520	-325.752207
1484	-273.817328
1264	-324.536694
2528	-308.467760
1699	-272.541597
135	-301.341304
3990	-303.459637
1743	-346.856186
2716	-303.464433
288	-355.557059
3495	-288.563768
1471	-346.857623
866	-340.620625
1097	-325.784473
2976	-356.737615
1035	-284.385189
2092	-288.572051
3901	-346.822424
123	-269.263476
957	-360.490486
2782	-340.664407
2248	-377.773452
3835	-309.693085
3191	-284.360325
282	-325.714378
3145	-324.570872
3857	-340.686134
2099	-288.573876
3379	-273.761967
68	-286.519735
290	-348.056024
1314	-324.460304
2216	-308.505718
3299	-325.725069
1059	-303.436180
986	-347.459586
384	-343.291812
1611	-348.044714
1522	-324.485746
2611	-346.824672
1024	-302.535621
1204	-361.704371
3608	-372.729173
2986	-340.629609
3789	-273.762938
1724	-381.594558
554	-340.688787
906	-383.969892
3922	-270.394284
3771	-309.655144
1366	-345.633122
1985	-339.481708
1252	-301.395982
3868	-360.526225
341	-273.735711
2294	-341.831947
2572	-360.495461
1732	-269.170665
3905	-395.515911
1594	-323.433551
966	-339.467091
837	-360.512026
3929	-321.233569
2845	-307.602080
1915	-361.705669
3773	-345.602641
174	-229.928448
704	-235.696677
1827	-343.492484
945	-264.243028
2178	-339.455981
383	-361.702346
3548	-79.764152
1759	-305.906809
415	-309.692626
2931	-361.729140
152	-306.286325
3041	-345.692143
1057	-391.518453
330	-286.408473
2865	-342.307696
2365	-345.689766
662	-341.843824
2085	-309.695312
1451	-348.052763
2775	-382.812383
3079	-270.401391
1973	-340.637231
2017	-310.940345
115	-356.682218
670	-324.618078
3527	-309.716030
100	-361.702143
203	-340.663148
3628	-272.509064
1420	-286.516174
2156	-346.827596
3118	-236.917873
2495	-307.596472
474	-281.476832
1723	-307.290176
1865	-345.609914
1362	-249.387499
1621	-346.884834
253	-305.838224
488	-346.861837
3713	-325.748400
3576	-325.729906
2637	-325.687098
382	-344.494711
456	-336.811524
2580	-309.722373
3012	-276.205920
1303	-345.676156
2246	-287.318502
2371	-307.253245
3722	-308.759135
3373	-271.613890
1957	-206.721858
3466	-325.794624
2074	-285.300440
366	-324.576206
725	-325.725266
2343	-325.781464
1530	-272.549380
3797	-376.587519
2258	-303.453218
2711	-322.460671
3932	-360.472117
1942	-382.751274
885	-324.623780
3340	-229.879598
1253	-312.126356
1019	-327.016183
2222	-340.678668
2141	-307.287454
2405	-318.344936
3944	-381.563295
925	-307.567279
379	-391.337881
3154	-309.714008
1335	-283.156647

file identifier 	 test data 	 predicted
3229	-271.614305	-271.496876
2653	-361.749428	-361.634069
2379	-361.769162	-361.622249
778	-324.573162	-324.470200
791	-309.662433	-309.631012
2007	-308.499105	-308.394271
399	-304.735224	-304.794586
1277	-309.706892	-309.696464
273	-323.312375	-322.169204
1369	-392.662003	-392.334627
3090	-287.362939	-287.302031
3842	-376.587741	115.750547
3387	-309.727603	-309.664712
889	-272.539307	-272.485399
1776	-325.785476	-325.766201
1090	-272.500426	-272.454800
1798	-312.126342	-311.952496
2636	-306.112153	188.672716
2599	-355.457663	-354.846491
840	-289.871520	-289.822444
2199	-377.815601	-377.915210
2503	-345.653983	-345.546752
645	-308.540795	-308.521968
2902	-271.653205	-271.853023
3705	-345.665479	-345.607763
1934	-341.769746	-341.837776
2685	-344.426408	-344.121955
3250	-360.517106	-359.596968
1133	-308.517070	-308.398678
3075	-324.616343	-324.481396
3233	-304.691526	-304.538342
173	-396.486463	-396.107943
1166	-324.576650	-324.458961
836	-324.606601	-324.437655
1223	-324.586663	-324.486918
2460	-345.631797	-345.440595
1063	-265.440996	-264.583917
2941	-340.635024	-339.861422
2862	-309.693471	-309.616003
2043	-344.484341	-343.925260
2525	-324.569051	-324.312737
2079	-363.517297	-362.743414
2287	-310.905485	-310.846046
828	-361.684892	-361.513384
51	-283.168740	-282.716693
1599	-304.689816	-304.621340
3597	-360.539435	-359.400968
2530	-345.673444	-344.458823
2512	-346.823548	-346.778975
1226	-195.226072	-189.127550
2922	-352.890573	-352.280982
2630	-282.871678	-256.725060
1760	-326.940002	-327.023400
2848	-339.419688	170.879016
1892	-382.805933	-382.736561
107	-307.580090	-307.636773
54	-195.186228	-195.337630
233	-301.382062	-299.182130
874	-271.611192	-271.760291
2675	-303.787203	-304.089561
1661	-322.148261	-319.855102
492	-305.904760	-305.875606
449	-325.753993	-325.763501
3587	-322.421320	165.284869
2340	-310.899612	-310.824807
3309	-274.989422	-274.746776
865	-304.728720	-304.659268
342	-323.351196	-320.787242
551	-382.817123	-382.834990
1682	-269.215705	-268.275339
2	-324.551643	-324.409212
3294	-340.693392	-340.400278
47	-247.225618	-244.879093
1370	-242.180146	-242.192473
1861	-235.696852	-235.183813
3721	-284.372483	-282.287590
1278	-362.942040	-362.712035
275	-344.442225	-344.378804
2836	-345.652670	-345.652006
1764	-304.725676	-304.688549
2452	-344.424745	-343.866903
2504	-325.805550	-325.755752
2638	-309.688194	-309.637882
1257	-346.855622	-346.856633
310	-308.480308	-308.363115
3844	-308.450468	-308.408461
1517	-359.342366	-359.240704
2391	-310.927566	-310.938903
1458	-288.648179	-288.669958
1584	-251.727102	-251.908912
3735	-360.522940	-358.686959
638	-345.695868	-345.675792
150	-309.732713	-309.600309
2483	-322.158791	-319.384954
2057	-288.540318	-288.657389
1461	-346.899170	-346.853079
1645	-324.477059	-324.303243
2484	-344.359905	-344.119514
1325	-356.758284	-355.935987
201	-308.561649	-308.515482
714	-356.669324	-356.132879
2298	-270.396464	-270.312303
2963	-287.651399	-287.485605
2103	-346.834331	-346.781355
2071	-246.029150	-245.537123
1524	-272.550818	-272.301369
3170	-271.626697	-271.201765
3032	-360.508895	-358.500391
643	-345.663386	-345.560177
3359	-325.733758	-325.812032
1127	-345.659797	-345.424968
1111	-335.656557	175.076652
2240	-381.627040	-381.522716
1227	-322.155306	-320.686415
1528	-360.446475	-359.461209
3494	-324.573795	-324.363352
389	-271.336957	-271.440123
647	-338.268974	-338.038267
2881	-345.594203	-345.511076
3551	-345.646761	-345.631832
715	-285.275928	180.259536
3450	-382.824468	-382.763414
3020	-287.430903	-287.056241
3940	-308.464824	-308.307450
3558	-339.464817	164.614570
3419	-335.590859	174.817965
538	-324.494520	-324.374642
3046	-322.057728	-320.642575
3600	-325.781571	-325.732588
3661	-287.358011	-287.113043
968	-308.470667	-308.124510
3910	-309.703111	-309.643533
361	-376.622353	124.824386
1987	-325.775071	-325.725817
540	-346.830523	-346.805188
2386	-352.829520	-352.250171
3461	-320.776316	-320.751013
401	-325.712603	-325.663150
3483	-308.500974	-308.527825
443	-325.754109	-325.715691
1561	-325.749687	-325.734585
3432	-297.523580	-296.205950
1216	-308.465534	-308.395598
2114	-307.528446	-307.568565
1365	-361.755045	-361.751649
1540	-285.217962	174.264081
3975	-309.693760	-309.776403
2523	-344.512144	-344.225664
3809	-310.902628	-310.902245
1867	-324.583096	-324.255680
1218	-287.431740	-286.593834
2077	-309.736028	-309.682766
2619	-326.939536	-328.099758
3454	-376.600944	112.115068
2563	-247.215049	-243.662068
3021	-360.495540	-360.006830
3544	-312.133269	-312.393576
954	-324.612244	-324.532930
1418	-325.725274	-325.675709
3235	-339.416290	161.431844
727	-272.562906	-272.386453
2522	-307.545457	-307.514321
3360	-382.810709	-382.780692
3152	-335.591582	180.412704
1886	-302.286171	184.781411
2413	-345.604177	-345.531074
2600	-307.237880	-306.265508
3518	-340.655390	-340.300134
646	-323.641347	-323.287299
1259	-288.590804	-288.531588
2547	-323.328581	-320.974730
458	-340.699868	-340.499178
1624	-340.670034	-340.210322
2044	-373.173910	-398.214549
1071	-360.495618	-359.613299
2617	-248.151318	83.576029
1570	-325.783642	-325.796925
3693	-273.779498	-273.654599
346	-307.586014	-307.394636
3428	-288.564752	-288.571744
1962	-382.756724	-382.800467
3101	-360.503577	-359.934870
3092	-340.610697	-339.950017
2059	-345.674176	-345.444410
1854	-382.743932	-382.679158
2297	-322.412936	181.741861
2348	-285.253877	180.889177
658	-307.234503	-306.699659
1515	-360.502298	-359.313884
3480	-286.460642	-285.791376
2635	-323.324700	-321.781467
311	-287.724713	-288.127336
436	-360.521191	-360.071232
243	-323.389193	-321.381621
2605	-346.869041	-346.853886
1338	-320.793141	-320.579051
1425	-288.648476	-288.526347
1028	-360.421732	-359.270377
2878	-285.336744	185.836159
1851	-361.717868	-361.659910
3973	-356.659922	-356.089564
512	-346.861026	-346.854249
3343	-320.735225	-320.658730
2907	-344.466563	-344.446682
818	-387.475673	-383.990141
2118	-324.560961	-324.446057
526	-344.430692	-344.337653
3536	-352.836930	-352.282915
2300	-453.655583	-430.436364
3214	-344.426062	-343.623938
3687	-325.793945	-325.894711
1082	-310.901659	-310.898234
1531	-345.640098	-345.564481
3433	-308.465425	-308.403250
1457	-288.573089	-288.552433
506	-234.516241	-234.546035
3701	-248.211932	120.772429
1201	-224.944660	-222.626776
292	-308.517192	-308.371841
278	-397.667072	-396.950568
2731	-272.836211	-272.710801
3052	-291.017787	-289.782152
2318	-348.039301	-348.020479
3203	-308.459279	-308.394466
3076	-247.198000	-244.810082
1761	-376.622507	121.466945
953	-392.650949	-392.467550
1480	-324.584824	-324.409008
3009	-307.265383	-306.833812
1794	-325.712420	-325.708936
1569	-234.503085	-234.142231
1328	-376.531779	113.768058
1088	-291.017433	-288.861381
3174	-272.844804	-272.714630
3852	-361.710525	-361.537602
1308	-341.814212	-341.853541
2447	-323.330261	-321.985436
1702	-251.727632	-251.595459
2436	-308.473229	-308.438815
2910	-307.536915	-307.432908
2996	-324.566568	-324.509898
3151	-362.873906	-362.579470
3783	-310.912792	-310.883786
3095	-339.431197	149.914690
2320	-362.876210	-363.047191
2853	-325.794835	-325.468429
2060	-362.945811	-362.850512
117	-211.295163	-207.949889
157	-376.519880	112.781309
1578	-233.217482	-230.950914
2034	-345.586124	-345.533948
1364	-267.963366	-266.933374
1941	-286.206129	-283.322025
149	-380.415966	115.103726
3061	-392.552088	-393.262291
3573	-325.730390	-325.726600
3516	-324.634527	-324.370338
2108	-267.944278	-266.657978
2040	-317.409527	-317.451757
1145	-312.129019	-312.464453
711	-341.849127	-341.863971
481	-307.573371	-307.477060
205	-269.465281	-270.591894
3858	-308.459001	-308.375541
1433	-325.729800	-325.890381
2422	-325.718957	-325.700953
3782	-262.035127	-262.158613
3651	-303.463214	-302.921979
2663	-361.722327	-361.677526
3648	-324.631468	-324.478814
1951	-317.408548	-317.354320
3408	-287.661454	-287.448520
2577	-381.600777	-381.257838
3157	-335.619981	175.933086
2613	-338.214346	-337.708241
3641	-360.485033	-359.263728
1042	-305.904676	-305.937107
2558	-472.145935	-474.718944
3374	-324.551244	-324.318060
161	-285.276468	172.403030
1309	-287.723848	-287.424445
1653	-157.116735	-157.762389
2634	-326.927446	-327.601679
89	-249.259410	-248.361481
773	-309.674485	-309.634739
2703	-309.722894	-309.707545
2412	-310.904086	-310.921879
2513	-345.631685	-345.596065
1424	-212.438188	-213.601336
3082	-272.586248	-272.413853
517	-344.434827	-343.933014
1983	-320.792773	-320.677500
1591	-249.397368	-248.307352
2359	-360.468392	-359.743920
785	-273.796695	-273.789463
1048	-286.495416	-286.015077
335	-361.729115	-361.568125
2018	-286.492357	-286.115529
1087	-324.508933	-324.374121
1559	-380.372123	84.804094
360	-346.890881	-346.877530
846	-270.434394	-270.382897
1185	-324.558175	-324.477437
3298	-345.599182	-345.583309
3759	-270.393902	-269.962209
1849	-324.547957	-324.475054
1400	-306.067385	147.848423
2401	-263.280728	-263.105943
2595	-303.465315	-302.427778
260	-359.369049	-358.678187
2056	-325.729141	-325.701813
3575	-309.736328	-309.612467
3969	-324.609784	-324.481073
2360	-340.636727	-340.241384
1030	-309.683546	-309.564880
863	-285.288405	181.616786
3979	-345.651111	-345.729084
1711	-345.611239	-345.538600
671	-310.897268	-310.897102
2883	-308.757991	-308.850880
3933	-307.569255	-307.560233
1635	-360.520081	-359.882961
3217	-306.392828	-304.440796
2313	-312.122262	-312.115206
1074	-304.697680	-304.646658
987	-273.765811	-273.695010
3902	-382.757521	-382.622961
289	-321.949791	-321.869062
3264	-307.260972	-306.698429
3747	-324.521162	-324.353840
3912	-308.435951	-308.432134
2936	-324.504178	-324.458310
2177	-346.868453	-346.877000
2591	-325.773278	-325.702329
1910	-326.978724	-327.367995
1541	-310.912991	-310.907228
970	-310.911364	-310.892332
3635	-308.475489	-308.089866
2730	-286.492223	-285.970006
3699	-355.497878	-355.092668
619	-325.787161	-325.762893
2705	-270.384180	-270.261946
2879	-265.401151	-263.029722
1049	-323.336196	-322.281267
3801	-310.937414	-310.929972
915	-304.734226	-304.688777
2377	-236.916033	-243.720775
2012	-382.788561	-382.566394
2505	-344.440744	-344.260549
3232	-345.686487	-345.681662
3672	-309.689612	-309.636216
3964	-336.853985	-336.571145
977	-285.160699	170.837765
439	-288.690999	-288.625363
304	-322.464725	191.684270
1210	-340.641282	-340.408612
1470	-272.542270	-272.454066
2310	-338.194242	-338.219021
2515	-323.341413	-321.901431
400	-376.570473	113.534418
980	-356.743821	-355.204585
2755	-381.595252	-381.755880
674	-346.879260	-346.823991
1324	-270.399280	-269.620474
1799	-346.861635	-346.808868
2244	-414.351653	-429.502966
1228	-345.640969	-345.641784
2250	-339.462492	175.791695
2652	-317.377404	-317.525507
3765	-453.654335	-430.869918
2097	-345.639692	-345.581200
477	-265.399968	-263.434507
151	-270.397623	-270.313183
786	-307.544728	-307.513680
1306	-288.682324	-288.740845
956	-230.183076	-228.229136
242	-340.623533	-340.144754
1755	-304.686811	-304.576319
2832	-250.585843	-250.213097
3736	-355.517745	-354.845189
961	-326.950279	-326.779515
2884	-324.471313	-324.378919
3303	-272.589883	-272.405273
993	-317.364547	-317.393354
3936	-326.951067	-327.133070
455	-340.664551	-340.546685
3136	-340.660061	-340.456719
1163	-397.709232	-398.980349
3564	-303.533472	-302.267773
1836	-268.273739	174.225354
2615	-360.501085	-357.917337
2457	-382.757134	-382.968474
2266	-289.766576	-288.341786
2781	-288.581699	-288.525067
742	-272.588370	-272.528281
2496	-326.954795	-326.978485
1566	-380.438011	104.808329
3341	-291.021228	-291.129032
1913	-310.912131	-310.924063
3481	-357.941534	-357.844125
971	-324.624537	-324.551600
2124	-345.600825	-345.438042
2815	-324.570906	-324.945192
2088	-362.871515	-362.896138
3324	-345.641848	-345.794210
3130	-270.427802	-270.450790
3405	-269.206920	-264.375705
2602	-345.645491	-345.596415
1436	-375.359407	-376.448487
1943	-325.729335	-325.682180
143	-302.355005	176.757258
1179	-343.195060	160.291048
991	-345.602096	-345.511391
3366	-323.268818	-322.040610
1061	-343.531666	-342.107296
3871	-346.859809	-346.771021
2461	-269.170508	-267.773511
3290	-341.859618	-341.711731
923	-322.135797	-320.795723
1286	-310.906869	-310.911649
595	-340.652012	-340.205588
3345	-312.120708	-312.332658
3474	-309.730988	-309.706544
132	-308.469258	-308.405177
2078	-324.575989	-324.425265
3553	-346.830674	-346.792898
262	-345.647032	-345.611880
960	-310.940611	-310.890322
878	-308.466070	-308.440518
2087	-286.484121	-286.073628
2969	-286.484904	-285.861586
1172	-357.927353	-357.843295
1757	-285.313612	177.988282
3900	-308.465445	-308.345702
190	-354.290746	-356.757303
3398	-304.686259	-304.633017
27	-324.573866	-324.386318
2254	-359.388326	-359.225803
2474	-357.944802	-357.928423
2621	-305.145002	-303.319627
1140	-304.683966	-304.615868
1728	-362.942862	-362.902437
3612	-309.738513	-309.615037
2979	-320.767064	-320.647086
3062	-381.573048	-381.221178
701	-265.396194	-261.989659
1209	-392.612820	-393.698369
489	-356.745773	-355.956963
3074	-272.553250	-272.335593
3402	-234.522504	-234.587253
3356	-270.447268	-270.385202
23	-304.679494	-304.784201
2989	-287.317913	-286.801693
3105	-346.821661	-346.742689
3053	-490.831786	-441.234633
2639	-302.580808	-301.178072
1159	-325.779568	-325.718639
899	-321.230055	-321.640907
825	-340.536374	-340.106356
3846	-318.393987	-316.803567
1289	-344.439723	-344.085182
2840	-284.048718	-283.451923
202	-226.160842	-226.954132
1464	-381.610550	-381.503052
2442	-345.636611	-345.608448
121	-361.711483	-361.485183
2844	-301.377995	-300.011165
3117	-346.824942	-346.879752
1046	-271.618580	-271.516489
620	-346.820834	-346.798547
3431	-323.229212	-322.254767
441	-380.414967	89.058621
792	-310.898648	-310.906565
1113	-234.484521	-233.803319
2011	-270.099401	-270.091308
1767	-285.277900	163.143735
272	-322.161948	-321.008785
3950	-270.439135	-270.294138
417	-344.440065	-344.018679
2725	-269.218553	-264.689073
2798	-307.259167	-307.257424
3891	-346.821929	-346.875711
3029	-285.281493	176.713064
831	-346.867207	-346.877073
1121	-333.449362	-333.745607
2112	-304.729640	-304.779528
2490	-343.078368	-343.153959
3895	-325.808333	-325.744873
1212	-304.733723	-304.667854
3786	-308.759185	-308.855311
225	-346.842403	-346.866746
2180	-340.665904	-340.250213
2062	-303.437471	-302.932056
3504	-308.561061	-308.615797
343	-360.502305	-360.021848
3692	-281.505078	172.307083
2208	-286.486509	-285.967851
1356	-271.372094	-271.187176
31	-359.310420	-358.756807
2997	-380.371074	90.936836
2025	-249.363808	-248.684151
2366	-286.466852	-286.009176
3601	-308.749822	-308.400136
891	-325.767721	-325.747773
901	-270.446915	-270.124414
1508	-308.462196	-308.517345
1731	-381.565314	-381.567522
2443	-288.547509	-288.374153
796	-344.453746	-344.247539
2805	-272.587161	-272.562575
1100	-380.373569	113.617050
2252	-382.779570	-382.927750
958	-302.599262	-301.769842
3493	-232.333258	-231.652670
468	-322.150234	-319.785075
871	-309.680919	-309.644422
2650	-361.727711	-361.633812
3283	-287.404397	-286.615774
3506	-320.804155	-320.629690
1659	-487.002792	-425.099535
84	-345.610574	-345.349780
2081	-273.775864	-273.710214
2851	-356.699504	-356.104537
972	-341.869909	-341.787725
1031	-304.643927	-304.626013
1568	-324.555249	-324.361311
3965	-273.764529	-273.673465
2212	-346.837271	-346.827296
947	-322.454079	177.358068
1462	-312.136049	-312.304248
2116	-340.646768	-340.570360
2967	-305.841708	-305.827363
2549	-375.410333	-373.821756
1395	-375.348487	-375.201789
1587	-322.133444	-320.947941
2864	-340.658990	-340.134428
3055	-285.313284	152.885288
634	-154.960361	-155.091710
425	-289.769718	-289.864956
2960	-271.360631	-271.262097
995	-360.542928	-359.322822
1690	-339.426816	134.360100
3961	-308.561152	-308.493526
3740	-356.684693	-356.274936
309	-309.718312	-309.781432
1718	-356.706262	-355.842697
125	-228.992613	-229.119384
402	-312.124533	-312.550625
1065	-360.485823	-359.642283
1423	-344.413850	-344.238226
10	-344.512001	-344.130159
2290	-343.224836	141.849965
1078	-309.738888	-309.519970
3668	-309.700336	-309.403918
1403	-308.462299	-308.417877
3000	-309.688191	-309.648739
3887	-242.196351	-242.094997
2376	-346.840597	-346.812750
2316	-306.361448	-304.765768
1188	-306.054267	121.030902
1920	-361.714679	-361.633352
1496	-268.248371	175.015293
745	-344.464270	-344.218960
2308	-324.460752	-324.381504
1725	-360.495137	-359.253469
3787	-381.580675	-381.536141
3159	-324.612512	-324.452220
1180	-306.364186	-304.943696
3663	-344.446747	-343.962524
427	-382.798099	-382.739926
1454	-288.652757	-288.537515
3963	-271.323381	-270.716627
596	-325.754527	-325.764119
3646	-305.130313	-303.334614
2631	-380.316551	107.809751
2107	-325.766177	-325.578713
2616	-272.542567	-272.317153
3561	-343.190300	169.685908
2516	-309.661518	-309.632330
102	-307.230370	-306.805455
1949	-340.674935	-340.236043
3943	-376.602183	112.544779
666	-381.593528	-381.255682
1344	-341.767606	-341.873234
2509	-344.380267	-344.291628
413	-301.369263	-300.119837
137	-287.440932	-286.141023
2554	-345.649886	-345.634306
1782	-308.555419	-308.498171
2706	-345.667357	-345.540950
2644	-320.786990	-320.704204
1231	-324.569596	-324.594971
3098	-345.658421	-345.528590
3194	-301.367422	-300.074987
2211	-340.648620	-340.409066
1490	-309.691591	-309.659231
2369	-273.760271	-273.722450
2082	-302.567313	-300.898009
1921	-310.904960	-310.895410
2349	-301.357553	-300.106806
2372	-322.217569	-320.798007
3069	-346.878430	-346.879284
2061	-345.638357	-345.645391
3424	-348.051118	-348.228545
3826	-372.742383	116.932523
1404	-346.883049	-346.952024
2740	-360.536920	-360.116553
3764	-308.483519	-308.468931
3619	-325.779372	-325.743824
2821	-308.511516	-308.435787
1967	-288.573475	-288.608777
511	-320.778636	-320.607119
437	-309.705971	-309.650424
1320	-340.656628	-340.452540
3638	-306.320806	-304.439839
3122	-232.329070	-231.716833
3568	-308.468418	-308.425456
431	-361.712798	-361.701890
90	-327.017113	-326.715431
2482	-268.321270	180.409298
807	-340.681309	-340.385715
3322	-272.536448	-272.287768
3208	-288.572843	-288.534452
75	-381.566310	-381.431923
168	-325.810050	-325.848672
1304	-356.679729	-356.138380
3164	-344.379764	-344.219862
2058	-356.710498	-356.205399
626	-288.653249	-288.453177
2514	-354.197108	-352.681155
2130	-271.612772	-271.438031
1648	-345.660642	-345.642046
3252	-340.610842	-340.033279
1085	-231.092208	114.680987
2127	-308.519863	-308.457987
2423	-338.238743	-338.643887
3605	-372.755216	113.151457
678	-308.506580	-308.457367
805	-309.658574	-309.630556
1560	-340.645686	-340.443352
1788	-345.646841	-345.767921
3813	-340.620847	-340.211480
614	-383.982605	-384.970966
2682	-324.528297	-324.461380
2510	-325.797299	-325.770695
1367	-325.812267	-325.868103
3027	-336.811099	-336.512447
1716	-325.784331	-325.793303
3275	-308.757315	-308.820129
1986	-344.459234	-344.010651
3643	-309.660190	-309.599099
2939	-352.864008	-352.308653
3230	-344.454591	-343.890803
3591	-273.762889	-273.658679
3176	-432.852890	-420.306219
1896	-326.971392	-326.960533
1677	-344.412416	-344.229399
577	-343.087962	-343.222055
218	-285.311823	172.953072
96	-375.359188	-375.025910
2806	-234.476081	-235.178483
2302	-492.008892	-491.677358
2039	-360.553317	-360.088855
1408	-379.527030	-378.565531
2920	-326.952797	-326.963160
851	-270.117027	-270.930192
2164	-304.744503	-304.862663
385	-305.159206	-303.448053
3828	-288.650589	-288.472032
2353	-281.504579	179.770903
3284	-343.290242	168.372204
917	-323.320690	-318.279845
128	-303.785832	-303.664936
3212	-360.575745	-359.362664
601	-324.603558	-324.390789
1917	-325.790782	-325.748837
65	-312.125621	-312.760336
1600	-249.301818	-248.811733
900	-288.561991	-288.500728
1746	-396.470299	-396.061041
393	-323.334482	-322.103427
232	-490.793044	-440.787030
3364	-305.057353	-303.628053
1012	-266.609146	-266.490140
1670	-269.230258	-266.437220
1487	-345.665813	-345.678584
1939	-242.205627	-241.936355
241	-309.718177	-309.652251
99	-336.813559	-336.580938
2872	-288.581144	-288.525989
2723	-324.554067	-324.469828
1727	-324.606977	-324.377395
414	-192.762455	-191.503944
3134	-271.319942	-271.308634
2315	-273.793520	-273.810875
563	-345.644179	-345.516753
2981	-327.026688	-326.633865
2338	-268.888303	87.022864
79	-324.605178	-324.464581
2598	-308.508949	-308.454340
2594	-335.586914	175.383970
1361	-346.840635	-346.816874
1294	-345.612830	-345.581156
2656	-376.622509	105.922373
470	-303.460335	-302.975713
3388	-271.606364	-271.408669
69	-265.441614	-264.173542
3218	-325.743746	-325.517053
509	-307.238995	-305.682478
3259	-359.368793	-359.917928
2691	-308.505543	-308.647389
124	-271.621961	-271.633421
1350	-343.076530	-343.080493
1988	-312.124451	-312.213833
1703	-286.154755	-281.625200
2774	-310.910631	-310.880286
2582	-320.773768	-320.657849
3691	-352.852117	-352.315357
922	-272.844560	-273.254892
1928	-326.927990	-329.027467
1246	-318.406529	-317.087373
3449	-297.510804	-296.202817
2024	-306.349032	-303.528522
59	-248.430371	-247.038572
2466	-325.785959	-325.783133
2479	-271.622821	-271.589326
3247	-360.531175	-359.734471
3723	-345.597175	-345.477295
1198	-308.449457	-308.459530
1627	-301.363590	-300.082892
847	-324.608363	-324.470777
1422	-361.728608	-361.642553
3033	-325.785262	-325.764105
722	-310.935212	-310.943139
2110	-341.867094	-341.881329
2778	-325.711441	-325.678515
3271	-454.878708	-455.053864
999	-308.512721	-308.553826
3689	-308.467642	-308.347338
2929	-345.638912	-345.597063
222	-412.548009	-409.147574
3777	-339.431092	157.138927
235	-270.375081	-270.183936
3316	-264.261826	-261.865045
631	-371.449232	-371.612126
3346	-318.327053	-317.010624
3750	-346.838572	-346.770080
2448	-346.833271	-346.779172
2220	-272.538190	-272.577829
82	-309.701458	-309.663474
628	-325.726991	-325.726331
250	-360.538828	-359.276748
274	-272.539126	-272.692029
731	-355.501990	-354.734926
2375	-360.564233	-360.184803
974	-303.468081	-302.379524
919	-272.589999	-272.515713
57	-345.635513	-345.161607
1147	-304.755780	-304.885306
2055	-304.724717	-304.756277
1980	-345.680616	-345.599521
1112	-287.644079	-287.524648
1674	-360.499243	-359.550241
3421	-324.571081	-324.546480
356	-372.741729	118.458256
3139	-344.437158	-344.221079
3437	-288.585212	-288.573144
522	-309.680641	-309.720794
2145	-346.844016	-346.804176
1001	-304.724431	-304.721779
2470	-309.688189	-309.676111
1637	-343.503600	-342.150242
3939	-317.386479	-317.578840
48	-304.689512	-304.629018
3135	-272.569212	-272.341588
3630	-287.660591	-287.736210
1139	-270.382725	-270.055885
552	-340.639366	-339.833440
3026	-250.478855	-249.854343
697	-340.621200	-340.185996
2042	-232.364952	-231.968832
2151	-289.802108	-289.258907
2149	-341.878745	-341.853118
2454	-288.578155	-288.589728
1713	-323.381747	-322.406231
91	-275.011437	-274.538538
279	-306.012858	154.701134
2995	-381.584942	-381.221746
541	-325.714161	-325.699011
3376	-273.775510	-273.704062
2964	-362.945907	-362.875192
1511	-271.315027	-271.693364
3121	-344.419977	-343.807153
3563	-227.798785	-161.813278
1507	-310.914024	-310.904422
3897	-324.519277	-324.501843
1349	-286.542391	-286.039805
6	-345.687671	-345.830702
2888	-361.704536	-361.714819
1067	-273.762417	-273.716583
1215	-335.566430	163.809964
857	-245.711897	-239.398410
3083	-381.591448	-381.854775
2550	-271.628346	-271.230374
3865	-362.899954	-362.643580
418	-324.565412	-324.451500
743	-309.719124	-309.668998
3080	-344.436248	-344.189052
979	-309.713440	-309.659025
1766	-270.387395	-270.273779
3535	-323.235679	-322.423711
3652	-361.720088	-361.579988
2357	-325.754267	-325.602461
3258	-324.473847	-324.366969
3745	-310.912788	-310.914698
22	-324.575190	-324.425634
76	-325.685245	-325.747434
1109	-333.411326	-334.970870
898	-305.906901	-305.900000
167	-310.912077	-310.971235
1685	-338.273553	-338.812745
85	-272.550580	-272.539013
2415	-340.676441	-340.541236
3336	-308.477672	-308.364841
375	-346.857432	-346.974194
61	-308.462933	-308.470229
2467	-325.805017	-325.845758
1243	-323.582949	-323.024599
1317	-344.393241	-344.473962
948	-336.827390	-336.443559
1535	-324.463541	-324.371360
927	-340.676668	-340.132981
1310	-307.529289	-307.520168
2953	-348.047609	-348.341341
1052	-361.770383	-361.678403
476	-397.686127	-396.648434
1646	-340.684749	-340.261263
2903	-308.505951	-308.432691
1276	-340.667317	-340.489175
230	-271.617434	-271.664109
3754	-324.570035	-324.439846
3585	-308.497008	-308.481987
1848	-273.769835	-273.719237
357	-307.245430	-305.877879
3853	-271.336383	-271.268171
3521	-342.324182	-340.687146
2670	-326.934805	-327.618009
3806	-309.676410	-309.671215
591	-325.760915	-325.702700
1891	-323.382399	-322.178836
3420	-306.358581	-304.854539
789	-324.581906	-324.408760
525	-273.812813	-273.763494
2559	-319.571638	-318.691562
3049	-324.610004	-324.546001
2154	-360.512793	-360.041592
1154	-310.937644	-310.900589
2346	-310.909551	-310.913298
2764	-195.179738	-187.797053
931	-361.763293	-361.618560
2911	-289.871661	-289.758362
908	-310.911406	-310.933017
604	-320.777491	-320.671519
3070	-281.491976	180.286603
576	-345.655968	-345.632127
1290	-345.660459	-345.595253
312	-234.485640	-233.990747
1938	-341.826148	-341.822539
463	-309.715058	-309.699287
3560	-286.463470	-286.041697
2597	-412.494644	-412.782650
2909	-361.687451	-361.604573
3140	-284.987905	-282.250037
1919	-407.364323	-389.487892
1839	-355.496901	-354.809486
63	-287.377993	-287.263193
339	-356.705991	-356.130326
3077	-336.822591	-336.334557
3225	-362.875945	-361.885990
1990	-281.482892	182.995447
13	-360.526646	-359.477960
2354	-387.558484	-386.677455
609	-377.817369	-377.699520
3363	-345.658313	-345.729653
1497	-251.731545	-251.523451
2303	-309.719920	-309.643921
1466	-340.657975	-340.567065
256	-308.741915	-308.165841
3876	-304.574737	-304.581135
1503	-327.014214	-327.049244
1167	-309.729139	-309.622882
894	-338.247875	-336.261124
2182	-340.610000	-339.874392
1047	-346.836177	-346.779876
388	-340.594424	-340.198696
428	-324.570042	-324.502663
106	-362.952198	-362.875075
2949	-346.838702	-346.856620
822	-336.845442	-336.599844
3102	-310.903589	-310.917021
3951	-326.977685	-326.578822
1305	-319.621560	-318.759215
1339	-285.316421	187.125855
571	-339.423497	149.040991
2128	-308.504896	-308.434582
2231	-346.825174	-346.863544
3085	-322.130736	-320.198301
1033	-339.482903	176.363469
2993	-346.825502	-346.811182
3941	-231.108368	101.613777
3656	-310.918831	-310.909458
1843	-362.899677	-362.268601
1169	-346.819305	-346.740536
2576	-306.418503	-305.564550
849	-360.532987	-359.475142
1872	-272.566631	-272.498435
2299	-280.273691	-279.854170
1478	-309.691634	-309.641517
1075	-325.751822	-325.795160
1299	-348.043466	-348.231942
44	-309.735489	-309.689916
3688	-322.476720	180.804406
1219	-306.334850	-305.496434
3704	-348.035847	-348.367889
1225	-196.409349	-196.324086
3030	-324.500475	-324.435843
2387	-391.391111	-396.945482
1678	-310.955296	-310.937128
1947	-303.533559	-302.333303
1754	-269.221561	-267.765016
21	-278.059333	-280.716456
2232	-56.525887	-48.438915
186	-340.606711	-339.807664
2255	-360.513163	-359.684123
1449	-308.507220	-308.429399
3236	-310.912270	-310.933151
1845	-302.309526	138.830451
2399	-308.430606	-308.361817
1347	-359.361259	-358.629215
3142	-376.617653	112.976448
3047	-285.293918	172.122020
3677	-307.571921	-307.471210
3660	-288.651313	-288.708603
3411	-286.134060	-284.261346
42	-376.564691	123.848696
806	-308.768073	-309.185586
1232	-336.811744	-336.611844
747	-359.350089	-358.531710
2756	-153.742562	-154.394507
2762	-306.370119	-305.036365
3503	-266.630629	-266.145258
2861	-288.654312	-288.581899
676	-272.584377	-272.362370
3064	-326.983087	-326.891654
599	-343.312201	169.299308
2699	-346.864540	-346.846954
2368	-325.804686	-325.787638
1874	-416.367317	-412.104839
2624	-309.699280	-309.625944
2393	-324.608961	-324.502252
1208	-345.608535	-345.633839
429	-288.570364	-288.569902
3395	-248.436061	-246.599869
1640	-304.583737	-304.737443
2592	-308.486071	-308.429735
19	-309.720734	-309.762179
1330	-324.575010	-324.494024
2717	-309.726244	-309.716276
1392	-353.321142	-349.620691
1248	-304.732336	-304.698874
813	-361.733052	-361.596054
2869	-306.113519	184.547420
838	-361.709679	-361.522067
3332	-376.610619	118.352789
2860	-345.600676	-345.502153
2132	-377.826580	-377.852512
2314	-345.658870	-345.660579
1705	-286.218259	-280.456393
2754	-309.674575	-309.738355
976	-382.776658	-383.068499
3707	-271.620156	-271.512183
3297	-360.526636	-359.880468
3106	-273.735646	-273.757492
2274	-308.463553	-308.338949
2519	-323.585680	-323.316927
3377	-360.549337	-359.840376
2101	-361.717364	-361.492368
1893	-344.385273	-343.813236
2014	-371.537915	-372.003456
1196	-346.840727	-346.812105
2984	-362.935648	-362.782427
3362	-345.632413	-345.606422
2249	-392.653825	-392.693609
410	-325.835955	-325.773916
317	-325.797397	-325.695214
1103	-273.764642	-273.776679
2994	-345.597078	-345.594777
814	-308.509272	-308.471459
3634	-340.646592	-340.481203
2800	-287.478272	-286.855921
1769	-324.569009	-324.312278
2771	-310.910278	-310.891624
2228	-308.518356	-308.535567
2688	-284.964138	-282.797476
2280	-359.345792	-358.640016
2955	-346.822341	-346.797454
3989	-272.542369	-272.482143
984	-248.443503	-247.222612
2329	-324.557240	-324.359311
2741	-297.520999	-296.129266
1440	-270.441325	-270.171457
2660	-307.582044	-307.461526
3731	-310.913156	-310.899985
450	-235.729507	-235.136630
2759	-393.905418	-394.636900
549	-372.785072	124.015463
580	-360.537290	-359.721086
1907	-346.819476	-346.766039
1722	-362.946707	-362.883081
2744	-288.573110	-288.527318
2551	-325.792606	-325.758963
3400	-289.799552	-288.858166
2761	-309.696507	-309.649303
2966	-308.428791	-308.351789
3517	-396.475511	-396.289032
2449	-341.841190	-341.804216
2665	-348.031230	-347.771645
3460	-288.678290	-288.725494
416	-271.318448	-271.109821
3590	-340.660106	-340.491292
86	-190.624631	-131.793369
2698	-344.434438	-344.394450
2877	-324.556404	-324.573399
1271	-310.902165	-310.896130
2486	-307.239887	-305.728882
886	-304.728323	-304.695054
3589	-324.543443	-324.352329
1222	-325.805865	-325.772615
3178	-345.605421	-345.582306
1446	-319.575102	-318.223947
3181	-307.209274	-306.562089
3094	-324.601619	-324.528447
475	-304.691568	-304.637922
2677	-309.684577	-309.650950
237	-268.287661	162.811710
2526	-340.601771	-340.381151
3156	-362.941094	-362.819175
3541	-379.527167	-379.039068
3446	-306.044918	149.030545
2620	-324.587670	-324.443868
1342	-361.712098	-361.029592
2111	-348.048744	-348.025693
3031	-270.411205	-269.956654
3884	-323.333263	-322.210782
306	-307.335530	-306.982176
887	-361.720206	-361.795963
2712	-274.985024	-274.917506
249	-306.347185	-304.146422
819	-276.204532	-279.151291
3078	-383.966179	-385.347517
175	-361.754326	-361.697420
3956	-345.698757	-345.549310
1151	-392.620909	-392.999984
1302	-339.445855	147.780195
2982	-325.722723	-325.705270
2384	-281.469893	178.685021
1877	-287.407788	-286.480389
94	-362.955075	-362.968859
1966	-302.558699	-301.618420
2935	-297.516418	-296.212830
652	-345.620593	-345.457519
1388	-250.583643	-250.650235
3508	-309.675176	-309.764616
3927	-323.326298	-321.817689
287	-307.560718	-307.657886
1694	-273.743311	-273.781386
1274	-309.686648	-309.638575
3841	-371.541704	-371.563251
536	-323.348544	-322.473297
1747	-360.559076	-359.876786
3584	-281.484877	158.091220
2153	-309.673226	-309.618317
2027	-376.585000	118.789646
2946	-345.649552	-345.680266
2874	-309.725707	-309.659795
369	-361.733362	-361.626320
163	-319.624414	-318.955553
3637	-309.764115	-309.726265
325	-345.637577	-345.666161
67	-172.006141	-170.412384
2875	-344.475122	-343.935970
1567	-356.714706	-356.318564
3308	-381.582831	-381.373090
1734	-359.354596	-358.849435
3966	-376.570141	81.425355
3674	-309.731169	-309.621613
2950	-360.498298	-359.578170
2026	-272.837907	-273.216120
2410	-361.673369	-361.630526
1833	-302.579718	-300.917435
197	-233.549368	-234.712974
1206	-342.315546	-341.699724
3372	-309.705858	-309.735885
1068	-308.470010	-308.416158
3685	-381.602419	-381.398382
3160	-362.937857	-362.808844
2165	-319.567241	-318.713625
2679	-312.130526	-312.277498
772	-381.599310	-381.483950
120	-323.345161	-321.119571
1595	-309.686571	-309.783821
2970	-339.501361	173.095389
1885	-345.647670	-345.596033
1050	-304.643392	-304.575287
2273	-324.579188	-324.565894
87	-490.834069	-432.441536
716	-325.758431	-325.709276
1817	-339.459612	179.778913
3596	-285.328258	175.681020
2562	-375.357530	-376.878748
872	-309.711438	-309.655736
2905	-307.206439	-306.702790
3183	-345.642870	-345.674114
3908	-272.847530	-273.414862
802	-359.306313	-358.594250
799	-310.910909	-310.907470
3537	-346.860694	-346.868788
3524	-308.455477	-308.342980
1105	-302.306944	144.778501
2933	-360.538112	-359.396279
2351	-304.614169	-304.479791
3394	-376.613178	122.359777
18	-309.719641	-309.666315
3073	-309.734862	-309.680806
1818	-371.535911	-370.335738
706	-303.481839	-302.900023
3471	-416.384141	-410.573001
3873	-348.051405	-348.401749
1191	-360.510716	-359.207091
2593	-321.252793	-321.133827
3429	-274.987297	-274.763301
1805	-344.380468	-343.870532
2930	-310.906738	-310.918611
3603	-326.952955	-327.073343
1069	-375.370023	-375.332331
2809	-344.506029	-344.265967
2397	-308.772292	-308.809422
2565	-345.591597	-345.527213
2988	-310.923406	-310.834553
3896	-307.280331	-306.735980
2895	-273.764673	-273.722782
1148	-284.062954	-285.776267
3099	-324.530718	-324.429895
1557	-322.456250	157.562429
3003	-325.798735	-325.768758
1348	-309.683859	-309.633633
3805	-309.680682	-309.640845
3726	-382.754967	-382.793026
3690	-346.829378	-346.793768
2236	-235.698987	-236.047893
3710	-308.565933	-308.798877
2914	-270.422403	-270.475378
534	-324.575799	-324.249326
1856	-321.958301	-321.994966
1537	-309.692993	-309.638665
3111	-318.340705	-316.188490
483	-309.705795	-309.666047
3838	-271.318933	-271.344835
3620	-359.351415	-358.702851
3642	-324.565306	-324.446021
2820	-308.557865	-308.355871
3832	-346.836423	-346.816067
2341	-377.784360	-377.503470
2219	-265.437885	-264.439613
521	-262.065493	-260.696525
3888	-323.359825	-317.741457
920	-281.489179	181.725165
3500	-323.345473	-318.508429
2570	-324.626187	-324.523028
2726	-324.475651	-324.340710
3706	-345.687338	-345.688081
3948	-340.614465	-340.043860
1443	-346.867442	-346.826723
583	-285.016369	-283.103537
1152	-308.448572	-308.430144
2776	-313.573888	-313.907092
1706	-382.777508	-382.381273
926	-345.680086	-345.611865
2541	-341.834413	-341.931110
3116	-312.128429	-311.325320
734	-233.242250	-232.033474
2992	-343.202564	153.592295
3464	-234.470922	-234.386510
2654	-304.679740	-304.654621
35	-343.197784	120.288994
1924	-340.591587	-340.244343
2276	-309.679242	-309.640200
1721	-339.479764	178.338823
1556	-340.659506	-340.398373
3185	-348.053386	-348.214600
1698	-325.800949	-325.800736
3791	-360.491959	-359.742845
3002	-269.479234	-270.101282
3915	-309.687698	-309.628841
172	-282.667163	-281.910576
1018	-354.272548	-357.153478
3938	-345.645388	-345.532720
188	-339.406341	180.089959
1498	-340.654582	-340.419172
3861	-234.486176	-235.066200
3014	-269.263802	-267.440360
3193	-320.725883	-320.641685
2828	-232.030352	-227.632723
1918	-319.573117	-318.805814
3127	-327.010419	-326.652520
644	-376.595314	119.981784
3920	-319.574905	-318.166692
164	-340.675814	-340.377036
1544	-324.594826	-324.467429
1008	-248.448467	-247.029162
1383	-344.398797	-344.200513
625	-308.514390	-308.442209
2144	-324.574829	-324.435351
1023	-309.663477	-309.653328
855	-271.614051	-271.590168
2134	-344.433965	-344.085521
1032	-346.816694	-346.810439
821	-307.566593	-307.521223
323	-309.647349	-309.633705
2649	-381.581036	-381.233326
3636	-324.624318	-324.518631
3396	-273.815873	-273.768651
2333	-338.234590	-337.963336
2126	-270.399529	-270.206317
1287	-355.515622	-354.602231
809	-361.738091	-361.707429
380	-307.581989	-307.650822
1476	-308.455419	-308.449958
2277	-383.973315	-385.668916
713	-308.484017	-308.374405
3005	-249.248680	-248.113815
1683	-346.829154	-346.858104
1083	-309.726295	-309.665020
2265	-360.469291	-359.952479
136	-343.240623	172.150628
1203	-261.802956	-174.900022
744	-249.332005	-248.118496
798	-208.842347	-207.466978
247	-304.688358	-304.623923
3365	-396.458774	-395.953438
307	-302.239101	145.193546
3163	-319.610683	-318.648518
500	-308.452306	-308.385490
209	-308.493663	-308.424859
3344	-325.748658	-325.555338
2962	-309.686114	-309.648055
2347	-308.476587	-308.326746
1177	-325.808092	-325.772263
406	-359.295180	-358.868863
2437	-356.692640	-356.154616
2268	-302.558547	-300.637566
3892	-271.608843	-271.594956
3311	-344.433172	-343.886466
3138	-345.651520	-345.580156
1922	-248.132701	100.939444
1051	-346.860404	-346.447596
3977	-288.552886	-288.510416
929	-272.832690	-272.316504
3781	-274.984614	-274.947729
730	-336.821088	-336.621880
1954	-226.144377	-226.981787
800	-324.611571	-324.288252
457	-380.372151	106.799989
3044	-363.519194	-362.913552
1501	-288.653529	-288.488344
3967	-273.758273	-273.721031
1026	-325.765414	-325.729884
2655	-235.723792	-236.148767
1519	-352.874613	-352.325082
1355	-361.727678	-361.633341
655	-325.771459	-325.756113
224	-324.628594	-324.447782
3968	-287.425634	-287.285086
2641	-270.394309	-270.265193
3559	-309.721434	-309.621394
1542	-370.291993	-357.590527
3539	-324.625415	-324.532553
997	-361.688335	-361.723664
1695	-344.411060	-343.941174
2987	-271.618137	-271.447647
2263	-274.983122	-274.519092
1153	-325.764669	-325.765879
938	-331.411639	-329.694789
660	-271.630416	-271.172477
2657	-308.451299	-308.422306
1672	-336.831068	-336.518816
26	-301.359287	-300.175101
3088	-308.459859	-308.418712
2065	-340.537496	-340.052000
447	-271.627826	-271.487925
845	-40.478930	-33.011028
736	-325.799293	-325.769409
3859	-308.499978	-308.497408
3482	-281.480993	159.713285
955	-345.632414	-345.518713
2561	-325.778234	-325.746628
2342	-309.680487	-309.551356
1855	-360.497728	-359.838525
787	-360.525379	-360.206481
108	-345.614707	-345.550099
451	-362.932378	-361.990375
2684	-310.940657	-310.910467
446	-305.831164	-305.727583
3696	-308.474441	-308.513612
3580	-345.661657	-345.661806
2476	-346.865438	-346.874258
3577	-361.716705	-361.149561
140	-309.676929	-309.679964
1401	-307.265351	-306.739382
978	-324.545574	-324.458914
2438	-392.565188	-392.421549
3367	-269.216969	-267.123065
1608	-361.758032	-361.797540
2584	-360.567154	-359.806612
982	-307.235414	-306.798392
3244	-323.320332	-322.468083
3609	-269.176442	-267.696829
588	-309.684571	-309.621380
3715	-381.567301	-380.716051
529	-309.725786	-309.653034
3319	-376.604793	104.729759
3313	-360.526364	-359.024101
3819	-397.692021	-396.989074
3288	-348.045786	-348.017990
2306	-287.354343	-287.202979
3338	-308.466631	-308.476234
560	-344.385047	-344.268903
2227	-356.712771	-355.867377
3148	-324.567513	-324.453933
1281	-308.457113	-308.327302
3202	-310.908741	-310.864541
3104	-310.941183	-310.932774
683	-348.060054	-348.255790
1906	-324.613156	-324.476207
545	-356.698773	-355.506639
3334	-325.800680	-325.814266
1888	-276.201993	-278.285476
2492	-396.477101	-397.048444
1935	-361.677841	-361.540814
156	-288.654408	-288.601703
3278	-298.952950	-251.188650
2937	-324.573883	-324.469457
3198	-288.680991	-288.546389
3084	-325.781161	-325.802353
3045	-310.906568	-310.895610
2518	-360.566272	-359.758943
3772	-356.752251	-355.866874
258	-371.546126	-372.199666
3448	-324.634377	-324.488829
3673	-309.691463	-309.630410
816	-356.748545	-356.096836
3533	-232.036378	-227.720266
276	-380.379743	102.014160
1376	-348.053064	-348.211535
2494	-274.984732	-274.964031
2913	-361.630982	-361.716852
3823	-303.527274	-302.292296
2411	-193.075202	-191.305171
2856	-376.586976	105.149729
3864	-288.639421	-288.122318
3443	-346.866543	-346.818618
594	-325.809558	-325.807531
3067	-271.304881	-271.288161
2971	-312.131841	-312.853516
119	-327.012568	-326.266471
827	-303.556664	-302.874448
760	-324.605411	-324.494059
1377	-325.768959	-325.713183
3574	-398.876124	-398.924494
3100	-361.716824	-361.522234
2125	-310.908354	-310.915591
3146	-289.872162	-289.788256
2714	-398.878264	-399.124620
610	-324.629068	-324.431287
2431	-309.684774	-309.584921
804	-248.395289	-246.882931
2916	-340.655601	-340.383135
3261	-232.025930	-228.881684
2673	-345.652182	-345.613303
43	-319.572842	-318.683041
726	-346.870614	-346.852327
2915	-344.371144	-344.321676
2890	-309.738198	-309.634067
2238	-281.495234	178.289360
3598	-340.671493	-340.385821
2200	-344.426799	-344.025905
1940	-334.429558	-334.858195
2612	-345.627545	-345.661533
301	-324.570823	-324.228218
3352	-272.834623	-272.597402
1709	-326.941251	-327.015130
187	-341.842120	-341.754633
3542	-344.409533	-344.163578
229	-361.648305	-361.629725
92	-301.343578	-299.983128
3572	-322.172641	-320.912594
3065	-344.486202	-344.174972
709	-286.134079	-284.031086
362	-289.871990	-289.433588
3457	-324.559213	-324.496636
1465	-382.796989	-382.686634
1916	-360.557411	-360.102354
283	-355.460155	-354.692598
1834	-381.615289	-381.375627
3919	-304.721921	-304.701078
1182	-304.738393	-304.808035
557	-312.122696	-312.491275
1266	-324.582035	-324.294029
1234	-325.796704	-325.766125
3792	-360.525610	-359.858602
3392	-361.774979	-361.548010
3238	-340.667053	-340.502617
3224	-286.504546	-285.578927
1688	-324.567893	-324.412432
1558	-270.389386	-270.400156
3799	-291.018995	-289.124314
1062	-324.496997	-324.388327
1804	-324.542706	-324.456877
2912	-346.883119	-346.871965
2795	-379.572458	-377.420803
1618	-345.629039	-345.529990
3614	-288.627505	-288.562214
3219	-339.428557	154.834997
3	-346.838279	-346.867691
2758	-309.696640	-309.647227
1120	-353.283458	-346.724377
179	-362.928160	-363.022197
774	-395.551843	-396.825448
3909	-310.945132	-310.928278
617	-376.521083	124.330336
329	-380.402442	84.330404
1593	-335.598739	164.273668
764	-233.560626	-232.571473
3682	-291.017820	-288.814030
861	-360.488871	-359.349801
3179	-270.408713	-269.756242
353	-197.632222	-194.963768
15	-288.542593	-288.600236
2507	-291.014750	-289.988710
3068	-306.015194	146.976185
52	-345.627428	-345.222321
1835	-376.631067	120.140165
2241	-346.857051	-346.869968
2481	-324.614891	-324.449516
1098	-356.649302	-356.186703
564	-272.569586	-272.462208
3038	-288.542113	-288.475321
2295	-305.898313	-305.857872
3318	-308.513124	-308.426459
3657	-312.124380	-312.575221
2284	-359.298380	-359.246864
3780	-323.320574	-321.771971
3552	-325.793166	-325.753706
1630	-323.431776	-321.990082
1662	-377.834156	-377.813876
1217	-325.773675	-325.777506
3128	-341.867138	-341.926024
1089	-344.451793	-344.206088
3877	-340.623773	-340.382196
469	-325.775843	-325.733665
1229	-288.582662	-288.674027
392	-345.637570	-345.544380
1749	-302.579654	-301.291953
3874	-323.344889	-321.942908
1041	-371.504707	-371.902709
1948	-195.158734	-187.461103
503	-355.514134	-354.908548
109	-158.340943	-132.840891
1955	-339.498757	174.426457
592	-307.614861	-307.297445
572	-356.752533	-355.884730
890	-344.458979	-344.334487
2408	-356.708234	-355.336239
3617	-345.608658	-345.323282
3162	-324.546164	-324.427508
3124	-308.562031	-308.496612
3269	-381.624381	-381.753768
2540	-211.295796	-208.782577
3749	-249.363949	-248.829002
3486	-437.484875	-113.633371
3158	-269.271320	-267.532529
1616	-272.539058	-272.442765
1655	-338.217210	-338.780118
411	-397.680771	-396.142479
689	-341.818686	-341.648115
1758	-271.616401	-271.508647
1394	-396.500849	-395.135212
2760	-155.908941	-152.727716
1224	-308.420805	-308.437321
2159	-324.581067	-324.456593
1193	-324.550139	-324.313866
3463	-304.735360	-304.702588
3557	-344.382663	-343.943927
2768	-340.690205	-340.384651
2676	-325.784384	-325.781045
20	-270.370102	-270.128869
808	-320.774349	-320.670160
624	-312.119017	-312.543632
368	-345.595021	-345.651605
3071	-273.789182	-273.752944
305	-346.859213	-346.830728
879	-303.556846	-302.751342
1333	-270.359564	-270.177086
391	-345.584667	-345.465542
2332	-342.335241	-342.019285
2826	-308.764658	-308.674541
403	-272.843742	-273.211535
3409	-356.696744	-356.224159
3330	-323.360126	-321.802418
1929	-324.551800	-324.392836
1199	-377.813742	-377.802518
2193	-383.976576	-383.817730
101	-324.507184	-324.881854
1639	-345.640072	-345.664925
944	-320.766684	-320.687324
2446	-361.740252	-361.479646
1275	-310.936083	-310.955441
2166	-343.239068	142.404787
176	-308.554162	-308.513074
1673	-309.733829	-309.685012
738	-324.592221	-324.595828
2882	-322.444150	166.778969
1999	-233.547877	-232.586741
350	-320.793580	-320.673472
3173	-325.791830	-325.766272
1675	-271.277972	-271.575631
1870	-309.686187	-309.638826
3403	-339.424322	154.354257
1796	-307.536544	-307.413950
2794	-304.681399	-304.667767
3784	-344.450127	-344.052609
2787	-324.505365	-324.282065
2945	-307.281910	-306.739086
685	-320.029854	-300.528929
2686	-340.697732	-340.590944
2694	-317.396153	-317.454859
2175	-324.545475	-324.466568
1450	-273.757658	-273.725493
2885	-309.686862	-309.732917
2738	-324.555069	-324.390932
3499	-309.702237	-309.647375
2527	-297.554699	-296.135977
1878	-346.819711	-346.745786
2906	-340.657508	-340.351000
1772	-361.717972	-361.325228
122	-339.419649	142.244737
212	-324.605613	-324.418842
1996	-356.687774	-356.164776
934	-345.650323	-345.608129
3623	-341.892484	-341.897003
2325	-273.732431	-273.785319
2367	-361.723620	-361.390264
487	-307.223588	-306.322578
1927	-361.739999	-361.736400
1572	-322.170570	-320.867685
3227	-348.043668	-348.343461
983	-341.851447	-341.780356
2344	-305.915175	-305.785465
903	-309.685872	-309.593405
3678	-285.255880	180.353100
3567	-309.693494	-309.759263
2356	-323.346816	-322.090767
2100	-343.199390	162.460131
3962	-341.865856	-341.873240
1142	-309.702591	-309.645143
3822	-309.665941	-309.628724
696	-356.709466	-355.868627
2028	-346.821466	-346.808435
2897	-346.825923	-346.778268
1119	-304.733360	-304.678813
2259	-361.734611	-361.671798
1882	-273.764420	-273.718775
1438	-356.728392	-356.133481
2221	-308.512137	-308.415907
2822	-310.902197	-310.912679
648	-287.422111	-286.977731
105	-309.727110	-309.759628
1750	-287.645651	-287.117126
3528	-233.262752	-232.609952
494	-345.611057	-345.508030
3698	-360.508088	-359.376079
1211	-286.498633	-285.932567
473	-346.828378	-346.808378
77	-348.062001	-348.025770
38	-309.736982	-309.666715
3582	-344.436500	-343.992345
790	-341.836780	-342.005845
1406	-375.394844	-373.348360
3042	-269.468415	-269.321535
1164	-340.611734	-340.169484
1838	-356.685238	-356.194192
2999	-307.237456	-306.765533
2378	-339.490841	177.568485
3063	-317.413890	-317.549368
2951	-308.569129	-308.472883
155	-324.571682	-324.467895
1730	-345.663299	-345.217105
1527	-271.621836	-271.887909
3955	-323.391458	-321.618599
675	-346.827397	-346.820750
196	-341.759398	-341.913531
421	-288.627624	-288.471018
3847	-356.693135	-356.082060
479	-77.308427	-75.306280
2309	-272.583285	-272.498257
913	-352.855499	-352.321880
333	-308.507517	-308.449256
1895	-324.551432	-324.467263
3547	-324.582904	-324.567619
3686	-344.462681	-344.253766
1712	-345.612640	-345.549856
2381	-346.856604	-346.806482
2847	-307.566260	-307.455573
3469	-356.686540	-356.006566
2643	-372.711859	106.460938
1606	-308.462382	-308.408726
58	-304.683044	-304.666563
2990	-376.661483	121.768239
3702	-362.951503	-362.419447
681	-312.126544	-312.138581
1150	-308.551121	-308.398418
3205	-341.842686	-341.747209
34	-306.355655	-304.063865
2566	-346.832253	-346.770325
1620	-270.431243	-270.204049
2957	-323.644468	-323.051164
756	-325.798888	-325.810141
776	-325.781815	-325.717231
2031	-269.170061	-267.256682
1124	-271.651913	-271.512073
3037	-288.567911	-288.228955
2324	-346.831385	-346.919237
1437	-376.547304	96.747439
2204	-310.904876	-310.897399
519	-309.687078	-309.762554
2089	-308.469081	-308.432582
842	-360.514766	-359.950243
2289	-325.766945	-325.742651
783	-273.806375	-273.745750
337	-312.123120	-312.114338
2763	-272.548325	-272.424838
1429	-288.579114	-288.236436
2213	-287.433999	-286.619405
1945	-361.754136	-361.488807
3266	-287.736841	-287.888928
1186	-359.296697	-358.219088
1862	-319.615129	-318.846342
1258	-344.472090	-344.258133
1961	-197.629416	-203.113902
1373	-324.557383	-324.557832
2810	-273.763107	-273.628172
3957	-307.291354	-306.734825
1619	-340.600021	-340.088707
1800	-212.439286	-214.648538
2091	-346.904050	-346.752233
854	-383.971058	-383.553385
2553	-302.545562	-300.442869
1038	-267.106213	-266.208209
3664	-269.219315	-266.699271
404	-324.595399	-324.523557
2742	-348.048844	-348.087373
909	-325.789320	-325.736671
2155	-343.243883	128.793498
1879	-288.594527	-288.578055
2659	-324.461004	-324.296691
1574	-245.997884	-245.727787
3821	-308.427345	-308.431099
2036	-309.733888	-309.584220
1925	-309.677276	-309.662937
74	-310.918822	-310.901585
677	-324.594116	-324.533534
1282	-346.860539	-346.881139
893	-232.317400	-232.680892
2374	-285.279236	183.483832
2176	-345.608670	-345.587757
3239	-361.708121	-361.007719
1427	-340.646339	-340.519600
1813	-307.550360	-307.652801
3211	-310.908555	-310.930884
2618	-361.768020	-361.659715
2157	-309.686797	-309.675541
598	-193.088340	-192.559299
1837	-381.574917	-381.415330
3333	-361.709769	-361.748119
334	-245.983375	-244.654128
2257	-307.238509	-306.524297
1719	-232.050342	-227.636461
963	-345.645239	-345.575363
24	-345.608180	-345.632130
1155	-272.838189	-272.976367
2642	-324.578146	-324.387591
3459	-346.831382	-346.764862
1416	-308.514570	-308.552022
1780	-345.606551	-345.601912
3529	-341.843027	-341.779044
754	-361.718210	-361.304461
1431	-344.392695	-344.172594
3242	-397.707881	-398.322770
708	-306.313133	-305.643481
2162	-340.613712	-340.363582
2186	-320.782523	-320.601107
1775	-306.353871	-305.121055
2852	-274.986857	-274.058286
1777	-265.408147	-263.319516
654	-309.727166	-309.631734
2084	-361.708021	-361.667911
3788	-361.725962	-361.645012
228	-346.859384	-346.866520
3970	-305.897998	-305.864537
1513	-306.368494	-304.857674
12	-377.816587	-377.922954
1316	-361.652250	-361.616878
3889	-360.533387	-359.529097
3296	-345.650105	-345.664331
2475	-381.524347	-381.845904
2692	-356.663387	-356.191599
2456	-345.610758	-345.541963
1911	-272.582516	-272.295707
844	-324.606050	-324.528757
2900	-272.554670	-272.205723
2556	-321.958604	-322.038701
3768	-227.338075	89.021174
3734	-326.940196	-327.164471
3120	-309.689111	-309.650800
1421	-360.526142	-359.512449
3310	-309.721850	-309.709928
3872	-340.691219	-340.000128
3295	-231.069318	118.629023
1936	-360.564423	-360.047873
499	-340.611683	-340.109084
493	-336.819674	-336.421471
1970	-362.897428	-362.853292
1010	-340.666160	-340.457978
2707	-310.915408	-310.901343
2090	-308.473428	-308.413350
2143	-288.628466	-288.519405
3807	-361.706503	-361.589998
112	-340.648166	-340.365798
717	-380.401348	96.753268
2181	-340.656656	-340.240496
860	-397.697425	-396.621348
718	-392.601894	-392.330734
3293	-360.535142	-359.495342
3488	-340.672417	-340.465551
1601	-345.646864	-345.663671
3555	-360.547370	-359.543883
1658	-287.337578	-287.134556
1000	-339.452428	177.382577
1094	-304.696023	-304.644188
766	-312.133805	-312.927846
3249	-325.739818	-325.855653
2743	-234.516409	-234.477861
2390	-270.097243	-269.828308
2824	-304.720708	-304.727546
1700	-320.782427	-320.763558
2402	-235.696227	-236.268001
3890	-341.849730	-341.855699
1015	-344.454928	-344.302220
1197	-308.462932	-308.412270
55	-335.683118	173.721853
3024	-251.729571	-251.740043
3161	-309.678595	-309.671798
2545	-324.614082	-324.398415
3306	-361.650084	-361.676916
3703	-287.697316	-287.330812
433	-396.498209	-395.348040
1597	-336.805704	-336.637561
3478	-343.296547	175.035279
2710	-361.773017	-361.491250
1579	-288.589020	-288.569007
3169	-310.902849	-310.897688
2187	-310.904927	-310.887424
3265	-324.569062	-324.463800
3339	-356.699649	-356.117717
723	-361.717032	-361.190605
607	-301.373496	-300.036882
62	-309.677968	-309.641160
1553	-323.448965	-322.312901
3234	-287.349937	-287.137202
3305	-310.955141	-310.947994
1485	-309.731369	-309.696847
3245	-327.024699	-327.524082
2206	-312.126404	-312.590229
639	-270.405973	-269.698262
2122	-348.040439	-348.085648
924	-324.528533	-324.394694
1897	-197.629387	-199.531266
3880	-357.942023	-357.758731
3958	-291.015785	-289.825789
226	-360.556344	-359.443114
3816	-272.830720	-272.497669
298	-377.795528	-377.870496
3331	-233.545899	-232.515442
3416	-320.770681	-320.618924
3984	-344.418857	-344.199286
2952	-308.511290	-308.458845
501	-345.630685	-345.607864
313	-361.721849	-361.848194
2664	-348.047695	-347.907584
3505	-274.983383	-275.040095
1238	-360.499088	-360.002602
1077	-326.938562	-327.501431
1890	-371.608385	-364.527109
405	-273.804251	-273.760100
1092	-360.552974	-359.612503
2608	-306.369631	-304.235106
2866	-344.431605	-343.723180
3509	-288.685117	-288.627876
1398	-234.469383	-234.415834
3526	-249.285024	-248.730280
763	-308.429953	-308.455943
1477	-303.462312	-303.001255
2067	-280.248350	-280.108699
3954	-271.611366	-271.468519
2075	-345.606444	-345.563242
1070	-361.752301	-361.855262
1901	-362.946498	-362.817406
3200	-265.433051	-264.680144
254	-285.284456	162.439765
3348	-304.715963	-304.610636
876	-325.807685	-325.804347
2493	-346.822460	-346.884643
705	-362.953848	-362.982503
177	-362.872710	-362.810985
351	-345.625747	-345.235167
1114	-302.353948	179.929217
2839	-362.930315	-362.842257
994	-323.428670	-321.634987
1781	-324.582445	-324.105766
2106	-286.476486	-286.271329
3669	-285.267165	186.611329
867	-283.179781	-282.424093
3320	-310.952127	-310.944914
95	-351.666551	-350.937338
1175	-361.742598	-361.676287
1625	-320.776082	-320.574773
2434	-377.845502	-377.689116
1997	-271.666841	-271.807667
1267	-341.841438	-341.702758
2793	-306.384286	-301.445395
3733	-309.678068	-309.644837
1036	-340.609236	-339.701714
394	-344.385642	-343.830704
2073	-345.600119	-345.544189
3199	-273.811544	-273.781839
1869	-269.207716	-266.243600
3606	-310.906553	-310.895205
1998	-324.536830	-324.344050
387	-268.248806	167.243424
39	-340.687222	-340.369102
916	-345.608831	-345.613239
2538	-344.417597	-343.831728
2752	-381.632242	-381.602497
2080	-325.793131	-325.684140
535	-248.416462	-247.482848
2471	-288.628801	-288.580128
1407	-235.694798	-236.605997
1157	-309.691584	-309.636505
2262	-325.780603	-325.754792
2033	-310.919833	-310.872108
2648	-325.728744	-325.644045
3974	-323.433262	-322.027582
2183	-339.459869	179.547182
3272	-173.147782	20.852581
3763	-344.416821	-343.562013
299	-195.196751	-197.086375
1815	-345.663783	-345.605429
1295	-346.829652	-346.781446
2977	-310.909944	-310.860242
98	-303.553222	-302.815407
1614	-325.736331	-325.667876
649	-340.685408	-340.491723
1128	-361.695007	-361.677477
199	-309.673895	-309.673897
3383	-360.602876	-359.433637
1056	-271.618179	-271.411640
784	-377.848074	-377.869469
3586	-287.506415	-287.379918
1187	-264.235803	-262.735272
2239	-346.823312	-346.833218
204	-287.353313	-287.256006
3110	-236.917458	-244.743406
3381	-309.731402	-309.708363
1969	-360.529678	-359.242066
1714	-132.718150	-85.902590
3257	-308.472221	-308.431396
1779	-288.583563	-288.569618
1686	-288.648208	-288.774175
3937	-361.713179	-361.612864
162	-232.324966	-231.943496
1460	-309.684108	-309.619128
1280	-356.683566	-355.699734
2511	-250.500016	-248.732680
3397	-356.702115	-356.064089
1081	-310.912796	-310.922017
3109	-324.582824	-324.519971
3649	-343.292778	175.888031
3057	-301.381127	-300.100967
1237	-360.542541	-359.782899
3930	-338.542975	-337.378596
1360	-362.941781	-362.871628
326	-236.917664	-240.115816
3522	-309.691414	-309.812960
3328	-324.549529	-324.404818
3243	-377.816466	-377.796424
575	-272.582834	-272.461953
1073	-233.249538	-232.951758
3738	-274.982053	-274.278970
1022	-310.902683	-310.902291
216	-307.283509	-306.673323
1908	-286.508233	-285.771232
1636	-233.551389	-234.351746
1254	-325.753541	-325.789801
116	-346.831175	-346.835462
2142	-324.624987	-324.480428
2418	-304.734646	-304.838335
3291	-362.911941	-362.958927
1300	-324.595031	-324.489022
3540	-321.236907	-321.742963
213	-249.281074	-248.592930
3856	-306.313590	-305.279895
3220	-273.806349	-273.742153
3039	-341.851538	-341.899287
3985	-324.548763	-324.273804
1173	-344.465017	-344.310240
3562	-360.524672	-358.529998
1291	-285.276634	162.962236
1565	-325.735821	-325.679666
2831	-356.723059	-356.161571
3248	-322.477268	181.123814
1753	-375.351387	-375.307973
2942	-325.778444	-325.710579
3468	-345.710017	-345.760328
1811	-346.855968	-346.852338
2214	-245.994065	-246.069192
1149	-325.796862	-325.768259
2330	-287.681216	-287.330797
1021	-232.328175	-231.896578
472	-273.761356	-273.729670
584	-309.681686	-309.662277
3404	-309.733988	-309.588616
3945	-304.737186	-304.685978
1660	-274.985107	-274.246590
2799	-340.702898	-340.465894
1288	-324.635136	-324.522515
1007	-235.694216	-236.346191
14	-302.238859	146.524017
2838	-324.547436	-324.386275
2326	-320.768781	-320.652737
2998	-246.027383	-245.357469
642	-234.476516	-235.190041
3767	-324.568597	-324.382877
3992	-319.576017	-318.418305
1468	-345.650338	-345.598189
650	-193.034094	-189.765223
45	-266.615452	-266.433255
1184	-286.506282	-285.697752
2152	-308.540101	-308.465082
1475	-362.957353	-362.867565
1176	-288.584832	-288.052325
3769	-304.586424	-304.619716
193	-307.285557	-306.624164
3515	-346.852204	-346.836098
3018	-345.638117	-345.641713
3741	-169.860788	-118.495858
1739	-303.454720	-303.105546
1592	-271.616430	-271.473989
2887	-345.641890	-345.266162
523	-345.565792	-345.412796
3602	-361.683811	-361.661119
1402	-286.203815	-283.694450
2010	-323.385837	-320.582169
191	-307.610450	-307.681505
1733	-322.169100	-318.387672
2197	-309.684327	-309.640583
1681	-310.908780	-310.921964
1380	-288.625728	-288.477802
3426	-307.387663	-306.654870
206	-309.688611	-309.731130
2921	-310.904813	-310.919510
1976	-346.831692	-346.772866
1720	-309.692095	-309.626835
1493	-335.643923	171.036171
3854	-346.867382	-346.833001
667	-360.533083	-359.786247
573	-286.504534	-285.799171
1411	-327.023352	-327.222862
3304	-346.843297	-346.852845
1740	-376.599676	105.439057
72	-325.720699	-325.700700
2581	-234.469389	-234.973706
1136	-271.296056	-270.597171
692	-362.917261	-362.947145
3054	-269.129580	-268.432632
843	-308.437835	-308.298298
3240	-338.234966	-337.982343
498	-273.791878	-273.755969
355	-273.761263	-273.754618
2383	-324.593866	-324.451186
586	-376.582598	102.023922
3762	-351.646368	-350.915334
1101	-307.244627	-306.722276
3172	-274.982310	-274.403062
3182	-287.440436	-286.534971
2052	-325.809179	-325.782596
2817	-340.641240	-340.156734
1573	-233.255259	-232.141429
833	-325.761605	-325.690632
3132	-309.670613	-309.573613
3893	-341.097446	-340.363560
1858	-343.238086	156.015313
2846	-273.780933	-273.742147
2651	-273.744309	-273.697092
448	-346.831139	-346.805064
2029	-380.417684	113.040775
3534	-320.785748	-320.619672
2445	-324.576679	-324.397609
2606	-323.344105	-319.030494
1899	-308.478846	-308.444677
2478	-339.450173	141.109552
3430	-341.828533	-341.956825
358	-272.544323	-272.452032
3514	-340.654233	-340.388660
3684	-362.958208	-362.911114
2400	-345.592410	-345.511216
1914	-288.576123	-288.532439
1609	-210.001565	-204.781151
3485	-324.614459	-324.521650
2947	-355.510313	-354.765628
543	-310.937295	-310.952464
2327	-381.624797	-381.640224
2439	-324.485913	-324.347421
3301	-371.491061	-373.059791
2700	-304.687547	-304.662386
1585	-360.545832	-358.700569
2150	-324.570860	-324.449237
2362	-305.134491	-303.608673
1467	-345.613895	-346.039553
1881	-361.772040	-361.627634
1717	-345.603646	-345.694530
1549	-340.689515	-340.347856
4	-270.439280	-270.253657
2361	-304.727460	-304.790669
2121	-324.619773	-324.075089
32	-287.509315	-287.311098
1667	-323.323781	-321.959839
3953	-325.792503	-325.400242
3034	-360.418556	-359.054066
1174	-345.614442	-345.510791
1937	-287.438379	-286.564838
3268	-324.562156	-324.449030
669	-377.780670	-377.666333
1707	-288.590006	-288.546087
2628	-359.341296	-358.802893
3662	-360.469577	-359.906623
751	-361.724921	-361.658732
134	-308.516376	-308.605599
3451	-319.606765	-318.630069
148	-345.629933	-345.568081
762	-346.863396	-346.810485
3935	-289.875063	-288.138501
2131	-320.777849	-320.616972
2041	-346.821470	-346.796496
1428	-265.391486	-263.428670
2571	-309.686348	-309.647451
1953	-308.457242	-308.394713
3143	-286.432042	-286.199450
3756	-326.943546	-327.534217
1419	-344.350927	-344.011625
3125	-308.510840	-308.373105
3059	-363.508158	-362.988041
3629	-359.312853	-358.276217
1141	-115.679136	-76.251861
668	-267.103350	-266.943621
3315	-269.176979	-267.716739
1868	-326.949224	-326.979519
3167	-309.688639	-309.607939
1904	-304.752598	-305.034332
835	-320.740782	-320.608961
2603	-341.863083	-341.741518
1329	-309.710338	-309.746795
1123	-375.393636	-372.205171
2417	-336.838171	-336.619887
3491	-361.750275	-361.713451
1693	-234.474613	-234.427270
1375	-345.645053	-345.598682
3592	-323.367866	-322.084817
2468	-307.193849	-307.144774
1692	-362.862736	-363.108105
765	-317.447668	-317.449859
2823	-309.730966	-309.629520
324	-307.534482	-307.435680
466	-382.782183	-382.986991
442	-356.712228	-355.830938
184	-322.436757	176.196744
3513	-340.637067	-340.278109
3775	-324.576188	-324.403267
3096	-338.175960	-338.433956
542	-382.793238	-382.828997
1220	-325.800532	-325.829440
2854	-325.810616	-325.813135
1860	-308.507458	-308.444008
271	-361.759779	-361.036183
750	-344.384630	-343.834229
3981	-249.257629	-248.173765
962	-376.587043	108.614079
3314	-305.846541	-305.805056
3112	-327.021680	-326.086472
1581	-345.660520	-345.716684
2009	-273.812948	-273.730747
53	-285.330157	172.835983
1312	-381.612501	-381.623807
3507	-376.594067	114.176473
1297	-345.621773	-345.344109
2331	-308.516808	-308.448260
2708	-308.512758	-308.448137
3671	-326.941692	-327.333381
1027	-360.529992	-359.030544
3752	-345.686524	-345.789935
1409	-285.282853	158.919189
2722	-344.423318	-343.732322
2261	-233.260156	-231.645371
875	-376.554863	113.098338
2394	-355.446449	-354.754913
3795	-310.908453	-310.889277
3814	-361.745554	-361.375725
2491	-381.634033	-381.712117
3615	-210.071468	-204.758874
1586	-272.837559	-272.857071
2253	-325.818163	-325.653392
2113	-344.391557	-343.670034
2816	-310.905786	-310.895985
918	-310.917344	-310.885630
491	-287.737498	-287.790871
2020	-272.514099	-272.566768
935	-269.154939	-268.264472
3445	-286.508374	-285.958966
811	-304.567859	-304.761575
2352	-288.589622	-288.625043
265	-236.916125	-241.117251
830	-320.767103	-320.647775
864	-323.337623	-322.085353
321	-324.604397	-324.431896
3262	-235.693825	-236.353349
2003	-324.579943	-324.441953
3114	-309.692389	-309.536335
880	-345.648463	-345.609409
1413	-247.214861	-245.776360
2293	-269.216495	-264.519582
3444	-289.794376	-288.784652
627	-359.304956	-358.662560
3186	-346.829695	-346.895684
33	-264.504487	158.668280
118	-352.905052	-352.322806
1426	-381.607770	-381.436242
338	-272.544500	-272.505651
3337	-286.438448	-285.733026
3221	-308.477915	-308.315250
3133	-356.679691	-356.031574
3413	-308.440890	-308.402943
2021	-346.818246	-346.856101
2196	-338.559964	-337.505864
2552	-340.624424	-340.240353
2786	-327.009009	-326.862471
1871	-306.406578	-304.773151
2808	-340.646073	-340.370976
2104	-379.006904	-378.916040
319	-352.845678	-352.414904
1292	-323.652284	-323.173946
2230	-262.056533	-262.310437
3502	-376.564063	106.655746
1122	-345.601318	-345.610464
2069	-346.855971	-346.927173
3610	-360.476593	-359.736734
1823	-340.656176	-340.384045
1183	-325.750970	-325.715375
1571	-470.915515	-131.280981
3848	-324.564634	-324.446004
1756	-326.935440	-328.906863
3746	-309.736797	-309.683996
904	-345.608456	-345.425624
2133	-323.338627	-322.131284
41	-345.649146	-345.570155
1745	-264.171923	-262.950565
0	-351.615495	-350.851401
788	-324.467888	-324.373980
2172	-308.472272	-308.403554
1442	-308.465594	-308.692238
3790	-286.502445	-286.066114
2428	-309.682996	-309.745276
1543	-323.360471	-319.833164
1744	-288.535621	-288.653221
981	-303.499320	-302.925854
2938	-346.875201	-346.845637
691	-361.734668	-361.698461
510	-234.491176	-233.790892
1516	-249.358446	-249.214075
2802	-325.804486	-325.844392
2420	-340.625366	-340.476267
2871	-308.460407	-308.403901
1272	-308.486687	-308.442050
2578	-324.576080	-324.420631
3399	-307.229313	-306.800670
1265	-227.324775	88.811742
2453	-268.273240	155.126135
3043	-196.405320	-196.236181
3621	-346.815715	-346.745891
1479	-309.677142	-309.675661
3911	-345.639354	-345.548555
2283	-231.111403	91.197126
3386	-309.684862	-309.629275
2623	-235.700285	-236.218763
656	-376.605347	122.013288
2520	-307.284294	-306.925243
453	-375.430225	-363.902350
314	-233.255379	-232.564353
5	-351.628383	-350.853527
1960	-345.602645	-345.577407
3302	-324.577047	-324.483700
985	-320.770329	-320.662417
1810	-288.653294	-288.458969
2217	-344.408081	-344.108528
1607	-303.462115	-303.080233
1708	-324.502429	-324.385167
3793	-381.580932	-381.532198
396	-372.782655	123.343987
374	-372.796889	124.521802
2006	-339.486095	178.494984
939	-344.481802	-344.157447
3497	-392.627857	-392.098145
3825	-93.411888	-77.293954
1783	-320.761312	-320.665986
3595	-345.600227	-345.509892
2500	-286.498235	-285.785681
1284	-320.761539	-320.665884
1857	-307.540766	-307.661304
707	-381.585428	-381.309099
2000	-309.736479	-309.657869
1393	-271.647465	-271.402819
219	-307.221351	-306.288175
1873	-346.842529	-346.848142
56	-345.599154	-345.544715
1080	-288.570006	-288.531046
2002	-286.504040	-285.403077
2419	-287.353473	-287.409465
2855	-268.917900	85.656519
965	-323.329385	-322.473086
3004	-288.652346	-288.466047
2720	-231.102112	125.472651
3286	-361.731914	-361.495211
277	-302.288351	184.909692
1390	-340.660793	-340.477124
9	-344.468531	-344.352252
234	-308.467880	-308.438048
426	-362.933001	-362.788962
316	-341.858490	-341.772000
959	-492.026657	-495.350385
1016	-305.129953	-302.546091
3210	-336.808333	-336.560357
17	-345.612580	-345.598865
302	-340.632285	-340.242125
3829	-323.654114	-323.127874
490	-231.142581	121.249435
3425	-324.547564	-324.443218
3307	-318.647923	189.065945
286	-324.563745	-324.532371
3472	-340.657197	-340.526856
1634	-324.563073	-324.426647
2769	-376.563238	124.274099
3417	-354.292460	-356.352712
3640	-309.692577	-309.591295
1340	-271.616723	-271.566301
295	-320.770299	-320.671143
1331	-310.941319	-310.961732
2119	-323.665987	-323.344907
1765	-285.335887	187.762098
3439	-301.389192	-300.035989
749	-249.280474	-248.184138
171	-361.745138	-361.620576
1521	-323.665247	-323.113294
3748	-376.556657	108.038640
684	-361.753989	-361.871369
565	-356.730212	-355.542693
2681	-308.466840	-308.369344
227	-377.805829	-377.771869
2275	-312.122563	-312.086165
3465	-324.548021	-324.368103
2440	-317.433049	-317.254650
2171	-359.346839	-358.372257
3017	-271.339346	-271.287785
2139	-381.581478	-381.365512
2450	-312.124760	-313.058744
3048	-381.616883	-381.378979
370	-356.698196	-355.995504
1696	-320.785074	-320.670502
1346	-308.542644	-308.519554
695	-345.700085	-345.671818
28	-324.630221	-324.527653
495	-342.297848	-341.015074
1803	-270.394458	-270.305369
2469	-270.392444	-270.219400
1536	-324.492974	-324.371466
556	-272.600604	-272.379536
3712	-300.148891	-298.620183
3369	-158.342346	-121.785406
2398	-319.533364	-317.974812
2529	-229.969129	-230.511399
884	-276.202586	-273.934138
1351	-309.733696	-309.681408
1189	-287.322957	-286.313112
1386	-362.967171	-363.010094
2046	-286.493052	-285.791945
3811	-274.982348	-275.115546
753	-361.710299	-361.611441
261	-310.905322	-310.920380
664	-335.632054	160.420188
2674	-342.352279	-342.194352
93	-340.615011	-340.216639
113	-360.478880	-359.890459
585	-229.918003	-230.133953
2350	-341.853951	-342.045962
1445	-396.491525	-396.208995
1859	-324.577613	-324.510538
2811	-326.944158	-327.053347
2242	-362.870426	-362.604767
1546	-318.321510	-316.945817
3898	-356.700248	-356.295464
3798	-310.941861	-310.888525
2517	-308.462063	-308.358886
1532	-309.731599	-309.657953
3959	-305.831035	-305.647853
2904	-302.545112	-300.024572
2959	-289.795007	-289.927247
3579	-356.677429	-356.221297
921	-325.682121	-325.751860
2169	-356.733974	-356.134193
3624	-324.614194	-324.468645
823	-361.732840	-361.629630
2965	-344.689237	-345.624649
2430	-304.688809	-304.612305
3355	-345.648365	-345.581300
1194	-381.612648	-381.642890
2129	-356.722498	-356.070218
2201	-452.728039	-411.138353
2669	-309.763785	-309.720985
1654	-360.518768	-360.221305
2355	-336.816043	-336.589112
2304	-286.431160	-286.177676
2590	-340.650928	-340.248524
3089	-327.025329	-326.990454
2924	-348.045292	-348.184062
2788	-345.596027	-345.456415
559	-362.935404	-362.801070
2321	-381.536295	-381.138145
2721	-271.401725	-271.706691
3335	-275.020322	-275.914981
2098	-327.020807	-326.212841
2958	-324.580268	-324.319082
1307	-303.460433	-303.088703
3510	-340.674744	-340.468477
2701	-326.942959	-327.120096
3531	-344.458268	-343.819940
1099	-231.975652	-229.928948
1417	-381.586740	-381.289877
661	-335.635079	178.851571
3885	-304.728655	-304.932991
1072	-272.554773	-272.236209
1034	-356.732791	-355.998502
3025	-324.573338	-324.490591
1510	-322.425235	156.790005
3679	-320.794248	-320.679551
3462	-272.538255	-272.531009
1825	-271.656372	-271.667885
1474	-340.654517	-340.235390
257	-324.569867	-324.708129
3087	-392.563319	-393.691338
1053	-340.610046	-339.861303
562	-456.105229	-452.091866
1054	-323.427722	-321.464563
3833	-324.559324	-324.443216
2425	-322.435505	183.613372
1657	-338.273162	-338.692369
1268	-344.411146	-343.781306
581	-287.683128	-287.666838
2645	-362.923114	-362.765078
2564	-325.789398	-325.682566
881	-234.470813	-234.425965
160	-309.685140	-309.654431
848	-309.744522	-309.683250
3862	-271.646263	-271.776363
3256	-153.459846	-98.041618
817	-345.619715	-345.544709
1039	-360.575277	-359.951459
3611	-324.577560	-324.377532
3720	-308.561301	-308.496398
3818	-308.470796	-308.445323
2233	-319.556235	-317.499752
2867	-361.734339	-361.662534
3371	-286.517424	-285.967970
1771	-287.657053	-287.369610
1158	-268.251114	166.066390
770	-381.612946	-381.653342
1575	-334.447259	-334.185989
1663	-232.351764	-231.965625
3058	-247.214450	-245.341604
3808	-345.614760	-345.381427
623	-265.457424	-264.498276
1633	-247.201165	-244.134885
1447	-469.758395	-427.431359
3228	-381.648857	-381.858764
2797	-345.646914	-345.553533
2202	-324.602888	-324.422584
1456	-308.496384	-308.438067
3028	-346.861640	-346.861499
1143	-367.635675	-368.635558
3501	-318.409788	-317.088542
3206	-346.853173	-346.994693
1842	-362.894239	-362.985996
930	-346.898838	-346.887597
2792	-362.944759	-362.241216
2919	-340.635773	-340.603936
2863	-287.423372	-287.017581
3187	-272.591906	-272.338444
2115	-266.626759	-266.189492
180	-360.505528	-359.576177
530	-360.503506	-359.625178
621	-310.899323	-310.878700
3035	-344.404557	-343.855290
296	-345.688916	-345.661880
3802	-356.724118	-356.233961
1040	-268.307873	171.077528
2189	-325.762375	-325.715916
1013	-271.300649	-271.023335
40	-344.338878	-344.226527
2956	-360.528914	-359.662447
2923	-325.801905	-325.762635
2245	-308.434866	-308.310439
767	-346.861463	-346.812902
2174	-324.606491	-324.465539
1359	-229.927277	-229.870942
3384	-357.949026	-357.752865
269	-325.729080	-325.677429
303	-375.328197	-374.484460
2718	-382.782995	-382.413245
3470	-416.814878	-40.770161
2750	-268.301176	170.544190
444	-340.665581	-340.382802
126	-274.991042	-275.186614
497	-287.470402	-286.914626
803	-325.789564	-325.775004
3840	-309.681264	-309.694333
1956	-308.461475	-308.418381
2537	-317.434422	-317.113930
515	-287.727890	-287.833737
365	-361.740208	-361.630096
1135	-310.903412	-310.914082
1341	-301.373831	-300.038853
3947	-382.782251	-382.881640
2695	-346.871133	-346.789373
2696	-353.269456	-353.294856
686	-391.370332	-393.121447
467	-273.793804	-273.762377
1455	-381.570969	-381.671079
2693	-340.638326	-340.580460
2892	-325.728271	-325.701178
2757	-346.855643	-346.830833
2715	-345.709596	-345.773958
2972	-320.764992	-320.676969
3882	-194.261089	-191.999203
88	-345.655534	-345.641041
3354	-360.529236	-359.774468
2978	-340.669862	-340.568958
2370	-360.496984	-359.456497
208	-270.399081	-269.891165
897	-345.659998	-345.671059
2543	-376.588479	122.247359
1602	-318.339586	-316.293429
2136	-263.278851	-263.364712
3215	-320.793270	-320.525866
2589	-361.718361	-361.702515
1491	-344.421383	-343.902642
3812	-271.623066	-271.489571
3987	-324.506120	-324.300552
