row-sorting:  [ 2  1  0 22 21 20 19 18 17 16 15 14 13 12 11 10  9  8  7  6  5  4  3]
calculating the first derivative of the representation
calculating Jacobian of Coulomb Matrix eigenvalues
calculating the first derivative of the representation
calculating Jacobian of Coulomb Matrix eigenvalues
calculating the first derivative of the representation
calculating Jacobian of Coulomb Matrix eigenvalues
first derivatives:
------------------
dZ1
[ 0.     0.028 22.027]
dZ2
[0.234 0.409 0.557]
dZ3
[0.234 0.409 0.557]
dx1
[ 0. -0. -0.]
dx2
[ 0.02   0.015 -0.035]
dx3
[-0.02  -0.015  0.035]
dy1
[-0.  0.  0.]
dy2
[-0.132 -0.104  0.236]
dy3
[ 0.132  0.104 -0.236]
dz1
[ 0.     0.395 -0.395]
dz2
[ 0.    -0.197  0.197]
dz3
[-0.    -0.197  0.197]
calculating the second derivative of the representation
dZ1dZ1
[-0.029 -0.029  3.865]
dZ1dZ2
[ 0.029  0.029 -0.005]
dZ1dZ3
[-0.  0. -0.]
dZ2dZ1
[ 0.003  0.568 -0.029]
dZ2dZ2
[-1.086  1.72   0.029]
dZ2dZ3
[ 1.083 -0.609  0.   ]
dZ3dZ1
[ 0.568  0.003 -0.029]
dZ3dZ2
[ 1.72  -1.086  0.029]
dZ3dZ3
[-0.609  1.083 -0.   ]
calculating the second derivative of the representation
do dRdR sorting
dRdR derivatives:
dx1dx1
[-0.018  0.348 -0.33   0.     0.     0.     0.     0.     0.     0.
  0.     0.     0.     0.     0.     0.     0.     0.     0.     0.
  0.     0.     0.   ]
dx1dy1
[ 0.122 -0.003 -0.119  0.     0.     0.     0.     0.     0.     0.
  0.     0.     0.     0.     0.     0.     0.     0.     0.     0.
  0.     0.     0.   ]
dx1dz1
[-0.  0.  0.  0.  0.  0.  0.  0.  0.  0.  0.  0.  0.  0.  0.  0.  0.  0.
  0.  0.  0.  0.  0.]
dx1dx2
[ 0.009 -0.174  0.165  0.     0.     0.     0.     0.     0.     0.
  0.     0.     0.     0.     0.     0.     0.     0.     0.     0.
  0.     0.     0.   ]
dx1dy2
[-0.061  0.002  0.059  0.     0.     0.     0.     0.     0.     0.
  0.     0.     0.     0.     0.     0.     0.     0.     0.     0.
  0.     0.     0.   ]
dx1dz2
[-0.051  0.001  0.05   0.     0.     0.     0.     0.     0.     0.
  0.     0.     0.     0.     0.     0.     0.     0.     0.     0.
  0.     0.     0.   ]
dx1dx3
[ 0.009 -0.174  0.165  0.     0.     0.     0.     0.     0.     0.
  0.     0.     0.     0.     0.     0.     0.     0.     0.     0.
  0.     0.     0.   ]
dx1dy3
[-0.061  0.002  0.059  0.     0.     0.     0.     0.     0.     0.
  0.     0.     0.     0.     0.     0.     0.     0.     0.     0.
  0.     0.     0.   ]
dx1dz3
[ 0.051 -0.001 -0.05   0.     0.     0.     0.     0.     0.     0.
  0.     0.     0.     0.     0.     0.     0.     0.     0.     0.
  0.     0.     0.   ]
dy1dx1
[ 0.122 -0.003 -0.119  0.     0.     0.     0.     0.     0.     0.
  0.     0.     0.     0.     0.     0.     0.     0.     0.     0.
  0.     0.     0.   ]
dy1dy1
[-0.828  0.371  0.456  0.     0.     0.     0.     0.     0.     0.
  0.     0.     0.     0.     0.     0.     0.     0.     0.     0.
  0.     0.     0.   ]
dy1dz1
[ 0. -0. -0.  0.  0.  0.  0.  0.  0.  0.  0.  0.  0.  0.  0.  0.  0.  0.
  0.  0.  0.  0.  0.]
dy1dx2
[-0.061  0.002  0.059  0.     0.     0.     0.     0.     0.     0.
  0.     0.     0.     0.     0.     0.     0.     0.     0.     0.
  0.     0.     0.   ]
dy1dy2
[ 0.414 -0.186 -0.228  0.     0.     0.     0.     0.     0.     0.
  0.     0.     0.     0.     0.     0.     0.     0.     0.     0.
  0.     0.     0.   ]
dy1dz2
[ 0.347 -0.01  -0.337  0.     0.     0.     0.     0.     0.     0.
  0.     0.     0.     0.     0.     0.     0.     0.     0.     0.
  0.     0.     0.   ]
dy1dx3
[-0.061  0.002  0.059  0.     0.     0.     0.     0.     0.     0.
  0.     0.     0.     0.     0.     0.     0.     0.     0.     0.
  0.     0.     0.   ]
dy1dy3
[ 0.414 -0.186 -0.228  0.     0.     0.     0.     0.     0.     0.
  0.     0.     0.     0.     0.     0.     0.     0.     0.     0.
  0.     0.     0.   ]
dy1dz3
[-0.347  0.01   0.337  0.     0.     0.     0.     0.     0.     0.
  0.     0.     0.     0.     0.     0.     0.     0.     0.     0.
  0.     0.     0.   ]
dz1dx1
[-0.  0.  0.  0.  0.  0.  0.  0.  0.  0.  0.  0.  0.  0.  0.  0.  0.  0.
  0.  0.  0.  0.  0.]
dz1dy1
[ 0. -0. -0.  0.  0.  0.  0.  0.  0.  0.  0.  0.  0.  0.  0.  0.  0.  0.
  0.  0.  0.  0.  0.]
dz1dz1
[-0.    -0.215  0.215  0.     0.     0.     0.     0.     0.     0.
  0.     0.     0.     0.     0.     0.     0.     0.     0.     0.
  0.     0.     0.   ]
dz1dx2
[ 0.   -0.05  0.05  0.    0.    0.    0.    0.    0.    0.    0.    0.
  0.    0.    0.    0.    0.    0.    0.    0.    0.    0.    0.  ]
dz1dy2
[-0.     0.336 -0.336  0.     0.     0.     0.     0.     0.     0.
  0.     0.     0.     0.     0.     0.     0.     0.     0.     0.
  0.     0.     0.   ]
dz1dz2
[-0.     0.108 -0.108  0.     0.     0.     0.     0.     0.     0.
  0.     0.     0.     0.     0.     0.     0.     0.     0.     0.
  0.     0.     0.   ]
dz1dx3
[ 0.    0.05 -0.05  0.    0.    0.    0.    0.    0.    0.    0.    0.
  0.    0.    0.    0.    0.    0.    0.    0.    0.    0.    0.  ]
dz1dy3
[-0.    -0.336  0.336  0.     0.     0.     0.     0.     0.     0.
  0.     0.     0.     0.     0.     0.     0.     0.     0.     0.
  0.     0.     0.   ]
dz1dz3
[ 0.     0.108 -0.108  0.     0.     0.     0.     0.     0.     0.
  0.     0.     0.     0.     0.     0.     0.     0.     0.     0.
  0.     0.     0.   ]
dx2dx1
[ 0.009 -0.174  0.165  0.     0.     0.     0.     0.     0.     0.
  0.     0.     0.     0.     0.     0.     0.     0.     0.     0.
  0.     0.     0.   ]
dx2dy1
[-0.061  0.002  0.059  0.     0.     0.     0.     0.     0.     0.
  0.     0.     0.     0.     0.     0.     0.     0.     0.     0.
  0.     0.     0.   ]
dx2dz1
[ 0.   -0.05  0.05  0.    0.    0.    0.    0.    0.    0.    0.    0.
  0.    0.    0.    0.    0.    0.    0.    0.    0.    0.    0.  ]
dx2dx2
[ 0.041  0.124 -0.165  0.     0.     0.     0.     0.     0.     0.
  0.     0.     0.     0.     0.     0.     0.     0.     0.     0.
  0.     0.     0.   ]
dx2dy2
[ 0.052  0.008 -0.06   0.     0.     0.     0.     0.     0.     0.
  0.     0.     0.     0.     0.     0.     0.     0.     0.     0.
  0.     0.     0.   ]
dx2dz2
[ 0.026  0.024 -0.05   0.     0.     0.     0.     0.     0.     0.
  0.     0.     0.     0.     0.     0.     0.     0.     0.     0.
  0.     0.     0.   ]
dx2dx3
[-0.05  0.05  0.    0.    0.    0.    0.    0.    0.    0.    0.    0.
  0.    0.    0.    0.    0.    0.    0.    0.    0.    0.    0.  ]
dx2dy3
[ 0.009 -0.01   0.     0.     0.     0.     0.     0.     0.     0.
  0.     0.     0.     0.     0.     0.     0.     0.     0.     0.
  0.     0.     0.   ]
dx2dz3
[-0.026  0.026  0.     0.     0.     0.     0.     0.     0.     0.
  0.     0.     0.     0.     0.     0.     0.     0.     0.     0.
  0.     0.     0.   ]
dy2dx1
[-0.061  0.002  0.059  0.     0.     0.     0.     0.     0.     0.
  0.     0.     0.     0.     0.     0.     0.     0.     0.     0.
  0.     0.     0.   ]
dy2dy1
[ 0.414 -0.186 -0.228  0.     0.     0.     0.     0.     0.     0.
  0.     0.     0.     0.     0.     0.     0.     0.     0.     0.
  0.     0.     0.   ]
dy2dz1
[-0.     0.336 -0.336  0.     0.     0.     0.     0.     0.     0.
  0.     0.     0.     0.     0.     0.     0.     0.     0.     0.
  0.     0.     0.   ]
dy2dx2
[ 0.052  0.008 -0.06   0.     0.     0.     0.     0.     0.     0.
  0.     0.     0.     0.     0.     0.     0.     0.     0.     0.
  0.     0.     0.   ]
dy2dy2
[-0.302  0.073  0.229  0.     0.     0.     0.     0.     0.     0.
  0.     0.     0.     0.     0.     0.     0.     0.     0.     0.
  0.     0.     0.   ]
dy2dz2
[-0.174 -0.163  0.337  0.     0.     0.     0.     0.     0.     0.
  0.     0.     0.     0.     0.     0.     0.     0.     0.     0.
  0.     0.     0.   ]
dy2dx3
[ 0.009 -0.01   0.     0.     0.     0.     0.     0.     0.     0.
  0.     0.     0.     0.     0.     0.     0.     0.     0.     0.
  0.     0.     0.   ]
dy2dy3
[-0.112  0.113 -0.001  0.     0.     0.     0.     0.     0.     0.
  0.     0.     0.     0.     0.     0.     0.     0.     0.     0.
  0.     0.     0.   ]
dy2dz3
[ 0.174 -0.173 -0.     0.     0.     0.     0.     0.     0.     0.
  0.     0.     0.     0.     0.     0.     0.     0.     0.     0.
  0.     0.     0.   ]
dz2dx1
[-0.051  0.001  0.05   0.     0.     0.     0.     0.     0.     0.
  0.     0.     0.     0.     0.     0.     0.     0.     0.     0.
  0.     0.     0.   ]
dz2dy1
[ 0.347 -0.01  -0.337  0.     0.     0.     0.     0.     0.     0.
  0.     0.     0.     0.     0.     0.     0.     0.     0.     0.
  0.     0.     0.   ]
dz2dz1
[-0.     0.108 -0.108  0.     0.     0.     0.     0.     0.     0.
  0.     0.     0.     0.     0.     0.     0.     0.     0.     0.
  0.     0.     0.   ]
dz2dx2
[ 0.026  0.024 -0.05   0.     0.     0.     0.     0.     0.     0.
  0.     0.     0.     0.     0.     0.     0.     0.     0.     0.
  0.     0.     0.   ]
dz2dy2
[-0.174 -0.163  0.337  0.     0.     0.     0.     0.     0.     0.
  0.     0.     0.     0.     0.     0.     0.     0.     0.     0.
  0.     0.     0.   ]
dz2dz2
[-0.097 -0.011  0.108  0.     0.     0.     0.     0.     0.     0.
  0.     0.     0.     0.     0.     0.     0.     0.     0.     0.
  0.     0.     0.   ]
dz2dx3
[ 0.026 -0.026 -0.     0.     0.     0.     0.     0.     0.     0.
  0.     0.     0.     0.     0.     0.     0.     0.     0.     0.
  0.     0.     0.   ]
dz2dy3
[-0.174  0.173  0.     0.     0.     0.     0.     0.     0.     0.
  0.     0.     0.     0.     0.     0.     0.     0.     0.     0.
  0.     0.     0.   ]
dz2dz3
[ 0.097 -0.096 -0.     0.     0.     0.     0.     0.     0.     0.
  0.     0.     0.     0.     0.     0.     0.     0.     0.     0.
  0.     0.     0.   ]
dx3dx1
[ 0.009 -0.174  0.165  0.     0.     0.     0.     0.     0.     0.
  0.     0.     0.     0.     0.     0.     0.     0.     0.     0.
  0.     0.     0.   ]
dx3dy1
[-0.061  0.002  0.059  0.     0.     0.     0.     0.     0.     0.
  0.     0.     0.     0.     0.     0.     0.     0.     0.     0.
  0.     0.     0.   ]
dx3dz1
[ 0.    0.05 -0.05  0.    0.    0.    0.    0.    0.    0.    0.    0.
  0.    0.    0.    0.    0.    0.    0.    0.    0.    0.    0.  ]
dx3dx2
[-0.05  0.05  0.    0.    0.    0.    0.    0.    0.    0.    0.    0.
  0.    0.    0.    0.    0.    0.    0.    0.    0.    0.    0.  ]
dx3dy2
[ 0.009 -0.01   0.     0.     0.     0.     0.     0.     0.     0.
  0.     0.     0.     0.     0.     0.     0.     0.     0.     0.
  0.     0.     0.   ]
dx3dz2
[ 0.026 -0.026 -0.     0.     0.     0.     0.     0.     0.     0.
  0.     0.     0.     0.     0.     0.     0.     0.     0.     0.
  0.     0.     0.   ]
dx3dx3
[ 0.041  0.124 -0.165  0.     0.     0.     0.     0.     0.     0.
  0.     0.     0.     0.     0.     0.     0.     0.     0.     0.
  0.     0.     0.   ]
dx3dy3
[ 0.052  0.008 -0.06   0.     0.     0.     0.     0.     0.     0.
  0.     0.     0.     0.     0.     0.     0.     0.     0.     0.
  0.     0.     0.   ]
dx3dz3
[-0.026 -0.024  0.05   0.     0.     0.     0.     0.     0.     0.
  0.     0.     0.     0.     0.     0.     0.     0.     0.     0.
  0.     0.     0.   ]
dy3dx1
[-0.061  0.002  0.059  0.     0.     0.     0.     0.     0.     0.
  0.     0.     0.     0.     0.     0.     0.     0.     0.     0.
  0.     0.     0.   ]
dy3dy1
[ 0.414 -0.186 -0.228  0.     0.     0.     0.     0.     0.     0.
  0.     0.     0.     0.     0.     0.     0.     0.     0.     0.
  0.     0.     0.   ]
dy3dz1
[-0.    -0.336  0.336  0.     0.     0.     0.     0.     0.     0.
  0.     0.     0.     0.     0.     0.     0.     0.     0.     0.
  0.     0.     0.   ]
dy3dx2
[ 0.009 -0.01   0.     0.     0.     0.     0.     0.     0.     0.
  0.     0.     0.     0.     0.     0.     0.     0.     0.     0.
  0.     0.     0.   ]
dy3dy2
[-0.112  0.113 -0.001  0.     0.     0.     0.     0.     0.     0.
  0.     0.     0.     0.     0.     0.     0.     0.     0.     0.
  0.     0.     0.   ]
dy3dz2
[-0.174  0.173  0.     0.     0.     0.     0.     0.     0.     0.
  0.     0.     0.     0.     0.     0.     0.     0.     0.     0.
  0.     0.     0.   ]
dy3dx3
[ 0.052  0.008 -0.06   0.     0.     0.     0.     0.     0.     0.
  0.     0.     0.     0.     0.     0.     0.     0.     0.     0.
  0.     0.     0.   ]
dy3dy3
[-0.302  0.073  0.229  0.     0.     0.     0.     0.     0.     0.
  0.     0.     0.     0.     0.     0.     0.     0.     0.     0.
  0.     0.     0.   ]
dy3dz3
[ 0.174  0.163 -0.337  0.     0.     0.     0.     0.     0.     0.
  0.     0.     0.     0.     0.     0.     0.     0.     0.     0.
  0.     0.     0.   ]
dz3dx1
[ 0.051 -0.001 -0.05   0.     0.     0.     0.     0.     0.     0.
  0.     0.     0.     0.     0.     0.     0.     0.     0.     0.
  0.     0.     0.   ]
dz3dy1
[-0.347  0.01   0.337  0.     0.     0.     0.     0.     0.     0.
  0.     0.     0.     0.     0.     0.     0.     0.     0.     0.
  0.     0.     0.   ]
dz3dz1
[ 0.     0.108 -0.108  0.     0.     0.     0.     0.     0.     0.
  0.     0.     0.     0.     0.     0.     0.     0.     0.     0.
  0.     0.     0.   ]
dz3dx2
[-0.026  0.026  0.     0.     0.     0.     0.     0.     0.     0.
  0.     0.     0.     0.     0.     0.     0.     0.     0.     0.
  0.     0.     0.   ]
dz3dy2
[ 0.174 -0.173 -0.     0.     0.     0.     0.     0.     0.     0.
  0.     0.     0.     0.     0.     0.     0.     0.     0.     0.
  0.     0.     0.   ]
dz3dz2
[ 0.097 -0.096 -0.     0.     0.     0.     0.     0.     0.     0.
  0.     0.     0.     0.     0.     0.     0.     0.     0.     0.
  0.     0.     0.   ]
dz3dx3
[-0.026 -0.024  0.05   0.     0.     0.     0.     0.     0.     0.
  0.     0.     0.     0.     0.     0.     0.     0.     0.     0.
  0.     0.     0.   ]
dz3dy3
[ 0.174  0.163 -0.337  0.     0.     0.     0.     0.     0.     0.
  0.     0.     0.     0.     0.     0.     0.     0.     0.     0.
  0.     0.     0.   ]
dz3dz3
[-0.097 -0.011  0.108  0.     0.     0.     0.     0.     0.     0.
  0.     0.     0.     0.     0.     0.     0.     0.     0.     0.
  0.     0.     0.   ]
calculating the second derivative of the representation
you want to calculate dZdR or dRdZ, line 443
dZdR derivatives:
dZ1dx1
[ 0.    0.01 -0.01  0.    0.    0.    0.    0.    0.    0.    0.    0.
  0.    0.    0.    0.    0.    0.    0.    0.    0.    0.    0.  ]
dZ1dy1
[-0.    -0.012  0.012  0.     0.     0.     0.     0.     0.     0.
  0.     0.     0.     0.     0.     0.     0.     0.     0.     0.
  0.     0.     0.   ]
dZ1dz1
[ 0.     0.002 -0.002  0.     0.     0.     0.     0.     0.     0.
  0.     0.     0.     0.     0.     0.     0.     0.     0.     0.
  0.     0.     0.   ]
dZ1dx2
[-0.    0.01 -0.01  0.    0.    0.    0.    0.    0.    0.    0.    0.
  0.    0.    0.    0.    0.    0.    0.    0.    0.    0.    0.  ]
dZ1dy2
[-0.     0.012 -0.012  0.     0.     0.     0.     0.     0.     0.
  0.     0.     0.     0.     0.     0.     0.     0.     0.     0.
  0.     0.     0.   ]
dZ1dz2
[ 0.    -0.002  0.002  0.     0.     0.     0.     0.     0.     0.
  0.     0.     0.     0.     0.     0.     0.     0.     0.     0.
  0.     0.     0.   ]
dZ1dx3
[-0.    -0.019  0.019  0.     0.     0.     0.     0.     0.     0.
  0.     0.     0.     0.     0.     0.     0.     0.     0.     0.
  0.     0.     0.   ]
dZ1dy3
[ 0. -0. -0.  0.  0.  0.  0.  0.  0.  0.  0.  0.  0.  0.  0.  0.  0.  0.
  0.  0.  0.  0.  0.]
dZ1dz3
[-0.  0.  0.  0.  0.  0.  0.  0.  0.  0.  0.  0.  0.  0.  0.  0.  0.  0.
  0.  0.  0.  0.  0.]
dZ2dx1
[-0.26   0.261 -0.001  0.     0.     0.     0.     0.     0.     0.
  0.     0.     0.     0.     0.     0.     0.     0.     0.     0.
  0.     0.     0.   ]
dZ2dy1
[ 0.442 -0.441 -0.001  0.     0.     0.     0.     0.     0.     0.
  0.     0.     0.     0.     0.     0.     0.     0.     0.     0.
  0.     0.     0.   ]
dZ2dz1
[-0.065  0.065  0.     0.     0.     0.     0.     0.     0.     0.
  0.     0.     0.     0.     0.     0.     0.     0.     0.     0.
  0.     0.     0.   ]
dZ2dx2
[ 0.26  -0.655  0.395  0.     0.     0.     0.     0.     0.     0.
  0.     0.     0.     0.     0.     0.     0.     0.     0.     0.
  0.     0.     0.   ]
dZ2dy2
[ 0.178 -0.65   0.473  0.     0.     0.     0.     0.     0.     0.
  0.     0.     0.     0.     0.     0.     0.     0.     0.     0.
  0.     0.     0.   ]
dZ2dz2
[-0.026  0.096 -0.07   0.     0.     0.     0.     0.     0.     0.
  0.     0.     0.     0.     0.     0.     0.     0.     0.     0.
  0.     0.     0.   ]
dZ2dx3
[ 0.     0.394 -0.394  0.     0.     0.     0.     0.     0.     0.
  0.     0.     0.     0.     0.     0.     0.     0.     0.     0.
  0.     0.     0.   ]
dZ2dy3
[-0.62   1.092 -0.472  0.     0.     0.     0.     0.     0.     0.
  0.     0.     0.     0.     0.     0.     0.     0.     0.     0.
  0.     0.     0.   ]
dZ2dz3
[ 0.092 -0.161  0.07   0.     0.     0.     0.     0.     0.     0.
  0.     0.     0.     0.     0.     0.     0.     0.     0.     0.
  0.     0.     0.   ]
dZ3dx1
[ 0.26  -0.655  0.395  0.     0.     0.     0.     0.     0.     0.
  0.     0.     0.     0.     0.     0.     0.     0.     0.     0.
  0.     0.     0.   ]
dZ3dy1
[-0.178  0.65  -0.473  0.     0.     0.     0.     0.     0.     0.
  0.     0.     0.     0.     0.     0.     0.     0.     0.     0.
  0.     0.     0.   ]
dZ3dz1
[ 0.026 -0.096  0.07   0.     0.     0.     0.     0.     0.     0.
  0.     0.     0.     0.     0.     0.     0.     0.     0.     0.
  0.     0.     0.   ]
dZ3dx2
[-0.26   0.261 -0.001  0.     0.     0.     0.     0.     0.     0.
  0.     0.     0.     0.     0.     0.     0.     0.     0.     0.
  0.     0.     0.   ]
dZ3dy2
[-0.442  0.441  0.001  0.     0.     0.     0.     0.     0.     0.
  0.     0.     0.     0.     0.     0.     0.     0.     0.     0.
  0.     0.     0.   ]
dZ3dz2
[ 0.065 -0.065 -0.     0.     0.     0.     0.     0.     0.     0.
  0.     0.     0.     0.     0.     0.     0.     0.     0.     0.
  0.     0.     0.   ]
dZ3dx3
[-0.     0.394 -0.394  0.     0.     0.     0.     0.     0.     0.
  0.     0.     0.     0.     0.     0.     0.     0.     0.     0.
  0.     0.     0.   ]
dZ3dy3
[ 0.62  -1.092  0.472  0.     0.     0.     0.     0.     0.     0.
  0.     0.     0.     0.     0.     0.     0.     0.     0.     0.
  0.     0.     0.   ]
dZ3dz3
[-0.092  0.161 -0.07   0.     0.     0.     0.     0.     0.     0.
  0.     0.     0.     0.     0.     0.     0.     0.     0.     0.
  0.     0.     0.   ]
